metrics(index=0, mean_score=[341.6102579262749, 376.2730754070584], mean_time_apple=[84.09828595749251, 91.38791336225587], runs=2000, file_path='Classes\\optim_of_tab_q-learn\\model_files\\model_0_step_-3_apple_46.pkl', step_punish=-3, apple_reward=46, death_punish=-100)
metrics(index=1, mean_score=[354.23302675050314, 396.1919732494968], mean_time_apple=[80.37878313544475, 89.57907962130842], runs=2000, file_path='Classes\\optim_of_tab_q-learn\\model_files\\model_1_step_-5_apple_81.pkl', step_punish=-5, apple_reward=81, death_punish=-100)
metrics(index=2, mean_score=[388.95852228998825, 433.8025888211228], mean_time_apple=[82.50039564182322, 91.06257473392904], runs=2000, file_path='Classes\\optim_of_tab_q-learn\\model_files\\model_2_step_-5_apple_92.pkl', step_punish=-5, apple_reward=92, death_punish=-100)
metrics(index=3, mean_score=[374.54266919103605, 418.7239974756306], mean_time_apple=[85.27684925788793, 95.87333532878668], runs=2000, file_path='Classes\\optim_of_tab_q-learn\\model_files\\model_3_step_-4_apple_58.pkl', step_punish=-4, apple_reward=58, death_punish=-100)
