scores,apple,steps,time per apple
0.0,56,56,inf
2.0,60,116,30.0
1.0,27,143,27.0
1.0,58,201,58.0
4.0,34,235,8.5
1.0,15,250,15.0
2.0,23,273,11.5
1.0,15,288,15.0
4.0,64,352,16.0
1.0,13,365,13.0
5.0,64,429,12.8
7.0,57,486,8.142857142857142
1.0,15,501,15.0
1.0,44,545,44.0
6.0,100,645,16.666666666666668
3.0,31,676,10.333333333333334
9.0,145,821,16.11111111111111
1.0,15,836,15.0
6.0,115,951,19.166666666666668
1.0,4,955,4.0
2.0,23,978,11.5
0.0,16,994,inf
3.0,31,1025,10.333333333333334
9.0,128,1153,14.222222222222221
1.0,19,1172,19.0
0.0,21,1193,inf
1.0,17,1210,17.0
3.0,37,1247,12.333333333333334
3.0,28,1275,9.333333333333334
1.0,13,1288,13.0
2.0,39,1327,19.5
3.0,32,1359,10.666666666666666
2.0,39,1398,19.5
2.0,37,1435,18.5
1.0,12,1447,12.0
3.0,37,1484,12.333333333333334
5.0,84,1568,16.8
7.0,79,1647,11.285714285714286
3.0,30,1677,10.0
5.0,62,1739,12.4
10.0,140,1879,14.0
5.0,60,1939,12.0
15.0,206,2145,13.733333333333333
12.0,149,2294,12.416666666666666
5.0,64,2358,12.8
12.0,199,2557,16.583333333333332
1.0,15,2572,15.0
4.0,51,2623,12.75
1.0,14,2637,14.0
2.0,40,2677,20.0
6.0,60,2737,10.0
8.0,103,2840,12.875
2.0,59,2899,29.5
2.0,38,2937,19.0
8.0,95,3032,11.875
4.0,63,3095,15.75
2.0,26,3121,13.0
6.0,53,3174,8.833333333333334
1.0,16,3190,16.0
3.0,53,3243,17.666666666666668
4.0,55,3298,13.75
7.0,94,3392,13.428571428571429
5.0,74,3466,14.8
7.0,87,3553,12.428571428571429
9.0,110,3663,12.222222222222221
18.0,233,3896,12.944444444444445
2.0,24,3920,12.0
21.0,280,4200,13.333333333333334
2.0,41,4241,20.5
1.0,20,4261,20.0
1.0,15,4276,15.0
14.0,188,4464,13.428571428571429
1.0,18,4482,18.0
8.0,167,4649,20.875
6.0,86,4735,14.333333333333334
7.0,98,4833,14.0
12.0,153,4986,12.75
6.0,69,5055,11.5
15.0,200,5255,13.333333333333334
6.0,112,5367,18.666666666666668
16.0,244,5611,15.25
4.0,75,5686,18.75
1.0,15,5701,15.0
7.0,84,5785,12.0
18.0,237,6022,13.166666666666666
4.0,60,6082,15.0
13.0,191,6273,14.692307692307692
8.0,90,6363,11.25
9.0,139,6502,15.444444444444445
5.0,80,6582,16.0
7.0,100,6682,14.285714285714286
6.0,92,6774,15.333333333333334
12.0,154,6928,12.833333333333334
19.0,281,7209,14.789473684210526
11.0,170,7379,15.454545454545455
14.0,189,7568,13.5
9.0,136,7704,15.11111111111111
19.0,280,7984,14.736842105263158
7.0,108,8092,15.428571428571429
35.0,522,8614,14.914285714285715
15.0,219,8833,14.6
3.0,103,8936,34.333333333333336
3.0,61,8997,20.333333333333332
14.0,167,9164,11.928571428571429
5.0,54,9218,10.8
3.0,40,9258,13.333333333333334
9.0,122,9380,13.555555555555555
5.0,65,9445,13.0
14.0,241,9686,17.214285714285715
2.0,23,9709,11.5
19.0,283,9992,14.894736842105264
10.0,175,10167,17.5
18.0,233,10400,12.944444444444445
9.0,111,10511,12.333333333333334
27.0,370,10881,13.703703703703704
11.0,189,11070,17.181818181818183
9.0,105,11175,11.666666666666666
9.0,107,11282,11.88888888888889
1.0,10,11292,10.0
10.0,147,11439,14.7
17.0,218,11657,12.823529411764707
6.0,66,11723,11.0
14.0,177,11900,12.642857142857142
25.0,383,12283,15.32
5.0,85,12368,17.0
6.0,63,12431,10.5
17.0,255,12686,15.0
16.0,262,12948,16.375
21.0,284,13232,13.523809523809524
26.0,379,13611,14.576923076923077
8.0,116,13727,14.5
23.0,314,14041,13.652173913043478
4.0,42,14083,10.5
18.0,280,14363,15.555555555555555
2.0,43,14406,21.5
17.0,268,14674,15.764705882352942
16.0,254,14928,15.875
10.0,137,15065,13.7
2.0,23,15088,11.5
8.0,70,15158,8.75
29.0,476,15634,16.413793103448278
1.0,10,15644,10.0
18.0,266,15910,14.777777777777779
22.0,307,16217,13.954545454545455
30.0,329,16546,10.966666666666667
12.0,153,16699,12.75
19.0,286,16985,15.052631578947368
14.0,157,17142,11.214285714285714
7.0,76,17218,10.857142857142858
18.0,268,17486,14.88888888888889
13.0,204,17690,15.692307692307692
27.0,380,18070,14.074074074074074
11.0,151,18221,13.727272727272727
21.0,261,18482,12.428571428571429
31.0,544,19026,17.548387096774192
17.0,244,19270,14.352941176470589
2.0,42,19312,21.0
8.0,147,19459,18.375
3.0,26,19485,8.666666666666666
8.0,118,19603,14.75
20.0,256,19859,12.8
16.0,225,20084,14.0625
8.0,115,20199,14.375
14.0,178,20377,12.714285714285714
0.0,29,20406,inf
14.0,241,20647,17.214285714285715
9.0,153,20800,17.0
16.0,179,20979,11.1875
7.0,121,21100,17.285714285714285
3.0,67,21167,22.333333333333332
1.0,23,21190,23.0
18.0,234,21424,13.0
17.0,245,21669,14.411764705882353
17.0,323,21992,19.0
3.0,50,22042,16.666666666666668
25.0,415,22457,16.6
10.0,171,22628,17.1
9.0,146,22774,16.22222222222222
14.0,211,22985,15.071428571428571
3.0,71,23056,23.666666666666668
19.0,304,23360,16.0
5.0,80,23440,16.0
17.0,318,23758,18.705882352941178
7.0,108,23866,15.428571428571429
1.0,16,23882,16.0
26.0,431,24313,16.576923076923077
17.0,242,24555,14.235294117647058
17.0,276,24831,16.235294117647058
11.0,179,25010,16.272727272727273
28.0,462,25472,16.5
4.0,115,25587,28.75
16.0,253,25840,15.8125
3.0,54,25894,18.0
6.0,83,25977,13.833333333333334
18.0,313,26290,17.38888888888889
18.0,289,26579,16.055555555555557
18.0,275,26854,15.277777777777779
12.0,213,27067,17.75
25.0,431,27498,17.24
5.0,68,27566,13.6
9.0,141,27707,15.666666666666666
15.0,244,27951,16.266666666666666
28.0,528,28479,18.857142857142858
15.0,249,28728,16.6
4.0,90,28818,22.5
5.0,69,28887,13.8
10.0,153,29040,15.3
16.0,262,29302,16.375
10.0,186,29488,18.6
19.0,299,29787,15.736842105263158
25.0,456,30243,18.24
14.0,236,30479,16.857142857142858
15.0,234,30713,15.6
15.0,261,30974,17.4
4.0,37,31011,9.25
6.0,105,31116,17.5
3.0,45,31161,15.0
21.0,332,31493,15.80952380952381
4.0,55,31548,13.75
2.0,49,31597,24.5
1.0,18,31615,18.0
0.0,20,31635,inf
8.0,130,31765,16.25
15.0,235,32000,15.666666666666666
10.0,201,32201,20.1
5.0,43,32244,8.6
13.0,246,32490,18.923076923076923
2.0,36,32526,18.0
2.0,37,32563,18.5
3.0,106,32669,35.333333333333336
5.0,107,32776,21.4
19.0,297,33073,15.631578947368421
12.0,176,33249,14.666666666666666
17.0,260,33509,15.294117647058824
28.0,490,33999,17.5
23.0,338,34337,14.695652173913043
15.0,210,34547,14.0
13.0,192,34739,14.76923076923077
32.0,500,35239,15.625
15.0,233,35472,15.533333333333333
34.0,608,36080,17.88235294117647
38.0,662,36742,17.42105263157895
13.0,255,36997,19.615384615384617
8.0,110,37107,13.75
18.0,293,37400,16.27777777777778
17.0,266,37666,15.647058823529411
29.0,472,38138,16.275862068965516
11.0,111,38249,10.090909090909092
12.0,133,38382,11.083333333333334
26.0,453,38835,17.423076923076923
21.0,325,39160,15.476190476190476
2.0,19,39179,9.5
21.0,368,39547,17.523809523809526
11.0,183,39730,16.636363636363637
14.0,240,39970,17.142857142857142
12.0,232,40202,19.333333333333332
16.0,298,40500,18.625
9.0,154,40654,17.11111111111111
11.0,211,40865,19.181818181818183
12.0,182,41047,15.166666666666666
32.0,631,41678,19.71875
24.0,368,42046,15.333333333333334
24.0,407,42453,16.958333333333332
18.0,259,42712,14.38888888888889
14.0,279,42991,19.928571428571427
32.0,472,43463,14.75
16.0,225,43688,14.0625
17.0,330,44018,19.41176470588235
30.0,449,44467,14.966666666666667
25.0,494,44961,19.76
26.0,399,45360,15.346153846153847
19.0,286,45646,15.052631578947368
27.0,418,46064,15.481481481481481
23.0,345,46409,15.0
28.0,394,46803,14.071428571428571
24.0,366,47169,15.25
22.0,226,47395,10.272727272727273
22.0,335,47730,15.227272727272727
31.0,507,48237,16.35483870967742
14.0,302,48539,21.571428571428573
21.0,310,48849,14.761904761904763
14.0,203,49052,14.5
24.0,320,49372,13.333333333333334
19.0,288,49660,15.157894736842104
15.0,239,49899,15.933333333333334
20.0,302,50201,15.1
12.0,181,50382,15.083333333333334
6.0,84,50466,14.0
13.0,202,50668,15.538461538461538
18.0,254,50922,14.11111111111111
27.0,525,51447,19.444444444444443
31.0,351,51798,11.32258064516129
8.0,94,51892,11.75
15.0,273,52165,18.2
8.0,124,52289,15.5
8.0,206,52495,25.75
19.0,377,52872,19.842105263157894
8.0,114,52986,14.25
2.0,65,53051,32.5
11.0,191,53242,17.363636363636363
15.0,242,53484,16.133333333333333
18.0,279,53763,15.5
6.0,121,53884,20.166666666666668
18.0,426,54310,23.666666666666668
5.0,122,54432,24.4
21.0,421,54853,20.047619047619047
25.0,445,55298,17.8
20.0,387,55685,19.35
20.0,306,55991,15.3
27.0,536,56527,19.85185185185185
17.0,354,56881,20.823529411764707
6.0,79,56960,13.166666666666666
30.0,465,57425,15.5
20.0,343,57768,17.15
23.0,356,58124,15.478260869565217
6.0,119,58243,19.833333333333332
19.0,346,58589,18.210526315789473
22.0,615,59204,27.954545454545453
30.0,578,59782,19.266666666666666
19.0,330,60112,17.36842105263158
22.0,319,60431,14.5
26.0,396,60827,15.23076923076923
4.0,93,60920,23.25
15.0,228,61148,15.2
23.0,524,61672,22.782608695652176
12.0,217,61889,18.083333333333332
10.0,189,62078,18.9
13.0,200,62278,15.384615384615385
13.0,199,62477,15.307692307692308
3.0,61,62538,20.333333333333332
19.0,257,62795,13.526315789473685
34.0,602,63397,17.705882352941178
19.0,305,63702,16.05263157894737
11.0,205,63907,18.636363636363637
20.0,354,64261,17.7
30.0,519,64780,17.3
12.0,227,65007,18.916666666666668
2.0,33,65040,16.5
15.0,226,65266,15.066666666666666
20.0,318,65584,15.9
12.0,152,65736,12.666666666666666
14.0,294,66030,21.0
23.0,635,66665,27.608695652173914
17.0,275,66940,16.176470588235293
11.0,160,67100,14.545454545454545
1.0,67,67167,67.0
10.0,200,67367,20.0
17.0,290,67657,17.058823529411764
9.0,187,67844,20.77777777777778
5.0,257,68101,51.4
19.0,219,68320,11.526315789473685
31.0,552,68872,17.806451612903224
35.0,649,69521,18.542857142857144
31.0,757,70278,24.419354838709676
4.0,429,70707,107.25
26.0,422,71129,16.23076923076923
6.0,71,71200,11.833333333333334
5.0,63,71263,12.6
3.0,53,71316,17.666666666666668
22.0,450,71766,20.454545454545453
20.0,461,72227,23.05
36.0,786,73013,21.833333333333332
28.0,439,73452,15.678571428571429
13.0,262,73714,20.153846153846153
24.0,487,74201,20.291666666666668
7.0,151,74352,21.571428571428573
27.0,867,75219,32.111111111111114
16.0,485,75704,30.3125
1.0,22,75726,22.0
8.0,151,75877,18.875
12.0,349,76226,29.083333333333332
17.0,315,76541,18.529411764705884
1.0,24,76565,24.0
30.0,566,77131,18.866666666666667
32.0,618,77749,19.3125
6.0,131,77880,21.833333333333332
1.0,39,77919,39.0
4.0,92,78011,23.0
2.0,60,78071,30.0
21.0,483,78554,23.0
8.0,276,78830,34.5
14.0,297,79127,21.214285714285715
0.0,21,79148,inf
2.0,51,79199,25.5
5.0,121,79320,24.2
1.0,63,79383,63.0
13.0,234,79617,18.0
10.0,178,79795,17.8
1.0,59,79854,59.0
1.0,25,79879,25.0
8.0,120,79999,15.0
19.0,417,80416,21.94736842105263
1.0,36,80452,36.0
16.0,235,80687,14.6875
8.0,169,80856,21.125
15.0,269,81125,17.933333333333334
2.0,60,81185,30.0
11.0,198,81383,18.0
2.0,61,81444,30.5
2.0,80,81524,40.0
1.0,404,81928,404.0
9.0,233,82161,25.88888888888889
10.0,187,82348,18.7
28.0,482,82830,17.214285714285715
1.0,23,82853,23.0
2.0,304,83157,152.0
21.0,448,83605,21.333333333333332
15.0,281,83886,18.733333333333334
29.0,604,84490,20.82758620689655
27.0,600,85090,22.22222222222222
22.0,1060,86150,48.18181818181818
12.0,372,86522,31.0
13.0,267,86789,20.53846153846154
13.0,245,87034,18.846153846153847
4.0,72,87106,18.0
22.0,483,87589,21.954545454545453
12.0,534,88123,44.5
8.0,125,88248,15.625
11.0,217,88465,19.727272727272727
17.0,347,88812,20.41176470588235
35.0,1037,89849,29.62857142857143
21.0,714,90563,34.0
23.0,669,91232,29.08695652173913
12.0,299,91531,24.916666666666668
15.0,283,91814,18.866666666666667
6.0,89,91903,14.833333333333334
12.0,240,92143,20.0
19.0,334,92477,17.57894736842105
12.0,201,92678,16.75
21.0,279,92957,13.285714285714286
4.0,76,93033,19.0
24.0,407,93440,16.958333333333332
12.0,227,93667,18.916666666666668
11.0,140,93807,12.727272727272727
37.0,760,94567,20.54054054054054
32.0,613,95180,19.15625
19.0,392,95572,20.63157894736842
11.0,270,95842,24.545454545454547
24.0,640,96482,26.666666666666668
15.0,327,96809,21.8
1.0,18,96827,18.0
16.0,311,97138,19.4375
25.0,652,97790,26.08
22.0,566,98356,25.727272727272727
26.0,405,98761,15.576923076923077
25.0,583,99344,23.32
19.0,257,99601,13.526315789473685
18.0,666,100267,37.0
16.0,691,100958,43.1875
20.0,448,101406,22.4
6.0,115,101521,19.166666666666668
28.0,1044,102565,37.285714285714285
9.0,244,102809,27.11111111111111
18.0,608,103417,33.77777777777778
21.0,558,103975,26.571428571428573
8.0,212,104187,26.5
10.0,387,104574,38.7
10.0,143,104717,14.3
13.0,410,105127,31.53846153846154
15.0,344,105471,22.933333333333334
22.0,563,106034,25.59090909090909
25.0,529,106563,21.16
8.0,165,106728,20.625
17.0,519,107247,30.529411764705884
15.0,794,108041,52.93333333333333
20.0,637,108678,31.85
6.0,164,108842,27.333333333333332
1.0,462,109304,462.0
28.0,565,109869,20.178571428571427
7.0,561,110430,80.14285714285714
9.0,184,110614,20.444444444444443
15.0,261,110875,17.4
14.0,253,111128,18.071428571428573
15.0,316,111444,21.066666666666666
18.0,406,111850,22.555555555555557
21.0,479,112329,22.80952380952381
37.0,673,113002,18.18918918918919
4.0,112,113114,28.0
32.0,673,113787,21.03125
22.0,549,114336,24.954545454545453
4.0,98,114434,24.5
18.0,428,114862,23.77777777777778
24.0,559,115421,23.291666666666668
10.0,243,115664,24.3
24.0,801,116465,33.375
14.0,359,116824,25.642857142857142
9.0,694,117518,77.11111111111111
31.0,1287,118805,41.516129032258064
27.0,1250,120055,46.2962962962963
24.0,912,120967,38.0
2.0,526,121493,263.0
18.0,284,121777,15.777777777777779
18.0,470,122247,26.11111111111111
13.0,267,122514,20.53846153846154
19.0,352,122866,18.526315789473685
18.0,352,123218,19.555555555555557
18.0,328,123546,18.22222222222222
16.0,252,123798,15.75
13.0,237,124035,18.23076923076923
21.0,409,124444,19.476190476190474
13.0,289,124733,22.23076923076923
4.0,109,124842,27.25
26.0,532,125374,20.46153846153846
32.0,785,126159,24.53125
24.0,599,126758,24.958333333333332
23.0,639,127397,27.782608695652176
24.0,542,127939,22.583333333333332
9.0,198,128137,22.0
1.0,443,128580,443.0
15.0,508,129088,33.86666666666667
16.0,231,129319,14.4375
4.0,65,129384,16.25
15.0,241,129625,16.066666666666666
12.0,322,129947,26.833333333333332
19.0,476,130423,25.05263157894737
15.0,507,130930,33.8
23.0,642,131572,27.91304347826087
14.0,424,131996,30.285714285714285
11.0,371,132367,33.72727272727273
0.0,441,132808,inf
1.0,483,133291,483.0
6.0,661,133952,110.16666666666667
0.0,11,133963,inf
8.0,765,134728,95.625
4.0,87,134815,21.75
27.0,610,135425,22.59259259259259
18.0,245,135670,13.61111111111111
13.0,243,135913,18.692307692307693
21.0,401,136314,19.095238095238095
22.0,523,136837,23.772727272727273
14.0,281,137118,20.071428571428573
8.0,154,137272,19.25
7.0,97,137369,13.857142857142858
7.0,281,137650,40.142857142857146
7.0,165,137815,23.571428571428573
24.0,831,138646,34.625
1.0,480,139126,480.0
14.0,430,139556,30.714285714285715
6.0,178,139734,29.666666666666668
0.0,69,139803,inf
6.0,88,139891,14.666666666666666
5.0,601,140492,120.2
1.0,460,140952,460.0
3.0,162,141114,54.0
10.0,362,141476,36.2
3.0,127,141603,42.333333333333336
21.0,428,142031,20.38095238095238
12.0,405,142436,33.75
1.0,451,142887,451.0
9.0,263,143150,29.22222222222222
5.0,180,143330,36.0
4.0,103,143433,25.75
12.0,286,143719,23.833333333333332
11.0,390,144109,35.45454545454545
12.0,413,144522,34.416666666666664
5.0,109,144631,21.8
1.0,42,144673,42.0
0.0,441,145114,inf
1.0,454,145568,454.0
2.0,450,146018,225.0
1.0,75,146093,75.0
3.0,63,146156,21.0
1.0,13,146169,13.0
8.0,261,146430,32.625
1.0,459,146889,459.0
8.0,129,147018,16.125
7.0,118,147136,16.857142857142858
23.0,537,147673,23.347826086956523
8.0,197,147870,24.625
1.0,488,148358,488.0
6.0,608,148966,101.33333333333333
1.0,17,148983,17.0
16.0,488,149471,30.5
14.0,349,149820,24.928571428571427
10.0,221,150041,22.1
33.0,751,150792,22.757575757575758
4.0,72,150864,18.0
7.0,99,150963,14.142857142857142
10.0,184,151147,18.4
9.0,241,151388,26.77777777777778
4.0,168,151556,42.0
9.0,274,151830,30.444444444444443
14.0,433,152263,30.928571428571427
20.0,539,152802,26.95
2.0,518,153320,259.0
1.0,126,153446,126.0
7.0,154,153600,22.0
4.0,82,153682,20.5
13.0,303,153985,23.307692307692307
35.0,725,154710,20.714285714285715
9.0,659,155369,73.22222222222223
14.0,321,155690,22.928571428571427
27.0,614,156304,22.74074074074074
23.0,452,156756,19.652173913043477
16.0,446,157202,27.875
19.0,386,157588,20.31578947368421
26.0,473,158061,18.192307692307693
31.0,694,158755,22.387096774193548
30.0,588,159343,19.6
10.0,239,159582,23.9
7.0,624,160206,89.14285714285714
8.0,270,160476,33.75
26.0,845,161321,32.5
9.0,697,162018,77.44444444444444
32.0,1025,163043,32.03125
21.0,1045,164088,49.76190476190476
16.0,939,165027,58.6875
32.0,1296,166323,40.5
26.0,810,167133,31.153846153846153
11.0,375,167508,34.09090909090909
29.0,1105,168613,38.10344827586207
33.0,1005,169618,30.454545454545453
43.0,1130,170748,26.27906976744186
19.0,528,171276,27.789473684210527
20.0,560,171836,28.0
16.0,396,172232,24.75
22.0,497,172729,22.59090909090909
39.0,914,173643,23.435897435897434
9.0,166,173809,18.444444444444443
21.0,854,174663,40.666666666666664
8.0,218,174881,27.25
31.0,899,175780,29.0
30.0,558,176338,18.6
29.0,668,177006,23.03448275862069
10.0,271,177277,27.1
24.0,545,177822,22.708333333333332
15.0,374,178196,24.933333333333334
5.0,80,178276,16.0
3.0,77,178353,25.666666666666668
11.0,247,178600,22.454545454545453
5.0,100,178700,20.0
7.0,234,178934,33.42857142857143
26.0,589,179523,22.653846153846153
13.0,308,179831,23.692307692307693
16.0,457,180288,28.5625
32.0,979,181267,30.59375
15.0,379,181646,25.266666666666666
29.0,697,182343,24.03448275862069
18.0,460,182803,25.555555555555557
15.0,316,183119,21.066666666666666
36.0,892,184011,24.77777777777778
14.0,425,184436,30.357142857142858
12.0,259,184695,21.583333333333332
26.0,567,185262,21.807692307692307
17.0,347,185609,20.41176470588235
20.0,519,186128,25.95
9.0,170,186298,18.88888888888889
21.0,307,186605,14.619047619047619
17.0,357,186962,21.0
24.0,474,187436,19.75
6.0,119,187555,19.833333333333332
34.0,561,188116,16.5
10.0,168,188284,16.8
11.0,200,188484,18.181818181818183
37.0,700,189184,18.91891891891892
16.0,252,189436,15.75
16.0,296,189732,18.5
11.0,148,189880,13.454545454545455
26.0,365,190245,14.038461538461538
24.0,429,190674,17.875
42.0,882,191556,21.0
34.0,495,192051,14.558823529411764
30.0,564,192615,18.8
8.0,137,192752,17.125
13.0,228,192980,17.53846153846154
7.0,206,193186,29.428571428571427
11.0,407,193593,37.0
11.0,198,193791,18.0
12.0,374,194165,31.166666666666668
16.0,334,194499,20.875
19.0,370,194869,19.473684210526315
7.0,162,195031,23.142857142857142
7.0,166,195197,23.714285714285715
22.0,427,195624,19.40909090909091
14.0,260,195884,18.571428571428573
5.0,87,195971,17.4
36.0,941,196912,26.13888888888889
1.0,42,196954,42.0
39.0,1136,198090,29.128205128205128
13.0,388,198478,29.846153846153847
8.0,633,199111,79.125
3.0,111,199222,37.0
3.0,135,199357,45.0
2.0,54,199411,27.0
1.0,35,199446,35.0
5.0,544,199990,108.8
1.0,450,200440,450.0
0.0,23,200463,inf
0.0,83,200546,inf
4.0,495,201041,123.75
1.0,92,201133,92.0
0.0,441,201574,inf
2.0,545,202119,272.5
0.0,86,202205,inf
3.0,105,202310,35.0
7.0,148,202458,21.142857142857142
2.0,93,202551,46.5
3.0,572,203123,190.66666666666666
7.0,249,203372,35.57142857142857
13.0,321,203693,24.692307692307693
10.0,366,204059,36.6
14.0,346,204405,24.714285714285715
7.0,577,204982,82.42857142857143
10.0,249,205231,24.9
8.0,176,205407,22.0
7.0,151,205558,21.571428571428573
20.0,419,205977,20.95
18.0,395,206372,21.944444444444443
6.0,154,206526,25.666666666666668
5.0,100,206626,20.0
9.0,201,206827,22.333333333333332
37.0,1248,208075,33.729729729729726
11.0,278,208353,25.272727272727273
12.0,214,208567,17.833333333333332
34.0,793,209360,23.323529411764707
9.0,289,209649,32.111111111111114
6.0,172,209821,28.666666666666668
16.0,669,210490,41.8125
4.0,93,210583,23.25
11.0,245,210828,22.272727272727273
4.0,126,210954,31.5
16.0,406,211360,25.375
17.0,403,211763,23.705882352941178
15.0,380,212143,25.333333333333332
4.0,107,212250,26.75
4.0,69,212319,17.25
24.0,570,212889,23.75
19.0,495,213384,26.05263157894737
16.0,436,213820,27.25
22.0,545,214365,24.772727272727273
6.0,189,214554,31.5
18.0,343,214897,19.055555555555557
8.0,283,215180,35.375
19.0,421,215601,22.157894736842106
23.0,706,216307,30.695652173913043
17.0,460,216767,27.058823529411764
6.0,143,216910,23.833333333333332
18.0,332,217242,18.444444444444443
20.0,470,217712,23.5
17.0,359,218071,21.11764705882353
17.0,406,218477,23.88235294117647
40.0,1297,219774,32.425
3.0,81,219855,27.0
7.0,251,220106,35.857142857142854
15.0,337,220443,22.466666666666665
18.0,354,220797,19.666666666666668
17.0,437,221234,25.705882352941178
6.0,222,221456,37.0
10.0,220,221676,22.0
12.0,313,221989,26.083333333333332
14.0,314,222303,22.428571428571427
17.0,465,222768,27.352941176470587
7.0,124,222892,17.714285714285715
21.0,480,223372,22.857142857142858
10.0,244,223616,24.4
14.0,410,224026,29.285714285714285
24.0,644,224670,26.833333333333332
25.0,702,225372,28.08
23.0,941,226313,40.91304347826087
19.0,758,227071,39.89473684210526
12.0,682,227753,56.833333333333336
4.0,583,228336,145.75
18.0,549,228885,30.5
20.0,478,229363,23.9
20.0,510,229873,25.5
18.0,695,230568,38.611111111111114
8.0,324,230892,40.5
1.0,452,231344,452.0
0.0,441,231785,inf
2.0,489,232274,244.5
0.0,441,232715,inf
0.0,441,233156,inf
1.0,75,233231,75.0
11.0,1011,234242,91.9090909090909
6.0,566,234808,94.33333333333333
12.0,1386,236194,115.5
21.0,2293,238487,109.19047619047619
11.0,728,239215,66.18181818181819
13.0,744,239959,57.23076923076923
16.0,1207,241166,75.4375
21.0,1818,242984,86.57142857142857
37.0,2205,245189,59.5945945945946
25.0,1022,246211,40.88
26.0,1479,247690,56.88461538461539
18.0,993,248683,55.166666666666664
37.0,2431,251114,65.70270270270271
26.0,1247,252361,47.96153846153846
18.0,1046,253407,58.111111111111114
27.0,1317,254724,48.77777777777778
1.0,108,254832,108.0
1.0,82,254914,82.0
14.0,525,255439,37.5
23.0,1163,256602,50.56521739130435
21.0,1345,257947,64.04761904761905
32.0,1690,259637,52.8125
12.0,457,260094,38.083333333333336
11.0,538,260632,48.90909090909091
8.0,1066,261698,133.25
20.0,1159,262857,57.95
18.0,1095,263952,60.833333333333336
6.0,271,264223,45.166666666666664
3.0,103,264326,34.333333333333336
23.0,955,265281,41.52173913043478
18.0,1563,266844,86.83333333333333
0.0,29,266873,inf
4.0,129,267002,32.25
11.0,469,267471,42.63636363636363
13.0,261,267732,20.076923076923077
5.0,175,267907,35.0
47.0,1459,269366,31.04255319148936
22.0,486,269852,22.09090909090909
24.0,842,270694,35.083333333333336
45.0,1440,272134,32.0
20.0,636,272770,31.8
9.0,429,273199,47.666666666666664
46.0,1221,274420,26.543478260869566
12.0,303,274723,25.25
16.0,459,275182,28.6875
37.0,1056,276238,28.54054054054054
31.0,1075,277313,34.67741935483871
19.0,595,277908,31.31578947368421
29.0,901,278809,31.06896551724138
40.0,1432,280241,35.8
24.0,714,280955,29.75
21.0,525,281480,25.0
44.0,1510,282990,34.31818181818182
33.0,922,283912,27.939393939393938
42.0,1320,285232,31.428571428571427
29.0,730,285962,25.17241379310345
25.0,790,286752,31.6
28.0,965,287717,34.464285714285715
14.0,380,288097,27.142857142857142
39.0,1087,289184,27.871794871794872
1.0,467,289651,467.0
2.0,466,290117,233.0
7.0,835,290952,119.28571428571429
17.0,605,291557,35.588235294117645
33.0,922,292479,27.939393939393938
11.0,279,292758,25.363636363636363
10.0,258,293016,25.8
20.0,551,293567,27.55
28.0,673,294240,24.035714285714285
3.0,526,294766,175.33333333333334
8.0,255,295021,31.875
23.0,877,295898,38.130434782608695
0.0,441,296339,inf
11.0,681,297020,61.90909090909091
2.0,149,297169,74.5
26.0,720,297889,27.692307692307693
5.0,658,298547,131.6
21.0,808,299355,38.476190476190474
12.0,295,299650,24.583333333333332
5.0,116,299766,23.2
12.0,351,300117,29.25
1.0,79,300196,79.0
21.0,742,300938,35.333333333333336
13.0,418,301356,32.15384615384615
13.0,403,301759,31.0
15.0,617,302376,41.13333333333333
13.0,481,302857,37.0
1.0,463,303320,463.0
10.0,224,303544,22.4
14.0,841,304385,60.07142857142857
19.0,621,305006,32.68421052631579
22.0,604,305610,27.454545454545453
3.0,135,305745,45.0
3.0,129,305874,43.0
1.0,24,305898,24.0
4.0,536,306434,134.0
13.0,450,306884,34.61538461538461
8.0,217,307101,27.125
12.0,325,307426,27.083333333333332
20.0,1013,308439,50.65
23.0,827,309266,35.95652173913044
4.0,97,309363,24.25
3.0,63,309426,21.0
5.0,550,309976,110.0
14.0,462,310438,33.0
9.0,203,310641,22.555555555555557
14.0,303,310944,21.642857142857142
9.0,190,311134,21.11111111111111
17.0,367,311501,21.58823529411765
28.0,845,312346,30.178571428571427
12.0,339,312685,28.25
3.0,72,312757,24.0
13.0,352,313109,27.076923076923077
16.0,333,313442,20.8125
16.0,499,313941,31.1875
22.0,509,314450,23.136363636363637
5.0,159,314609,31.8
16.0,329,314938,20.5625
22.0,509,315447,23.136363636363637
22.0,465,315912,21.136363636363637
28.0,682,316594,24.357142857142858
1.0,108,316702,108.0
8.0,115,316817,14.375
12.0,269,317086,22.416666666666668
16.0,283,317369,17.6875
14.0,266,317635,19.0
9.0,229,317864,25.444444444444443
18.0,484,318348,26.88888888888889
10.0,175,318523,17.5
5.0,119,318642,23.8
7.0,124,318766,17.714285714285715
8.0,95,318861,11.875
8.0,181,319042,22.625
17.0,361,319403,21.235294117647058
8.0,257,319660,32.125
2.0,69,319729,34.5
12.0,335,320064,27.916666666666668
12.0,232,320296,19.333333333333332
12.0,213,320509,17.75
8.0,647,321156,80.875
27.0,506,321662,18.74074074074074
14.0,416,322078,29.714285714285715
23.0,865,322943,37.608695652173914
17.0,379,323322,22.294117647058822
25.0,607,323929,24.28
25.0,653,324582,26.12
20.0,395,324977,19.75
14.0,386,325363,27.571428571428573
4.0,70,325433,17.5
9.0,174,325607,19.333333333333332
23.0,546,326153,23.73913043478261
4.0,93,326246,23.25
38.0,932,327178,24.526315789473685
11.0,164,327342,14.909090909090908
6.0,196,327538,32.666666666666664
2.0,467,328005,233.5
2.0,47,328052,23.5
3.0,504,328556,168.0
22.0,570,329126,25.90909090909091
20.0,686,329812,34.3
28.0,1416,331228,50.57142857142857
21.0,494,331722,23.523809523809526
2.0,48,331770,24.0
2.0,95,331865,47.5
24.0,1164,333029,48.5
14.0,469,333498,33.5
21.0,408,333906,19.428571428571427
15.0,390,334296,26.0
8.0,221,334517,27.625
24.0,551,335068,22.958333333333332
10.0,311,335379,31.1
19.0,535,335914,28.157894736842106
10.0,217,336131,21.7
11.0,316,336447,28.727272727272727
4.0,157,336604,39.25
33.0,910,337514,27.575757575757574
16.0,505,338019,31.5625
22.0,628,338647,28.545454545454547
26.0,726,339373,27.923076923076923
27.0,682,340055,25.25925925925926
4.0,173,340228,43.25
8.0,210,340438,26.25
21.0,711,341149,33.857142857142854
19.0,496,341645,26.105263157894736
9.0,277,341922,30.77777777777778
21.0,607,342529,28.904761904761905
8.0,250,342779,31.25
6.0,595,343374,99.16666666666667
23.0,602,343976,26.17391304347826
17.0,422,344398,24.823529411764707
6.0,168,344566,28.0
22.0,734,345300,33.36363636363637
22.0,706,346006,32.09090909090909
27.0,722,346728,26.74074074074074
5.0,122,346850,24.4
15.0,430,347280,28.666666666666668
5.0,736,348016,147.2
20.0,672,348688,33.6
24.0,873,349561,36.375
19.0,482,350043,25.36842105263158
34.0,1179,351222,34.6764705882353
2.0,489,351711,244.5
8.0,314,352025,39.25
2.0,468,352493,234.0
13.0,539,353032,41.46153846153846
24.0,847,353879,35.291666666666664
14.0,363,354242,25.928571428571427
2.0,551,354793,275.5
8.0,323,355116,40.375
15.0,376,355492,25.066666666666666
9.0,403,355895,44.77777777777778
6.0,191,356086,31.833333333333332
23.0,757,356843,32.91304347826087
16.0,466,357309,29.125
12.0,370,357679,30.833333333333332
13.0,427,358106,32.84615384615385
11.0,287,358393,26.09090909090909
8.0,179,358572,22.375
25.0,661,359233,26.44
20.0,596,359829,29.8
18.0,474,360303,26.333333333333332
7.0,270,360573,38.57142857142857
6.0,183,360756,30.5
7.0,205,360961,29.285714285714285
6.0,117,361078,19.5
5.0,559,361637,111.8
20.0,532,362169,26.6
13.0,379,362548,29.153846153846153
18.0,394,362942,21.88888888888889
8.0,339,363281,42.375
12.0,331,363612,27.583333333333332
19.0,503,364115,26.473684210526315
19.0,377,364492,19.842105263157894
15.0,382,364874,25.466666666666665
14.0,362,365236,25.857142857142858
7.0,201,365437,28.714285714285715
29.0,862,366299,29.724137931034484
28.0,769,367068,27.464285714285715
10.0,300,367368,30.0
15.0,352,367720,23.466666666666665
20.0,417,368137,20.85
15.0,531,368668,35.4
23.0,737,369405,32.04347826086956
17.0,481,369886,28.294117647058822
23.0,695,370581,30.217391304347824
16.0,380,370961,23.75
8.0,207,371168,25.875
39.0,1466,372634,37.58974358974359
15.0,427,373061,28.466666666666665
15.0,420,373481,28.0
14.0,315,373796,22.5
19.0,636,374432,33.473684210526315
15.0,437,374869,29.133333333333333
24.0,637,375506,26.541666666666668
22.0,536,376042,24.363636363636363
12.0,337,376379,28.083333333333332
11.0,341,376720,31.0
7.0,148,376868,21.142857142857142
12.0,356,377224,29.666666666666668
34.0,895,378119,26.323529411764707
8.0,227,378346,28.375
17.0,410,378756,24.11764705882353
27.0,590,379346,21.85185185185185
14.0,320,379666,22.857142857142858
8.0,146,379812,18.25
25.0,587,380399,23.48
18.0,476,380875,26.444444444444443
21.0,446,381321,21.238095238095237
7.0,290,381611,41.42857142857143
29.0,722,382333,24.896551724137932
29.0,832,383165,28.689655172413794
12.0,298,383463,24.833333333333332
2.0,463,383926,231.5
34.0,824,384750,24.235294117647058
1.0,13,384763,13.0
3.0,107,384870,35.666666666666664
4.0,57,384927,14.25
19.0,468,385395,24.63157894736842
19.0,374,385769,19.68421052631579
4.0,107,385876,26.75
20.0,507,386383,25.35
29.0,823,387206,28.379310344827587
35.0,1088,388294,31.085714285714285
13.0,726,389020,55.84615384615385
7.0,159,389179,22.714285714285715
3.0,90,389269,30.0
47.0,1473,390742,31.340425531914892
23.0,649,391391,28.217391304347824
10.0,282,391673,28.2
23.0,1054,392727,45.82608695652174
24.0,671,393398,27.958333333333332
21.0,561,393959,26.714285714285715
9.0,178,394137,19.77777777777778
19.0,634,394771,33.36842105263158
38.0,1039,395810,27.342105263157894
38.0,1273,397083,33.5
10.0,759,397842,75.9
42.0,1133,398975,26.976190476190474
28.0,921,399896,32.892857142857146
2.0,488,400384,244.0
11.0,350,400734,31.818181818181817
28.0,744,401478,26.571428571428573
41.0,949,402427,23.146341463414632
33.0,1052,403479,31.87878787878788
12.0,750,404229,62.5
11.0,680,404909,61.81818181818182
1.0,19,404928,19.0
2.0,469,405397,234.5
12.0,476,405873,39.666666666666664
0.0,17,405890,inf
0.0,18,405908,inf
4.0,573,406481,143.25
11.0,353,406834,32.09090909090909
19.0,609,407443,32.05263157894737
12.0,335,407778,27.916666666666668
18.0,634,408412,35.22222222222222
16.0,511,408923,31.9375
2.0,32,408955,16.0
18.0,544,409499,30.22222222222222
2.0,513,410012,256.5
1.0,473,410485,473.0
7.0,254,410739,36.285714285714285
25.0,850,411589,34.0
21.0,671,412260,31.952380952380953
17.0,352,412612,20.705882352941178
18.0,432,413044,24.0
8.0,116,413160,14.5
7.0,187,413347,26.714285714285715
12.0,337,413684,28.083333333333332
16.0,542,414226,33.875
16.0,362,414588,22.625
8.0,602,415190,75.25
18.0,527,415717,29.27777777777778
26.0,664,416381,25.53846153846154
23.0,598,416979,26.0
31.0,918,417897,29.612903225806452
38.0,972,418869,25.57894736842105
5.0,154,419023,30.8
29.0,721,419744,24.862068965517242
11.0,226,419970,20.545454545454547
7.0,214,420184,30.571428571428573
10.0,343,420527,34.3
1.0,60,420587,60.0
19.0,512,421099,26.94736842105263
11.0,194,421293,17.636363636363637
11.0,714,422007,64.9090909090909
40.0,979,422986,24.475
21.0,576,423562,27.428571428571427
28.0,587,424149,20.964285714285715
5.0,74,424223,14.8
34.0,760,424983,22.352941176470587
14.0,310,425293,22.142857142857142
9.0,252,425545,28.0
26.0,744,426289,28.615384615384617
13.0,251,426540,19.307692307692307
30.0,699,427239,23.3
10.0,170,427409,17.0
17.0,493,427902,29.0
20.0,485,428387,24.25
25.0,609,428996,24.36
21.0,603,429599,28.714285714285715
12.0,364,429963,30.333333333333332
24.0,510,430473,21.25
12.0,326,430799,27.166666666666668
4.0,102,430901,25.5
0.0,30,430931,inf
5.0,237,431168,47.4
22.0,630,431798,28.636363636363637
16.0,317,432115,19.8125
14.0,288,432403,20.571428571428573
9.0,211,432614,23.444444444444443
19.0,320,432934,16.842105263157894
32.0,1022,433956,31.9375
18.0,379,434335,21.055555555555557
5.0,109,434444,21.8
13.0,251,434695,19.307692307692307
16.0,340,435035,21.25
31.0,703,435738,22.677419354838708
11.0,349,436087,31.727272727272727
14.0,402,436489,28.714285714285715
17.0,334,436823,19.647058823529413
2.0,40,436863,20.0
16.0,349,437212,21.8125
18.0,329,437541,18.27777777777778
8.0,271,437812,33.875
8.0,604,438416,75.5
9.0,210,438626,23.333333333333332
16.0,319,438945,19.9375
29.0,720,439665,24.82758620689655
9.0,213,439878,23.666666666666668
22.0,523,440401,23.772727272727273
6.0,126,440527,21.0
38.0,842,441369,22.157894736842106
25.0,586,441955,23.44
16.0,419,442374,26.1875
21.0,369,442743,17.571428571428573
21.0,466,443209,22.19047619047619
8.0,136,443345,17.0
1.0,27,443372,27.0
22.0,640,444012,29.09090909090909
30.0,659,444671,21.966666666666665
17.0,318,444989,18.705882352941178
12.0,306,445295,25.5
4.0,492,445787,123.0
24.0,521,446308,21.708333333333332
3.0,117,446425,39.0
15.0,361,446786,24.066666666666666
4.0,533,447319,133.25
1.0,27,447346,27.0
3.0,39,447385,13.0
3.0,55,447440,18.333333333333332
8.0,211,447651,26.375
14.0,369,448020,26.357142857142858
12.0,250,448270,20.833333333333332
6.0,125,448395,20.833333333333332
14.0,410,448805,29.285714285714285
16.0,351,449156,21.9375
6.0,170,449326,28.333333333333332
9.0,213,449539,23.666666666666668
9.0,193,449732,21.444444444444443
16.0,571,450303,35.6875
26.0,533,450836,20.5
15.0,334,451170,22.266666666666666
12.0,309,451479,25.75
2.0,492,451971,246.0
0.0,441,452412,inf
1.0,459,452871,459.0
1.0,468,453339,468.0
2.0,458,453797,229.0
0.0,441,454238,inf
1.0,43,454281,43.0
1.0,96,454377,96.0
2.0,96,454473,48.0
0.0,441,454914,inf
1.0,54,454968,54.0
1.0,32,455000,32.0
0.0,87,455087,inf
0.0,441,455528,inf
1.0,459,455987,459.0
8.0,165,456152,20.625
10.0,227,456379,22.7
7.0,120,456499,17.142857142857142
25.0,467,456966,18.68
3.0,39,457005,13.0
11.0,269,457274,24.454545454545453
1.0,28,457302,28.0
4.0,174,457476,43.5
10.0,242,457718,24.2
16.0,381,458099,23.8125
10.0,223,458322,22.3
6.0,193,458515,32.166666666666664
1.0,23,458538,23.0
0.0,441,458979,inf
9.0,167,459146,18.555555555555557
4.0,135,459281,33.75
1.0,450,459731,450.0
5.0,146,459877,29.2
4.0,68,459945,17.0
3.0,524,460469,174.66666666666666
2.0,472,460941,236.0
3.0,181,461122,60.333333333333336
4.0,647,461769,161.75
9.0,639,462408,71.0
13.0,733,463141,56.38461538461539
7.0,713,463854,101.85714285714286
18.0,380,464234,21.11111111111111
11.0,672,464906,61.09090909090909
13.0,667,465573,51.30769230769231
11.0,191,465764,17.363636363636363
6.0,616,466380,102.66666666666667
1.0,445,466825,445.0
17.0,747,467572,43.94117647058823
4.0,479,468051,119.75
4.0,518,468569,129.5
10.0,268,468837,26.8
9.0,679,469516,75.44444444444444
10.0,383,469899,38.3
19.0,661,470560,34.78947368421053
12.0,269,470829,22.416666666666668
4.0,232,471061,58.0
9.0,337,471398,37.44444444444444
10.0,291,471689,29.1
23.0,782,472471,34.0
31.0,835,473306,26.93548387096774
16.0,501,473807,31.3125
12.0,367,474174,30.583333333333332
19.0,696,474870,36.63157894736842
4.0,171,475041,42.75
16.0,590,475631,36.875
23.0,773,476404,33.608695652173914
14.0,283,476687,20.214285714285715
20.0,618,477305,30.9
12.0,223,477528,18.583333333333332
7.0,163,477691,23.285714285714285
2.0,66,477757,33.0
18.0,514,478271,28.555555555555557
19.0,552,478823,29.05263157894737
26.0,1024,479847,39.38461538461539
21.0,599,480446,28.523809523809526
18.0,493,480939,27.38888888888889
25.0,681,481620,27.24
35.0,1267,482887,36.2
16.0,635,483522,39.6875
17.0,363,483885,21.352941176470587
43.0,1395,485280,32.44186046511628
3.0,522,485802,174.0
2.0,507,486309,253.5
28.0,1198,487507,42.785714285714285
11.0,768,488275,69.81818181818181
1.0,470,488745,470.0
4.0,536,489281,134.0
2.0,31,489312,15.5
18.0,639,489951,35.5
25.0,673,490624,26.92
26.0,1013,491637,38.96153846153846
10.0,421,492058,42.1
20.0,668,492726,33.4
10.0,216,492942,21.6
25.0,1161,494103,46.44
11.0,290,494393,26.363636363636363
7.0,159,494552,22.714285714285715
25.0,1129,495681,45.16
16.0,457,496138,28.5625
7.0,202,496340,28.857142857142858
8.0,189,496529,23.625
19.0,866,497395,45.578947368421055
21.0,514,497909,24.476190476190474
27.0,812,498721,30.074074074074073
8.0,177,498898,22.125
15.0,506,499404,33.733333333333334
8.0,222,499626,27.75
15.0,620,500246,41.333333333333336
10.0,368,500614,36.8
21.0,788,501402,37.523809523809526
1.0,31,501433,31.0
12.0,417,501850,34.75
14.0,524,502374,37.42857142857143
18.0,433,502807,24.055555555555557
18.0,483,503290,26.833333333333332
17.0,684,503974,40.23529411764706
14.0,571,504545,40.785714285714285
22.0,1044,505589,47.45454545454545
16.0,424,506013,26.5
6.0,213,506226,35.5
20.0,916,507142,45.8
18.0,645,507787,35.833333333333336
34.0,1604,509391,47.1764705882353
21.0,640,510031,30.476190476190474
13.0,400,510431,30.76923076923077
11.0,343,510774,31.181818181818183
10.0,255,511029,25.5
43.0,1546,512575,35.95348837209303
4.0,141,512716,35.25
4.0,180,512896,45.0
5.0,114,513010,22.8
24.0,859,513869,35.791666666666664
34.0,1219,515088,35.85294117647059
26.0,1036,516124,39.84615384615385
23.0,627,516751,27.26086956521739
19.0,722,517473,38.0
18.0,650,518123,36.111111111111114
25.0,918,519041,36.72
10.0,430,519471,43.0
12.0,649,520120,54.083333333333336
24.0,603,520723,25.125
15.0,336,521059,22.4
16.0,461,521520,28.8125
8.0,184,521704,23.0
30.0,885,522589,29.5
10.0,380,522969,38.0
2.0,56,523025,28.0
20.0,516,523541,25.8
28.0,924,524465,33.0
31.0,1404,525869,45.29032258064516
5.0,101,525970,20.2
4.0,121,526091,30.25
5.0,197,526288,39.4
4.0,123,526411,30.75
2.0,22,526433,11.0
0.0,32,526465,inf
15.0,442,526907,29.466666666666665
1.0,53,526960,53.0
23.0,829,527789,36.04347826086956
12.0,350,528139,29.166666666666668
30.0,924,529063,30.8
1.0,26,529089,26.0
28.0,861,529950,30.75
16.0,565,530515,35.3125
8.0,288,530803,36.0
20.0,534,531337,26.7
26.0,1110,532447,42.69230769230769
23.0,724,533171,31.47826086956522
37.0,1476,534647,39.891891891891895
19.0,768,535415,40.421052631578945
17.0,581,535996,34.1764705882353
33.0,1261,537257,38.21212121212121
16.0,534,537791,33.375
13.0,465,538256,35.76923076923077
19.0,547,538803,28.789473684210527
8.0,250,539053,31.25
21.0,705,539758,33.57142857142857
31.0,1012,540770,32.645161290322584
4.0,190,540960,47.5
20.0,692,541652,34.6
9.0,337,541989,37.44444444444444
20.0,727,542716,36.35
5.0,107,542823,21.4
1.0,26,542849,26.0
7.0,310,543159,44.285714285714285
10.0,373,543532,37.3
1.0,472,544004,472.0
8.0,265,544269,33.125
11.0,313,544582,28.454545454545453
4.0,89,544671,22.25
8.0,336,545007,42.0
4.0,191,545198,47.75
11.0,516,545714,46.90909090909091
19.0,614,546328,32.31578947368421
30.0,1269,547597,42.3
4.0,143,547740,35.75
32.0,1530,549270,47.8125
9.0,412,549682,45.77777777777778
17.0,675,550357,39.705882352941174
20.0,877,551234,43.85
41.0,1354,552588,33.02439024390244
14.0,510,553098,36.42857142857143
20.0,742,553840,37.1
14.0,699,554539,49.92857142857143
37.0,1395,555934,37.7027027027027
45.0,1757,557691,39.044444444444444
25.0,1145,558836,45.8
14.0,654,559490,46.714285714285715
43.0,1733,561223,40.30232558139535
25.0,971,562194,38.84
46.0,1977,564171,42.97826086956522
25.0,1017,565188,40.68
23.0,1082,566270,47.04347826086956
31.0,1236,567506,39.87096774193548
12.0,465,567971,38.75
50.0,2010,569981,40.2
49.0,2264,572245,46.204081632653065
15.0,1136,573381,75.73333333333333
10.0,604,573985,60.4
11.0,810,574795,73.63636363636364
26.0,825,575620,31.73076923076923
12.0,904,576524,75.33333333333333
24.0,1027,577551,42.791666666666664
25.0,1004,578555,40.16
20.0,921,579476,46.05
21.0,715,580191,34.04761904761905
7.0,822,581013,117.42857142857143
18.0,777,581790,43.166666666666664
33.0,1357,583147,41.121212121212125
20.0,625,583772,31.25
31.0,1120,584892,36.12903225806452
17.0,575,585467,33.8235294117647
41.0,1878,587345,45.80487804878049
42.0,1839,589184,43.785714285714285
7.0,362,589546,51.714285714285715
13.0,518,590064,39.84615384615385
25.0,1082,591146,43.28
15.0,526,591672,35.06666666666667
42.0,1710,593382,40.714285714285715
40.0,1495,594877,37.375
36.0,1584,596461,44.0
39.0,1599,598060,41.0
17.0,881,598941,51.8235294117647
37.0,1444,600385,39.027027027027025
23.0,1136,601521,49.391304347826086
24.0,983,602504,40.958333333333336
19.0,721,603225,37.94736842105263
31.0,1041,604266,33.58064516129032
34.0,1600,605866,47.05882352941177
6.0,178,606044,29.666666666666668
13.0,510,606554,39.23076923076923
15.0,491,607045,32.733333333333334
11.0,532,607577,48.36363636363637
14.0,974,608551,69.57142857142857
19.0,772,609323,40.63157894736842
29.0,1518,610841,52.3448275862069
8.0,366,611207,45.75
32.0,1870,613077,58.4375
12.0,679,613756,56.583333333333336
11.0,459,614215,41.72727272727273
9.0,491,614706,54.55555555555556
12.0,503,615209,41.916666666666664
12.0,397,615606,33.083333333333336
17.0,711,616317,41.8235294117647
23.0,736,617053,32.0
11.0,457,617510,41.54545454545455
8.0,262,617772,32.75
7.0,806,618578,115.14285714285714
4.0,355,618933,88.75
39.0,3065,621998,78.58974358974359
4.0,212,622210,53.0
21.0,1467,623677,69.85714285714286
21.0,1384,625061,65.9047619047619
4.0,278,625339,69.5
5.0,685,626024,137.0
5.0,336,626360,67.2
11.0,508,626868,46.18181818181818
23.0,1083,627951,47.08695652173913
31.0,1692,629643,54.58064516129032
29.0,1491,631134,51.41379310344828
28.0,1748,632882,62.42857142857143
28.0,1839,634721,65.67857142857143
7.0,202,634923,28.857142857142858
17.0,620,635543,36.470588235294116
46.0,2127,637670,46.23913043478261
10.0,550,638220,55.0
23.0,1175,639395,51.08695652173913
3.0,118,639513,39.333333333333336
33.0,1286,640799,38.96969696969697
27.0,1122,641921,41.55555555555556
30.0,1448,643369,48.266666666666666
5.0,258,643627,51.6
32.0,1489,645116,46.53125
22.0,1115,646231,50.68181818181818
49.0,2248,648479,45.87755102040816
39.0,1764,650243,45.23076923076923
18.0,560,650803,31.11111111111111
25.0,1081,651884,43.24
31.0,1274,653158,41.096774193548384
32.0,1440,654598,45.0
25.0,1213,655811,48.52
65.0,2931,658742,45.09230769230769
1.0,459,659201,459.0
12.0,856,660057,71.33333333333333
4.0,649,660706,162.25
42.0,2061,662767,49.07142857142857
3.0,280,663047,93.33333333333333
38.0,1824,664871,48.0
39.0,1875,666746,48.07692307692308
32.0,1888,668634,59.0
30.0,1992,670626,66.4
45.0,1986,672612,44.13333333333333
33.0,1934,674546,58.60606060606061
51.0,2645,677191,51.86274509803921
55.0,3415,680606,62.09090909090909
40.0,2268,682874,56.7
9.0,456,683330,50.666666666666664
28.0,1264,684594,45.142857142857146
25.0,1629,686223,65.16
29.0,1481,687704,51.06896551724138
10.0,539,688243,53.9
25.0,1310,689553,52.4
38.0,1811,691364,47.6578947368421
54.0,2533,693897,46.907407407407405
28.0,1593,695490,56.892857142857146
48.0,2860,698350,59.583333333333336
18.0,856,699206,47.55555555555556
39.0,2298,701504,58.92307692307692
40.0,1644,703148,41.1
39.0,1586,704734,40.666666666666664
38.0,1546,706280,40.68421052631579
40.0,1690,707970,42.25
43.0,2191,710161,50.95348837209303
34.0,1452,711613,42.705882352941174
42.0,1723,713336,41.023809523809526
10.0,419,713755,41.9
52.0,2310,716065,44.42307692307692
5.0,222,716287,44.4
9.0,501,716788,55.666666666666664
3.0,117,716905,39.0
22.0,833,717738,37.86363636363637
17.0,751,718489,44.1764705882353
30.0,1241,719730,41.36666666666667
49.0,2350,722080,47.95918367346939
35.0,1657,723737,47.34285714285714
35.0,1449,725186,41.4
56.0,2800,727986,50.0
30.0,1235,729221,41.166666666666664
32.0,1231,730452,38.46875
15.0,768,731220,51.2
28.0,1372,732592,49.0
36.0,1879,734471,52.19444444444444
56.0,2852,737323,50.92857142857143
32.0,1124,738447,35.125
33.0,1598,740045,48.42424242424242
44.0,2107,742152,47.88636363636363
15.0,599,742751,39.93333333333333
30.0,1629,744380,54.3
38.0,2034,746414,53.526315789473685
38.0,2162,748576,56.89473684210526
38.0,2306,750882,60.68421052631579
33.0,1038,751920,31.454545454545453
28.0,1333,753253,47.607142857142854
36.0,1925,755178,53.47222222222222
30.0,1824,757002,60.8
21.0,1056,758058,50.285714285714285
37.0,1779,759837,48.08108108108108
45.0,1953,761790,43.4
46.0,2435,764225,52.93478260869565
34.0,1516,765741,44.588235294117645
43.0,2008,767749,46.69767441860465
27.0,1257,769006,46.55555555555556
18.0,942,769948,52.333333333333336
29.0,1142,771090,39.37931034482759
35.0,1935,773025,55.285714285714285
38.0,1606,774631,42.26315789473684
33.0,1512,776143,45.81818181818182
27.0,1471,777614,54.48148148148148
32.0,1539,779153,48.09375
2.0,93,779246,46.5
41.0,1950,781196,47.5609756097561
3.0,604,781800,201.33333333333334
14.0,506,782306,36.142857142857146
24.0,1368,783674,57.0
36.0,1427,785101,39.638888888888886
40.0,1737,786838,43.425
26.0,1133,787971,43.57692307692308
14.0,408,788379,29.142857142857142
22.0,921,789300,41.86363636363637
27.0,833,790133,30.85185185185185
21.0,937,791070,44.61904761904762
27.0,936,792006,34.666666666666664
41.0,1694,793700,41.31707317073171
42.0,1783,795483,42.45238095238095
39.0,1602,797085,41.07692307692308
21.0,692,797777,32.95238095238095
29.0,1312,799089,45.241379310344826
34.0,1195,800284,35.14705882352941
32.0,993,801277,31.03125
40.0,1490,802767,37.25
51.0,2062,804829,40.431372549019606
42.0,1834,806663,43.666666666666664
44.0,1501,808164,34.11363636363637
36.0,1467,809631,40.75
31.0,1304,810935,42.064516129032256
20.0,643,811578,32.15
25.0,777,812355,31.08
36.0,1640,813995,45.55555555555556
7.0,250,814245,35.714285714285715
44.0,1901,816146,43.20454545454545
38.0,1509,817655,39.71052631578947
24.0,843,818498,35.125
47.0,1803,820301,38.361702127659576
32.0,1194,821495,37.3125
43.0,1426,822921,33.16279069767442
29.0,1200,824121,41.37931034482759
4.0,63,824184,15.75
25.0,827,825011,33.08
50.0,2161,827172,43.22
33.0,1286,828458,38.96969696969697
50.0,1793,830251,35.86
26.0,1141,831392,43.88461538461539
31.0,968,832360,31.225806451612904
27.0,1153,833513,42.7037037037037
48.0,1740,835253,36.25
42.0,1725,836978,41.07142857142857
42.0,1399,838377,33.30952380952381
56.0,2153,840530,38.44642857142857
30.0,1214,841744,40.46666666666667
32.0,1291,843035,40.34375
55.0,2070,845105,37.63636363636363
18.0,496,845601,27.555555555555557
36.0,1512,847113,42.0
44.0,1436,848549,32.63636363636363
42.0,1516,850065,36.095238095238095
22.0,1024,851089,46.54545454545455
14.0,638,851727,45.57142857142857
39.0,1651,853378,42.333333333333336
20.0,675,854053,33.75
34.0,1312,855365,38.588235294117645
35.0,1461,856826,41.74285714285714
14.0,523,857349,37.357142857142854
25.0,880,858229,35.2
16.0,815,859044,50.9375
33.0,1730,860774,52.42424242424242
11.0,390,861164,35.45454545454545
44.0,1769,862933,40.20454545454545
39.0,1895,864828,48.58974358974359
46.0,1705,866533,37.06521739130435
41.0,1356,867889,33.073170731707314
25.0,917,868806,36.68
30.0,1199,870005,39.96666666666667
41.0,1423,871428,34.707317073170735
28.0,1108,872536,39.57142857142857
19.0,670,873206,35.26315789473684
30.0,1105,874311,36.833333333333336
48.0,2085,876396,43.4375
54.0,2147,878543,39.75925925925926
29.0,1014,879557,34.96551724137931
28.0,871,880428,31.107142857142858
38.0,1454,881882,38.26315789473684
36.0,1593,883475,44.25
51.0,2064,885539,40.470588235294116
49.0,1764,887303,36.0
12.0,358,887661,29.833333333333332
42.0,1297,888958,30.88095238095238
22.0,812,889770,36.90909090909091
36.0,1211,890981,33.638888888888886
25.0,624,891605,24.96
51.0,2099,893704,41.15686274509804
17.0,494,894198,29.058823529411764
25.0,873,895071,34.92
22.0,656,895727,29.818181818181817
23.0,875,896602,38.04347826086956
60.0,2280,898882,38.0
55.0,1691,900573,30.745454545454546
31.0,885,901458,28.548387096774192
44.0,1708,903166,38.81818181818182
40.0,1306,904472,32.65
40.0,1390,905862,34.75
31.0,1371,907233,44.225806451612904
35.0,1460,908693,41.714285714285715
4.0,666,909359,166.5
0.0,441,909800,inf
20.0,705,910505,35.25
12.0,531,911036,44.25
17.0,1078,912114,63.411764705882355
21.0,771,912885,36.714285714285715
7.0,196,913081,28.0
11.0,409,913490,37.18181818181818
40.0,1675,915165,41.875
35.0,1367,916532,39.05714285714286
21.0,840,917372,40.0
15.0,536,917908,35.733333333333334
51.0,2152,920060,42.19607843137255
24.0,933,920993,38.875
25.0,939,921932,37.56
46.0,1766,923698,38.391304347826086
34.0,1248,924946,36.705882352941174
22.0,827,925773,37.59090909090909
52.0,1940,927713,37.30769230769231
18.0,633,928346,35.166666666666664
28.0,1385,929731,49.464285714285715
42.0,1447,931178,34.45238095238095
35.0,1380,932558,39.42857142857143
6.0,262,932820,43.666666666666664
13.0,370,933190,28.46153846153846
46.0,1851,935041,40.23913043478261
34.0,1664,936705,48.94117647058823
27.0,1026,937731,38.0
23.0,913,938644,39.69565217391305
24.0,1026,939670,42.75
40.0,1503,941173,37.575
36.0,1436,942609,39.888888888888886
25.0,843,943452,33.72
51.0,2601,946053,51.0
20.0,761,946814,38.05
43.0,1800,948614,41.86046511627907
38.0,1317,949931,34.6578947368421
48.0,1952,951883,40.666666666666664
30.0,1369,953252,45.63333333333333
22.0,896,954148,40.72727272727273
28.0,985,955133,35.17857142857143
23.0,744,955877,32.34782608695652
20.0,872,956749,43.6
35.0,1952,958701,55.77142857142857
38.0,1766,960467,46.473684210526315
26.0,1002,961469,38.53846153846154
48.0,2600,964069,54.166666666666664
25.0,845,964914,33.8
32.0,1288,966202,40.25
48.0,1893,968095,39.4375
41.0,1584,969679,38.63414634146341
34.0,1367,971046,40.205882352941174
25.0,1013,972059,40.52
46.0,2098,974157,45.608695652173914
10.0,430,974587,43.0
47.0,1756,976343,37.361702127659576
47.0,1566,977909,33.319148936170215
24.0,1356,979265,56.5
48.0,2426,981691,50.541666666666664
47.0,1973,983664,41.97872340425532
23.0,1026,984690,44.608695652173914
57.0,2623,987313,46.01754385964912
23.0,1297,988610,56.391304347826086
28.0,1250,989860,44.642857142857146
28.0,931,990791,33.25
41.0,1732,992523,42.24390243902439
26.0,1218,993741,46.84615384615385
27.0,1253,994994,46.407407407407405
35.0,1519,996513,43.4
32.0,1549,998062,48.40625
14.0,484,998546,34.57142857142857
27.0,1017,999563,37.666666666666664
21.0,1062,1000625,50.57142857142857
1.0,66,1000691,66.0
2.0,60,1000751,30.0
5.0,162,1000913,32.4
2.0,68,1000981,34.0
15.0,574,1001555,38.266666666666666
1.0,40,1001595,40.0
9.0,354,1001949,39.333333333333336
8.0,316,1002265,39.5
10.0,369,1002634,36.9
2.0,134,1002768,67.0
0.0,30,1002798,inf
13.0,463,1003261,35.61538461538461
12.0,574,1003835,47.833333333333336
1.0,33,1003868,33.0
4.0,187,1004055,46.75
4.0,242,1004297,60.5
1.0,39,1004336,39.0
24.0,800,1005136,33.333333333333336
1.0,110,1005246,110.0
9.0,553,1005799,61.44444444444444
13.0,338,1006137,26.0
20.0,586,1006723,29.3
4.0,171,1006894,42.75
11.0,464,1007358,42.18181818181818
5.0,168,1007526,33.6
5.0,180,1007706,36.0
22.0,822,1008528,37.36363636363637
6.0,322,1008850,53.666666666666664
0.0,42,1008892,inf
0.0,29,1008921,inf
3.0,194,1009115,64.66666666666667
18.0,724,1009839,40.22222222222222
4.0,144,1009983,36.0
19.0,610,1010593,32.10526315789474
3.0,128,1010721,42.666666666666664
26.0,938,1011659,36.07692307692308
1.0,89,1011748,89.0
7.0,158,1011906,22.571428571428573
5.0,178,1012084,35.6
9.0,343,1012427,38.111111111111114
13.0,561,1012988,43.15384615384615
7.0,174,1013162,24.857142857142858
4.0,175,1013337,43.75
1.0,60,1013397,60.0
4.0,229,1013626,57.25
1.0,79,1013705,79.0
3.0,115,1013820,38.333333333333336
6.0,239,1014059,39.833333333333336
2.0,67,1014126,33.5
2.0,58,1014184,29.0
5.0,256,1014440,51.2
15.0,615,1015055,41.0
38.0,1188,1016243,31.263157894736842
10.0,418,1016661,41.8
10.0,479,1017140,47.9
12.0,405,1017545,33.75
13.0,432,1017977,33.23076923076923
11.0,285,1018262,25.90909090909091
2.0,53,1018315,26.5
0.0,26,1018341,inf
0.0,11,1018352,inf
16.0,438,1018790,27.375
41.0,921,1019711,22.463414634146343
38.0,962,1020673,25.31578947368421
13.0,417,1021090,32.07692307692308
10.0,300,1021390,30.0
11.0,286,1021676,26.0
19.0,549,1022225,28.894736842105264
23.0,611,1022836,26.565217391304348
19.0,535,1023371,28.157894736842106
30.0,974,1024345,32.46666666666667
23.0,555,1024900,24.130434782608695
14.0,457,1025357,32.642857142857146
24.0,630,1025987,26.25
12.0,348,1026335,29.0
21.0,635,1026970,30.238095238095237
25.0,611,1027581,24.44
24.0,765,1028346,31.875
24.0,592,1028938,24.666666666666668
18.0,512,1029450,28.444444444444443
34.0,1021,1030471,30.029411764705884
40.0,1407,1031878,35.175
28.0,898,1032776,32.07142857142857
11.0,378,1033154,34.36363636363637
20.0,397,1033551,19.85
48.0,1548,1035099,32.25
16.0,526,1035625,32.875
7.0,242,1035867,34.57142857142857
20.0,575,1036442,28.75
23.0,632,1037074,27.47826086956522
2.0,74,1037148,37.0
27.0,948,1038096,35.111111111111114
47.0,1362,1039458,28.97872340425532
5.0,169,1039627,33.8
21.0,616,1040243,29.333333333333332
28.0,1040,1041283,37.142857142857146
21.0,509,1041792,24.238095238095237
34.0,985,1042777,28.970588235294116
48.0,1489,1044266,31.020833333333332
16.0,450,1044716,28.125
43.0,1513,1046229,35.18604651162791
13.0,570,1046799,43.84615384615385
23.0,728,1047527,31.652173913043477
27.0,758,1048285,28.074074074074073
5.0,118,1048403,23.6
30.0,1097,1049500,36.56666666666667
12.0,567,1050067,47.25
20.0,636,1050703,31.8
13.0,499,1051202,38.38461538461539
29.0,941,1052143,32.44827586206897
40.0,1043,1053186,26.075
18.0,504,1053690,28.0
35.0,973,1054663,27.8
25.0,689,1055352,27.56
31.0,939,1056291,30.29032258064516
31.0,925,1057216,29.838709677419356
8.0,329,1057545,41.125
26.0,778,1058323,29.923076923076923
6.0,140,1058463,23.333333333333332
25.0,810,1059273,32.4
26.0,735,1060008,28.26923076923077
53.0,1290,1061298,24.339622641509433
10.0,345,1061643,34.5
40.0,1041,1062684,26.025
27.0,704,1063388,26.074074074074073
10.0,276,1063664,27.6
25.0,715,1064379,28.6
15.0,441,1064820,29.4
31.0,826,1065646,26.64516129032258
33.0,929,1066575,28.151515151515152
18.0,398,1066973,22.11111111111111
40.0,1125,1068098,28.125
6.0,237,1068335,39.5
29.0,942,1069277,32.48275862068966
10.0,275,1069552,27.5
4.0,111,1069663,27.75
23.0,516,1070179,22.434782608695652
12.0,291,1070470,24.25
7.0,204,1070674,29.142857142857142
13.0,280,1070954,21.53846153846154
11.0,359,1071313,32.63636363636363
36.0,1011,1072324,28.083333333333332
14.0,504,1072828,36.0
12.0,424,1073252,35.333333333333336
14.0,478,1073730,34.142857142857146
56.0,1904,1075634,34.0
8.0,292,1075926,36.5
9.0,273,1076199,30.333333333333332
9.0,247,1076446,27.444444444444443
28.0,869,1077315,31.035714285714285
24.0,899,1078214,37.458333333333336
27.0,822,1079036,30.444444444444443
3.0,539,1079575,179.66666666666666
13.0,876,1080451,67.38461538461539
4.0,112,1080563,28.0
4.0,175,1080738,43.75
0.0,441,1081179,inf
2.0,519,1081698,259.5
1.0,49,1081747,49.0
3.0,494,1082241,164.66666666666666
3.0,636,1082877,212.0
4.0,263,1083140,65.75
0.0,27,1083167,inf
3.0,128,1083295,42.666666666666664
6.0,272,1083567,45.333333333333336
1.0,31,1083598,31.0
6.0,269,1083867,44.833333333333336
15.0,637,1084504,42.46666666666667
5.0,245,1084749,49.0
11.0,353,1085102,32.09090909090909
14.0,502,1085604,35.857142857142854
31.0,972,1086576,31.35483870967742
11.0,347,1086923,31.545454545454547
22.0,753,1087676,34.22727272727273
15.0,537,1088213,35.8
6.0,184,1088397,30.666666666666668
13.0,376,1088773,28.923076923076923
13.0,572,1089345,44.0
26.0,774,1090119,29.76923076923077
7.0,336,1090455,48.0
17.0,576,1091031,33.88235294117647
6.0,220,1091251,36.666666666666664
5.0,173,1091424,34.6
10.0,416,1091840,41.6
2.0,67,1091907,33.5
9.0,316,1092223,35.111111111111114
18.0,683,1092906,37.94444444444444
10.0,409,1093315,40.9
7.0,227,1093542,32.42857142857143
22.0,695,1094237,31.59090909090909
25.0,1059,1095296,42.36
5.0,217,1095513,43.4
16.0,546,1096059,34.125
15.0,465,1096524,31.0
6.0,317,1096841,52.833333333333336
0.0,441,1097282,inf
2.0,459,1097741,229.5
2.0,506,1098247,253.0
29.0,861,1099108,29.689655172413794
52.0,1696,1100804,32.61538461538461
22.0,684,1101488,31.09090909090909
20.0,852,1102340,42.6
21.0,598,1102938,28.476190476190474
38.0,1241,1104179,32.6578947368421
10.0,444,1104623,44.4
18.0,665,1105288,36.94444444444444
5.0,180,1105468,36.0
17.0,490,1105958,28.823529411764707
21.0,849,1106807,40.42857142857143
38.0,1231,1108038,32.39473684210526
22.0,726,1108764,33.0
23.0,1255,1110019,54.56521739130435
5.0,672,1110691,134.4
26.0,747,1111438,28.73076923076923
24.0,751,1112189,31.291666666666668
13.0,475,1112664,36.53846153846154
7.0,269,1112933,38.42857142857143
15.0,631,1113564,42.06666666666667
10.0,342,1113906,34.2
24.0,798,1114704,33.25
37.0,1399,1116103,37.810810810810814
31.0,1031,1117134,33.25806451612903
42.0,1582,1118716,37.666666666666664
15.0,483,1119199,32.2
29.0,913,1120112,31.482758620689655
43.0,1350,1121462,31.3953488372093
29.0,965,1122427,33.275862068965516
23.0,701,1123128,30.47826086956522
46.0,1562,1124690,33.95652173913044
26.0,841,1125531,32.34615384615385
39.0,1395,1126926,35.76923076923077
29.0,1003,1127929,34.58620689655172
33.0,1102,1129031,33.39393939393939
30.0,1099,1130130,36.63333333333333
11.0,389,1130519,35.36363636363637
30.0,875,1131394,29.166666666666668
38.0,1275,1132669,33.55263157894737
25.0,842,1133511,33.68
18.0,696,1134207,38.666666666666664
11.0,461,1134668,41.90909090909091
22.0,700,1135368,31.818181818181817
7.0,277,1135645,39.57142857142857
45.0,1489,1137134,33.08888888888889
36.0,1418,1138552,39.388888888888886
18.0,554,1139106,30.77777777777778
39.0,1177,1140283,30.17948717948718
22.0,848,1141131,38.54545454545455
43.0,1273,1142404,29.6046511627907
28.0,1117,1143521,39.892857142857146
38.0,1094,1144615,28.789473684210527
29.0,859,1145474,29.620689655172413
26.0,826,1146300,31.76923076923077
2.0,121,1146421,60.5
33.0,1018,1147439,30.848484848484848
7.0,268,1147707,38.285714285714285
17.0,500,1148207,29.41176470588235
38.0,1367,1149574,35.973684210526315
15.0,462,1150036,30.8
20.0,440,1150476,22.0
19.0,610,1151086,32.10526315789474
28.0,958,1152044,34.214285714285715
31.0,995,1153039,32.096774193548384
29.0,827,1153866,28.517241379310345
6.0,140,1154006,23.333333333333332
27.0,810,1154816,30.0
26.0,730,1155546,28.076923076923077
48.0,1675,1157221,34.895833333333336
22.0,801,1158022,36.40909090909091
27.0,1095,1159117,40.55555555555556
36.0,1222,1160339,33.94444444444444
15.0,577,1160916,38.46666666666667
37.0,1378,1162294,37.24324324324324
22.0,639,1162933,29.045454545454547
27.0,1059,1163992,39.22222222222222
29.0,1020,1165012,35.172413793103445
27.0,803,1165815,29.74074074074074
38.0,1201,1167016,31.605263157894736
32.0,1005,1168021,31.40625
32.0,993,1169014,31.03125
40.0,1347,1170361,33.675
38.0,1352,1171713,35.578947368421055
33.0,1051,1172764,31.848484848484848
21.0,612,1173376,29.142857142857142
32.0,1204,1174580,37.625
29.0,1174,1175754,40.48275862068966
34.0,991,1176745,29.147058823529413
37.0,1186,1177931,32.054054054054056
38.0,1390,1179321,36.578947368421055
33.0,1175,1180496,35.60606060606061
16.0,464,1180960,29.0
2.0,83,1181043,41.5
11.0,252,1181295,22.90909090909091
8.0,175,1181470,21.875
35.0,1109,1182579,31.685714285714287
8.0,267,1182846,33.375
47.0,1593,1184439,33.8936170212766
18.0,732,1185171,40.666666666666664
35.0,1189,1186360,33.97142857142857
35.0,1238,1187598,35.371428571428574
38.0,1114,1188712,29.31578947368421
18.0,674,1189386,37.44444444444444
27.0,861,1190247,31.88888888888889
32.0,1046,1191293,32.6875
11.0,365,1191658,33.18181818181818
7.0,220,1191878,31.428571428571427
11.0,429,1192307,39.0
17.0,666,1192973,39.1764705882353
15.0,542,1193515,36.13333333333333
36.0,1337,1194852,37.138888888888886
12.0,419,1195271,34.916666666666664
27.0,1224,1196495,45.333333333333336
7.0,211,1196706,30.142857142857142
33.0,1135,1197841,34.39393939393939
22.0,609,1198450,27.681818181818183
33.0,1019,1199469,30.87878787878788
22.0,742,1200211,33.72727272727273
11.0,500,1200711,45.45454545454545
16.0,596,1201307,37.25
4.0,514,1201821,128.5
11.0,809,1202630,73.54545454545455
17.0,761,1203391,44.76470588235294
15.0,664,1204055,44.266666666666666
25.0,1482,1205537,59.28
14.0,949,1206486,67.78571428571429
11.0,432,1206918,39.27272727272727
24.0,826,1207744,34.416666666666664
15.0,614,1208358,40.93333333333333
10.0,293,1208651,29.3
39.0,1434,1210085,36.76923076923077
38.0,1347,1211432,35.44736842105263
32.0,1209,1212641,37.78125
38.0,1246,1213887,32.78947368421053
7.0,161,1214048,23.0
9.0,789,1214837,87.66666666666667
27.0,915,1215752,33.888888888888886
17.0,560,1216312,32.94117647058823
17.0,685,1216997,40.294117647058826
11.0,370,1217367,33.63636363636363
12.0,423,1217790,35.25
5.0,189,1217979,37.8
40.0,1493,1219472,37.325
21.0,513,1219985,24.428571428571427
35.0,1067,1221052,30.485714285714284
37.0,1355,1222407,36.62162162162162
9.0,291,1222698,32.333333333333336
12.0,474,1223172,39.5
7.0,650,1223822,92.85714285714286
7.0,312,1224134,44.57142857142857
25.0,865,1224999,34.6
22.0,688,1225687,31.272727272727273
36.0,1349,1227036,37.47222222222222
44.0,1769,1228805,40.20454545454545
39.0,1332,1230137,34.15384615384615
28.0,1015,1231152,36.25
13.0,565,1231717,43.46153846153846
19.0,609,1232326,32.05263157894737
18.0,561,1232887,31.166666666666668
33.0,1385,1234272,41.96969696969697
34.0,1330,1235602,39.11764705882353
50.0,1729,1237331,34.58
28.0,907,1238238,32.392857142857146
3.0,139,1238377,46.333333333333336
11.0,378,1238755,34.36363636363637
13.0,376,1239131,28.923076923076923
45.0,1806,1240937,40.13333333333333
37.0,1707,1242644,46.13513513513514
8.0,376,1243020,47.0
31.0,1281,1244301,41.32258064516129
18.0,547,1244848,30.38888888888889
13.0,512,1245360,39.38461538461539
0.0,31,1245391,inf
5.0,183,1245574,36.6
5.0,176,1245750,35.2
26.0,885,1246635,34.03846153846154
35.0,1019,1247654,29.114285714285714
53.0,1684,1249338,31.77358490566038
25.0,806,1250144,32.24
20.0,636,1250780,31.8
38.0,1157,1251937,30.44736842105263
53.0,1488,1253425,28.07547169811321
26.0,998,1254423,38.38461538461539
20.0,651,1255074,32.55
19.0,604,1255678,31.789473684210527
53.0,1743,1257421,32.886792452830186
35.0,993,1258414,28.37142857142857
42.0,1321,1259735,31.452380952380953
21.0,652,1260387,31.047619047619047
29.0,718,1261105,24.75862068965517
26.0,688,1261793,26.46153846153846
19.0,437,1262230,23.0
30.0,825,1263055,27.5
27.0,687,1263742,25.444444444444443
36.0,1015,1264757,28.194444444444443
29.0,720,1265477,24.82758620689655
7.0,222,1265699,31.714285714285715
39.0,1181,1266880,30.28205128205128
12.0,445,1267325,37.083333333333336
23.0,822,1268147,35.73913043478261
1.0,20,1268167,20.0
8.0,326,1268493,40.75
21.0,551,1269044,26.238095238095237
41.0,1359,1270403,33.146341463414636
42.0,1096,1271499,26.095238095238095
41.0,1093,1272592,26.658536585365855
30.0,793,1273385,26.433333333333334
16.0,460,1273845,28.75
34.0,916,1274761,26.941176470588236
29.0,847,1275608,29.20689655172414
17.0,475,1276083,27.941176470588236
11.0,356,1276439,32.36363636363637
18.0,452,1276891,25.11111111111111
35.0,1298,1278189,37.08571428571429
15.0,364,1278553,24.266666666666666
17.0,372,1278925,21.88235294117647
21.0,600,1279525,28.571428571428573
13.0,405,1279930,31.153846153846153
36.0,961,1280891,26.694444444444443
19.0,567,1281458,29.842105263157894
10.0,239,1281697,23.9
7.0,175,1281872,25.0
12.0,214,1282086,17.833333333333332
19.0,458,1282544,24.105263157894736
15.0,490,1283034,32.666666666666664
12.0,516,1283550,43.0
12.0,521,1284071,43.416666666666664
28.0,940,1285011,33.57142857142857
21.0,698,1285709,33.23809523809524
11.0,506,1286215,46.0
15.0,567,1286782,37.8
17.0,596,1287378,35.05882352941177
25.0,1113,1288491,44.52
13.0,478,1288969,36.76923076923077
29.0,857,1289826,29.551724137931036
17.0,465,1290291,27.352941176470587
20.0,498,1290789,24.9
31.0,753,1291542,24.29032258064516
4.0,113,1291655,28.25
15.0,382,1292037,25.466666666666665
18.0,530,1292567,29.444444444444443
18.0,477,1293044,26.5
8.0,188,1293232,23.5
36.0,1014,1294246,28.166666666666668
36.0,1116,1295362,31.0
25.0,776,1296138,31.04
24.0,733,1296871,30.541666666666668
24.0,785,1297656,32.708333333333336
9.0,237,1297893,26.333333333333332
6.0,195,1298088,32.5
2.0,171,1298259,85.5
41.0,1353,1299612,33.0
38.0,1093,1300705,28.763157894736842
26.0,739,1301444,28.423076923076923
32.0,765,1302209,23.90625
27.0,668,1302877,24.74074074074074
28.0,743,1303620,26.535714285714285
25.0,631,1304251,25.24
28.0,731,1304982,26.107142857142858
32.0,859,1305841,26.84375
46.0,1133,1306974,24.630434782608695
9.0,279,1307253,31.0
29.0,861,1308114,29.689655172413794
5.0,120,1308234,24.0
41.0,974,1309208,23.75609756097561
46.0,1618,1310826,35.17391304347826
3.0,506,1311332,168.66666666666666
7.0,231,1311563,33.0
18.0,526,1312089,29.22222222222222
29.0,860,1312949,29.655172413793103
46.0,1266,1314215,27.52173913043478
26.0,679,1314894,26.115384615384617
13.0,328,1315222,25.23076923076923
23.0,597,1315819,25.956521739130434
18.0,514,1316333,28.555555555555557
30.0,907,1317240,30.233333333333334
9.0,204,1317444,22.666666666666668
20.0,507,1317951,25.35
17.0,447,1318398,26.294117647058822
16.0,429,1318827,26.8125
29.0,848,1319675,29.24137931034483
16.0,513,1320188,32.0625
39.0,1259,1321447,32.282051282051285
39.0,987,1322434,25.307692307692307
22.0,672,1323106,30.545454545454547
25.0,714,1323820,28.56
33.0,872,1324692,26.424242424242426
12.0,308,1325000,25.666666666666668
20.0,545,1325545,27.25
20.0,661,1326206,33.05
27.0,905,1327111,33.51851851851852
8.0,203,1327314,25.375
29.0,834,1328148,28.75862068965517
30.0,847,1328995,28.233333333333334
23.0,669,1329664,29.08695652173913
23.0,520,1330184,22.608695652173914
29.0,925,1331109,31.896551724137932
25.0,692,1331801,27.68
33.0,1002,1332803,30.363636363636363
37.0,1003,1333806,27.10810810810811
18.0,566,1334372,31.444444444444443
39.0,1076,1335448,27.58974358974359
25.0,722,1336170,28.88
29.0,914,1337084,31.517241379310345
42.0,1274,1338358,30.333333333333332
34.0,892,1339250,26.235294117647058
36.0,1035,1340285,28.75
36.0,965,1341250,26.805555555555557
19.0,548,1341798,28.842105263157894
14.0,489,1342287,34.92857142857143
55.0,1664,1343951,30.254545454545454
25.0,749,1344700,29.96
25.0,752,1345452,30.08
35.0,920,1346372,26.285714285714285
31.0,815,1347187,26.29032258064516
26.0,633,1347820,24.346153846153847
34.0,807,1348627,23.735294117647058
3.0,110,1348737,36.666666666666664
31.0,890,1349627,28.70967741935484
25.0,791,1350418,31.64
27.0,698,1351116,25.85185185185185
24.0,655,1351771,27.291666666666668
26.0,711,1352482,27.346153846153847
30.0,823,1353305,27.433333333333334
51.0,1286,1354591,25.215686274509803
26.0,809,1355400,31.115384615384617
15.0,388,1355788,25.866666666666667
33.0,988,1356776,29.939393939393938
19.0,406,1357182,21.36842105263158
27.0,672,1357854,24.88888888888889
34.0,914,1358768,26.88235294117647
36.0,1062,1359830,29.5
28.0,841,1360671,30.035714285714285
32.0,974,1361645,30.4375
37.0,922,1362567,24.91891891891892
28.0,667,1363234,23.821428571428573
24.0,696,1363930,29.0
28.0,747,1364677,26.678571428571427
32.0,855,1365532,26.71875
39.0,895,1366427,22.94871794871795
35.0,888,1367315,25.37142857142857
19.0,521,1367836,27.42105263157895
22.0,761,1368597,34.59090909090909
32.0,835,1369432,26.09375
41.0,1025,1370457,25.0
21.0,571,1371028,27.19047619047619
40.0,946,1371974,23.65
26.0,885,1372859,34.03846153846154
18.0,516,1373375,28.666666666666668
39.0,1145,1374520,29.358974358974358
40.0,1174,1375694,29.35
36.0,1015,1376709,28.194444444444443
45.0,1034,1377743,22.977777777777778
32.0,770,1378513,24.0625
33.0,941,1379454,28.515151515151516
30.0,891,1380345,29.7
11.0,346,1380691,31.454545454545453
2.0,111,1380802,55.5
44.0,1205,1382007,27.386363636363637
31.0,994,1383001,32.064516129032256
41.0,1212,1384213,29.5609756097561
18.0,519,1384732,28.833333333333332
26.0,779,1385511,29.96153846153846
34.0,840,1386351,24.705882352941178
3.0,530,1386881,176.66666666666666
1.0,40,1386921,40.0
32.0,845,1387766,26.40625
14.0,363,1388129,25.928571428571427
32.0,877,1389006,27.40625
20.0,662,1389668,33.1
3.0,529,1390197,176.33333333333334
46.0,1367,1391564,29.717391304347824
11.0,346,1391910,31.454545454545453
38.0,1217,1393127,32.026315789473685
18.0,710,1393837,39.44444444444444
38.0,1185,1395022,31.18421052631579
25.0,790,1395812,31.6
36.0,1201,1397013,33.361111111111114
25.0,752,1397765,30.08
19.0,535,1398300,28.157894736842106
28.0,1047,1399347,37.392857142857146
28.0,799,1400146,28.535714285714285
51.0,1610,1401756,31.568627450980394
19.0,491,1402247,25.842105263157894
27.0,805,1403052,29.814814814814813
17.0,491,1403543,28.88235294117647
35.0,1095,1404638,31.285714285714285
11.0,382,1405020,34.72727272727273
25.0,757,1405777,30.28
28.0,790,1406567,28.214285714285715
23.0,667,1407234,29.0
33.0,1064,1408298,32.24242424242424
42.0,1330,1409628,31.666666666666668
37.0,1116,1410744,30.16216216216216
55.0,1876,1412620,34.10909090909091
29.0,856,1413476,29.517241379310345
15.0,477,1413953,31.8
24.0,715,1414668,29.791666666666668
49.0,1346,1416014,27.46938775510204
25.0,721,1416735,28.84
11.0,289,1417024,26.272727272727273
41.0,1387,1418411,33.829268292682926
20.0,706,1419117,35.3
36.0,1255,1420372,34.861111111111114
8.0,225,1420597,28.125
10.0,311,1420908,31.1
42.0,1280,1422188,30.476190476190474
42.0,1469,1423657,34.976190476190474
32.0,936,1424593,29.25
31.0,1105,1425698,35.645161290322584
44.0,1523,1427221,34.61363636363637
38.0,1123,1428344,29.55263157894737
4.0,81,1428425,20.25
19.0,542,1428967,28.526315789473685
6.0,138,1429105,23.0
20.0,623,1429728,31.15
16.0,466,1430194,29.125
28.0,801,1430995,28.607142857142858
8.0,285,1431280,35.625
49.0,1766,1433046,36.04081632653061
26.0,868,1433914,33.38461538461539
40.0,1086,1435000,27.15
47.0,1394,1436394,29.659574468085108
6.0,109,1436503,18.166666666666668
31.0,1063,1437566,34.29032258064516
33.0,936,1438502,28.363636363636363
25.0,880,1439382,35.2
45.0,1295,1440677,28.77777777777778
42.0,1149,1441826,27.357142857142858
27.0,728,1442554,26.962962962962962
29.0,988,1443542,34.06896551724138
25.0,584,1444126,23.36
7.0,191,1444317,27.285714285714285
29.0,863,1445180,29.75862068965517
36.0,1010,1446190,28.055555555555557
23.0,563,1446753,24.47826086956522
2.0,106,1446859,53.0
47.0,1219,1448078,25.93617021276596
46.0,1091,1449169,23.717391304347824
10.0,212,1449381,21.2
44.0,1357,1450738,30.84090909090909
10.0,245,1450983,24.5
38.0,944,1451927,24.842105263157894
33.0,899,1452826,27.242424242424242
28.0,880,1453706,31.428571428571427
19.0,453,1454159,23.842105263157894
19.0,620,1454779,32.63157894736842
37.0,1138,1455917,30.756756756756758
37.0,1016,1456933,27.45945945945946
35.0,961,1457894,27.457142857142856
26.0,672,1458566,25.846153846153847
25.0,663,1459229,26.52
34.0,937,1460166,27.558823529411764
41.0,1331,1461497,32.46341463414634
34.0,1016,1462513,29.88235294117647
30.0,699,1463212,23.3
39.0,1102,1464314,28.256410256410255
37.0,1052,1465366,28.43243243243243
33.0,986,1466352,29.87878787878788
19.0,550,1466902,28.94736842105263
32.0,1020,1467922,31.875
46.0,1342,1469264,29.17391304347826
11.0,256,1469520,23.272727272727273
31.0,933,1470453,30.096774193548388
5.0,101,1470554,20.2
35.0,888,1471442,25.37142857142857
43.0,1629,1473071,37.883720930232556
38.0,995,1474066,26.18421052631579
33.0,723,1474789,21.90909090909091
46.0,1462,1476251,31.782608695652176
15.0,349,1476600,23.266666666666666
11.0,307,1476907,27.90909090909091
0.0,9,1476916,inf
31.0,752,1477668,24.258064516129032
37.0,1126,1478794,30.43243243243243
5.0,96,1478890,19.2
27.0,727,1479617,26.925925925925927
11.0,290,1479907,26.363636363636363
34.0,1013,1480920,29.794117647058822
28.0,678,1481598,24.214285714285715
22.0,724,1482322,32.90909090909091
37.0,1242,1483564,33.567567567567565
20.0,681,1484245,34.05
31.0,902,1485147,29.096774193548388
22.0,639,1485786,29.045454545454547
42.0,1365,1487151,32.5
30.0,1136,1488287,37.86666666666667
21.0,519,1488806,24.714285714285715
12.0,362,1489168,30.166666666666668
5.0,137,1489305,27.4
37.0,1113,1490418,30.08108108108108
24.0,633,1491051,26.375
56.0,1577,1492628,28.160714285714285
1.0,25,1492653,25.0
31.0,945,1493598,30.483870967741936
35.0,811,1494409,23.17142857142857
16.0,447,1494856,27.9375
28.0,664,1495520,23.714285714285715
39.0,1096,1496616,28.102564102564102
30.0,1077,1497693,35.9
27.0,777,1498470,28.77777777777778
21.0,462,1498932,22.0
26.0,738,1499670,28.384615384615383
26.0,765,1500435,29.423076923076923
24.0,655,1501090,27.291666666666668
17.0,499,1501589,29.352941176470587
25.0,799,1502388,31.96
11.0,307,1502695,27.90909090909091
29.0,894,1503589,30.82758620689655
24.0,599,1504188,24.958333333333332
24.0,685,1504873,28.541666666666668
48.0,1413,1506286,29.4375
30.0,745,1507031,24.833333333333332
28.0,734,1507765,26.214285714285715
28.0,900,1508665,32.142857142857146
49.0,1332,1509997,27.183673469387756
35.0,950,1510947,27.142857142857142
22.0,599,1511546,27.227272727272727
37.0,987,1512533,26.675675675675677
27.0,732,1513265,27.11111111111111
24.0,519,1513784,21.625
34.0,965,1514749,28.38235294117647
29.0,831,1515580,28.655172413793103
22.0,515,1516095,23.40909090909091
44.0,1348,1517443,30.636363636363637
28.0,743,1518186,26.535714285714285
35.0,1060,1519246,30.285714285714285
30.0,846,1520092,28.2
49.0,1526,1521618,31.142857142857142
34.0,919,1522537,27.029411764705884
37.0,1073,1523610,29.0
8.0,307,1523917,38.375
24.0,599,1524516,24.958333333333332
49.0,1369,1525885,27.93877551020408
29.0,1110,1526995,38.275862068965516
37.0,843,1527838,22.783783783783782
28.0,920,1528758,32.857142857142854
34.0,808,1529566,23.764705882352942
34.0,870,1530436,25.58823529411765
37.0,931,1531367,25.16216216216216
28.0,814,1532181,29.071428571428573
32.0,856,1533037,26.75
42.0,1179,1534216,28.071428571428573
16.0,376,1534592,23.5
37.0,1153,1535745,31.16216216216216
30.0,755,1536500,25.166666666666668
32.0,740,1537240,23.125
4.0,157,1537397,39.25
38.0,886,1538283,23.31578947368421
11.0,254,1538537,23.09090909090909
37.0,882,1539419,23.83783783783784
24.0,795,1540214,33.125
2.0,77,1540291,38.5
52.0,1477,1541768,28.403846153846153
24.0,601,1542369,25.041666666666668
39.0,1213,1543582,31.102564102564102
39.0,1106,1544688,28.358974358974358
27.0,723,1545411,26.77777777777778
36.0,903,1546314,25.083333333333332
42.0,1156,1547470,27.523809523809526
26.0,584,1548054,22.46153846153846
30.0,782,1548836,26.066666666666666
26.0,786,1549622,30.23076923076923
29.0,803,1550425,27.689655172413794
47.0,1330,1551755,28.29787234042553
34.0,847,1552602,24.91176470588235
28.0,797,1553399,28.464285714285715
8.0,118,1553517,14.75
11.0,377,1553894,34.27272727272727
26.0,684,1554578,26.307692307692307
40.0,1204,1555782,30.1
36.0,1023,1556805,28.416666666666668
31.0,864,1557669,27.870967741935484
30.0,894,1558563,29.8
49.0,1209,1559772,24.6734693877551
30.0,906,1560678,30.2
28.0,860,1561538,30.714285714285715
12.0,376,1561914,31.333333333333332
51.0,1641,1563555,32.1764705882353
24.0,547,1564102,22.791666666666668
22.0,703,1564805,31.954545454545453
31.0,953,1565758,30.741935483870968
17.0,546,1566304,32.11764705882353
18.0,577,1566881,32.05555555555556
9.0,263,1567144,29.22222222222222
38.0,1072,1568216,28.210526315789473
25.0,677,1568893,27.08
28.0,1237,1570130,44.17857142857143
41.0,975,1571105,23.78048780487805
22.0,691,1571796,31.40909090909091
26.0,794,1572590,30.53846153846154
43.0,1048,1573638,24.372093023255815
41.0,1223,1574861,29.829268292682926
43.0,1270,1576131,29.53488372093023
29.0,766,1576897,26.413793103448278
35.0,1030,1577927,29.428571428571427
7.0,222,1578149,31.714285714285715
27.0,746,1578895,27.62962962962963
27.0,643,1579538,23.814814814814813
10.0,248,1579786,24.8
12.0,239,1580025,19.916666666666668
39.0,1215,1581240,31.153846153846153
36.0,961,1582201,26.694444444444443
25.0,762,1582963,30.48
32.0,781,1583744,24.40625
2.0,78,1583822,39.0
49.0,1495,1585317,30.510204081632654
22.0,652,1585969,29.636363636363637
12.0,407,1586376,33.916666666666664
31.0,765,1587141,24.677419354838708
35.0,861,1588002,24.6
44.0,1361,1589363,30.931818181818183
30.0,867,1590230,28.9
26.0,501,1590731,19.26923076923077
3.0,96,1590827,32.0
11.0,286,1591113,26.0
43.0,1173,1592286,27.27906976744186
14.0,397,1592683,28.357142857142858
25.0,699,1593382,27.96
35.0,847,1594229,24.2
30.0,811,1595040,27.033333333333335
47.0,1441,1596481,30.659574468085108
16.0,429,1596910,26.8125
34.0,1051,1597961,30.91176470588235
36.0,849,1598810,23.583333333333332
31.0,917,1599727,29.580645161290324
29.0,828,1600555,28.551724137931036
13.0,452,1601007,34.76923076923077
41.0,1199,1602206,29.24390243902439
33.0,685,1602891,20.757575757575758
31.0,890,1603781,28.70967741935484
21.0,664,1604445,31.61904761904762
20.0,653,1605098,32.65
20.0,551,1605649,27.55
30.0,1039,1606688,34.63333333333333
32.0,1022,1607710,31.9375
20.0,563,1608273,28.15
25.0,697,1608970,27.88
7.0,233,1609203,33.285714285714285
26.0,707,1609910,27.192307692307693
29.0,783,1610693,27.0
1.0,24,1610717,24.0
9.0,198,1610915,22.0
30.0,761,1611676,25.366666666666667
1.0,14,1611690,14.0
11.0,369,1612059,33.54545454545455
25.0,580,1612639,23.2
46.0,1243,1613882,27.02173913043478
35.0,963,1614845,27.514285714285716
39.0,1329,1616174,34.07692307692308
33.0,818,1616992,24.78787878787879
35.0,967,1617959,27.62857142857143
51.0,1398,1619357,27.41176470588235
34.0,834,1620191,24.529411764705884
28.0,755,1620946,26.964285714285715
35.0,1097,1622043,31.34285714285714
30.0,824,1622867,27.466666666666665
35.0,807,1623674,23.057142857142857
18.0,538,1624212,29.88888888888889
31.0,873,1625085,28.161290322580644
38.0,1129,1626214,29.710526315789473
47.0,1527,1627741,32.48936170212766
17.0,532,1628273,31.294117647058822
26.0,651,1628924,25.03846153846154
36.0,987,1629911,27.416666666666668
38.0,1121,1631032,29.5
24.0,700,1631732,29.166666666666668
25.0,860,1632592,34.4
43.0,1288,1633880,29.953488372093023
21.0,642,1634522,30.571428571428573
34.0,952,1635474,28.0
10.0,346,1635820,34.6
38.0,1041,1636861,27.394736842105264
24.0,698,1637559,29.083333333333332
23.0,781,1638340,33.95652173913044
29.0,968,1639308,33.37931034482759
28.0,763,1640071,27.25
5.0,178,1640249,35.6
6.0,192,1640441,32.0
9.0,277,1640718,30.77777777777778
21.0,500,1641218,23.80952380952381
30.0,897,1642115,29.9
37.0,983,1643098,26.56756756756757
38.0,1007,1644105,26.5
2.0,118,1644223,59.0
63.0,1893,1646116,30.047619047619047
27.0,688,1646804,25.48148148148148
17.0,396,1647200,23.294117647058822
34.0,829,1648029,24.38235294117647
21.0,561,1648590,26.714285714285715
26.0,588,1649178,22.615384615384617
40.0,940,1650118,23.5
36.0,943,1651061,26.194444444444443
20.0,565,1651626,28.25
40.0,1274,1652900,31.85
9.0,271,1653171,30.11111111111111
49.0,1300,1654471,26.53061224489796
34.0,1009,1655480,29.676470588235293
38.0,1207,1656687,31.763157894736842
26.0,627,1657314,24.115384615384617
1.0,27,1657341,27.0
51.0,1446,1658787,28.352941176470587
35.0,968,1659755,27.65714285714286
39.0,1041,1660796,26.692307692307693
15.0,496,1661292,33.06666666666667
5.0,141,1661433,28.2
43.0,1290,1662723,30.0
13.0,275,1662998,21.153846153846153
43.0,1255,1664253,29.186046511627907
46.0,1212,1665465,26.347826086956523
42.0,1237,1666702,29.452380952380953
16.0,376,1667078,23.5
12.0,251,1667329,20.916666666666668
15.0,424,1667753,28.266666666666666
24.0,626,1668379,26.083333333333332
20.0,502,1668881,25.1
31.0,1046,1669927,33.74193548387097
7.0,197,1670124,28.142857142857142
12.0,246,1670370,20.5
16.0,444,1670814,27.75
44.0,1319,1672133,29.977272727272727
14.0,523,1672656,37.357142857142854
20.0,586,1673242,29.3
7.0,182,1673424,26.0
41.0,835,1674259,20.365853658536587
28.0,794,1675053,28.357142857142858
41.0,1093,1676146,26.658536585365855
28.0,631,1676777,22.535714285714285
56.0,1624,1678401,29.0
5.0,106,1678507,21.2
9.0,216,1678723,24.0
34.0,1013,1679736,29.794117647058822
31.0,1101,1680837,35.516129032258064
29.0,734,1681571,25.310344827586206
31.0,786,1682357,25.35483870967742
36.0,979,1683336,27.194444444444443
7.0,208,1683544,29.714285714285715
33.0,958,1684502,29.03030303030303
45.0,1523,1686025,33.84444444444444
16.0,447,1686472,27.9375
36.0,809,1687281,22.47222222222222
58.0,1712,1688993,29.517241379310345
9.0,158,1689151,17.555555555555557
47.0,1566,1690717,33.319148936170215
33.0,1061,1691778,32.15151515151515
32.0,873,1692651,27.28125
39.0,1060,1693711,27.17948717948718
48.0,1094,1694805,22.791666666666668
29.0,798,1695603,27.517241379310345
36.0,1016,1696619,28.22222222222222
38.0,1039,1697658,27.342105263157894
31.0,1043,1698701,33.645161290322584
26.0,1025,1699726,39.42307692307692
25.0,719,1700445,28.76
37.0,986,1701431,26.64864864864865
21.0,556,1701987,26.476190476190474
38.0,972,1702959,25.57894736842105
16.0,412,1703371,25.75
7.0,186,1703557,26.571428571428573
15.0,387,1703944,25.8
27.0,780,1704724,28.88888888888889
17.0,533,1705257,31.352941176470587
25.0,497,1705754,19.88
29.0,869,1706623,29.96551724137931
15.0,330,1706953,22.0
21.0,586,1707539,27.904761904761905
37.0,1138,1708677,30.756756756756758
26.0,814,1709491,31.307692307692307
15.0,321,1709812,21.4
40.0,1099,1710911,27.475
44.0,1072,1711983,24.363636363636363
30.0,962,1712945,32.06666666666667
33.0,986,1713931,29.87878787878788
13.0,317,1714248,24.384615384615383
5.0,136,1714384,27.2
25.0,700,1715084,28.0
35.0,992,1716076,28.34285714285714
7.0,123,1716199,17.571428571428573
3.0,83,1716282,27.666666666666668
61.0,1827,1718109,29.950819672131146
34.0,864,1718973,25.41176470588235
22.0,687,1719660,31.227272727272727
13.0,296,1719956,22.76923076923077
6.0,219,1720175,36.5
38.0,1039,1721214,27.342105263157894
18.0,539,1721753,29.944444444444443
35.0,834,1722587,23.82857142857143
27.0,830,1723417,30.74074074074074
19.0,588,1724005,30.94736842105263
39.0,945,1724950,24.23076923076923
27.0,710,1725660,26.296296296296298
38.0,1230,1726890,32.36842105263158
28.0,834,1727724,29.785714285714285
28.0,797,1728521,28.464285714285715
21.0,655,1729176,31.19047619047619
31.0,1221,1730397,39.38709677419355
31.0,855,1731252,27.580645161290324
19.0,492,1731744,25.894736842105264
26.0,566,1732310,21.76923076923077
37.0,1048,1733358,28.324324324324323
7.0,161,1733519,23.0
27.0,694,1734213,25.703703703703702
26.0,709,1734922,27.26923076923077
47.0,1359,1736281,28.914893617021278
14.0,378,1736659,27.0
13.0,208,1736867,16.0
28.0,751,1737618,26.821428571428573
22.0,738,1738356,33.54545454545455
35.0,1027,1739383,29.34285714285714
34.0,990,1740373,29.11764705882353
15.0,477,1740850,31.8
20.0,575,1741425,28.75
20.0,480,1741905,24.0
14.0,396,1742301,28.285714285714285
29.0,810,1743111,27.93103448275862
42.0,1300,1744411,30.952380952380953
25.0,498,1744909,19.92
27.0,953,1745862,35.2962962962963
45.0,1502,1747364,33.37777777777778
28.0,699,1748063,24.964285714285715
31.0,769,1748832,24.806451612903224
16.0,554,1749386,34.625
31.0,789,1750175,25.451612903225808
30.0,819,1750994,27.3
13.0,251,1751245,19.307692307692307
39.0,1078,1752323,27.641025641025642
20.0,780,1753103,39.0
37.0,1155,1754258,31.216216216216218
29.0,981,1755239,33.827586206896555
31.0,872,1756111,28.129032258064516
22.0,516,1756627,23.454545454545453
49.0,1441,1758068,29.408163265306122
39.0,944,1759012,24.205128205128204
23.0,729,1759741,31.695652173913043
51.0,1318,1761059,25.84313725490196
52.0,1671,1762730,32.13461538461539
42.0,1051,1763781,25.023809523809526
36.0,1168,1764949,32.44444444444444
3.0,126,1765075,42.0
23.0,545,1765620,23.695652173913043
53.0,1409,1767029,26.58490566037736
25.0,663,1767692,26.52
24.0,577,1768269,24.041666666666668
9.0,221,1768490,24.555555555555557
36.0,983,1769473,27.305555555555557
32.0,872,1770345,27.25
21.0,459,1770804,21.857142857142858
6.0,118,1770922,19.666666666666668
53.0,1427,1772349,26.92452830188679
33.0,991,1773340,30.03030303030303
35.0,1097,1774437,31.34285714285714
21.0,641,1775078,30.523809523809526
24.0,636,1775714,26.5
41.0,1000,1776714,24.390243902439025
13.0,288,1777002,22.153846153846153
19.0,488,1777490,25.68421052631579
9.0,238,1777728,26.444444444444443
31.0,908,1778636,29.29032258064516
16.0,467,1779103,29.1875
27.0,716,1779819,26.51851851851852
47.0,1467,1781286,31.21276595744681
24.0,543,1781829,22.625
43.0,1233,1783062,28.674418604651162
7.0,184,1783246,26.285714285714285
51.0,1397,1784643,27.392156862745097
25.0,793,1785436,31.72
23.0,780,1786216,33.91304347826087
30.0,867,1787083,28.9
24.0,601,1787684,25.041666666666668
36.0,1165,1788849,32.361111111111114
34.0,1162,1790011,34.1764705882353
26.0,752,1790763,28.923076923076923
25.0,479,1791242,19.16
33.0,950,1792192,28.78787878787879
45.0,1292,1793484,28.711111111111112
1.0,27,1793511,27.0
39.0,1150,1794661,29.487179487179485
0.0,21,1794682,inf
11.0,298,1794980,27.09090909090909
26.0,715,1795695,27.5
21.0,525,1796220,25.0
34.0,966,1797186,28.41176470588235
52.0,1360,1798546,26.153846153846153
59.0,1768,1800314,29.966101694915253
16.0,361,1800675,22.5625
44.0,1482,1802157,33.68181818181818
24.0,645,1802802,26.875
47.0,1256,1804058,26.72340425531915
32.0,708,1804766,22.125
29.0,790,1805556,27.24137931034483
26.0,583,1806139,22.423076923076923
35.0,1248,1807387,35.65714285714286
30.0,740,1808127,24.666666666666668
16.0,441,1808568,27.5625
25.0,777,1809345,31.08
25.0,559,1809904,22.36
36.0,1095,1810999,30.416666666666668
27.0,680,1811679,25.185185185185187
13.0,266,1811945,20.46153846153846
7.0,167,1812112,23.857142857142858
24.0,585,1812697,24.375
40.0,1186,1813883,29.65
23.0,588,1814471,25.565217391304348
22.0,554,1815025,25.181818181818183
44.0,1252,1816277,28.454545454545453
24.0,870,1817147,36.25
29.0,911,1818058,31.413793103448278
41.0,1201,1819259,29.29268292682927
10.0,217,1819476,21.7
0.0,20,1819496,inf
12.0,383,1819879,31.916666666666668
31.0,861,1820740,27.774193548387096
36.0,1190,1821930,33.05555555555556
37.0,947,1822877,25.594594594594593
31.0,761,1823638,24.548387096774192
26.0,782,1824420,30.076923076923077
36.0,946,1825366,26.27777777777778
36.0,890,1826256,24.72222222222222
17.0,544,1826800,32.0
14.0,343,1827143,24.5
35.0,866,1828009,24.742857142857144
52.0,1259,1829268,24.21153846153846
14.0,259,1829527,18.5
7.0,220,1829747,31.428571428571427
34.0,1009,1830756,29.676470588235293
13.0,384,1831140,29.53846153846154
37.0,1213,1832353,32.78378378378378
33.0,797,1833150,24.151515151515152
25.0,694,1833844,27.76
24.0,720,1834564,30.0
3.0,67,1834631,22.333333333333332
15.0,525,1835156,35.0
40.0,1189,1836345,29.725
22.0,511,1836856,23.227272727272727
40.0,1041,1837897,26.025
29.0,858,1838755,29.586206896551722
49.0,1147,1839902,23.408163265306122
53.0,1683,1841585,31.754716981132077
3.0,85,1841670,28.333333333333332
31.0,1171,1842841,37.774193548387096
58.0,1452,1844293,25.03448275862069
46.0,1266,1845559,27.52173913043478
25.0,739,1846298,29.56
35.0,978,1847276,27.942857142857143
8.0,194,1847470,24.25
32.0,934,1848404,29.1875
35.0,1053,1849457,30.085714285714285
59.0,1791,1851248,30.35593220338983
35.0,1393,1852641,39.8
26.0,806,1853447,31.0
15.0,486,1853933,32.4
12.0,324,1854257,27.0
3.0,76,1854333,25.333333333333332
31.0,1014,1855347,32.70967741935484
19.0,495,1855842,26.05263157894737
23.0,698,1856540,30.347826086956523
9.0,331,1856871,36.77777777777778
38.0,1103,1857974,29.026315789473685
2.0,72,1858046,36.0
46.0,1397,1859443,30.369565217391305
30.0,882,1860325,29.4
24.0,714,1861039,29.75
0.0,441,1861480,inf
28.0,1183,1862663,42.25
36.0,892,1863555,24.77777777777778
40.0,1373,1864928,34.325
24.0,613,1865541,25.541666666666668
3.0,69,1865610,23.0
22.0,709,1866319,32.22727272727273
26.0,775,1867094,29.807692307692307
26.0,730,1867824,28.076923076923077
18.0,406,1868230,22.555555555555557
34.0,1036,1869266,30.470588235294116
34.0,1157,1870423,34.029411764705884
31.0,833,1871256,26.870967741935484
52.0,1539,1872795,29.596153846153847
24.0,713,1873508,29.708333333333332
26.0,804,1874312,30.923076923076923
44.0,1236,1875548,28.09090909090909
37.0,1056,1876604,28.54054054054054
27.0,603,1877207,22.333333333333332
24.0,671,1877878,27.958333333333332
27.0,892,1878770,33.03703703703704
50.0,1558,1880328,31.16
51.0,1556,1881884,30.50980392156863
24.0,821,1882705,34.208333333333336
53.0,1865,1884570,35.18867924528302
23.0,686,1885256,29.82608695652174
27.0,764,1886020,28.296296296296298
4.0,148,1886168,37.0
33.0,1082,1887250,32.78787878787879
25.0,786,1888036,31.44
53.0,1724,1889760,32.528301886792455
27.0,813,1890573,30.11111111111111
34.0,1011,1891584,29.735294117647058
35.0,939,1892523,26.82857142857143
2.0,37,1892560,18.5
43.0,1584,1894144,36.83720930232558
31.0,944,1895088,30.451612903225808
43.0,1286,1896374,29.906976744186046
60.0,2000,1898374,33.333333333333336
22.0,657,1899031,29.863636363636363
40.0,1049,1900080,26.225
37.0,1056,1901136,28.54054054054054
50.0,1489,1902625,29.78
7.0,223,1902848,31.857142857142858
13.0,304,1903152,23.384615384615383
23.0,899,1904051,39.08695652173913
21.0,736,1904787,35.04761904761905
25.0,778,1905565,31.12
15.0,514,1906079,34.266666666666666
35.0,1049,1907128,29.97142857142857
21.0,654,1907782,31.142857142857142
25.0,557,1908339,22.28
33.0,1077,1909416,32.63636363636363
30.0,805,1910221,26.833333333333332
48.0,1484,1911705,30.916666666666668
5.0,144,1911849,28.8
6.0,217,1912066,36.166666666666664
23.0,1532,1913598,66.6086956521739
1.0,480,1914078,480.0
0.0,12,1914090,inf
18.0,586,1914676,32.55555555555556
22.0,800,1915476,36.36363636363637
1.0,55,1915531,55.0
4.0,573,1916104,143.25
0.0,441,1916545,inf
10.0,360,1916905,36.0
14.0,330,1917235,23.571428571428573
0.0,441,1917676,inf
4.0,544,1918220,136.0
7.0,238,1918458,34.0
18.0,595,1919053,33.05555555555556
24.0,591,1919644,24.625
37.0,1283,1920927,34.67567567567568
1.0,477,1921404,477.0
4.0,121,1921525,30.25
1.0,472,1921997,472.0
6.0,637,1922634,106.16666666666667
10.0,788,1923422,78.8
2.0,471,1923893,235.5
42.0,1587,1925480,37.785714285714285
1.0,486,1925966,486.0
11.0,332,1926298,30.181818181818183
12.0,400,1926698,33.333333333333336
12.0,244,1926942,20.333333333333332
16.0,539,1927481,33.6875
10.0,396,1927877,39.6
9.0,279,1928156,31.0
1.0,517,1928673,517.0
5.0,672,1929345,134.4
13.0,296,1929641,22.76923076923077
26.0,1023,1930664,39.34615384615385
6.0,180,1930844,30.0
7.0,127,1930971,18.142857142857142
9.0,730,1931701,81.11111111111111
9.0,305,1932006,33.888888888888886
7.0,151,1932157,21.571428571428573
5.0,699,1932856,139.8
19.0,896,1933752,47.1578947368421
11.0,377,1934129,34.27272727272727
25.0,704,1934833,28.16
9.0,716,1935549,79.55555555555556
22.0,1142,1936691,51.90909090909091
1.0,458,1937149,458.0
1.0,475,1937624,475.0
0.0,441,1938065,inf
15.0,995,1939060,66.33333333333333
26.0,1156,1940216,44.46153846153846
11.0,873,1941089,79.36363636363636
37.0,1444,1942533,39.027027027027025
40.0,1566,1944099,39.15
48.0,1548,1945647,32.25
15.0,414,1946061,27.6
36.0,1324,1947385,36.77777777777778
32.0,1088,1948473,34.0
10.0,780,1949253,78.0
1.0,477,1949730,477.0
25.0,912,1950642,36.48
51.0,2087,1952729,40.92156862745098
3.0,544,1953273,181.33333333333334
22.0,765,1954038,34.77272727272727
39.0,1628,1955666,41.743589743589745
39.0,1379,1957045,35.35897435897436
40.0,1528,1958573,38.2
39.0,1643,1960216,42.12820512820513
16.0,457,1960673,28.5625
27.0,1288,1961961,47.7037037037037
21.0,858,1962819,40.857142857142854
20.0,715,1963534,35.75
22.0,1224,1964758,55.63636363636363
35.0,1900,1966658,54.285714285714285
17.0,583,1967241,34.294117647058826
38.0,1786,1969027,47.0
42.0,2155,1971182,51.30952380952381
37.0,1929,1973111,52.13513513513514
10.0,527,1973638,52.7
33.0,1656,1975294,50.18181818181818
19.0,682,1975976,35.89473684210526
21.0,929,1976905,44.23809523809524
17.0,809,1977714,47.588235294117645
27.0,707,1978421,26.185185185185187
21.0,1039,1979460,49.476190476190474
27.0,1073,1980533,39.74074074074074
22.0,996,1981529,45.27272727272727
33.0,1814,1983343,54.96969696969697
44.0,1971,1985314,44.79545454545455
21.0,896,1986210,42.666666666666664
20.0,780,1986990,39.0
14.0,547,1987537,39.07142857142857
13.0,630,1988167,48.46153846153846
23.0,1173,1989340,51.0
13.0,453,1989793,34.84615384615385
27.0,1513,1991306,56.03703703703704
31.0,1368,1992674,44.12903225806452
35.0,2447,1995121,69.91428571428571
27.0,1420,1996541,52.592592592592595
30.0,1582,1998123,52.733333333333334
30.0,1524,1999647,50.8
21.0,1284,2000931,61.142857142857146
34.0,1531,2002462,45.029411764705884
20.0,849,2003311,42.45
21.0,893,2004204,42.523809523809526
27.0,1208,2005412,44.74074074074074
10.0,641,2006053,64.1
27.0,1419,2007472,52.55555555555556
30.0,1569,2009041,52.3
23.0,1054,2010095,45.82608695652174
5.0,154,2010249,30.8
8.0,322,2010571,40.25
1.0,480,2011051,480.0
18.0,946,2011997,52.55555555555556
34.0,1720,2013717,50.588235294117645
19.0,840,2014557,44.21052631578947
13.0,462,2015019,35.53846153846154
6.0,231,2015250,38.5
2.0,107,2015357,53.5
13.0,556,2015913,42.76923076923077
37.0,1456,2017369,39.351351351351354
23.0,1117,2018486,48.56521739130435
29.0,1379,2019865,47.55172413793103
25.0,1140,2021005,45.6
40.0,2318,2023323,57.95
23.0,1011,2024334,43.95652173913044
34.0,2102,2026436,61.8235294117647
16.0,700,2027136,43.75
12.0,496,2027632,41.333333333333336
24.0,963,2028595,40.125
22.0,1109,2029704,50.40909090909091
31.0,1700,2031404,54.83870967741935
32.0,1374,2032778,42.9375
34.0,1786,2034564,52.529411764705884
29.0,1363,2035927,47.0
16.0,793,2036720,49.5625
33.0,1713,2038433,51.90909090909091
34.0,1115,2039548,32.794117647058826
40.0,1661,2041209,41.525
39.0,1391,2042600,35.666666666666664
26.0,646,2043246,24.846153846153847
14.0,444,2043690,31.714285714285715
37.0,1247,2044937,33.7027027027027
46.0,1330,2046267,28.91304347826087
20.0,533,2046800,26.65
24.0,713,2047513,29.708333333333332
17.0,579,2048092,34.05882352941177
20.0,695,2048787,34.75
36.0,1150,2049937,31.944444444444443
4.0,533,2050470,133.25
25.0,673,2051143,26.92
33.0,1010,2052153,30.606060606060606
33.0,1160,2053313,35.15151515151515
28.0,1057,2054370,37.75
23.0,834,2055204,36.26086956521739
17.0,565,2055769,33.23529411764706
51.0,1916,2057685,37.568627450980394
6.0,177,2057862,29.5
30.0,1059,2058921,35.3
1.0,445,2059366,445.0
4.0,91,2059457,22.75
3.0,89,2059546,29.666666666666668
9.0,300,2059846,33.333333333333336
12.0,400,2060246,33.333333333333336
2.0,510,2060756,255.0
51.0,1466,2062222,28.745098039215687
47.0,1566,2063788,33.319148936170215
42.0,1745,2065533,41.54761904761905
28.0,1027,2066560,36.67857142857143
24.0,788,2067348,32.833333333333336
21.0,740,2068088,35.23809523809524
38.0,1354,2069442,35.63157894736842
11.0,422,2069864,38.36363636363637
8.0,207,2070071,25.875
31.0,819,2070890,26.419354838709676
20.0,542,2071432,27.1
40.0,1343,2072775,33.575
38.0,1454,2074229,38.26315789473684
31.0,736,2074965,23.741935483870968
42.0,1529,2076494,36.404761904761905
41.0,1125,2077619,27.4390243902439
1.0,22,2077641,22.0
30.0,990,2078631,33.0
36.0,1036,2079667,28.77777777777778
21.0,549,2080216,26.142857142857142
29.0,663,2080879,22.862068965517242
18.0,372,2081251,20.666666666666668
12.0,324,2081575,27.0
31.0,851,2082426,27.451612903225808
60.0,1601,2084027,26.683333333333334
21.0,673,2084700,32.04761904761905
13.0,361,2085061,27.76923076923077
1.0,46,2085107,46.0
33.0,1124,2086231,34.06060606060606
47.0,1482,2087713,31.53191489361702
22.0,493,2088206,22.40909090909091
14.0,401,2088607,28.642857142857142
25.0,770,2089377,30.8
32.0,885,2090262,27.65625
39.0,1009,2091271,25.871794871794872
34.0,1237,2092508,36.38235294117647
41.0,1431,2093939,34.90243902439025
27.0,1024,2094963,37.925925925925924
13.0,413,2095376,31.76923076923077
27.0,726,2096102,26.88888888888889
46.0,1341,2097443,29.152173913043477
38.0,1157,2098600,30.44736842105263
35.0,1002,2099602,28.62857142857143
28.0,866,2100468,30.928571428571427
33.0,975,2101443,29.545454545454547
32.0,1092,2102535,34.125
54.0,1754,2104289,32.48148148148148
55.0,1852,2106141,33.67272727272727
20.0,344,2106485,17.2
58.0,2000,2108485,34.48275862068966
22.0,649,2109134,29.5
25.0,902,2110036,36.08
19.0,563,2110599,29.63157894736842
33.0,919,2111518,27.848484848484848
41.0,1360,2112878,33.170731707317074
42.0,1394,2114272,33.19047619047619
35.0,907,2115179,25.914285714285715
16.0,341,2115520,21.3125
21.0,611,2116131,29.095238095238095
39.0,1209,2117340,31.0
34.0,1227,2118567,36.088235294117645
33.0,817,2119384,24.757575757575758
61.0,2024,2121408,33.18032786885246
42.0,1166,2122574,27.761904761904763
16.0,460,2123034,28.75
25.0,919,2123953,36.76
43.0,1200,2125153,27.906976744186046
44.0,1197,2126350,27.204545454545453
49.0,1558,2127908,31.79591836734694
40.0,1120,2129028,28.0
52.0,1593,2130621,30.634615384615383
18.0,452,2131073,25.11111111111111
29.0,657,2131730,22.655172413793103
36.0,1122,2132852,31.166666666666668
30.0,1114,2133966,37.13333333333333
26.0,485,2134451,18.653846153846153
28.0,882,2135333,31.5
44.0,1387,2136720,31.522727272727273
54.0,1551,2138271,28.72222222222222
37.0,1380,2139651,37.2972972972973
32.0,1020,2140671,31.875
35.0,715,2141386,20.428571428571427
20.0,526,2141912,26.3
13.0,326,2142238,25.076923076923077
27.0,838,2143076,31.037037037037038
17.0,462,2143538,27.176470588235293
55.0,1782,2145320,32.4
44.0,1419,2146739,32.25
40.0,1130,2147869,28.25
44.0,1291,2149160,29.34090909090909
30.0,1005,2150165,33.5
52.0,1544,2151709,29.692307692307693
23.0,636,2152345,27.652173913043477
46.0,1312,2153657,28.52173913043478
22.0,738,2154395,33.54545454545455
44.0,1400,2155795,31.818181818181817
38.0,1191,2156986,31.342105263157894
39.0,1086,2158072,27.846153846153847
17.0,615,2158687,36.1764705882353
15.0,375,2159062,25.0
40.0,1320,2160382,33.0
34.0,874,2161256,25.705882352941178
54.0,1938,2163194,35.888888888888886
35.0,1051,2164245,30.02857142857143
47.0,1702,2165947,36.212765957446805
36.0,1087,2167034,30.194444444444443
27.0,925,2167959,34.25925925925926
30.0,1022,2168981,34.06666666666667
12.0,358,2169339,29.833333333333332
60.0,1916,2171255,31.933333333333334
43.0,1331,2172586,30.953488372093023
59.0,1753,2174339,29.71186440677966
30.0,785,2175124,26.166666666666668
30.0,930,2176054,31.0
26.0,706,2176760,27.153846153846153
44.0,1664,2178424,37.81818181818182
45.0,1139,2179563,25.31111111111111
3.0,71,2179634,23.666666666666668
7.0,101,2179735,14.428571428571429
28.0,747,2180482,26.678571428571427
52.0,1680,2182162,32.30769230769231
16.0,554,2182716,34.625
30.0,746,2183462,24.866666666666667
21.0,491,2183953,23.38095238095238
1.0,51,2184004,51.0
19.0,637,2184641,33.526315789473685
28.0,835,2185476,29.821428571428573
16.0,556,2186032,34.75
5.0,224,2186256,44.8
2.0,485,2186741,242.5
24.0,652,2187393,27.166666666666668
16.0,407,2187800,25.4375
17.0,661,2188461,38.88235294117647
30.0,1039,2189500,34.63333333333333
33.0,929,2190429,28.151515151515152
54.0,1695,2192124,31.38888888888889
12.0,387,2192511,32.25
33.0,1128,2193639,34.18181818181818
17.0,379,2194018,22.294117647058822
31.0,1028,2195046,33.16129032258065
24.0,745,2195791,31.041666666666668
15.0,608,2196399,40.53333333333333
15.0,333,2196732,22.2
31.0,958,2197690,30.903225806451612
54.0,1508,2199198,27.925925925925927
14.0,485,2199683,34.642857142857146
51.0,1372,2201055,26.901960784313726
12.0,324,2201379,27.0
42.0,1355,2202734,32.26190476190476
28.0,807,2203541,28.821428571428573
37.0,1296,2204837,35.027027027027025
57.0,1832,2206669,32.14035087719298
50.0,1348,2208017,26.96
45.0,1527,2209544,33.93333333333333
36.0,1220,2210764,33.888888888888886
42.0,1474,2212238,35.095238095238095
37.0,1192,2213430,32.21621621621622
18.0,530,2213960,29.444444444444443
23.0,607,2214567,26.391304347826086
22.0,756,2215323,34.36363636363637
51.0,1535,2216858,30.098039215686274
31.0,740,2217598,23.870967741935484
41.0,1239,2218837,30.21951219512195
24.0,737,2219574,30.708333333333332
46.0,1231,2220805,26.76086956521739
38.0,1297,2222102,34.13157894736842
34.0,867,2222969,25.5
54.0,1622,2224591,30.037037037037038
47.0,1256,2225847,26.72340425531915
26.0,834,2226681,32.07692307692308
41.0,1451,2228132,35.390243902439025
12.0,382,2228514,31.833333333333332
17.0,460,2228974,27.058823529411764
32.0,1142,2230116,35.6875
31.0,964,2231080,31.096774193548388
12.0,444,2231524,37.0
59.0,1938,2233462,32.847457627118644
44.0,1559,2235021,35.43181818181818
56.0,1790,2236811,31.964285714285715
43.0,1417,2238228,32.95348837209303
46.0,1250,2239478,27.17391304347826
33.0,817,2240295,24.757575757575758
45.0,1426,2241721,31.68888888888889
22.0,637,2242358,28.954545454545453
28.0,863,2243221,30.821428571428573
44.0,1442,2244663,32.77272727272727
22.0,762,2245425,34.63636363636363
6.0,166,2245591,27.666666666666668
31.0,1048,2246639,33.806451612903224
23.0,732,2247371,31.82608695652174
37.0,1011,2248382,27.324324324324323
45.0,1342,2249724,29.822222222222223
8.0,194,2249918,24.25
18.0,422,2250340,23.444444444444443
47.0,1528,2251868,32.51063829787234
44.0,1342,2253210,30.5
33.0,1131,2254341,34.27272727272727
38.0,1186,2255527,31.210526315789473
46.0,1466,2256993,31.869565217391305
45.0,1363,2258356,30.288888888888888
31.0,781,2259137,25.193548387096776
44.0,1232,2260369,28.0
7.0,281,2260650,40.142857142857146
36.0,1139,2261789,31.63888888888889
48.0,1290,2263079,26.875
42.0,1203,2264282,28.642857142857142
42.0,1229,2265511,29.261904761904763
18.0,547,2266058,30.38888888888889
32.0,827,2266885,25.84375
26.0,692,2267577,26.615384615384617
33.0,954,2268531,28.90909090909091
49.0,1313,2269844,26.79591836734694
58.0,1856,2271700,32.0
5.0,176,2271876,35.2
17.0,514,2272390,30.235294117647058
37.0,1157,2273547,31.27027027027027
32.0,875,2274422,27.34375
16.0,638,2275060,39.875
24.0,629,2275689,26.208333333333332
31.0,1150,2276839,37.096774193548384
35.0,908,2277747,25.942857142857143
11.0,238,2277985,21.636363636363637
17.0,598,2278583,35.1764705882353
44.0,1299,2279882,29.522727272727273
35.0,1164,2281046,33.25714285714286
28.0,723,2281769,25.821428571428573
38.0,1110,2282879,29.210526315789473
25.0,914,2283793,36.56
27.0,669,2284462,24.77777777777778
56.0,1768,2286230,31.571428571428573
36.0,835,2287065,23.194444444444443
38.0,1254,2288319,33.0
41.0,1218,2289537,29.70731707317073
20.0,536,2290073,26.8
8.0,258,2290331,32.25
3.0,65,2290396,21.666666666666668
34.0,985,2291381,28.970588235294116
17.0,609,2291990,35.8235294117647
33.0,1282,2293272,38.84848484848485
45.0,1379,2294651,30.644444444444446
48.0,1513,2296164,31.520833333333332
51.0,1537,2297701,30.137254901960784
18.0,419,2298120,23.27777777777778
43.0,1169,2299289,27.186046511627907
24.0,689,2299978,28.708333333333332
37.0,1094,2301072,29.56756756756757
46.0,1286,2302358,27.956521739130434
18.0,472,2302830,26.22222222222222
49.0,1771,2304601,36.142857142857146
22.0,637,2305238,28.954545454545453
10.0,230,2305468,23.0
8.0,281,2305749,35.125
21.0,577,2306326,27.476190476190474
50.0,1438,2307764,28.76
17.0,510,2308274,30.0
59.0,1979,2310253,33.54237288135593
54.0,1661,2311914,30.75925925925926
11.0,236,2312150,21.454545454545453
42.0,1055,2313205,25.11904761904762
7.0,146,2313351,20.857142857142858
13.0,323,2313674,24.846153846153847
53.0,1780,2315454,33.58490566037736
30.0,1065,2316519,35.5
52.0,1593,2318112,30.634615384615383
41.0,1163,2319275,28.365853658536587
18.0,527,2319802,29.27777777777778
40.0,1341,2321143,33.525
14.0,434,2321577,31.0
43.0,1235,2322812,28.72093023255814
22.0,699,2323511,31.772727272727273
37.0,958,2324469,25.89189189189189
49.0,1485,2325954,30.306122448979593
27.0,619,2326573,22.925925925925927
53.0,1582,2328155,29.849056603773583
29.0,863,2329018,29.75862068965517
41.0,1085,2330103,26.463414634146343
48.0,1493,2331596,31.104166666666668
56.0,1729,2333325,30.875
16.0,550,2333875,34.375
30.0,722,2334597,24.066666666666666
6.0,149,2334746,24.833333333333332
3.0,85,2334831,28.333333333333332
13.0,336,2335167,25.846153846153847
33.0,1268,2336435,38.42424242424242
36.0,958,2337393,26.61111111111111
38.0,1008,2338401,26.526315789473685
28.0,750,2339151,26.785714285714285
36.0,1063,2340214,29.52777777777778
45.0,1357,2341571,30.155555555555555
46.0,1283,2342854,27.891304347826086
43.0,1405,2344259,32.674418604651166
9.0,334,2344593,37.111111111111114
9.0,227,2344820,25.22222222222222
29.0,765,2345585,26.379310344827587
28.0,801,2346386,28.607142857142858
12.0,316,2346702,26.333333333333332
44.0,1571,2348273,35.70454545454545
28.0,848,2349121,30.285714285714285
27.0,653,2349774,24.185185185185187
39.0,1030,2350804,26.41025641025641
43.0,1552,2352356,36.093023255813954
28.0,774,2353130,27.642857142857142
29.0,803,2353933,27.689655172413794
51.0,1682,2355615,32.98039215686274
46.0,1317,2356932,28.630434782608695
34.0,1073,2358005,31.558823529411764
25.0,789,2358794,31.56
45.0,1733,2360527,38.51111111111111
16.0,395,2360922,24.6875
21.0,694,2361616,33.04761904761905
10.0,201,2361817,20.1
28.0,925,2362742,33.035714285714285
34.0,1014,2363756,29.823529411764707
41.0,1057,2364813,25.78048780487805
25.0,799,2365612,31.96
51.0,1556,2367168,30.50980392156863
14.0,330,2367498,23.571428571428573
43.0,1324,2368822,30.790697674418606
29.0,754,2369576,26.0
21.0,613,2370189,29.19047619047619
9.0,363,2370552,40.333333333333336
22.0,844,2371396,38.36363636363637
33.0,1128,2372524,34.18181818181818
31.0,1132,2373656,36.516129032258064
25.0,698,2374354,27.92
33.0,1230,2375584,37.27272727272727
4.0,123,2375707,30.75
10.0,310,2376017,31.0
9.0,374,2376391,41.55555555555556
19.0,657,2377048,34.578947368421055
36.0,1185,2378233,32.916666666666664
10.0,242,2378475,24.2
34.0,1181,2379656,34.73529411764706
27.0,803,2380459,29.74074074074074
1.0,71,2380530,71.0
50.0,1918,2382448,38.36
34.0,1101,2383549,32.38235294117647
19.0,663,2384212,34.89473684210526
15.0,384,2384596,25.6
13.0,754,2385350,58.0
29.0,1048,2386398,36.13793103448276
44.0,1374,2387772,31.227272727272727
24.0,738,2388510,30.75
20.0,666,2389176,33.3
26.0,968,2390144,37.23076923076923
37.0,1178,2391322,31.83783783783784
18.0,556,2391878,30.88888888888889
24.0,962,2392840,40.083333333333336
21.0,564,2393404,26.857142857142858
40.0,1361,2394765,34.025
26.0,803,2395568,30.884615384615383
23.0,743,2396311,32.30434782608695
14.0,478,2396789,34.142857142857146
18.0,722,2397511,40.111111111111114
32.0,894,2398405,27.9375
11.0,258,2398663,23.454545454545453
25.0,871,2399534,34.84
11.0,318,2399852,28.90909090909091
32.0,1013,2400865,31.65625
21.0,687,2401552,32.714285714285715
41.0,1159,2402711,28.26829268292683
37.0,1146,2403857,30.972972972972972
32.0,1019,2404876,31.84375
40.0,1414,2406290,35.35
15.0,471,2406761,31.4
5.0,172,2406933,34.4
32.0,1051,2407984,32.84375
45.0,1513,2409497,33.62222222222222
39.0,1109,2410606,28.435897435897434
39.0,1378,2411984,35.333333333333336
24.0,702,2412686,29.25
9.0,284,2412970,31.555555555555557
15.0,436,2413406,29.066666666666666
26.0,833,2414239,32.03846153846154
13.0,343,2414582,26.384615384615383
37.0,1088,2415670,29.405405405405407
36.0,1234,2416904,34.27777777777778
9.0,297,2417201,33.0
24.0,593,2417794,24.708333333333332
54.0,1740,2419534,32.22222222222222
5.0,555,2420089,111.0
15.0,445,2420534,29.666666666666668
14.0,508,2421042,36.285714285714285
26.0,1115,2422157,42.88461538461539
20.0,672,2422829,33.6
29.0,1192,2424021,41.10344827586207
14.0,549,2424570,39.214285714285715
7.0,259,2424829,37.0
34.0,1011,2425840,29.735294117647058
28.0,894,2426734,31.928571428571427
4.0,120,2426854,30.0
27.0,971,2427825,35.96296296296296
30.0,851,2428676,28.366666666666667
30.0,798,2429474,26.6
5.0,224,2429698,44.8
28.0,1049,2430747,37.464285714285715
30.0,939,2431686,31.3
33.0,800,2432486,24.242424242424242
22.0,690,2433176,31.363636363636363
33.0,1130,2434306,34.24242424242424
24.0,876,2435182,36.5
16.0,618,2435800,38.625
13.0,443,2436243,34.07692307692308
18.0,556,2436799,30.88888888888889
30.0,1395,2438194,46.5
24.0,724,2438918,30.166666666666668
4.0,114,2439032,28.5
39.0,1125,2440157,28.846153846153847
22.0,903,2441060,41.04545454545455
22.0,641,2441701,29.136363636363637
4.0,158,2441859,39.5
26.0,913,2442772,35.11538461538461
20.0,515,2443287,25.75
22.0,779,2444066,35.40909090909091
19.0,689,2444755,36.26315789473684
18.0,563,2445318,31.27777777777778
26.0,859,2446177,33.03846153846154
23.0,610,2446787,26.52173913043478
40.0,1102,2447889,27.55
14.0,506,2448395,36.142857142857146
12.0,346,2448741,28.833333333333332
33.0,916,2449657,27.757575757575758
18.0,571,2450228,31.72222222222222
37.0,1077,2451305,29.10810810810811
38.0,1141,2452446,30.026315789473685
27.0,838,2453284,31.037037037037038
36.0,1502,2454786,41.72222222222222
27.0,755,2455541,27.962962962962962
5.0,215,2455756,43.0
48.0,1478,2457234,30.791666666666668
14.0,310,2457544,22.142857142857142
20.0,742,2458286,37.1
18.0,536,2458822,29.77777777777778
20.0,565,2459387,28.25
35.0,1219,2460606,34.82857142857143
13.0,791,2461397,60.84615384615385
20.0,961,2462358,48.05
15.0,414,2462772,27.6
30.0,1142,2463914,38.06666666666667
9.0,328,2464242,36.44444444444444
15.0,346,2464588,23.066666666666666
8.0,318,2464906,39.75
23.0,1208,2466114,52.52173913043478
6.0,185,2466299,30.833333333333332
6.0,268,2466567,44.666666666666664
24.0,880,2467447,36.666666666666664
24.0,803,2468250,33.458333333333336
35.0,1214,2469464,34.68571428571428
17.0,514,2469978,30.235294117647058
6.0,206,2470184,34.333333333333336
32.0,1048,2471232,32.75
20.0,759,2471991,37.95
2.0,61,2472052,30.5
11.0,295,2472347,26.818181818181817
31.0,1179,2473526,38.03225806451613
7.0,698,2474224,99.71428571428571
5.0,177,2474401,35.4
2.0,121,2474522,60.5
6.0,130,2474652,21.666666666666668
21.0,783,2475435,37.285714285714285
11.0,367,2475802,33.36363636363637
3.0,96,2475898,32.0
32.0,1007,2476905,31.46875
14.0,478,2477383,34.142857142857146
35.0,1043,2478426,29.8
1.0,74,2478500,74.0
22.0,637,2479137,28.954545454545453
0.0,30,2479167,inf
32.0,1140,2480307,35.625
3.0,82,2480389,27.333333333333332
28.0,1038,2481427,37.07142857142857
20.0,657,2482084,32.85
14.0,438,2482522,31.285714285714285
15.0,426,2482948,28.4
24.0,539,2483487,22.458333333333332
6.0,196,2483683,32.666666666666664
10.0,345,2484028,34.5
32.0,889,2484917,27.78125
13.0,400,2485317,30.76923076923077
7.0,197,2485514,28.142857142857142
11.0,369,2485883,33.54545454545455
13.0,479,2486362,36.84615384615385
2.0,71,2486433,35.5
20.0,510,2486943,25.5
19.0,637,2487580,33.526315789473685
12.0,514,2488094,42.833333333333336
15.0,482,2488576,32.13333333333333
16.0,558,2489134,34.875
10.0,489,2489623,48.9
13.0,380,2490003,29.23076923076923
21.0,643,2490646,30.61904761904762
6.0,90,2490736,15.0
5.0,182,2490918,36.4
8.0,281,2491199,35.125
31.0,944,2492143,30.451612903225808
12.0,383,2492526,31.916666666666668
2.0,110,2492636,55.0
18.0,442,2493078,24.555555555555557
10.0,345,2493423,34.5
12.0,482,2493905,40.166666666666664
10.0,354,2494259,35.4
1.0,44,2494303,44.0
4.0,80,2494383,20.0
23.0,684,2495067,29.73913043478261
13.0,315,2495382,24.23076923076923
3.0,111,2495493,37.0
10.0,356,2495849,35.6
8.0,208,2496057,26.0
32.0,877,2496934,27.40625
5.0,125,2497059,25.0
19.0,546,2497605,28.736842105263158
12.0,252,2497857,21.0
24.0,896,2498753,37.333333333333336
36.0,1080,2499833,30.0
21.0,706,2500539,33.61904761904762
29.0,960,2501499,33.10344827586207
27.0,568,2502067,21.037037037037038
11.0,346,2502413,31.454545454545453
18.0,608,2503021,33.77777777777778
17.0,362,2503383,21.294117647058822
35.0,1100,2504483,31.428571428571427
3.0,84,2504567,28.0
34.0,711,2505278,20.91176470588235
17.0,542,2505820,31.88235294117647
40.0,1209,2507029,30.225
14.0,423,2507452,30.214285714285715
26.0,936,2508388,36.0
22.0,512,2508900,23.272727272727273
46.0,1275,2510175,27.717391304347824
32.0,818,2510993,25.5625
24.0,611,2511604,25.458333333333332
36.0,944,2512548,26.22222222222222
9.0,198,2512746,22.0
14.0,388,2513134,27.714285714285715
51.0,1443,2514577,28.294117647058822
35.0,941,2515518,26.885714285714286
20.0,496,2516014,24.8
28.0,1011,2517025,36.107142857142854
24.0,758,2517783,31.583333333333332
50.0,1292,2519075,25.84
16.0,339,2519414,21.1875
7.0,142,2519556,20.285714285714285
8.0,130,2519686,16.25
42.0,972,2520658,23.142857142857142
16.0,496,2521154,31.0
30.0,963,2522117,32.1
24.0,688,2522805,28.666666666666668
14.0,333,2523138,23.785714285714285
11.0,279,2523417,25.363636363636363
11.0,270,2523687,24.545454545454547
7.0,169,2523856,24.142857142857142
11.0,256,2524112,23.272727272727273
33.0,802,2524914,24.303030303030305
17.0,541,2525455,31.823529411764707
8.0,152,2525607,19.0
24.0,769,2526376,32.041666666666664
6.0,142,2526518,23.666666666666668
11.0,224,2526742,20.363636363636363
10.0,202,2526944,20.2
41.0,1203,2528147,29.341463414634145
23.0,496,2528643,21.565217391304348
26.0,637,2529280,24.5
11.0,264,2529544,24.0
13.0,296,2529840,22.76923076923077
26.0,943,2530783,36.26923076923077
35.0,993,2531776,28.37142857142857
8.0,211,2531987,26.375
36.0,1068,2533055,29.666666666666668
31.0,902,2533957,29.096774193548388
6.0,181,2534138,30.166666666666668
17.0,485,2534623,28.529411764705884
44.0,1427,2536050,32.43181818181818
31.0,684,2536734,22.06451612903226
25.0,796,2537530,31.84
26.0,804,2538334,30.923076923076923
38.0,1234,2539568,32.473684210526315
27.0,907,2540475,33.592592592592595
24.0,815,2541290,33.958333333333336
2.0,46,2541336,23.0
8.0,142,2541478,17.75
17.0,347,2541825,20.41176470588235
18.0,557,2542382,30.944444444444443
29.0,753,2543135,25.96551724137931
25.0,628,2543763,25.12
23.0,591,2544354,25.695652173913043
29.0,731,2545085,25.20689655172414
26.0,649,2545734,24.96153846153846
33.0,984,2546718,29.818181818181817
52.0,1325,2548043,25.48076923076923
4.0,147,2548190,36.75
10.0,198,2548388,19.8
43.0,1102,2549490,25.627906976744185
33.0,949,2550439,28.757575757575758
26.0,785,2551224,30.192307692307693
28.0,965,2552189,34.464285714285715
21.0,594,2552783,28.285714285714285
12.0,297,2553080,24.75
27.0,701,2553781,25.962962962962962
36.0,976,2554757,27.11111111111111
40.0,1402,2556159,35.05
7.0,172,2556331,24.571428571428573
24.0,688,2557019,28.666666666666668
4.0,73,2557092,18.25
20.0,577,2557669,28.85
31.0,891,2558560,28.741935483870968
8.0,210,2558770,26.25
9.0,338,2559108,37.55555555555556
6.0,150,2559258,25.0
11.0,217,2559475,19.727272727272727
16.0,442,2559917,27.625
10.0,220,2560137,22.0
7.0,188,2560325,26.857142857142858
17.0,473,2560798,27.823529411764707
20.0,515,2561313,25.75
44.0,1324,2562637,30.09090909090909
36.0,896,2563533,24.88888888888889
8.0,225,2563758,28.125
19.0,527,2564285,27.736842105263158
4.0,99,2564384,24.75
6.0,157,2564541,26.166666666666668
35.0,1084,2565625,30.97142857142857
5.0,102,2565727,20.4
8.0,187,2565914,23.375
31.0,934,2566848,30.129032258064516
38.0,1067,2567915,28.07894736842105
11.0,284,2568199,25.818181818181817
13.0,239,2568438,18.384615384615383
33.0,818,2569256,24.78787878787879
5.0,128,2569384,25.6
28.0,695,2570079,24.821428571428573
18.0,360,2570439,20.0
20.0,683,2571122,34.15
20.0,480,2571602,24.0
3.0,112,2571714,37.333333333333336
7.0,164,2571878,23.428571428571427
2.0,42,2571920,21.0
23.0,590,2572510,25.652173913043477
22.0,643,2573153,29.227272727272727
21.0,622,2573775,29.61904761904762
4.0,93,2573868,23.25
15.0,464,2574332,30.933333333333334
14.0,478,2574810,34.142857142857146
28.0,897,2575707,32.035714285714285
14.0,394,2576101,28.142857142857142
13.0,307,2576408,23.615384615384617
25.0,629,2577037,25.16
25.0,808,2577845,32.32
20.0,592,2578437,29.6
7.0,138,2578575,19.714285714285715
40.0,1123,2579698,28.075
10.0,287,2579985,28.7
9.0,251,2580236,27.88888888888889
4.0,73,2580309,18.25
30.0,866,2581175,28.866666666666667
22.0,524,2581699,23.818181818181817
21.0,471,2582170,22.428571428571427
14.0,464,2582634,33.142857142857146
11.0,286,2582920,26.0
27.0,603,2583523,22.333333333333332
27.0,700,2584223,25.925925925925927
35.0,946,2585169,27.02857142857143
28.0,754,2585923,26.928571428571427
13.0,478,2586401,36.76923076923077
33.0,880,2587281,26.666666666666668
17.0,331,2587612,19.470588235294116
6.0,265,2587877,44.166666666666664
13.0,373,2588250,28.692307692307693
5.0,72,2588322,14.4
42.0,1139,2589461,27.11904761904762
39.0,1197,2590658,30.692307692307693
21.0,650,2591308,30.952380952380953
11.0,268,2591576,24.363636363636363
33.0,930,2592506,28.181818181818183
21.0,529,2593035,25.19047619047619
17.0,431,2593466,25.352941176470587
31.0,1005,2594471,32.41935483870968
53.0,1550,2596021,29.245283018867923
43.0,1294,2597315,30.093023255813954
15.0,334,2597649,22.266666666666666
25.0,665,2598314,26.6
12.0,319,2598633,26.583333333333332
5.0,99,2598732,19.8
29.0,880,2599612,30.344827586206897
23.0,633,2600245,27.52173913043478
2.0,498,2600743,249.0
14.0,397,2601140,28.357142857142858
45.0,1282,2602422,28.488888888888887
25.0,731,2603153,29.24
30.0,860,2604013,28.666666666666668
16.0,312,2604325,19.5
12.0,318,2604643,26.5
35.0,813,2605456,23.228571428571428
12.0,286,2605742,23.833333333333332
1.0,27,2605769,27.0
41.0,1236,2607005,30.146341463414632
18.0,454,2607459,25.22222222222222
13.0,310,2607769,23.846153846153847
17.0,582,2608351,34.23529411764706
26.0,709,2609060,27.26923076923077
30.0,928,2609988,30.933333333333334
23.0,794,2610782,34.52173913043478
25.0,820,2611602,32.8
42.0,1197,2612799,28.5
19.0,567,2613366,29.842105263157894
35.0,1031,2614397,29.457142857142856
42.0,1143,2615540,27.214285714285715
12.0,404,2615944,33.666666666666664
28.0,916,2616860,32.714285714285715
10.0,261,2617121,26.1
40.0,1502,2618623,37.55
24.0,775,2619398,32.291666666666664
10.0,215,2619613,21.5
7.0,220,2619833,31.428571428571427
37.0,966,2620799,26.10810810810811
29.0,934,2621733,32.206896551724135
2.0,29,2621762,14.5
36.0,1147,2622909,31.86111111111111
30.0,814,2623723,27.133333333333333
28.0,1092,2624815,39.0
7.0,244,2625059,34.857142857142854
29.0,1239,2626298,42.724137931034484
8.0,249,2626547,31.125
1.0,28,2626575,28.0
3.0,122,2626697,40.666666666666664
24.0,873,2627570,36.375
27.0,927,2628497,34.333333333333336
30.0,1065,2629562,35.5
9.0,259,2629821,28.77777777777778
6.0,233,2630054,38.833333333333336
4.0,200,2630254,50.0
17.0,478,2630732,28.11764705882353
10.0,189,2630921,18.9
17.0,611,2631532,35.94117647058823
11.0,387,2631919,35.18181818181818
9.0,372,2632291,41.333333333333336
14.0,336,2632627,24.0
6.0,204,2632831,34.0
28.0,1035,2633866,36.964285714285715
40.0,1561,2635427,39.025
5.0,242,2635669,48.4
13.0,492,2636161,37.84615384615385
25.0,861,2637022,34.44
39.0,1240,2638262,31.794871794871796
38.0,1057,2639319,27.81578947368421
23.0,1056,2640375,45.91304347826087
1.0,459,2640834,459.0
24.0,721,2641555,30.041666666666668
30.0,1005,2642560,33.5
24.0,889,2643449,37.041666666666664
4.0,186,2643635,46.5
19.0,697,2644332,36.68421052631579
14.0,595,2644927,42.5
11.0,332,2645259,30.181818181818183
15.0,330,2645589,22.0
19.0,650,2646239,34.21052631578947
13.0,332,2646571,25.53846153846154
25.0,1078,2647649,43.12
14.0,412,2648061,29.428571428571427
48.0,1627,2649688,33.895833333333336
10.0,347,2650035,34.7
10.0,362,2650397,36.2
18.0,721,2651118,40.05555555555556
14.0,413,2651531,29.5
19.0,814,2652345,42.8421052631579
13.0,368,2652713,28.307692307692307
12.0,449,2653162,37.416666666666664
4.0,186,2653348,46.5
35.0,1210,2654558,34.57142857142857
17.0,576,2655134,33.88235294117647
19.0,698,2655832,36.73684210526316
51.0,1684,2657516,33.01960784313726
15.0,463,2657979,30.866666666666667
14.0,568,2658547,40.57142857142857
26.0,905,2659452,34.80769230769231
21.0,656,2660108,31.238095238095237
15.0,507,2660615,33.8
5.0,142,2660757,28.4
15.0,537,2661294,35.8
25.0,750,2662044,30.0
14.0,481,2662525,34.357142857142854
16.0,525,2663050,32.8125
20.0,740,2663790,37.0
38.0,1365,2665155,35.921052631578945
11.0,325,2665480,29.545454545454547
14.0,372,2665852,26.571428571428573
37.0,1243,2667095,33.5945945945946
27.0,919,2668014,34.03703703703704
30.0,1049,2669063,34.96666666666667
31.0,959,2670022,30.93548387096774
13.0,427,2670449,32.84615384615385
13.0,444,2670893,34.15384615384615
8.0,216,2671109,27.0
9.0,305,2671414,33.888888888888886
26.0,700,2672114,26.923076923076923
30.0,1083,2673197,36.1
15.0,594,2673791,39.6
9.0,286,2674077,31.77777777777778
18.0,523,2674600,29.055555555555557
35.0,1092,2675692,31.2
11.0,356,2676048,32.36363636363637
25.0,701,2676749,28.04
24.0,725,2677474,30.208333333333332
39.0,1200,2678674,30.76923076923077
46.0,1616,2680290,35.130434782608695
28.0,896,2681186,32.0
16.0,388,2681574,24.25
33.0,1075,2682649,32.57575757575758
22.0,822,2683471,37.36363636363637
36.0,1032,2684503,28.666666666666668
35.0,975,2685478,27.857142857142858
8.0,277,2685755,34.625
21.0,1006,2686761,47.904761904761905
12.0,325,2687086,27.083333333333332
30.0,985,2688071,32.833333333333336
27.0,863,2688934,31.962962962962962
13.0,372,2689306,28.615384615384617
36.0,1283,2690589,35.638888888888886
24.0,779,2691368,32.458333333333336
32.0,1155,2692523,36.09375
34.0,1335,2693858,39.26470588235294
43.0,1483,2695341,34.48837209302326
17.0,625,2695966,36.76470588235294
23.0,777,2696743,33.78260869565217
21.0,852,2697595,40.57142857142857
21.0,807,2698402,38.42857142857143
25.0,860,2699262,34.4
41.0,1488,2700750,36.292682926829265
26.0,871,2701621,33.5
32.0,964,2702585,30.125
30.0,1150,2703735,38.333333333333336
26.0,862,2704597,33.15384615384615
29.0,948,2705545,32.689655172413794
29.0,1099,2706644,37.89655172413793
33.0,1138,2707782,34.484848484848484
20.0,680,2708462,34.0
44.0,1664,2710126,37.81818181818182
42.0,1545,2711671,36.785714285714285
32.0,1085,2712756,33.90625
35.0,1186,2713942,33.885714285714286
35.0,1016,2714958,29.02857142857143
36.0,1201,2716159,33.361111111111114
38.0,1379,2717538,36.28947368421053
17.0,587,2718125,34.529411764705884
29.0,840,2718965,28.96551724137931
21.0,816,2719781,38.857142857142854
37.0,1274,2721055,34.432432432432435
19.0,524,2721579,27.57894736842105
28.0,984,2722563,35.142857142857146
37.0,1326,2723889,35.83783783783784
40.0,1429,2725318,35.725
15.0,355,2725673,23.666666666666668
25.0,922,2726595,36.88
4.0,174,2726769,43.5
42.0,1394,2728163,33.19047619047619
38.0,1447,2729610,38.078947368421055
29.0,1015,2730625,35.0
28.0,1036,2731661,37.0
18.0,514,2732175,28.555555555555557
10.0,291,2732466,29.1
8.0,282,2732748,35.25
21.0,595,2733343,28.333333333333332
23.0,816,2734159,35.47826086956522
25.0,1014,2735173,40.56
45.0,1504,2736677,33.422222222222224
16.0,420,2737097,26.25
25.0,865,2737962,34.6
36.0,1141,2739103,31.694444444444443
20.0,613,2739716,30.65
40.0,1450,2741166,36.25
17.0,551,2741717,32.411764705882355
11.0,298,2742015,27.09090909090909
15.0,454,2742469,30.266666666666666
24.0,737,2743206,30.708333333333332
20.0,576,2743782,28.8
35.0,1415,2745197,40.42857142857143
48.0,1577,2746774,32.854166666666664
48.0,1744,2748518,36.333333333333336
17.0,641,2749159,37.705882352941174
17.0,593,2749752,34.88235294117647
24.0,966,2750718,40.25
33.0,1085,2751803,32.878787878787875
25.0,792,2752595,31.68
35.0,1152,2753747,32.91428571428571
42.0,1319,2755066,31.404761904761905
17.0,517,2755583,30.41176470588235
27.0,815,2756398,30.185185185185187
42.0,1478,2757876,35.19047619047619
40.0,1194,2759070,29.85
39.0,1399,2760469,35.87179487179487
42.0,1210,2761679,28.80952380952381
28.0,839,2762518,29.964285714285715
1.0,75,2762593,75.0
48.0,1715,2764308,35.729166666666664
25.0,645,2764953,25.8
24.0,716,2765669,29.833333333333332
29.0,899,2766568,31.0
29.0,1061,2767629,36.58620689655172
2.0,50,2767679,25.0
13.0,423,2768102,32.53846153846154
29.0,1064,2769166,36.689655172413794
28.0,713,2769879,25.464285714285715
40.0,1291,2771170,32.275
17.0,786,2771956,46.23529411764706
32.0,961,2772917,30.03125
23.0,795,2773712,34.56521739130435
45.0,1200,2774912,26.666666666666668
22.0,452,2775364,20.545454545454547
9.0,299,2775663,33.22222222222222
19.0,740,2776403,38.94736842105263
45.0,1615,2778018,35.888888888888886
30.0,977,2778995,32.56666666666667
25.0,775,2779770,31.0
42.0,1292,2781062,30.761904761904763
28.0,1113,2782175,39.75
7.0,213,2782388,30.428571428571427
7.0,255,2782643,36.42857142857143
31.0,1176,2783819,37.935483870967744
12.0,503,2784322,41.916666666666664
48.0,1599,2785921,33.3125
13.0,489,2786410,37.61538461538461
30.0,1116,2787526,37.2
58.0,2294,2789820,39.55172413793103
31.0,1019,2790839,32.87096774193548
19.0,743,2791582,39.10526315789474
52.0,1800,2793382,34.61538461538461
18.0,523,2793905,29.055555555555557
27.0,930,2794835,34.44444444444444
10.0,227,2795062,22.7
38.0,1307,2796369,34.39473684210526
30.0,939,2797308,31.3
19.0,646,2797954,34.0
34.0,1052,2799006,30.941176470588236
37.0,1177,2800183,31.81081081081081
10.0,285,2800468,28.5
18.0,873,2801341,48.5
44.0,1326,2802667,30.136363636363637
25.0,891,2803558,35.64
20.0,745,2804303,37.25
8.0,193,2804496,24.125
29.0,1090,2805586,37.58620689655172
28.0,965,2806551,34.464285714285715
35.0,1349,2807900,38.542857142857144
24.0,645,2808545,26.875
13.0,353,2808898,27.153846153846153
5.0,286,2809184,57.2
13.0,380,2809564,29.23076923076923
30.0,1049,2810613,34.96666666666667
20.0,494,2811107,24.7
15.0,631,2811738,42.06666666666667
20.0,616,2812354,30.8
14.0,354,2812708,25.285714285714285
39.0,1350,2814058,34.61538461538461
31.0,940,2814998,30.322580645161292
42.0,1271,2816269,30.261904761904763
8.0,332,2816601,41.5
24.0,593,2817194,24.708333333333332
20.0,711,2817905,35.55
39.0,1241,2819146,31.82051282051282
1.0,72,2819218,72.0
7.0,354,2819572,50.57142857142857
23.0,690,2820262,30.0
1.0,61,2820323,61.0
5.0,173,2820496,34.6
51.0,1580,2822076,30.980392156862745
7.0,257,2822333,36.714285714285715
3.0,147,2822480,49.0
41.0,1320,2823800,32.19512195121951
0.0,22,2823822,inf
16.0,589,2824411,36.8125
20.0,743,2825154,37.15
10.0,450,2825604,45.0
15.0,431,2826035,28.733333333333334
2.0,69,2826104,34.5
1.0,81,2826185,81.0
5.0,111,2826296,22.2
5.0,223,2826519,44.6
28.0,1109,2827628,39.607142857142854
11.0,352,2827980,32.0
32.0,1238,2829218,38.6875
0.0,30,2829248,inf
51.0,1673,2830921,32.80392156862745
8.0,429,2831350,53.625
15.0,442,2831792,29.466666666666665
9.0,327,2832119,36.333333333333336
25.0,846,2832965,33.84
41.0,1355,2834320,33.048780487804876
32.0,1304,2835624,40.75
15.0,380,2836004,25.333333333333332
8.0,215,2836219,26.875
31.0,803,2837022,25.903225806451612
2.0,55,2837077,27.5
13.0,359,2837436,27.615384615384617
49.0,1413,2838849,28.836734693877553
6.0,250,2839099,41.666666666666664
27.0,984,2840083,36.44444444444444
1.0,31,2840114,31.0
25.0,634,2840748,25.36
53.0,1783,2842531,33.64150943396226
11.0,706,2843237,64.18181818181819
27.0,926,2844163,34.2962962962963
14.0,567,2844730,40.5
23.0,835,2845565,36.30434782608695
13.0,405,2845970,31.153846153846153
8.0,366,2846336,45.75
12.0,508,2846844,42.333333333333336
11.0,472,2847316,42.90909090909091
29.0,951,2848267,32.793103448275865
10.0,373,2848640,37.3
33.0,1573,2850213,47.666666666666664
33.0,1744,2851957,52.84848484848485
5.0,159,2852116,31.8
21.0,861,2852977,41.0
30.0,1130,2854107,37.666666666666664
4.0,158,2854265,39.5
26.0,1072,2855337,41.23076923076923
20.0,728,2856065,36.4
20.0,728,2856793,36.4
7.0,257,2857050,36.714285714285715
6.0,231,2857281,38.5
21.0,737,2858018,35.095238095238095
11.0,492,2858510,44.72727272727273
38.0,1448,2859958,38.10526315789474
2.0,88,2860046,44.0
12.0,456,2860502,38.0
11.0,460,2860962,41.81818181818182
15.0,686,2861648,45.733333333333334
26.0,783,2862431,30.115384615384617
8.0,419,2862850,52.375
30.0,1582,2864432,52.733333333333334
38.0,1349,2865781,35.5
13.0,423,2866204,32.53846153846154
17.0,499,2866703,29.352941176470587
28.0,1054,2867757,37.642857142857146
29.0,1042,2868799,35.93103448275862
16.0,614,2869413,38.375
11.0,344,2869757,31.272727272727273
39.0,1341,2871098,34.38461538461539
11.0,745,2871843,67.72727272727273
35.0,1052,2872895,30.057142857142857
25.0,862,2873757,34.48
32.0,977,2874734,30.53125
15.0,472,2875206,31.466666666666665
14.0,491,2875697,35.07142857142857
35.0,1020,2876717,29.142857142857142
22.0,765,2877482,34.77272727272727
14.0,499,2877981,35.642857142857146
13.0,491,2878472,37.76923076923077
35.0,1133,2879605,32.371428571428574
31.0,1057,2880662,34.096774193548384
11.0,379,2881041,34.45454545454545
27.0,1089,2882130,40.333333333333336
20.0,823,2882953,41.15
11.0,344,2883297,31.272727272727273
34.0,1263,2884560,37.14705882352941
11.0,402,2884962,36.54545454545455
20.0,649,2885611,32.45
10.0,291,2885902,29.1
41.0,1376,2887278,33.5609756097561
14.0,424,2887702,30.285714285714285
4.0,356,2888058,89.0
31.0,1067,2889125,34.41935483870968
10.0,368,2889493,36.8
12.0,446,2889939,37.166666666666664
41.0,1479,2891418,36.073170731707314
28.0,1193,2892611,42.607142857142854
5.0,189,2892800,37.8
26.0,645,2893445,24.807692307692307
13.0,406,2893851,31.23076923076923
2.0,118,2893969,59.0
10.0,386,2894355,38.6
22.0,706,2895061,32.09090909090909
3.0,220,2895281,73.33333333333333
12.0,567,2895848,47.25
13.0,443,2896291,34.07692307692308
27.0,1046,2897337,38.74074074074074
20.0,778,2898115,38.9
14.0,640,2898755,45.714285714285715
27.0,1083,2899838,40.111111111111114
16.0,759,2900597,47.4375
24.0,967,2901564,40.291666666666664
23.0,908,2902472,39.47826086956522
22.0,823,2903295,37.40909090909091
8.0,321,2903616,40.125
10.0,321,2903937,32.1
8.0,355,2904292,44.375
3.0,145,2904437,48.333333333333336
32.0,1148,2905585,35.875
19.0,627,2906212,33.0
27.0,834,2907046,30.88888888888889
45.0,1854,2908900,41.2
23.0,758,2909658,32.95652173913044
33.0,1046,2910704,31.696969696969695
13.0,364,2911068,28.0
34.0,1039,2912107,30.558823529411764
34.0,1009,2913116,29.676470588235293
19.0,689,2913805,36.26315789473684
2.0,143,2913948,71.5
7.0,232,2914180,33.142857142857146
16.0,554,2914734,34.625
12.0,388,2915122,32.333333333333336
5.0,270,2915392,54.0
26.0,1118,2916510,43.0
21.0,697,2917207,33.19047619047619
26.0,1012,2918219,38.92307692307692
22.0,808,2919027,36.72727272727273
17.0,422,2919449,24.823529411764707
15.0,591,2920040,39.4
21.0,627,2920667,29.857142857142858
12.0,342,2921009,28.5
40.0,1386,2922395,34.65
13.0,658,2923053,50.61538461538461
39.0,1630,2924683,41.794871794871796
29.0,1242,2925925,42.827586206896555
28.0,1023,2926948,36.535714285714285
30.0,1357,2928305,45.233333333333334
17.0,652,2928957,38.35294117647059
29.0,1468,2930425,50.62068965517241
28.0,1151,2931576,41.107142857142854
13.0,632,2932208,48.61538461538461
11.0,465,2932673,42.27272727272727
16.0,717,2933390,44.8125
13.0,451,2933841,34.69230769230769
17.0,1017,2934858,59.8235294117647
15.0,691,2935549,46.06666666666667
11.0,330,2935879,30.0
25.0,1004,2936883,40.16
33.0,1386,2938269,42.0
23.0,890,2939159,38.69565217391305
14.0,614,2939773,43.857142857142854
13.0,589,2940362,45.30769230769231
9.0,755,2941117,83.88888888888889
33.0,1377,2942494,41.72727272727273
29.0,1240,2943734,42.758620689655174
42.0,1551,2945285,36.92857142857143
23.0,883,2946168,38.391304347826086
39.0,1376,2947544,35.282051282051285
29.0,1042,2948586,35.93103448275862
32.0,1325,2949911,41.40625
49.0,1756,2951667,35.83673469387755
27.0,1127,2952794,41.74074074074074
23.0,851,2953645,37.0
2.0,22,2953667,11.0
19.0,900,2954567,47.36842105263158
34.0,1301,2955868,38.26470588235294
36.0,1314,2957182,36.5
46.0,1637,2958819,35.58695652173913
6.0,655,2959474,109.16666666666667
7.0,381,2959855,54.42857142857143
12.0,474,2960329,39.5
5.0,136,2960465,27.2
8.0,340,2960805,42.5
11.0,649,2961454,59.0
5.0,268,2961722,53.6
5.0,398,2962120,79.6
4.0,280,2962400,70.0
14.0,699,2963099,49.92857142857143
5.0,245,2963344,49.0
1.0,110,2963454,110.0
19.0,820,2964274,43.1578947368421
12.0,803,2965077,66.91666666666667
17.0,843,2965920,49.588235294117645
15.0,470,2966390,31.333333333333332
15.0,629,2967019,41.93333333333333
7.0,435,2967454,62.142857142857146
7.0,203,2967657,29.0
18.0,1015,2968672,56.388888888888886
12.0,606,2969278,50.5
17.0,698,2969976,41.05882352941177
8.0,356,2970332,44.5
11.0,560,2970892,50.90909090909091
4.0,297,2971189,74.25
10.0,471,2971660,47.1
3.0,95,2971755,31.666666666666668
8.0,676,2972431,84.5
18.0,688,2973119,38.22222222222222
5.0,234,2973353,46.8
3.0,141,2973494,47.0
16.0,624,2974118,39.0
5.0,204,2974322,40.8
24.0,922,2975244,38.416666666666664
18.0,756,2976000,42.0
15.0,520,2976520,34.666666666666664
33.0,1176,2977696,35.63636363636363
20.0,764,2978460,38.2
32.0,1072,2979532,33.5
39.0,1249,2980781,32.02564102564103
19.0,625,2981406,32.89473684210526
23.0,782,2982188,34.0
26.0,900,2983088,34.61538461538461
40.0,1373,2984461,34.325
6.0,276,2984737,46.0
41.0,1913,2986650,46.65853658536585
42.0,1406,2988056,33.476190476190474
5.0,152,2988208,30.4
56.0,1837,2990045,32.80357142857143
32.0,981,2991026,30.65625
7.0,186,2991212,26.571428571428573
30.0,1213,2992425,40.43333333333333
32.0,1061,2993486,33.15625
25.0,639,2994125,25.56
26.0,860,2994985,33.07692307692308
44.0,1613,2996598,36.65909090909091
51.0,2007,2998605,39.35294117647059
29.0,803,2999408,27.689655172413794
32.0,1025,3000433,32.03125
30.0,1119,3001552,37.3
25.0,1072,3002624,42.88
19.0,616,3003240,32.421052631578945
35.0,1230,3004470,35.142857142857146
32.0,1123,3005593,35.09375
11.0,445,3006038,40.45454545454545
23.0,748,3006786,32.52173913043478
37.0,1330,3008116,35.945945945945944
41.0,1628,3009744,39.707317073170735
27.0,958,3010702,35.48148148148148
33.0,1187,3011889,35.96969696969697
15.0,438,3012327,29.2
30.0,1216,3013543,40.53333333333333
27.0,861,3014404,31.88888888888889
34.0,1080,3015484,31.764705882352942
52.0,1827,3017311,35.13461538461539
27.0,814,3018125,30.14814814814815
16.0,605,3018730,37.8125
39.0,1489,3020219,38.17948717948718
34.0,1308,3021527,38.470588235294116
44.0,1487,3023014,33.79545454545455
17.0,467,3023481,27.470588235294116
35.0,1082,3024563,30.914285714285715
36.0,1139,3025702,31.63888888888889
38.0,1268,3026970,33.36842105263158
43.0,1308,3028278,30.41860465116279
27.0,785,3029063,29.074074074074073
38.0,1375,3030438,36.18421052631579
29.0,1049,3031487,36.172413793103445
25.0,700,3032187,28.0
35.0,1090,3033277,31.142857142857142
39.0,1234,3034511,31.641025641025642
27.0,890,3035401,32.96296296296296
20.0,527,3035928,26.35
23.0,687,3036615,29.869565217391305
23.0,844,3037459,36.69565217391305
21.0,698,3038157,33.23809523809524
33.0,909,3039066,27.545454545454547
35.0,948,3040014,27.085714285714285
37.0,1265,3041279,34.189189189189186
43.0,1563,3042842,36.348837209302324
29.0,1298,3044140,44.758620689655174
25.0,736,3044876,29.44
13.0,467,3045343,35.92307692307692
13.0,440,3045783,33.84615384615385
44.0,1314,3047097,29.863636363636363
21.0,878,3047975,41.80952380952381
31.0,941,3048916,30.35483870967742
15.0,475,3049391,31.666666666666668
38.0,1243,3050634,32.71052631578947
7.0,208,3050842,29.714285714285715
33.0,1165,3052007,35.303030303030305
30.0,691,3052698,23.033333333333335
27.0,841,3053539,31.14814814814815
31.0,956,3054495,30.838709677419356
30.0,991,3055486,33.03333333333333
46.0,1483,3056969,32.23913043478261
5.0,69,3057038,13.8
32.0,1081,3058119,33.78125
38.0,1053,3059172,27.710526315789473
26.0,873,3060045,33.57692307692308
34.0,947,3060992,27.852941176470587
19.0,573,3061565,30.157894736842106
7.0,248,3061813,35.42857142857143
13.0,430,3062243,33.07692307692308
35.0,1176,3063419,33.6
15.0,449,3063868,29.933333333333334
19.0,1016,3064884,53.473684210526315
14.0,391,3065275,27.928571428571427
22.0,642,3065917,29.181818181818183
16.0,565,3066482,35.3125
23.0,678,3067160,29.47826086956522
21.0,724,3067884,34.476190476190474
12.0,396,3068280,33.0
1.0,469,3068749,469.0
26.0,922,3069671,35.46153846153846
18.0,573,3070244,31.833333333333332
9.0,288,3070532,32.0
14.0,418,3070950,29.857142857142858
4.0,580,3071530,145.0
21.0,664,3072194,31.61904761904762
7.0,298,3072492,42.57142857142857
26.0,939,3073431,36.11538461538461
5.0,558,3073989,111.6
27.0,785,3074774,29.074074074074073
27.0,829,3075603,30.703703703703702
0.0,441,3076044,inf
3.0,87,3076131,29.0
4.0,134,3076265,33.5
21.0,598,3076863,28.476190476190474
5.0,183,3077046,36.6
12.0,526,3077572,43.833333333333336
3.0,84,3077656,28.0
11.0,374,3078030,34.0
23.0,674,3078704,29.304347826086957
31.0,871,3079575,28.096774193548388
33.0,1165,3080740,35.303030303030305
12.0,335,3081075,27.916666666666668
0.0,441,3081516,inf
21.0,525,3082041,25.0
20.0,647,3082688,32.35
19.0,584,3083272,30.736842105263158
14.0,381,3083653,27.214285714285715
25.0,969,3084622,38.76
22.0,826,3085448,37.54545454545455
20.0,563,3086011,28.15
13.0,352,3086363,27.076923076923077
32.0,898,3087261,28.0625
22.0,834,3088095,37.90909090909091
16.0,510,3088605,31.875
20.0,674,3089279,33.7
22.0,857,3090136,38.95454545454545
16.0,501,3090637,31.3125
23.0,721,3091358,31.347826086956523
21.0,870,3092228,41.42857142857143
30.0,987,3093215,32.9
9.0,372,3093587,41.333333333333336
30.0,1071,3094658,35.7
12.0,484,3095142,40.333333333333336
10.0,257,3095399,25.7
5.0,164,3095563,32.8
3.0,126,3095689,42.0
3.0,135,3095824,45.0
22.0,781,3096605,35.5
16.0,705,3097310,44.0625
19.0,577,3097887,30.36842105263158
9.0,334,3098221,37.111111111111114
31.0,1010,3099231,32.58064516129032
23.0,718,3099949,31.217391304347824
0.0,441,3100390,inf
31.0,962,3101352,31.032258064516128
16.0,427,3101779,26.6875
25.0,987,3102766,39.48
7.0,300,3103066,42.857142857142854
15.0,322,3103388,21.466666666666665
0.0,441,3103829,inf
24.0,705,3104534,29.375
3.0,201,3104735,67.0
14.0,841,3105576,60.07142857142857
8.0,194,3105770,24.25
41.0,1188,3106958,28.975609756097562
19.0,975,3107933,51.31578947368421
7.0,648,3108581,92.57142857142857
14.0,434,3109015,31.0
11.0,402,3109417,36.54545454545455
8.0,331,3109748,41.375
24.0,757,3110505,31.541666666666668
16.0,712,3111217,44.5
17.0,473,3111690,27.823529411764707
6.0,122,3111812,20.333333333333332
2.0,120,3111932,60.0
4.0,204,3112136,51.0
22.0,1058,3113194,48.09090909090909
7.0,428,3113622,61.142857142857146
5.0,143,3113765,28.6
14.0,394,3114159,28.142857142857142
9.0,248,3114407,27.555555555555557
2.0,538,3114945,269.0
12.0,458,3115403,38.166666666666664
3.0,161,3115564,53.666666666666664
8.0,310,3115874,38.75
1.0,461,3116335,461.0
5.0,135,3116470,27.0
0.0,89,3116559,inf
5.0,138,3116697,27.6
15.0,626,3117323,41.733333333333334
4.0,92,3117415,23.0
6.0,161,3117576,26.833333333333332
18.0,558,3118134,31.0
35.0,1057,3119191,30.2
17.0,507,3119698,29.823529411764707
1.0,60,3119758,60.0
35.0,1100,3120858,31.428571428571427
19.0,704,3121562,37.05263157894737
36.0,1188,3122750,33.0
2.0,35,3122785,17.5
16.0,539,3123324,33.6875
6.0,240,3123564,40.0
10.0,338,3123902,33.8
20.0,771,3124673,38.55
18.0,588,3125261,32.666666666666664
8.0,302,3125563,37.75
20.0,555,3126118,27.75
14.0,550,3126668,39.285714285714285
9.0,354,3127022,39.333333333333336
15.0,526,3127548,35.06666666666667
17.0,423,3127971,24.88235294117647
7.0,310,3128281,44.285714285714285
31.0,1064,3129345,34.32258064516129
25.0,794,3130139,31.76
5.0,178,3130317,35.6
19.0,498,3130815,26.210526315789473
6.0,310,3131125,51.666666666666664
13.0,552,3131677,42.46153846153846
17.0,597,3132274,35.11764705882353
25.0,1055,3133329,42.2
6.0,613,3133942,102.16666666666667
4.0,142,3134084,35.5
13.0,473,3134557,36.38461538461539
4.0,134,3134691,33.5
26.0,824,3135515,31.692307692307693
14.0,400,3135915,28.571428571428573
2.0,91,3136006,45.5
14.0,385,3136391,27.5
14.0,439,3136830,31.357142857142858
44.0,1401,3138231,31.84090909090909
13.0,444,3138675,34.15384615384615
26.0,787,3139462,30.26923076923077
20.0,588,3140050,29.4
11.0,294,3140344,26.727272727272727
41.0,1253,3141597,30.5609756097561
12.0,378,3141975,31.5
18.0,563,3142538,31.27777777777778
0.0,25,3142563,inf
31.0,901,3143464,29.06451612903226
8.0,143,3143607,17.875
17.0,492,3144099,28.941176470588236
37.0,1166,3145265,31.513513513513512
11.0,742,3146007,67.45454545454545
15.0,448,3146455,29.866666666666667
24.0,832,3147287,34.666666666666664
14.0,434,3147721,31.0
3.0,99,3147820,33.0
12.0,367,3148187,30.583333333333332
28.0,935,3149122,33.392857142857146
24.0,764,3149886,31.833333333333332
35.0,1067,3150953,30.485714285714284
10.0,308,3151261,30.8
30.0,1019,3152280,33.96666666666667
31.0,984,3153264,31.741935483870968
13.0,443,3153707,34.07692307692308
18.0,611,3154318,33.94444444444444
29.0,960,3155278,33.10344827586207
6.0,140,3155418,23.333333333333332
28.0,861,3156279,30.75
9.0,208,3156487,23.11111111111111
20.0,558,3157045,27.9
24.0,661,3157706,27.541666666666668
19.0,563,3158269,29.63157894736842
21.0,653,3158922,31.095238095238095
15.0,526,3159448,35.06666666666667
24.0,818,3160266,34.083333333333336
18.0,533,3160799,29.61111111111111
25.0,695,3161494,27.8
39.0,1098,3162592,28.153846153846153
9.0,250,3162842,27.77777777777778
27.0,865,3163707,32.03703703703704
31.0,949,3164656,30.612903225806452
22.0,722,3165378,32.81818181818182
28.0,976,3166354,34.857142857142854
18.0,549,3166903,30.5
25.0,793,3167696,31.72
23.0,589,3168285,25.608695652173914
28.0,830,3169115,29.642857142857142
30.0,863,3169978,28.766666666666666
24.0,679,3170657,28.291666666666668
7.0,615,3171272,87.85714285714286
19.0,665,3171937,35.0
14.0,430,3172367,30.714285714285715
11.0,274,3172641,24.90909090909091
19.0,735,3173376,38.68421052631579
9.0,348,3173724,38.666666666666664
27.0,700,3174424,25.925925925925927
9.0,309,3174733,34.333333333333336
34.0,920,3175653,27.058823529411764
9.0,295,3175948,32.77777777777778
19.0,565,3176513,29.736842105263158
17.0,461,3176974,27.11764705882353
2.0,517,3177491,258.5
21.0,495,3177986,23.571428571428573
25.0,566,3178552,22.64
24.0,710,3179262,29.583333333333332
3.0,516,3179778,172.0
16.0,460,3180238,28.75
7.0,119,3180357,17.0
31.0,754,3181111,24.322580645161292
5.0,195,3181306,39.0
13.0,295,3181601,22.692307692307693
12.0,525,3182126,43.75
15.0,461,3182587,30.733333333333334
2.0,482,3183069,241.0
36.0,1364,3184433,37.888888888888886
5.0,592,3185025,118.4
20.0,553,3185578,27.65
9.0,277,3185855,30.77777777777778
27.0,1145,3187000,42.407407407407405
27.0,769,3187769,28.48148148148148
19.0,997,3188766,52.473684210526315
22.0,706,3189472,32.09090909090909
8.0,608,3190080,76.0
18.0,533,3190613,29.61111111111111
16.0,977,3191590,61.0625
9.0,700,3192290,77.77777777777777
4.0,618,3192908,154.5
21.0,626,3193534,29.80952380952381
9.0,246,3193780,27.333333333333332
25.0,610,3194390,24.4
16.0,470,3194860,29.375
24.0,653,3195513,27.208333333333332
33.0,1259,3196772,38.15151515151515
38.0,1013,3197785,26.657894736842106
15.0,399,3198184,26.6
7.0,146,3198330,20.857142857142858
27.0,773,3199103,28.62962962962963
16.0,429,3199532,26.8125
18.0,595,3200127,33.05555555555556
17.0,465,3200592,27.352941176470587
26.0,710,3201302,27.307692307692307
7.0,174,3201476,24.857142857142858
18.0,422,3201898,23.444444444444443
5.0,151,3202049,30.2
15.0,410,3202459,27.333333333333332
14.0,315,3202774,22.5
22.0,672,3203446,30.545454545454547
26.0,862,3204308,33.15384615384615
5.0,132,3204440,26.4
14.0,355,3204795,25.357142857142858
13.0,418,3205213,32.15384615384615
7.0,146,3205359,20.857142857142858
8.0,238,3205597,29.75
10.0,291,3205888,29.1
9.0,194,3206082,21.555555555555557
4.0,92,3206174,23.0
6.0,183,3206357,30.5
10.0,308,3206665,30.8
2.0,39,3206704,19.5
11.0,337,3207041,30.636363636363637
8.0,217,3207258,27.125
39.0,1138,3208396,29.17948717948718
11.0,238,3208634,21.636363636363637
12.0,274,3208908,22.833333333333332
18.0,487,3209395,27.055555555555557
21.0,547,3209942,26.047619047619047
20.0,550,3210492,27.5
9.0,228,3210720,25.333333333333332
17.0,481,3211201,28.294117647058822
10.0,287,3211488,28.7
27.0,709,3212197,26.25925925925926
32.0,1029,3213226,32.15625
27.0,819,3214045,30.333333333333332
20.0,380,3214425,19.0
17.0,444,3214869,26.11764705882353
15.0,488,3215357,32.53333333333333
18.0,461,3215818,25.61111111111111
15.0,494,3216312,32.93333333333333
6.0,208,3216520,34.666666666666664
20.0,484,3217004,24.2
15.0,438,3217442,29.2
45.0,1355,3218797,30.11111111111111
32.0,779,3219576,24.34375
34.0,1082,3220658,31.823529411764707
42.0,1209,3221867,28.785714285714285
27.0,776,3222643,28.74074074074074
33.0,955,3223598,28.939393939393938
22.0,709,3224307,32.22727272727273
34.0,968,3225275,28.470588235294116
14.0,304,3225579,21.714285714285715
20.0,500,3226079,25.0
16.0,370,3226449,23.125
15.0,305,3226754,20.333333333333332
21.0,604,3227358,28.761904761904763
41.0,1097,3228455,26.75609756097561
23.0,734,3229189,31.91304347826087
20.0,545,3229734,27.25
16.0,497,3230231,31.0625
29.0,844,3231075,29.103448275862068
24.0,687,3231762,28.625
36.0,1135,3232897,31.52777777777778
15.0,359,3233256,23.933333333333334
27.0,869,3234125,32.18518518518518
45.0,1258,3235383,27.955555555555556
18.0,471,3235854,26.166666666666668
8.0,232,3236086,29.0
13.0,388,3236474,29.846153846153847
20.0,486,3236960,24.3
30.0,827,3237787,27.566666666666666
33.0,884,3238671,26.78787878787879
21.0,598,3239269,28.476190476190474
27.0,751,3240020,27.814814814814813
26.0,711,3240731,27.346153846153847
14.0,417,3241148,29.785714285714285
25.0,620,3241768,24.8
8.0,260,3242028,32.5
24.0,686,3242714,28.583333333333332
10.0,290,3243004,29.0
35.0,1063,3244067,30.37142857142857
27.0,797,3244864,29.51851851851852
7.0,108,3244972,15.428571428571429
18.0,545,3245517,30.27777777777778
32.0,775,3246292,24.21875
18.0,467,3246759,25.944444444444443
29.0,1021,3247780,35.206896551724135
13.0,402,3248182,30.923076923076923
20.0,614,3248796,30.7
14.0,445,3249241,31.785714285714285
23.0,621,3249862,27.0
7.0,148,3250010,21.142857142857142
12.0,310,3250320,25.833333333333332
19.0,502,3250822,26.42105263157895
13.0,440,3251262,33.84615384615385
18.0,452,3251714,25.11111111111111
21.0,495,3252209,23.571428571428573
20.0,545,3252754,27.25
14.0,427,3253181,30.5
15.0,458,3253639,30.533333333333335
23.0,734,3254373,31.91304347826087
21.0,571,3254944,27.19047619047619
17.0,423,3255367,24.88235294117647
25.0,626,3255993,25.04
10.0,229,3256222,22.9
31.0,900,3257122,29.032258064516128
18.0,591,3257713,32.833333333333336
7.0,256,3257969,36.57142857142857
9.0,250,3258219,27.77777777777778
20.0,543,3258762,27.15
37.0,1059,3259821,28.62162162162162
24.0,696,3260517,29.0
15.0,453,3260970,30.2
30.0,836,3261806,27.866666666666667
24.0,645,3262451,26.875
15.0,384,3262835,25.6
25.0,714,3263549,28.56
12.0,328,3263877,27.333333333333332
28.0,843,3264720,30.107142857142858
4.0,114,3264834,28.5
32.0,847,3265681,26.46875
31.0,743,3266424,23.967741935483872
14.0,450,3266874,32.142857142857146
18.0,496,3267370,27.555555555555557
11.0,390,3267760,35.45454545454545
21.0,632,3268392,30.095238095238095
14.0,361,3268753,25.785714285714285
11.0,421,3269174,38.27272727272727
21.0,602,3269776,28.666666666666668
29.0,1024,3270800,35.310344827586206
18.0,649,3271449,36.05555555555556
25.0,703,3272152,28.12
24.0,719,3272871,29.958333333333332
11.0,331,3273202,30.09090909090909
25.0,684,3273886,27.36
24.0,628,3274514,26.166666666666668
31.0,935,3275449,30.161290322580644
22.0,678,3276127,30.818181818181817
26.0,812,3276939,31.23076923076923
27.0,836,3277775,30.962962962962962
10.0,307,3278082,30.7
48.0,1379,3279461,28.729166666666668
12.0,320,3279781,26.666666666666668
18.0,509,3280290,28.27777777777778
16.0,469,3280759,29.3125
20.0,680,3281439,34.0
8.0,147,3281586,18.375
5.0,142,3281728,28.4
24.0,661,3282389,27.541666666666668
14.0,384,3282773,27.428571428571427
34.0,1034,3283807,30.41176470588235
15.0,428,3284235,28.533333333333335
6.0,177,3284412,29.5
13.0,376,3284788,28.923076923076923
25.0,645,3285433,25.8
25.0,702,3286135,28.08
19.0,564,3286699,29.68421052631579
32.0,873,3287572,27.28125
20.0,624,3288196,31.2
17.0,489,3288685,28.764705882352942
36.0,1141,3289826,31.694444444444443
10.0,329,3290155,32.9
13.0,409,3290564,31.46153846153846
19.0,595,3291159,31.31578947368421
40.0,1128,3292287,28.2
16.0,420,3292707,26.25
18.0,513,3293220,28.5
38.0,1098,3294318,28.894736842105264
24.0,631,3294949,26.291666666666668
30.0,754,3295703,25.133333333333333
6.0,190,3295893,31.666666666666668
35.0,957,3296850,27.34285714285714
13.0,339,3297189,26.076923076923077
28.0,757,3297946,27.035714285714285
23.0,540,3298486,23.47826086956522
24.0,645,3299131,26.875
28.0,817,3299948,29.178571428571427
24.0,673,3300621,28.041666666666668
18.0,524,3301145,29.11111111111111
14.0,293,3301438,20.928571428571427
20.0,511,3301949,25.55
19.0,546,3302495,28.736842105263158
22.0,629,3303124,28.59090909090909
25.0,687,3303811,27.48
7.0,166,3303977,23.714285714285715
9.0,229,3304206,25.444444444444443
12.0,332,3304538,27.666666666666668
31.0,851,3305389,27.451612903225808
5.0,113,3305502,22.6
17.0,415,3305917,24.41176470588235
27.0,730,3306647,27.037037037037038
32.0,756,3307403,23.625
35.0,863,3308266,24.65714285714286
15.0,454,3308720,30.266666666666666
14.0,379,3309099,27.071428571428573
24.0,780,3309879,32.5
20.0,498,3310377,24.9
23.0,680,3311057,29.565217391304348
20.0,605,3311662,30.25
14.0,435,3312097,31.071428571428573
28.0,733,3312830,26.178571428571427
10.0,261,3313091,26.1
32.0,845,3313936,26.40625
30.0,764,3314700,25.466666666666665
16.0,473,3315173,29.5625
7.0,127,3315300,18.142857142857142
39.0,1043,3316343,26.743589743589745
28.0,823,3317166,29.392857142857142
19.0,541,3317707,28.473684210526315
18.0,636,3318343,35.333333333333336
25.0,671,3319014,26.84
13.0,312,3319326,24.0
20.0,695,3320021,34.75
2.0,56,3320077,28.0
17.0,502,3320579,29.529411764705884
30.0,857,3321436,28.566666666666666
2.0,68,3321504,34.0
3.0,94,3321598,31.333333333333332
0.0,11,3321609,inf
8.0,235,3321844,29.375
4.0,76,3321920,19.0
39.0,1247,3323167,31.974358974358974
23.0,691,3323858,30.043478260869566
32.0,973,3324831,30.40625
5.0,87,3324918,17.4
8.0,206,3325124,25.75
25.0,760,3325884,30.4
15.0,400,3326284,26.666666666666668
1.0,12,3326296,12.0
8.0,302,3326598,37.75
47.0,1491,3328089,31.72340425531915
35.0,985,3329074,28.142857142857142
14.0,448,3329522,32.0
21.0,672,3330194,32.0
35.0,1153,3331347,32.94285714285714
11.0,283,3331630,25.727272727272727
1.0,7,3331637,7.0
2.0,65,3331702,32.5
23.0,727,3332429,31.608695652173914
6.0,205,3332634,34.166666666666664
5.0,103,3332737,20.6
15.0,433,3333170,28.866666666666667
3.0,101,3333271,33.666666666666664
0.0,22,3333293,inf
26.0,699,3333992,26.884615384615383
35.0,1203,3335195,34.371428571428574
31.0,1006,3336201,32.45161290322581
24.0,678,3336879,28.25
25.0,812,3337691,32.48
16.0,521,3338212,32.5625
29.0,909,3339121,31.344827586206897
20.0,589,3339710,29.45
7.0,184,3339894,26.285714285714285
8.0,208,3340102,26.0
10.0,287,3340389,28.7
28.0,956,3341345,34.142857142857146
19.0,540,3341885,28.42105263157895
22.0,990,3342875,45.0
25.0,693,3343568,27.72
11.0,382,3343950,34.72727272727273
19.0,530,3344480,27.894736842105264
27.0,735,3345215,27.22222222222222
39.0,1066,3346281,27.333333333333332
6.0,122,3346403,20.333333333333332
27.0,654,3347057,24.22222222222222
26.0,821,3347878,31.576923076923077
26.0,676,3348554,26.0
16.0,444,3348998,27.75
28.0,809,3349807,28.892857142857142
22.0,612,3350419,27.818181818181817
31.0,922,3351341,29.741935483870968
10.0,277,3351618,27.7
19.0,462,3352080,24.31578947368421
9.0,223,3352303,24.77777777777778
20.0,632,3352935,31.6
22.0,649,3353584,29.5
7.0,189,3353773,27.0
5.0,113,3353886,22.6
20.0,502,3354388,25.1
28.0,828,3355216,29.571428571428573
15.0,402,3355618,26.8
16.0,501,3356119,31.3125
10.0,306,3356425,30.6
8.0,172,3356597,21.5
10.0,193,3356790,19.3
11.0,264,3357054,24.0
35.0,983,3358037,28.085714285714285
17.0,462,3358499,27.176470588235293
11.0,301,3358800,27.363636363636363
43.0,1078,3359878,25.069767441860463
28.0,828,3360706,29.571428571428573
6.0,174,3360880,29.0
24.0,563,3361443,23.458333333333332
24.0,749,3362192,31.208333333333332
20.0,585,3362777,29.25
13.0,346,3363123,26.615384615384617
1.0,71,3363194,71.0
30.0,834,3364028,27.8
6.0,225,3364253,37.5
41.0,1770,3366023,43.170731707317074
10.0,246,3366269,24.6
21.0,592,3366861,28.19047619047619
17.0,527,3367388,31.0
20.0,409,3367797,20.45
21.0,548,3368345,26.095238095238095
28.0,700,3369045,25.0
10.0,261,3369306,26.1
18.0,401,3369707,22.27777777777778
14.0,371,3370078,26.5
33.0,961,3371039,29.12121212121212
19.0,575,3371614,30.263157894736842
23.0,701,3372315,30.47826086956522
32.0,808,3373123,25.25
15.0,374,3373497,24.933333333333334
25.0,644,3374141,25.76
16.0,391,3374532,24.4375
21.0,570,3375102,27.142857142857142
15.0,494,3375596,32.93333333333333
22.0,542,3376138,24.636363636363637
35.0,953,3377091,27.228571428571428
12.0,278,3377369,23.166666666666668
11.0,290,3377659,26.363636363636363
18.0,488,3378147,27.11111111111111
38.0,1003,3379150,26.394736842105264
34.0,917,3380067,26.970588235294116
23.0,674,3380741,29.304347826086957
14.0,310,3381051,22.142857142857142
23.0,689,3381740,29.956521739130434
26.0,598,3382338,23.0
15.0,419,3382757,27.933333333333334
22.0,548,3383305,24.90909090909091
26.0,687,3383992,26.423076923076923
31.0,987,3384979,31.838709677419356
16.0,433,3385412,27.0625
38.0,1071,3386483,28.18421052631579
29.0,817,3387300,28.17241379310345
39.0,1112,3388412,28.512820512820515
7.0,99,3388511,14.142857142857142
19.0,516,3389027,27.157894736842106
34.0,896,3389923,26.352941176470587
29.0,920,3390843,31.724137931034484
14.0,381,3391224,27.214285714285715
16.0,415,3391639,25.9375
8.0,183,3391822,22.875
14.0,324,3392146,23.142857142857142
21.0,578,3392724,27.523809523809526
12.0,329,3393053,27.416666666666668
22.0,576,3393629,26.181818181818183
29.0,809,3394438,27.896551724137932
29.0,767,3395205,26.448275862068964
25.0,546,3395751,21.84
27.0,807,3396558,29.88888888888889
15.0,439,3396997,29.266666666666666
18.0,526,3397523,29.22222222222222
22.0,498,3398021,22.636363636363637
39.0,1102,3399123,28.256410256410255
23.0,703,3399826,30.565217391304348
26.0,727,3400553,27.96153846153846
14.0,383,3400936,27.357142857142858
31.0,869,3401805,28.032258064516128
22.0,610,3402415,27.727272727272727
18.0,445,3402860,24.72222222222222
36.0,1013,3403873,28.13888888888889
31.0,862,3404735,27.806451612903224
46.0,1340,3406075,29.130434782608695
21.0,579,3406654,27.571428571428573
32.0,887,3407541,27.71875
28.0,830,3408371,29.642857142857142
26.0,727,3409098,27.96153846153846
2.0,39,3409137,19.5
8.0,216,3409353,27.0
16.0,470,3409823,29.375
26.0,746,3410569,28.692307692307693
24.0,621,3411190,25.875
36.0,987,3412177,27.416666666666668
14.0,444,3412621,31.714285714285715
30.0,895,3413516,29.833333333333332
34.0,1132,3414648,33.294117647058826
32.0,1038,3415686,32.4375
15.0,384,3416070,25.6
33.0,838,3416908,25.393939393939394
8.0,197,3417105,24.625
18.0,500,3417605,27.77777777777778
30.0,720,3418325,24.0
24.0,640,3418965,26.666666666666668
22.0,751,3419716,34.13636363636363
35.0,956,3420672,27.314285714285713
15.0,394,3421066,26.266666666666666
37.0,1036,3422102,28.0
23.0,623,3422725,27.08695652173913
36.0,911,3423636,25.305555555555557
10.0,240,3423876,24.0
10.0,237,3424113,23.7
20.0,488,3424601,24.4
32.0,948,3425549,29.625
16.0,487,3426036,30.4375
13.0,417,3426453,32.07692307692308
11.0,314,3426767,28.545454545454547
10.0,244,3427011,24.4
17.0,433,3427444,25.470588235294116
20.0,529,3427973,26.45
19.0,572,3428545,30.105263157894736
3.0,76,3428621,25.333333333333332
31.0,910,3429531,29.35483870967742
16.0,624,3430155,39.0
21.0,580,3430735,27.61904761904762
24.0,639,3431374,26.625
8.0,195,3431569,24.375
25.0,845,3432414,33.8
14.0,279,3432693,19.928571428571427
48.0,1589,3434282,33.104166666666664
42.0,1093,3435375,26.023809523809526
20.0,623,3435998,31.15
19.0,432,3436430,22.736842105263158
10.0,260,3436690,26.0
11.0,303,3436993,27.545454545454547
17.0,528,3437521,31.058823529411764
28.0,730,3438251,26.071428571428573
18.0,486,3438737,27.0
22.0,610,3439347,27.727272727272727
10.0,273,3439620,27.3
32.0,1090,3440710,34.0625
8.0,231,3440941,28.875
24.0,689,3441630,28.708333333333332
26.0,700,3442330,26.923076923076923
14.0,407,3442737,29.071428571428573
10.0,229,3442966,22.9
40.0,1167,3444133,29.175
15.0,352,3444485,23.466666666666665
31.0,892,3445377,28.774193548387096
12.0,311,3445688,25.916666666666668
10.0,241,3445929,24.1
6.0,153,3446082,25.5
27.0,800,3446882,29.62962962962963
11.0,336,3447218,30.545454545454547
17.0,460,3447678,27.058823529411764
22.0,638,3448316,29.0
9.0,308,3448624,34.22222222222222
26.0,665,3449289,25.576923076923077
22.0,555,3449844,25.227272727272727
13.0,287,3450131,22.076923076923077
38.0,1130,3451261,29.736842105263158
19.0,514,3451775,27.05263157894737
11.0,339,3452114,30.818181818181817
11.0,307,3452421,27.90909090909091
11.0,328,3452749,29.818181818181817
23.0,625,3453374,27.17391304347826
15.0,470,3453844,31.333333333333332
12.0,313,3454157,26.083333333333332
27.0,690,3454847,25.555555555555557
9.0,287,3455134,31.88888888888889
12.0,355,3455489,29.583333333333332
26.0,879,3456368,33.80769230769231
30.0,751,3457119,25.033333333333335
31.0,806,3457925,26.0
10.0,274,3458199,27.4
34.0,969,3459168,28.5
26.0,783,3459951,30.115384615384617
19.0,548,3460499,28.842105263157894
24.0,636,3461135,26.5
11.0,359,3461494,32.63636363636363
11.0,278,3461772,25.272727272727273
7.0,212,3461984,30.285714285714285
40.0,1166,3463150,29.15
25.0,707,3463857,28.28
4.0,125,3463982,31.25
18.0,512,3464494,28.444444444444443
22.0,591,3465085,26.863636363636363
24.0,597,3465682,24.875
16.0,402,3466084,25.125
8.0,231,3466315,28.875
7.0,248,3466563,35.42857142857143
45.0,1297,3467860,28.822222222222223
15.0,365,3468225,24.333333333333332
15.0,390,3468615,26.0
26.0,837,3469452,32.19230769230769
20.0,463,3469915,23.15
17.0,564,3470479,33.1764705882353
20.0,554,3471033,27.7
32.0,913,3471946,28.53125
17.0,416,3472362,24.470588235294116
22.0,516,3472878,23.454545454545453
18.0,438,3473316,24.333333333333332
30.0,790,3474106,26.333333333333332
21.0,521,3474627,24.80952380952381
13.0,522,3475149,40.15384615384615
6.0,181,3475330,30.166666666666668
1.0,41,3475371,41.0
26.0,817,3476188,31.423076923076923
3.0,80,3476268,26.666666666666668
21.0,585,3476853,27.857142857142858
18.0,621,3477474,34.5
24.0,786,3478260,32.75
31.0,1159,3479419,37.38709677419355
23.0,702,3480121,30.52173913043478
16.0,510,3480631,31.875
29.0,899,3481530,31.0
15.0,434,3481964,28.933333333333334
17.0,435,3482399,25.58823529411765
21.0,641,3483040,30.523809523809526
21.0,522,3483562,24.857142857142858
27.0,1232,3484794,45.629629629629626
20.0,526,3485320,26.3
18.0,438,3485758,24.333333333333332
19.0,713,3486471,37.526315789473685
14.0,276,3486747,19.714285714285715
14.0,886,3487633,63.285714285714285
21.0,463,3488096,22.047619047619047
9.0,728,3488824,80.88888888888889
31.0,1093,3489917,35.25806451612903
19.0,522,3490439,27.473684210526315
18.0,704,3491143,39.111111111111114
17.0,519,3491662,30.529411764705884
20.0,658,3492320,32.9
6.0,622,3492942,103.66666666666667
18.0,614,3493556,34.111111111111114
26.0,811,3494367,31.192307692307693
29.0,1070,3495437,36.89655172413793
20.0,457,3495894,22.85
7.0,310,3496204,44.285714285714285
7.0,287,3496491,41.0
25.0,985,3497476,39.4
12.0,441,3497917,36.75
21.0,772,3498689,36.76190476190476
17.0,645,3499334,37.94117647058823
13.0,376,3499710,28.923076923076923
34.0,1097,3500807,32.26470588235294
26.0,1083,3501890,41.65384615384615
15.0,435,3502325,29.0
15.0,454,3502779,30.266666666666666
30.0,1005,3503784,33.5
19.0,663,3504447,34.89473684210526
16.0,536,3504983,33.5
10.0,268,3505251,26.8
25.0,842,3506093,33.68
16.0,535,3506628,33.4375
9.0,235,3506863,26.11111111111111
9.0,220,3507083,24.444444444444443
31.0,942,3508025,30.387096774193548
17.0,563,3508588,33.11764705882353
20.0,586,3509174,29.3
23.0,673,3509847,29.26086956521739
10.0,308,3510155,30.8
29.0,835,3510990,28.79310344827586
15.0,382,3511372,25.466666666666665
6.0,101,3511473,16.833333333333332
11.0,295,3511768,26.818181818181817
7.0,198,3511966,28.285714285714285
14.0,529,3512495,37.785714285714285
14.0,280,3512775,20.0
10.0,349,3513124,34.9
21.0,749,3513873,35.666666666666664
16.0,705,3514578,44.0625
15.0,426,3515004,28.4
3.0,182,3515186,60.666666666666664
8.0,204,3515390,25.5
6.0,234,3515624,39.0
9.0,346,3515970,38.44444444444444
31.0,1046,3517016,33.74193548387097
16.0,546,3517562,34.125
30.0,1037,3518599,34.56666666666667
25.0,925,3519524,37.0
16.0,453,3519977,28.3125
36.0,1232,3521209,34.22222222222222
41.0,1388,3522597,33.853658536585364
18.0,621,3523218,34.5
29.0,994,3524212,34.275862068965516
4.0,168,3524380,42.0
29.0,766,3525146,26.413793103448278
11.0,425,3525571,38.63636363636363
11.0,203,3525774,18.454545454545453
35.0,1157,3526931,33.05714285714286
25.0,665,3527596,26.6
28.0,889,3528485,31.75
25.0,749,3529234,29.96
26.0,834,3530068,32.07692307692308
13.0,475,3530543,36.53846153846154
29.0,889,3531432,30.655172413793103
22.0,631,3532063,28.681818181818183
17.0,482,3532545,28.352941176470587
23.0,674,3533219,29.304347826086957
11.0,324,3533543,29.454545454545453
9.0,260,3533803,28.88888888888889
18.0,600,3534403,33.333333333333336
15.0,449,3534852,29.933333333333334
20.0,525,3535377,26.25
25.0,1091,3536468,43.64
35.0,1240,3537708,35.42857142857143
18.0,485,3538193,26.944444444444443
11.0,314,3538507,28.545454545454547
13.0,369,3538876,28.384615384615383
19.0,525,3539401,27.63157894736842
24.0,820,3540221,34.166666666666664
11.0,341,3540562,31.0
11.0,305,3540867,27.727272727272727
30.0,1120,3541987,37.333333333333336
19.0,501,3542488,26.36842105263158
28.0,937,3543425,33.464285714285715
10.0,351,3543776,35.1
14.0,401,3544177,28.642857142857142
13.0,432,3544609,33.23076923076923
35.0,1136,3545745,32.457142857142856
4.0,185,3545930,46.25
19.0,434,3546364,22.842105263157894
25.0,799,3547163,31.96
19.0,755,3547918,39.73684210526316
25.0,1005,3548923,40.2
18.0,570,3549493,31.666666666666668
19.0,656,3550149,34.526315789473685
24.0,671,3550820,27.958333333333332
26.0,708,3551528,27.23076923076923
33.0,1153,3552681,34.93939393939394
24.0,950,3553631,39.583333333333336
2.0,72,3553703,36.0
17.0,464,3554167,27.294117647058822
27.0,679,3554846,25.14814814814815
33.0,1149,3555995,34.81818181818182
9.0,232,3556227,25.77777777777778
3.0,93,3556320,31.0
35.0,1088,3557408,31.085714285714285
35.0,1001,3558409,28.6
24.0,676,3559085,28.166666666666668
14.0,578,3559663,41.285714285714285
24.0,502,3560165,20.916666666666668
18.0,506,3560671,28.11111111111111
6.0,278,3560949,46.333333333333336
35.0,1210,3562159,34.57142857142857
20.0,557,3562716,27.85
29.0,1017,3563733,35.06896551724138
14.0,417,3564150,29.785714285714285
26.0,879,3565029,33.80769230769231
34.0,1211,3566240,35.61764705882353
15.0,715,3566955,47.666666666666664
24.0,701,3567656,29.208333333333332
10.0,337,3567993,33.7
26.0,1014,3569007,39.0
27.0,897,3569904,33.22222222222222
30.0,907,3570811,30.233333333333334
14.0,449,3571260,32.07142857142857
4.0,79,3571339,19.75
23.0,738,3572077,32.08695652173913
16.0,555,3572632,34.6875
30.0,1096,3573728,36.53333333333333
25.0,881,3574609,35.24
19.0,725,3575334,38.1578947368421
3.0,117,3575451,39.0
32.0,1101,3576552,34.40625
10.0,553,3577105,55.3
8.0,319,3577424,39.875
22.0,729,3578153,33.13636363636363
32.0,1210,3579363,37.8125
31.0,1047,3580410,33.774193548387096
26.0,900,3581310,34.61538461538461
14.0,575,3581885,41.07142857142857
21.0,692,3582577,32.95238095238095
19.0,531,3583108,27.94736842105263
14.0,481,3583589,34.357142857142854
28.0,927,3584516,33.107142857142854
3.0,85,3584601,28.333333333333332
5.0,243,3584844,48.6
24.0,850,3585694,35.416666666666664
34.0,1201,3586895,35.3235294117647
16.0,608,3587503,38.0
16.0,504,3588007,31.5
28.0,983,3588990,35.107142857142854
25.0,835,3589825,33.4
28.0,736,3590561,26.285714285714285
17.0,435,3590996,25.58823529411765
15.0,579,3591575,38.6
8.0,190,3591765,23.75
8.0,258,3592023,32.25
19.0,554,3592577,29.157894736842106
8.0,188,3592765,23.5
14.0,421,3593186,30.071428571428573
12.0,401,3593587,33.416666666666664
21.0,635,3594222,30.238095238095237
5.0,183,3594405,36.6
34.0,1443,3595848,42.44117647058823
12.0,354,3596202,29.5
20.0,705,3596907,35.25
9.0,360,3597267,40.0
26.0,737,3598004,28.346153846153847
15.0,461,3598465,30.733333333333334
27.0,1087,3599552,40.25925925925926
19.0,621,3600173,32.68421052631579
19.0,591,3600764,31.105263157894736
26.0,898,3601662,34.53846153846154
34.0,1162,3602824,34.1764705882353
28.0,1079,3603903,38.535714285714285
13.0,584,3604487,44.92307692307692
19.0,539,3605026,28.36842105263158
21.0,635,3605661,30.238095238095237
14.0,348,3606009,24.857142857142858
11.0,489,3606498,44.45454545454545
6.0,263,3606761,43.833333333333336
30.0,1173,3607934,39.1
7.0,247,3608181,35.285714285714285
25.0,728,3608909,29.12
12.0,330,3609239,27.5
21.0,623,3609862,29.666666666666668
27.0,988,3610850,36.592592592592595
15.0,607,3611457,40.46666666666667
25.0,612,3612069,24.48
19.0,588,3612657,30.94736842105263
22.0,746,3613403,33.90909090909091
30.0,1167,3614570,38.9
17.0,713,3615283,41.94117647058823
18.0,638,3615921,35.44444444444444
25.0,878,3616799,35.12
7.0,251,3617050,35.857142857142854
8.0,311,3617361,38.875
9.0,200,3617561,22.22222222222222
20.0,693,3618254,34.65
18.0,629,3618883,34.94444444444444
18.0,448,3619331,24.88888888888889
18.0,392,3619723,21.77777777777778
26.0,872,3620595,33.53846153846154
37.0,1232,3621827,33.2972972972973
36.0,1540,3623367,42.77777777777778
7.0,281,3623648,40.142857142857146
28.0,1021,3624669,36.464285714285715
8.0,319,3624988,39.875
8.0,288,3625276,36.0
22.0,597,3625873,27.136363636363637
50.0,1883,3627756,37.66
28.0,915,3628671,32.67857142857143
22.0,676,3629347,30.727272727272727
32.0,869,3630216,27.15625
18.0,628,3630844,34.888888888888886
29.0,825,3631669,28.448275862068964
21.0,746,3632415,35.523809523809526
8.0,268,3632683,33.5
18.0,610,3633293,33.888888888888886
14.0,428,3633721,30.571428571428573
16.0,377,3634098,23.5625
14.0,446,3634544,31.857142857142858
29.0,1113,3635657,38.37931034482759
34.0,1058,3636715,31.11764705882353
26.0,1166,3637881,44.84615384615385
52.0,1486,3639367,28.576923076923077
7.0,294,3639661,42.0
9.0,281,3639942,31.22222222222222
2.0,150,3640092,75.0
26.0,899,3640991,34.57692307692308
26.0,772,3641763,29.692307692307693
25.0,981,3642744,39.24
9.0,255,3642999,28.333333333333332
9.0,323,3643322,35.888888888888886
14.0,456,3643778,32.57142857142857
18.0,621,3644399,34.5
8.0,284,3644683,35.5
30.0,926,3645609,30.866666666666667
12.0,330,3645939,27.5
9.0,385,3646324,42.77777777777778
2.0,87,3646411,43.5
25.0,827,3647238,33.08
16.0,504,3647742,31.5
16.0,525,3648267,32.8125
9.0,253,3648520,28.11111111111111
5.0,139,3648659,27.8
32.0,1356,3650015,42.375
29.0,1088,3651103,37.51724137931034
15.0,500,3651603,33.333333333333336
18.0,723,3652326,40.166666666666664
5.0,264,3652590,52.8
37.0,1268,3653858,34.270270270270274
20.0,743,3654601,37.15
12.0,295,3654896,24.583333333333332
14.0,422,3655318,30.142857142857142
12.0,368,3655686,30.666666666666668
41.0,1507,3657193,36.75609756097561
23.0,802,3657995,34.869565217391305
25.0,887,3658882,35.48
21.0,827,3659709,39.38095238095238
38.0,1274,3660983,33.526315789473685
14.0,595,3661578,42.5
20.0,725,3662303,36.25
33.0,921,3663224,27.90909090909091
33.0,1255,3664479,38.03030303030303
10.0,215,3664694,21.5
12.0,406,3665100,33.833333333333336
25.0,933,3666033,37.32
8.0,316,3666349,39.5
1.0,31,3666380,31.0
8.0,240,3666620,30.0
28.0,751,3667371,26.821428571428573
16.0,524,3667895,32.75
0.0,31,3667926,inf
9.0,395,3668321,43.888888888888886
0.0,48,3668369,inf
38.0,1275,3669644,33.55263157894737
7.0,280,3669924,40.0
19.0,574,3670498,30.210526315789473
10.0,319,3670817,31.9
10.0,388,3671205,38.8
14.0,382,3671587,27.285714285714285
22.0,846,3672433,38.45454545454545
18.0,481,3672914,26.72222222222222
14.0,357,3673271,25.5
13.0,527,3673798,40.53846153846154
2.0,43,3673841,21.5
17.0,457,3674298,26.88235294117647
36.0,1422,3675720,39.5
11.0,362,3676082,32.90909090909091
32.0,1285,3677367,40.15625
16.0,448,3677815,28.0
16.0,636,3678451,39.75
47.0,1895,3680346,40.319148936170215
2.0,65,3680411,32.5
6.0,230,3680641,38.333333333333336
12.0,436,3681077,36.333333333333336
12.0,209,3681286,17.416666666666668
7.0,246,3681532,35.142857142857146
39.0,1396,3682928,35.794871794871796
39.0,1404,3684332,36.0
33.0,1195,3685527,36.21212121212121
6.0,243,3685770,40.5
21.0,652,3686422,31.047619047619047
14.0,515,3686937,36.785714285714285
16.0,467,3687404,29.1875
32.0,853,3688257,26.65625
21.0,513,3688770,24.428571428571427
23.0,651,3689421,28.304347826086957
18.0,586,3690007,32.55555555555556
11.0,403,3690410,36.63636363636363
17.0,561,3690971,33.0
8.0,210,3691181,26.25
15.0,274,3691455,18.266666666666666
20.0,651,3692106,32.55
19.0,477,3692583,25.105263157894736
15.0,462,3693045,30.8
31.0,963,3694008,31.06451612903226
12.0,484,3694492,40.333333333333336
16.0,560,3695052,35.0
38.0,1286,3696338,33.8421052631579
19.0,596,3696934,31.36842105263158
16.0,450,3697384,28.125
15.0,482,3697866,32.13333333333333
14.0,434,3698300,31.0
32.0,1049,3699349,32.78125
23.0,834,3700183,36.26086956521739
12.0,371,3700554,30.916666666666668
18.0,429,3700983,23.833333333333332
36.0,970,3701953,26.944444444444443
32.0,903,3702856,28.21875
9.0,207,3703063,23.0
18.0,712,3703775,39.55555555555556
15.0,489,3704264,32.6
22.0,924,3705188,42.0
12.0,470,3705658,39.166666666666664
11.0,465,3706123,42.27272727272727
32.0,1218,3707341,38.0625
27.0,697,3708038,25.814814814814813
17.0,515,3708553,30.294117647058822
26.0,854,3709407,32.84615384615385
15.0,351,3709758,23.4
13.0,341,3710099,26.23076923076923
10.0,252,3710351,25.2
26.0,834,3711185,32.07692307692308
23.0,759,3711944,33.0
26.0,797,3712741,30.653846153846153
29.0,795,3713536,27.413793103448278
15.0,546,3714082,36.4
31.0,834,3714916,26.903225806451612
20.0,626,3715542,31.3
28.0,1107,3716649,39.535714285714285
18.0,538,3717187,29.88888888888889
18.0,578,3717765,32.111111111111114
20.0,436,3718201,21.8
23.0,720,3718921,31.304347826086957
20.0,652,3719573,32.6
17.0,564,3720137,33.1764705882353
33.0,907,3721044,27.484848484848484
17.0,582,3721626,34.23529411764706
10.0,326,3721952,32.6
30.0,811,3722763,27.033333333333335
19.0,513,3723276,27.0
13.0,369,3723645,28.384615384615383
8.0,296,3723941,37.0
8.0,221,3724162,27.625
32.0,964,3725126,30.125
10.0,208,3725334,20.8
30.0,1043,3726377,34.766666666666666
21.0,736,3727113,35.04761904761905
25.0,554,3727667,22.16
18.0,607,3728274,33.72222222222222
13.0,530,3728804,40.76923076923077
9.0,264,3729068,29.333333333333332
13.0,414,3729482,31.846153846153847
9.0,269,3729751,29.88888888888889
15.0,572,3730323,38.13333333333333
7.0,216,3730539,30.857142857142858
7.0,276,3730815,39.42857142857143
22.0,625,3731440,28.40909090909091
28.0,826,3732266,29.5
32.0,956,3733222,29.875
18.0,557,3733779,30.944444444444443
19.0,559,3734338,29.42105263157895
23.0,605,3734943,26.304347826086957
25.0,625,3735568,25.0
28.0,988,3736556,35.285714285714285
29.0,809,3737365,27.896551724137932
9.0,170,3737535,18.88888888888889
14.0,495,3738030,35.357142857142854
21.0,591,3738621,28.142857142857142
8.0,314,3738935,39.25
25.0,758,3739693,30.32
14.0,384,3740077,27.428571428571427
5.0,129,3740206,25.8
16.0,563,3740769,35.1875
29.0,927,3741696,31.96551724137931
39.0,1146,3742842,29.384615384615383
26.0,837,3743679,32.19230769230769
13.0,380,3744059,29.23076923076923
39.0,1366,3745425,35.02564102564103
13.0,406,3745831,31.23076923076923
14.0,377,3746208,26.928571428571427
8.0,348,3746556,43.5
27.0,1058,3747614,39.18518518518518
27.0,909,3748523,33.666666666666664
30.0,786,3749309,26.2
24.0,825,3750134,34.375
13.0,311,3750445,23.923076923076923
11.0,256,3750701,23.272727272727273
13.0,387,3751088,29.76923076923077
3.0,118,3751206,39.333333333333336
25.0,569,3751775,22.76
6.0,156,3751931,26.0
39.0,1315,3753246,33.717948717948715
11.0,220,3753466,20.0
2.0,60,3753526,30.0
12.0,467,3753993,38.916666666666664
22.0,539,3754532,24.5
2.0,84,3754616,42.0
19.0,574,3755190,30.210526315789473
29.0,629,3755819,21.689655172413794
17.0,597,3756416,35.11764705882353
9.0,243,3756659,27.0
21.0,658,3757317,31.333333333333332
28.0,866,3758183,30.928571428571427
35.0,999,3759182,28.542857142857144
18.0,750,3759932,41.666666666666664
33.0,908,3760840,27.515151515151516
3.0,83,3760923,27.666666666666668
27.0,758,3761681,28.074074074074073
17.0,457,3762138,26.88235294117647
31.0,755,3762893,24.35483870967742
22.0,725,3763618,32.95454545454545
12.0,356,3763974,29.666666666666668
24.0,730,3764704,30.416666666666668
14.0,368,3765072,26.285714285714285
28.0,856,3765928,30.571428571428573
12.0,256,3766184,21.333333333333332
5.0,132,3766316,26.4
20.0,643,3766959,32.15
22.0,822,3767781,37.36363636363637
27.0,837,3768618,31.0
27.0,863,3769481,31.962962962962962
21.0,781,3770262,37.19047619047619
41.0,1162,3771424,28.341463414634145
9.0,272,3771696,30.22222222222222
8.0,366,3772062,45.75
17.0,492,3772554,28.941176470588236
7.0,205,3772759,29.285714285714285
12.0,431,3773190,35.916666666666664
4.0,148,3773338,37.0
30.0,1023,3774361,34.1
24.0,858,3775219,35.75
22.0,547,3775766,24.863636363636363
27.0,881,3776647,32.629629629629626
13.0,501,3777148,38.53846153846154
15.0,662,3777810,44.13333333333333
39.0,1103,3778913,28.28205128205128
22.0,716,3779629,32.54545454545455
28.0,773,3780402,27.607142857142858
20.0,487,3780889,24.35
21.0,688,3781577,32.76190476190476
23.0,722,3782299,31.391304347826086
20.0,700,3782999,35.0
8.0,276,3783275,34.5
24.0,702,3783977,29.25
13.0,444,3784421,34.15384615384615
19.0,646,3785067,34.0
9.0,262,3785329,29.11111111111111
16.0,406,3785735,25.375
17.0,694,3786429,40.8235294117647
28.0,863,3787292,30.821428571428573
30.0,951,3788243,31.7
17.0,523,3788766,30.764705882352942
38.0,1205,3789971,31.710526315789473
28.0,851,3790822,30.392857142857142
30.0,988,3791810,32.93333333333333
20.0,672,3792482,33.6
8.0,243,3792725,30.375
29.0,1137,3793862,39.206896551724135
34.0,871,3794733,25.61764705882353
29.0,936,3795669,32.275862068965516
11.0,299,3795968,27.181818181818183
13.0,401,3796369,30.846153846153847
20.0,486,3796855,24.3
27.0,691,3797546,25.59259259259259
19.0,711,3798257,37.421052631578945
28.0,746,3799003,26.642857142857142
34.0,1105,3800108,32.5
11.0,301,3800409,27.363636363636363
20.0,677,3801086,33.85
30.0,844,3801930,28.133333333333333
7.0,309,3802239,44.142857142857146
16.0,412,3802651,25.75
17.0,563,3803214,33.11764705882353
15.0,470,3803684,31.333333333333332
13.0,492,3804176,37.84615384615385
16.0,536,3804712,33.5
10.0,227,3804939,22.7
35.0,1079,3806018,30.82857142857143
17.0,545,3806563,32.05882352941177
40.0,1275,3807838,31.875
10.0,269,3808107,26.9
38.0,887,3808994,23.342105263157894
28.0,722,3809716,25.785714285714285
9.0,216,3809932,24.0
24.0,691,3810623,28.791666666666668
14.0,431,3811054,30.785714285714285
28.0,688,3811742,24.571428571428573
26.0,704,3812446,27.076923076923077
10.0,260,3812706,26.0
19.0,428,3813134,22.526315789473685
8.0,162,3813296,20.25
41.0,1272,3814568,31.024390243902438
26.0,755,3815323,29.03846153846154
21.0,535,3815858,25.476190476190474
12.0,278,3816136,23.166666666666668
18.0,517,3816653,28.72222222222222
34.0,881,3817534,25.91176470588235
17.0,429,3817963,25.235294117647058
23.0,583,3818546,25.347826086956523
14.0,424,3818970,30.285714285714285
11.0,243,3819213,22.09090909090909
12.0,370,3819583,30.833333333333332
12.0,316,3819899,26.333333333333332
21.0,698,3820597,33.23809523809524
9.0,277,3820874,30.77777777777778
35.0,880,3821754,25.142857142857142
22.0,616,3822370,28.0
3.0,63,3822433,21.0
26.0,638,3823071,24.53846153846154
27.0,752,3823823,27.85185185185185
16.0,487,3824310,30.4375
25.0,649,3824959,25.96
27.0,752,3825711,27.85185185185185
21.0,483,3826194,23.0
18.0,404,3826598,22.444444444444443
23.0,517,3827115,22.47826086956522
35.0,1032,3828147,29.485714285714284
6.0,227,3828374,37.833333333333336
16.0,556,3828930,34.75
24.0,590,3829520,24.583333333333332
17.0,331,3829851,19.470588235294116
21.0,665,3830516,31.666666666666668
22.0,588,3831104,26.727272727272727
9.0,232,3831336,25.77777777777778
16.0,374,3831710,23.375
18.0,431,3832141,23.944444444444443
13.0,341,3832482,26.23076923076923
29.0,840,3833322,28.96551724137931
16.0,299,3833621,18.6875
11.0,291,3833912,26.454545454545453
18.0,496,3834408,27.555555555555557
22.0,524,3834932,23.818181818181817
12.0,389,3835321,32.416666666666664
9.0,195,3835516,21.666666666666668
21.0,550,3836066,26.19047619047619
29.0,765,3836831,26.379310344827587
21.0,603,3837434,28.714285714285715
15.0,395,3837829,26.333333333333332
21.0,513,3838342,24.428571428571427
23.0,497,3838839,21.608695652173914
30.0,809,3839648,26.966666666666665
8.0,189,3839837,23.625
39.0,1131,3840968,29.0
10.0,310,3841278,31.0
31.0,776,3842054,25.032258064516128
23.0,682,3842736,29.652173913043477
17.0,437,3843173,25.705882352941178
9.0,313,3843486,34.77777777777778
19.0,434,3843920,22.842105263157894
2.0,38,3843958,19.0
29.0,871,3844829,30.03448275862069
23.0,584,3845413,25.391304347826086
27.0,690,3846103,25.555555555555557
23.0,552,3846655,24.0
15.0,350,3847005,23.333333333333332
35.0,997,3848002,28.485714285714284
22.0,515,3848517,23.40909090909091
23.0,557,3849074,24.217391304347824
24.0,657,3849731,27.375
25.0,791,3850522,31.64
23.0,620,3851142,26.956521739130434
21.0,515,3851657,24.523809523809526
29.0,820,3852477,28.275862068965516
13.0,303,3852780,23.307692307692307
25.0,733,3853513,29.32
23.0,666,3854179,28.956521739130434
21.0,500,3854679,23.80952380952381
15.0,415,3855094,27.666666666666668
42.0,1251,3856345,29.785714285714285
17.0,443,3856788,26.058823529411764
34.0,1157,3857945,34.029411764705884
21.0,451,3858396,21.476190476190474
15.0,437,3858833,29.133333333333333
18.0,439,3859272,24.38888888888889
25.0,531,3859803,21.24
10.0,337,3860140,33.7
17.0,487,3860627,28.647058823529413
13.0,300,3860927,23.076923076923077
5.0,186,3861113,37.2
18.0,539,3861652,29.944444444444443
26.0,674,3862326,25.923076923076923
24.0,689,3863015,28.708333333333332
22.0,598,3863613,27.181818181818183
15.0,392,3864005,26.133333333333333
5.0,126,3864131,25.2
20.0,432,3864563,21.6
10.0,305,3864868,30.5
40.0,1100,3865968,27.5
25.0,640,3866608,25.6
11.0,281,3866889,25.545454545454547
16.0,351,3867240,21.9375
18.0,456,3867696,25.333333333333332
15.0,306,3868002,20.4
16.0,577,3868579,36.0625
27.0,709,3869288,26.25925925925926
20.0,521,3869809,26.05
33.0,887,3870696,26.87878787878788
24.0,679,3871375,28.291666666666668
27.0,696,3872071,25.77777777777778
27.0,789,3872860,29.22222222222222
20.0,649,3873509,32.45
11.0,285,3873794,25.90909090909091
9.0,228,3874022,25.333333333333332
20.0,535,3874557,26.75
16.0,432,3874989,27.0
20.0,622,3875611,31.1
23.0,601,3876212,26.130434782608695
25.0,640,3876852,25.6
28.0,605,3877457,21.607142857142858
22.0,544,3878001,24.727272727272727
19.0,558,3878559,29.36842105263158
24.0,595,3879154,24.791666666666668
7.0,225,3879379,32.142857142857146
29.0,657,3880036,22.655172413793103
28.0,693,3880729,24.75
26.0,662,3881391,25.46153846153846
13.0,300,3881691,23.076923076923077
6.0,184,3881875,30.666666666666668
31.0,819,3882694,26.419354838709676
10.0,374,3883068,37.4
4.0,126,3883194,31.5
16.0,394,3883588,24.625
16.0,417,3884005,26.0625
19.0,625,3884630,32.89473684210526
40.0,922,3885552,23.05
18.0,526,3886078,29.22222222222222
13.0,418,3886496,32.15384615384615
8.0,272,3886768,34.0
16.0,468,3887236,29.25
20.0,667,3887903,33.35
16.0,469,3888372,29.3125
33.0,841,3889213,25.484848484848484
15.0,330,3889543,22.0
20.0,530,3890073,26.5
22.0,487,3890560,22.136363636363637
26.0,682,3891242,26.23076923076923
18.0,481,3891723,26.72222222222222
12.0,225,3891948,18.75
27.0,856,3892804,31.703703703703702
13.0,368,3893172,28.307692307692307
25.0,613,3893785,24.52
8.0,150,3893935,18.75
35.0,1074,3895009,30.685714285714287
21.0,631,3895640,30.047619047619047
22.0,624,3896264,28.363636363636363
28.0,629,3896893,22.464285714285715
13.0,412,3897305,31.692307692307693
25.0,587,3897892,23.48
14.0,262,3898154,18.714285714285715
11.0,267,3898421,24.272727272727273
21.0,439,3898860,20.904761904761905
9.0,223,3899083,24.77777777777778
9.0,208,3899291,23.11111111111111
10.0,268,3899559,26.8
14.0,213,3899772,15.214285714285714
17.0,571,3900343,33.588235294117645
26.0,565,3900908,21.73076923076923
22.0,735,3901643,33.40909090909091
25.0,627,3902270,25.08
14.0,460,3902730,32.857142857142854
6.0,117,3902847,19.5
19.0,472,3903319,24.842105263157894
32.0,890,3904209,27.8125
16.0,352,3904561,22.0
22.0,539,3905100,24.5
13.0,484,3905584,37.23076923076923
10.0,228,3905812,22.8
27.0,842,3906654,31.185185185185187
17.0,556,3907210,32.705882352941174
18.0,502,3907712,27.88888888888889
6.0,159,3907871,26.5
22.0,560,3908431,25.454545454545453
19.0,436,3908867,22.94736842105263
26.0,824,3909691,31.692307692307693
10.0,338,3910029,33.8
7.0,259,3910288,37.0
12.0,338,3910626,28.166666666666668
22.0,671,3911297,30.5
16.0,291,3911588,18.1875
10.0,211,3911799,21.1
15.0,369,3912168,24.6
8.0,190,3912358,23.75
32.0,865,3913223,27.03125
16.0,433,3913656,27.0625
15.0,522,3914178,34.8
15.0,373,3914551,24.866666666666667
16.0,504,3915055,31.5
13.0,429,3915484,33.0
12.0,321,3915805,26.75
12.0,293,3916098,24.416666666666668
28.0,580,3916678,20.714285714285715
17.0,318,3916996,18.705882352941178
15.0,463,3917459,30.866666666666667
34.0,917,3918376,26.970588235294116
14.0,405,3918781,28.928571428571427
8.0,285,3919066,35.625
30.0,644,3919710,21.466666666666665
6.0,117,3919827,19.5
17.0,445,3920272,26.176470588235293
18.0,622,3920894,34.55555555555556
20.0,532,3921426,26.6
2.0,81,3921507,40.5
23.0,640,3922147,27.82608695652174
13.0,383,3922530,29.46153846153846
3.0,68,3922598,22.666666666666668
13.0,416,3923014,32.0
4.0,110,3923124,27.5
13.0,350,3923474,26.923076923076923
22.0,602,3924076,27.363636363636363
9.0,229,3924305,25.444444444444443
23.0,608,3924913,26.434782608695652
16.0,395,3925308,24.6875
7.0,190,3925498,27.142857142857142
9.0,244,3925742,27.11111111111111
9.0,233,3925975,25.88888888888889
18.0,483,3926458,26.833333333333332
10.0,234,3926692,23.4
20.0,490,3927182,24.5
15.0,396,3927578,26.4
20.0,630,3928208,31.5
10.0,230,3928438,23.0
15.0,379,3928817,25.266666666666666
7.0,147,3928964,21.0
20.0,506,3929470,25.3
7.0,162,3929632,23.142857142857142
3.0,108,3929740,36.0
11.0,346,3930086,31.454545454545453
9.0,274,3930360,30.444444444444443
18.0,437,3930797,24.27777777777778
25.0,611,3931408,24.44
10.0,274,3931682,27.4
13.0,354,3932036,27.23076923076923
5.0,123,3932159,24.6
7.0,164,3932323,23.428571428571427
10.0,278,3932601,27.8
2.0,71,3932672,35.5
25.0,783,3933455,31.32
13.0,357,3933812,27.46153846153846
23.0,478,3934290,20.782608695652176
18.0,571,3934861,31.72222222222222
6.0,156,3935017,26.0
20.0,525,3935542,26.25
28.0,878,3936420,31.357142857142858
1.0,35,3936455,35.0
17.0,502,3936957,29.529411764705884
18.0,481,3937438,26.72222222222222
12.0,229,3937667,19.083333333333332
15.0,345,3938012,23.0
10.0,293,3938305,29.3
10.0,303,3938608,30.3
1.0,31,3938639,31.0
17.0,488,3939127,28.705882352941178
12.0,272,3939399,22.666666666666668
5.0,103,3939502,20.6
16.0,439,3939941,27.4375
19.0,375,3940316,19.736842105263158
18.0,417,3940733,23.166666666666668
18.0,568,3941301,31.555555555555557
10.0,297,3941598,29.7
22.0,518,3942116,23.545454545454547
17.0,412,3942528,24.235294117647058
23.0,677,3943205,29.434782608695652
21.0,589,3943794,28.047619047619047
29.0,869,3944663,29.96551724137931
29.0,727,3945390,25.06896551724138
26.0,716,3946106,27.53846153846154
14.0,471,3946577,33.642857142857146
27.0,918,3947495,34.0
5.0,214,3947709,42.8
11.0,305,3948014,27.727272727272727
24.0,642,3948656,26.75
12.0,234,3948890,19.5
26.0,814,3949704,31.307692307692307
21.0,530,3950234,25.238095238095237
27.0,668,3950902,24.74074074074074
12.0,325,3951227,27.083333333333332
21.0,786,3952013,37.42857142857143
10.0,235,3952248,23.5
18.0,326,3952574,18.11111111111111
31.0,1005,3953579,32.41935483870968
14.0,289,3953868,20.642857142857142
30.0,573,3954441,19.1
21.0,510,3954951,24.285714285714285
21.0,585,3955536,27.857142857142858
16.0,532,3956068,33.25
15.0,463,3956531,30.866666666666667
9.0,319,3956850,35.44444444444444
32.0,930,3957780,29.0625
24.0,659,3958439,27.458333333333332
10.0,279,3958718,27.9
14.0,406,3959124,29.0
15.0,515,3959639,34.333333333333336
7.0,228,3959867,32.57142857142857
24.0,630,3960497,26.25
35.0,1032,3961529,29.485714285714284
23.0,560,3962089,24.347826086956523
22.0,653,3962742,29.681818181818183
23.0,601,3963343,26.130434782608695
17.0,456,3963799,26.823529411764707
13.0,441,3964240,33.92307692307692
20.0,478,3964718,23.9
6.0,173,3964891,28.833333333333332
17.0,499,3965390,29.352941176470587
23.0,596,3965986,25.91304347826087
26.0,832,3966818,32.0
21.0,478,3967296,22.761904761904763
28.0,677,3967973,24.178571428571427
27.0,672,3968645,24.88888888888889
28.0,562,3969207,20.071428571428573
28.0,743,3969950,26.535714285714285
13.0,344,3970294,26.46153846153846
14.0,391,3970685,27.928571428571427
18.0,635,3971320,35.27777777777778
27.0,617,3971937,22.85185185185185
14.0,561,3972498,40.07142857142857
18.0,483,3972981,26.833333333333332
12.0,386,3973367,32.166666666666664
23.0,600,3973967,26.08695652173913
12.0,343,3974310,28.583333333333332
10.0,244,3974554,24.4
16.0,493,3975047,30.8125
6.0,128,3975175,21.333333333333332
9.0,276,3975451,30.666666666666668
22.0,552,3976003,25.09090909090909
11.0,334,3976337,30.363636363636363
20.0,445,3976782,22.25
5.0,185,3976967,37.0
7.0,204,3977171,29.142857142857142
22.0,720,3977891,32.72727272727273
29.0,632,3978523,21.79310344827586
9.0,199,3978722,22.11111111111111
34.0,903,3979625,26.558823529411764
12.0,276,3979901,23.0
24.0,636,3980537,26.5
9.0,211,3980748,23.444444444444443
26.0,723,3981471,27.807692307692307
24.0,732,3982203,30.5
23.0,693,3982896,30.130434782608695
16.0,525,3983421,32.8125
15.0,368,3983789,24.533333333333335
9.0,380,3984169,42.22222222222222
15.0,466,3984635,31.066666666666666
30.0,744,3985379,24.8
9.0,277,3985656,30.77777777777778
6.0,107,3985763,17.833333333333332
22.0,504,3986267,22.90909090909091
16.0,579,3986846,36.1875
32.0,930,3987776,29.0625
5.0,110,3987886,22.0
4.0,116,3988002,29.0
24.0,533,3988535,22.208333333333332
20.0,577,3989112,28.85
25.0,716,3989828,28.64
18.0,394,3990222,21.88888888888889
12.0,213,3990435,17.75
24.0,712,3991147,29.666666666666668
14.0,253,3991400,18.071428571428573
22.0,559,3991959,25.40909090909091
26.0,708,3992667,27.23076923076923
20.0,714,3993381,35.7
9.0,152,3993533,16.88888888888889
7.0,150,3993683,21.428571428571427
15.0,444,3994127,29.6
18.0,524,3994651,29.11111111111111
22.0,600,3995251,27.272727272727273
14.0,394,3995645,28.142857142857142
13.0,366,3996011,28.153846153846153
16.0,608,3996619,38.0
25.0,729,3997348,29.16
20.0,603,3997951,30.15
35.0,1080,3999031,30.857142857142858
11.0,390,3999421,35.45454545454545
16.0,501,3999922,31.3125
6.0,332,4000254,55.333333333333336
27.0,1024,4001278,37.925925925925924
7.0,143,4001421,20.428571428571427
10.0,307,4001728,30.7
29.0,814,4002542,28.06896551724138
3.0,75,4002617,25.0
36.0,1087,4003704,30.194444444444443
11.0,334,4004038,30.363636363636363
24.0,701,4004739,29.208333333333332
27.0,947,4005686,35.074074074074076
13.0,405,4006091,31.153846153846153
19.0,622,4006713,32.73684210526316
10.0,247,4006960,24.7
9.0,327,4007287,36.333333333333336
18.0,559,4007846,31.055555555555557
22.0,658,4008504,29.90909090909091
19.0,766,4009270,40.31578947368421
15.0,517,4009787,34.46666666666667
26.0,930,4010717,35.76923076923077
15.0,421,4011138,28.066666666666666
27.0,1015,4012153,37.592592592592595
12.0,511,4012664,42.583333333333336
16.0,462,4013126,28.875
15.0,429,4013555,28.6
15.0,467,4014022,31.133333333333333
10.0,322,4014344,32.2
4.0,124,4014468,31.0
6.0,156,4014624,26.0
20.0,610,4015234,30.5
10.0,504,4015738,50.4
19.0,566,4016304,29.789473684210527
34.0,991,4017295,29.147058823529413
35.0,979,4018274,27.97142857142857
31.0,755,4019029,24.35483870967742
15.0,422,4019451,28.133333333333333
14.0,549,4020000,39.214285714285715
16.0,676,4020676,42.25
9.0,329,4021005,36.55555555555556
7.0,164,4021169,23.428571428571427
6.0,207,4021376,34.5
16.0,572,4021948,35.75
21.0,650,4022598,30.952380952380953
11.0,353,4022951,32.09090909090909
19.0,744,4023695,39.1578947368421
13.0,463,4024158,35.61538461538461
25.0,943,4025101,37.72
25.0,1132,4026233,45.28
10.0,507,4026740,50.7
21.0,532,4027272,25.333333333333332
24.0,865,4028137,36.041666666666664
21.0,585,4028722,27.857142857142858
12.0,438,4029160,36.5
15.0,444,4029604,29.6
4.0,216,4029820,54.0
27.0,953,4030773,35.2962962962963
11.0,342,4031115,31.09090909090909
25.0,771,4031886,30.84
23.0,784,4032670,34.08695652173913
17.0,408,4033078,24.0
11.0,416,4033494,37.81818181818182
18.0,497,4033991,27.61111111111111
6.0,192,4034183,32.0
16.0,616,4034799,38.5
8.0,307,4035106,38.375
9.0,424,4035530,47.111111111111114
13.0,306,4035836,23.53846153846154
18.0,726,4036562,40.333333333333336
21.0,736,4037298,35.04761904761905
21.0,632,4037930,30.095238095238095
17.0,563,4038493,33.11764705882353
12.0,311,4038804,25.916666666666668
16.0,535,4039339,33.4375
10.0,335,4039674,33.5
30.0,1084,4040758,36.13333333333333
15.0,632,4041390,42.13333333333333
14.0,470,4041860,33.57142857142857
9.0,264,4042124,29.333333333333332
20.0,626,4042750,31.3
21.0,689,4043439,32.80952380952381
32.0,888,4044327,27.75
23.0,820,4045147,35.65217391304348
12.0,302,4045449,25.166666666666668
11.0,294,4045743,26.727272727272727
8.0,152,4045895,19.0
1.0,41,4045936,41.0
32.0,992,4046928,31.0
13.0,368,4047296,28.307692307692307
4.0,125,4047421,31.25
2.0,56,4047477,28.0
32.0,957,4048434,29.90625
8.0,293,4048727,36.625
21.0,717,4049444,34.142857142857146
17.0,517,4049961,30.41176470588235
18.0,590,4050551,32.77777777777778
12.0,247,4050798,20.583333333333332
18.0,551,4051349,30.61111111111111
15.0,474,4051823,31.6
9.0,231,4052054,25.666666666666668
11.0,238,4052292,21.636363636363637
23.0,841,4053133,36.56521739130435
17.0,430,4053563,25.294117647058822
12.0,459,4054022,38.25
17.0,548,4054570,32.23529411764706
9.0,258,4054828,28.666666666666668
30.0,905,4055733,30.166666666666668
14.0,494,4056227,35.285714285714285
12.0,531,4056758,44.25
8.0,189,4056947,23.625
28.0,1052,4057999,37.57142857142857
21.0,480,4058479,22.857142857142858
30.0,981,4059460,32.7
30.0,809,4060269,26.966666666666665
13.0,450,4060719,34.61538461538461
12.0,597,4061316,49.75
3.0,184,4061500,61.333333333333336
28.0,807,4062307,28.821428571428573
20.0,606,4062913,30.3
27.0,846,4063759,31.333333333333332
17.0,540,4064299,31.764705882352942
12.0,392,4064691,32.666666666666664
8.0,183,4064874,22.875
5.0,154,4065028,30.8
5.0,240,4065268,48.0
16.0,638,4065906,39.875
19.0,666,4066572,35.05263157894737
15.0,399,4066971,26.6
17.0,551,4067522,32.411764705882355
8.0,271,4067793,33.875
15.0,558,4068351,37.2
29.0,876,4069227,30.20689655172414
3.0,89,4069316,29.666666666666668
30.0,884,4070200,29.466666666666665
19.0,527,4070727,27.736842105263158
9.0,407,4071134,45.22222222222222
2.0,32,4071166,16.0
15.0,567,4071733,37.8
17.0,594,4072327,34.94117647058823
15.0,452,4072779,30.133333333333333
19.0,564,4073343,29.68421052631579
18.0,489,4073832,27.166666666666668
24.0,839,4074671,34.958333333333336
13.0,458,4075129,35.23076923076923
39.0,1092,4076221,28.0
22.0,669,4076890,30.40909090909091
20.0,622,4077512,31.1
11.0,377,4077889,34.27272727272727
5.0,198,4078087,39.6
13.0,411,4078498,31.615384615384617
3.0,177,4078675,59.0
17.0,481,4079156,28.294117647058822
12.0,417,4079573,34.75
20.0,626,4080199,31.3
20.0,752,4080951,37.6
26.0,728,4081679,28.0
16.0,662,4082341,41.375
13.0,420,4082761,32.30769230769231
6.0,242,4083003,40.333333333333336
12.0,328,4083331,27.333333333333332
16.0,563,4083894,35.1875
5.0,102,4083996,20.4
8.0,254,4084250,31.75
14.0,576,4084826,41.142857142857146
10.0,385,4085211,38.5
13.0,466,4085677,35.84615384615385
5.0,159,4085836,31.8
8.0,190,4086026,23.75
17.0,472,4086498,27.764705882352942
3.0,139,4086637,46.333333333333336
4.0,145,4086782,36.25
11.0,277,4087059,25.181818181818183
9.0,237,4087296,26.333333333333332
10.0,392,4087688,39.2
24.0,676,4088364,28.166666666666668
23.0,564,4088928,24.52173913043478
11.0,373,4089301,33.90909090909091
15.0,402,4089703,26.8
17.0,423,4090126,24.88235294117647
8.0,155,4090281,19.375
20.0,565,4090846,28.25
34.0,1019,4091865,29.970588235294116
21.0,599,4092464,28.523809523809526
31.0,833,4093297,26.870967741935484
13.0,281,4093578,21.615384615384617
4.0,140,4093718,35.0
22.0,551,4094269,25.045454545454547
11.0,276,4094545,25.09090909090909
22.0,721,4095266,32.77272727272727
19.0,567,4095833,29.842105263157894
10.0,271,4096104,27.1
3.0,76,4096180,25.333333333333332
28.0,776,4096956,27.714285714285715
16.0,474,4097430,29.625
17.0,529,4097959,31.11764705882353
17.0,462,4098421,27.176470588235293
15.0,425,4098846,28.333333333333332
13.0,310,4099156,23.846153846153847
5.0,194,4099350,38.8
36.0,1055,4100405,29.305555555555557
21.0,494,4100899,23.523809523809526
13.0,438,4101337,33.69230769230769
1.0,28,4101365,28.0
19.0,382,4101747,20.105263157894736
13.0,424,4102171,32.61538461538461
2.0,64,4102235,32.0
2.0,89,4102324,44.5
3.0,85,4102409,28.333333333333332
8.0,197,4102606,24.625
9.0,217,4102823,24.11111111111111
4.0,145,4102968,36.25
22.0,629,4103597,28.59090909090909
25.0,478,4104075,19.12
30.0,732,4104807,24.4
48.0,1109,4105916,23.104166666666668
22.0,457,4106373,20.772727272727273
46.0,1041,4107414,22.630434782608695
6.0,133,4107547,22.166666666666668
34.0,810,4108357,23.823529411764707
44.0,1076,4109433,24.454545454545453
20.0,395,4109828,19.75
13.0,317,4110145,24.384615384615383
22.0,524,4110669,23.818181818181817
44.0,1290,4111959,29.318181818181817
29.0,859,4112818,29.620689655172413
42.0,1011,4113829,24.071428571428573
22.0,614,4114443,27.90909090909091
26.0,602,4115045,23.153846153846153
26.0,621,4115666,23.884615384615383
17.0,287,4115953,16.88235294117647
26.0,565,4116518,21.73076923076923
29.0,678,4117196,23.379310344827587
22.0,428,4117624,19.454545454545453
13.0,333,4117957,25.615384615384617
47.0,1023,4118980,21.76595744680851
14.0,247,4119227,17.642857142857142
38.0,913,4120140,24.026315789473685
27.0,665,4120805,24.62962962962963
16.0,294,4121099,18.375
46.0,1136,4122235,24.695652173913043
24.0,601,4122836,25.041666666666668
17.0,437,4123273,25.705882352941178
39.0,1036,4124309,26.564102564102566
33.0,666,4124975,20.181818181818183
1.0,22,4124997,22.0
23.0,463,4125460,20.130434782608695
24.0,549,4126009,22.875
27.0,697,4126706,25.814814814814813
16.0,339,4127045,21.1875
29.0,706,4127751,24.344827586206897
27.0,725,4128476,26.85185185185185
33.0,844,4129320,25.575757575757574
26.0,510,4129830,19.615384615384617
23.0,713,4130543,31.0
15.0,454,4130997,30.266666666666666
18.0,415,4131412,23.055555555555557
69.0,1691,4133103,24.507246376811594
24.0,523,4133626,21.791666666666668
25.0,552,4134178,22.08
42.0,976,4135154,23.238095238095237
27.0,576,4135730,21.333333333333332
35.0,1089,4136819,31.114285714285714
54.0,1272,4138091,23.555555555555557
37.0,906,4138997,24.486486486486488
18.0,428,4139425,23.77777777777778
33.0,854,4140279,25.87878787878788
39.0,948,4141227,24.307692307692307
27.0,560,4141787,20.74074074074074
26.0,658,4142445,25.307692307692307
22.0,513,4142958,23.318181818181817
25.0,525,4143483,21.0
6.0,198,4143681,33.0
19.0,402,4144083,21.157894736842106
26.0,707,4144790,27.192307692307693
27.0,696,4145486,25.77777777777778
42.0,939,4146425,22.357142857142858
19.0,444,4146869,23.36842105263158
43.0,925,4147794,21.511627906976745
34.0,718,4148512,21.11764705882353
29.0,627,4149139,21.620689655172413
29.0,574,4149713,19.79310344827586
32.0,988,4150701,30.875
21.0,377,4151078,17.952380952380953
26.0,558,4151636,21.46153846153846
46.0,1238,4152874,26.91304347826087
34.0,887,4153761,26.08823529411765
24.0,638,4154399,26.583333333333332
34.0,928,4155327,27.294117647058822
30.0,763,4156090,25.433333333333334
10.0,246,4156336,24.6
5.0,148,4156484,29.6
20.0,328,4156812,16.4
34.0,740,4157552,21.764705882352942
16.0,416,4157968,26.0
18.0,489,4158457,27.166666666666668
38.0,867,4159324,22.81578947368421
26.0,672,4159996,25.846153846153847
10.0,187,4160183,18.7
33.0,787,4160970,23.848484848484848
31.0,789,4161759,25.451612903225808
36.0,844,4162603,23.444444444444443
33.0,708,4163311,21.454545454545453
37.0,1051,4164362,28.405405405405407
33.0,787,4165149,23.848484848484848
50.0,1447,4166596,28.94
62.0,1577,4168173,25.43548387096774
44.0,1085,4169258,24.65909090909091
34.0,647,4169905,19.029411764705884
36.0,1038,4170943,28.833333333333332
31.0,550,4171493,17.741935483870968
24.0,589,4172082,24.541666666666668
37.0,861,4172943,23.27027027027027
5.0,161,4173104,32.2
38.0,1130,4174234,29.736842105263158
27.0,447,4174681,16.555555555555557
25.0,590,4175271,23.6
36.0,893,4176164,24.805555555555557
36.0,1129,4177293,31.36111111111111
19.0,436,4177729,22.94736842105263
5.0,140,4177869,28.0
10.0,259,4178128,25.9
28.0,638,4178766,22.785714285714285
16.0,278,4179044,17.375
48.0,1349,4180393,28.104166666666668
21.0,482,4180875,22.952380952380953
44.0,969,4181844,22.022727272727273
12.0,403,4182247,33.583333333333336
37.0,749,4182996,20.243243243243242
25.0,591,4183587,23.64
16.0,323,4183910,20.1875
39.0,772,4184682,19.794871794871796
28.0,593,4185275,21.178571428571427
40.0,1296,4186571,32.4
15.0,509,4187080,33.93333333333333
39.0,1127,4188207,28.897435897435898
34.0,830,4189037,24.41176470588235
26.0,470,4189507,18.076923076923077
41.0,954,4190461,23.26829268292683
36.0,860,4191321,23.88888888888889
22.0,595,4191916,27.045454545454547
45.0,879,4192795,19.533333333333335
51.0,1088,4193883,21.333333333333332
18.0,443,4194326,24.61111111111111
32.0,794,4195120,24.8125
23.0,541,4195661,23.52173913043478
18.0,348,4196009,19.333333333333332
52.0,1305,4197314,25.096153846153847
12.0,248,4197562,20.666666666666668
17.0,356,4197918,20.941176470588236
28.0,871,4198789,31.107142857142858
21.0,465,4199254,22.142857142857142
43.0,1116,4200370,25.953488372093023
30.0,704,4201074,23.466666666666665
24.0,582,4201656,24.25
29.0,772,4202428,26.620689655172413
36.0,892,4203320,24.77777777777778
33.0,740,4204060,22.424242424242426
24.0,477,4204537,19.875
17.0,456,4204993,26.823529411764707
20.0,637,4205630,31.85
9.0,227,4205857,25.22222222222222
43.0,1085,4206942,25.232558139534884
36.0,1274,4208216,35.388888888888886
45.0,1373,4209589,30.511111111111113
38.0,1010,4210599,26.57894736842105
11.0,269,4210868,24.454545454545453
19.0,558,4211426,29.36842105263158
31.0,659,4212085,21.258064516129032
12.0,245,4212330,20.416666666666668
52.0,1364,4213694,26.23076923076923
11.0,246,4213940,22.363636363636363
43.0,1121,4215061,26.069767441860463
40.0,1077,4216138,26.925
12.0,225,4216363,18.75
26.0,527,4216890,20.26923076923077
56.0,1458,4218348,26.035714285714285
21.0,471,4218819,22.428571428571427
41.0,973,4219792,23.73170731707317
32.0,996,4220788,31.125
46.0,1405,4222193,30.543478260869566
27.0,716,4222909,26.51851851851852
16.0,354,4223263,22.125
28.0,643,4223906,22.964285714285715
16.0,424,4224330,26.5
3.0,466,4224796,155.33333333333334
37.0,895,4225691,24.18918918918919
8.0,203,4225894,25.375
26.0,636,4226530,24.46153846153846
19.0,591,4227121,31.105263157894736
22.0,499,4227620,22.681818181818183
31.0,916,4228536,29.548387096774192
29.0,678,4229214,23.379310344827587
5.0,77,4229291,15.4
43.0,1076,4230367,25.023255813953487
36.0,1012,4231379,28.11111111111111
31.0,659,4232038,21.258064516129032
16.0,555,4232593,34.6875
20.0,541,4233134,27.05
25.0,534,4233668,21.36
27.0,706,4234374,26.14814814814815
15.0,402,4234776,26.8
32.0,822,4235598,25.6875
24.0,518,4236116,21.583333333333332
29.0,654,4236770,22.551724137931036
30.0,842,4237612,28.066666666666666
16.0,315,4237927,19.6875
27.0,586,4238513,21.703703703703702
31.0,617,4239130,19.903225806451612
28.0,608,4239738,21.714285714285715
17.0,371,4240109,21.823529411764707
27.0,551,4240660,20.40740740740741
36.0,824,4241484,22.88888888888889
47.0,1169,4242653,24.872340425531913
37.0,901,4243554,24.35135135135135
12.0,342,4243896,28.5
43.0,1173,4245069,27.27906976744186
33.0,777,4245846,23.545454545454547
20.0,461,4246307,23.05
30.0,610,4246917,20.333333333333332
26.0,646,4247563,24.846153846153847
33.0,834,4248397,25.272727272727273
37.0,960,4249357,25.945945945945947
21.0,454,4249811,21.61904761904762
36.0,1006,4250817,27.944444444444443
34.0,824,4251641,24.235294117647058
22.0,614,4252255,27.90909090909091
37.0,1233,4253488,33.32432432432432
15.0,477,4253965,31.8
1.0,20,4253985,20.0
42.0,1144,4255129,27.238095238095237
30.0,787,4255916,26.233333333333334
12.0,282,4256198,23.5
22.0,464,4256662,21.09090909090909
30.0,890,4257552,29.666666666666668
20.0,456,4258008,22.8
20.0,369,4258377,18.45
27.0,680,4259057,25.185185185185187
25.0,484,4259541,19.36
22.0,699,4260240,31.772727272727273
23.0,632,4260872,27.47826086956522
15.0,378,4261250,25.2
34.0,821,4262071,24.147058823529413
29.0,778,4262849,26.82758620689655
37.0,988,4263837,26.7027027027027
56.0,1373,4265210,24.517857142857142
4.0,98,4265308,24.5
18.0,445,4265753,24.72222222222222
0.0,441,4266194,inf
29.0,726,4266920,25.03448275862069
37.0,813,4267733,21.972972972972972
12.0,235,4267968,19.583333333333332
15.0,397,4268365,26.466666666666665
2.0,540,4268905,270.0
31.0,713,4269618,23.0
31.0,844,4270462,27.225806451612904
25.0,715,4271177,28.6
28.0,655,4271832,23.392857142857142
14.0,447,4272279,31.928571428571427
24.0,443,4272722,18.458333333333332
4.0,168,4272890,42.0
34.0,684,4273574,20.11764705882353
30.0,709,4274283,23.633333333333333
43.0,972,4275255,22.6046511627907
27.0,631,4275886,23.37037037037037
34.0,651,4276537,19.147058823529413
35.0,956,4277493,27.314285714285713
43.0,840,4278333,19.53488372093023
31.0,747,4279080,24.096774193548388
31.0,591,4279671,19.06451612903226
28.0,718,4280389,25.642857142857142
35.0,797,4281186,22.771428571428572
30.0,794,4281980,26.466666666666665
30.0,534,4282514,17.8
18.0,353,4282867,19.61111111111111
33.0,873,4283740,26.454545454545453
33.0,932,4284672,28.242424242424242
29.0,625,4285297,21.551724137931036
6.0,122,4285419,20.333333333333332
33.0,686,4286105,20.78787878787879
28.0,777,4286882,27.75
34.0,1114,4287996,32.76470588235294
1.0,28,4288024,28.0
25.0,587,4288611,23.48
41.0,1154,4289765,28.146341463414632
19.0,424,4290189,22.31578947368421
37.0,889,4291078,24.027027027027028
40.0,1053,4292131,26.325
17.0,376,4292507,22.11764705882353
18.0,439,4292946,24.38888888888889
33.0,625,4293571,18.939393939393938
30.0,657,4294228,21.9
7.0,102,4294330,14.571428571428571
14.0,483,4294813,34.5
38.0,742,4295555,19.526315789473685
36.0,792,4296347,22.0
23.0,562,4296909,24.434782608695652
39.0,856,4297765,21.94871794871795
31.0,658,4298423,21.225806451612904
6.0,134,4298557,22.333333333333332
38.0,966,4299523,25.42105263157895
35.0,805,4300328,23.0
32.0,949,4301277,29.65625
24.0,943,4302220,39.291666666666664
30.0,893,4303113,29.766666666666666
31.0,734,4303847,23.677419354838708
36.0,830,4304677,23.055555555555557
45.0,1239,4305916,27.533333333333335
16.0,309,4306225,19.3125
23.0,449,4306674,19.52173913043478
29.0,803,4307477,27.689655172413794
19.0,478,4307955,25.157894736842106
19.0,568,4308523,29.894736842105264
10.0,160,4308683,16.0
21.0,563,4309246,26.80952380952381
49.0,1376,4310622,28.081632653061224
36.0,956,4311578,26.555555555555557
30.0,734,4312312,24.466666666666665
46.0,1170,4313482,25.434782608695652
49.0,1111,4314593,22.6734693877551
30.0,593,4315186,19.766666666666666
34.0,692,4315878,20.352941176470587
23.0,476,4316354,20.695652173913043
38.0,788,4317142,20.736842105263158
59.0,1318,4318460,22.338983050847457
38.0,937,4319397,24.657894736842106
22.0,315,4319712,14.318181818181818
10.0,297,4320009,29.7
17.0,294,4320303,17.294117647058822
48.0,1073,4321376,22.354166666666668
37.0,943,4322319,25.486486486486488
5.0,66,4322385,13.2
22.0,462,4322847,21.0
6.0,200,4323047,33.333333333333336
20.0,345,4323392,17.25
41.0,1004,4324396,24.48780487804878
10.0,185,4324581,18.5
33.0,618,4325199,18.727272727272727
32.0,691,4325890,21.59375
26.0,457,4326347,17.576923076923077
20.0,329,4326676,16.45
15.0,342,4327018,22.8
13.0,271,4327289,20.846153846153847
24.0,519,4327808,21.625
22.0,381,4328189,17.318181818181817
25.0,477,4328666,19.08
26.0,439,4329105,16.884615384615383
13.0,237,4329342,18.23076923076923
17.0,368,4329710,21.647058823529413
18.0,293,4330003,16.27777777777778
16.0,358,4330361,22.375
3.0,86,4330447,28.666666666666668
9.0,102,4330549,11.333333333333334
35.0,786,4331335,22.457142857142856
7.0,136,4331471,19.428571428571427
28.0,511,4331982,18.25
11.0,271,4332253,24.636363636363637
24.0,551,4332804,22.958333333333332
20.0,372,4333176,18.6
22.0,446,4333622,20.272727272727273
18.0,362,4333984,20.11111111111111
39.0,1016,4335000,26.05128205128205
20.0,436,4335436,21.8
25.0,441,4335877,17.64
23.0,375,4336252,16.304347826086957
37.0,741,4336993,20.027027027027028
23.0,436,4337429,18.956521739130434
41.0,1007,4338436,24.5609756097561
34.0,929,4339365,27.323529411764707
27.0,435,4339800,16.11111111111111
15.0,255,4340055,17.0
44.0,875,4340930,19.886363636363637
18.0,348,4341278,19.333333333333332
29.0,586,4341864,20.20689655172414
26.0,641,4342505,24.653846153846153
29.0,560,4343065,19.310344827586206
11.0,220,4343285,20.0
7.0,109,4343394,15.571428571428571
37.0,733,4344127,19.81081081081081
22.0,459,4344586,20.863636363636363
30.0,467,4345053,15.566666666666666
36.0,773,4345826,21.47222222222222
29.0,424,4346250,14.620689655172415
33.0,592,4346842,17.939393939393938
34.0,678,4347520,19.941176470588236
35.0,623,4348143,17.8
25.0,473,4348616,18.92
26.0,514,4349130,19.76923076923077
34.0,689,4349819,20.264705882352942
25.0,504,4350323,20.16
43.0,1051,4351374,24.441860465116278
29.0,638,4352012,22.0
33.0,790,4352802,23.939393939393938
23.0,548,4353350,23.82608695652174
23.0,510,4353860,22.17391304347826
20.0,534,4354394,26.7
16.0,415,4354809,25.9375
37.0,890,4355699,24.054054054054053
45.0,938,4356637,20.844444444444445
2.0,37,4356674,18.5
21.0,505,4357179,24.047619047619047
13.0,273,4357452,21.0
32.0,806,4358258,25.1875
42.0,843,4359101,20.071428571428573
14.0,265,4359366,18.928571428571427
23.0,527,4359893,22.91304347826087
21.0,512,4360405,24.38095238095238
29.0,557,4360962,19.20689655172414
7.0,134,4361096,19.142857142857142
1.0,19,4361115,19.0
19.0,479,4361594,25.210526315789473
6.0,74,4361668,12.333333333333334
32.0,812,4362480,25.375
16.0,348,4362828,21.75
36.0,675,4363503,18.75
31.0,662,4364165,21.35483870967742
36.0,772,4364937,21.444444444444443
18.0,412,4365349,22.88888888888889
1.0,462,4365811,462.0
23.0,471,4366282,20.47826086956522
17.0,272,4366554,16.0
38.0,884,4367438,23.263157894736842
24.0,527,4367965,21.958333333333332
18.0,311,4368276,17.27777777777778
39.0,821,4369097,21.05128205128205
45.0,1123,4370220,24.955555555555556
22.0,490,4370710,22.272727272727273
31.0,620,4371330,20.0
18.0,330,4371660,18.333333333333332
22.0,401,4372061,18.227272727272727
36.0,792,4372853,22.0
30.0,662,4373515,22.066666666666666
31.0,722,4374237,23.29032258064516
31.0,657,4374894,21.193548387096776
3.0,490,4375384,163.33333333333334
43.0,847,4376231,19.697674418604652
33.0,672,4376903,20.363636363636363
34.0,704,4377607,20.705882352941178
22.0,505,4378112,22.954545454545453
34.0,832,4378944,24.470588235294116
29.0,587,4379531,20.24137931034483
25.0,581,4380112,23.24
38.0,737,4380849,19.394736842105264
22.0,460,4381309,20.90909090909091
44.0,905,4382214,20.568181818181817
29.0,701,4382915,24.17241379310345
41.0,801,4383716,19.536585365853657
21.0,465,4384181,22.142857142857142
24.0,437,4384618,18.208333333333332
9.0,172,4384790,19.11111111111111
33.0,588,4385378,17.818181818181817
27.0,560,4385938,20.74074074074074
24.0,522,4386460,21.75
32.0,582,4387042,18.1875
36.0,842,4387884,23.38888888888889
26.0,450,4388334,17.307692307692307
33.0,841,4389175,25.484848484848484
26.0,558,4389733,21.46153846153846
48.0,1166,4390899,24.291666666666668
32.0,765,4391664,23.90625
32.0,794,4392458,24.8125
24.0,516,4392974,21.5
47.0,942,4393916,20.04255319148936
32.0,676,4394592,21.125
40.0,801,4395393,20.025
21.0,388,4395781,18.476190476190474
43.0,873,4396654,20.302325581395348
21.0,495,4397149,23.571428571428573
29.0,646,4397795,22.275862068965516
36.0,852,4398647,23.666666666666668
16.0,257,4398904,16.0625
33.0,792,4399696,24.0
20.0,339,4400035,16.95
41.0,972,4401007,23.70731707317073
19.0,472,4401479,24.842105263157894
29.0,539,4402018,18.586206896551722
38.0,816,4402834,21.473684210526315
38.0,830,4403664,21.842105263157894
39.0,904,4404568,23.17948717948718
20.0,332,4404900,16.6
45.0,973,4405873,21.622222222222224
44.0,987,4406860,22.431818181818183
29.0,686,4407546,23.655172413793103
17.0,413,4407959,24.294117647058822
34.0,638,4408597,18.764705882352942
46.0,966,4409563,21.0
25.0,495,4410058,19.8
12.0,198,4410256,16.5
30.0,777,4411033,25.9
28.0,632,4411665,22.571428571428573
35.0,706,4412371,20.17142857142857
40.0,992,4413363,24.8
12.0,229,4413592,19.083333333333332
38.0,749,4414341,19.710526315789473
14.0,304,4414645,21.714285714285715
35.0,896,4415541,25.6
36.0,825,4416366,22.916666666666668
27.0,565,4416931,20.925925925925927
34.0,857,4417788,25.205882352941178
24.0,408,4418196,17.0
34.0,729,4418925,21.441176470588236
39.0,862,4419787,22.102564102564102
32.0,709,4420496,22.15625
16.0,286,4420782,17.875
32.0,721,4421503,22.53125
35.0,832,4422335,23.771428571428572
38.0,658,4422993,17.31578947368421
34.0,692,4423685,20.352941176470587
53.0,1201,4424886,22.660377358490567
24.0,429,4425315,17.875
29.0,572,4425887,19.724137931034484
20.0,504,4426391,25.2
42.0,864,4427255,20.571428571428573
38.0,760,4428015,20.0
38.0,846,4428861,22.263157894736842
13.0,222,4429083,17.076923076923077
34.0,726,4429809,21.352941176470587
29.0,616,4430425,21.24137931034483
26.0,514,4430939,19.76923076923077
34.0,620,4431559,18.235294117647058
18.0,425,4431984,23.61111111111111
27.0,567,4432551,21.0
25.0,604,4433155,24.16
31.0,590,4433745,19.032258064516128
28.0,664,4434409,23.714285714285715
23.0,532,4434941,23.130434782608695
34.0,898,4435839,26.41176470588235
34.0,764,4436603,22.470588235294116
36.0,877,4437480,24.36111111111111
33.0,802,4438282,24.303030303030305
20.0,412,4438694,20.6
11.0,177,4438871,16.09090909090909
37.0,783,4439654,21.16216216216216
37.0,613,4440267,16.56756756756757
37.0,1007,4441274,27.216216216216218
27.0,575,4441849,21.296296296296298
31.0,792,4442641,25.548387096774192
39.0,943,4443584,24.17948717948718
34.0,728,4444312,21.41176470588235
23.0,337,4444649,14.652173913043478
20.0,391,4445040,19.55
21.0,291,4445331,13.857142857142858
23.0,398,4445729,17.304347826086957
42.0,906,4446635,21.571428571428573
43.0,999,4447634,23.232558139534884
10.0,198,4447832,19.8
57.0,1523,4449355,26.719298245614034
46.0,1282,4450637,27.869565217391305
33.0,755,4451392,22.87878787878788
28.0,568,4451960,20.285714285714285
41.0,923,4452883,22.51219512195122
34.0,664,4453547,19.529411764705884
34.0,812,4454359,23.88235294117647
13.0,224,4454583,17.23076923076923
20.0,422,4455005,21.1
13.0,214,4455219,16.46153846153846
35.0,650,4455869,18.571428571428573
30.0,596,4456465,19.866666666666667
22.0,477,4456942,21.681818181818183
37.0,845,4457787,22.83783783783784
21.0,450,4458237,21.428571428571427
27.0,659,4458896,24.40740740740741
13.0,294,4459190,22.615384615384617
30.0,739,4459929,24.633333333333333
24.0,565,4460494,23.541666666666668
32.0,839,4461333,26.21875
33.0,745,4462078,22.575757575757574
32.0,733,4462811,22.90625
12.0,306,4463117,25.5
16.0,281,4463398,17.5625
44.0,937,4464335,21.295454545454547
2.0,53,4464388,26.5
34.0,735,4465123,21.61764705882353
2.0,29,4465152,14.5
16.0,333,4465485,20.8125
13.0,283,4465768,21.76923076923077
35.0,887,4466655,25.34285714285714
32.0,528,4467183,16.5
21.0,544,4467727,25.904761904761905
46.0,1160,4468887,25.217391304347824
20.0,451,4469338,22.55
24.0,440,4469778,18.333333333333332
20.0,423,4470201,21.15
23.0,702,4470903,30.52173913043478
31.0,648,4471551,20.903225806451612
16.0,309,4471860,19.3125
6.0,67,4471927,11.166666666666666
16.0,375,4472302,23.4375
13.0,233,4472535,17.923076923076923
56.0,1292,4473827,23.071428571428573
13.0,418,4474245,32.15384615384615
30.0,708,4474953,23.6
42.0,1134,4476087,27.0
43.0,1103,4477190,25.651162790697676
20.0,368,4477558,18.4
17.0,366,4477924,21.529411764705884
36.0,829,4478753,23.02777777777778
17.0,425,4479178,25.0
17.0,268,4479446,15.764705882352942
13.0,258,4479704,19.846153846153847
14.0,189,4479893,13.5
26.0,394,4480287,15.153846153846153
31.0,642,4480929,20.70967741935484
34.0,763,4481692,22.441176470588236
18.0,341,4482033,18.944444444444443
11.0,193,4482226,17.545454545454547
31.0,693,4482919,22.35483870967742
33.0,899,4483818,27.242424242424242
25.0,504,4484322,20.16
36.0,801,4485123,22.25
18.0,349,4485472,19.38888888888889
12.0,366,4485838,30.5
13.0,321,4486159,24.692307692307693
31.0,649,4486808,20.93548387096774
39.0,1006,4487814,25.794871794871796
9.0,211,4488025,23.444444444444443
12.0,278,4488303,23.166666666666668
10.0,172,4488475,17.2
12.0,298,4488773,24.833333333333332
32.0,864,4489637,27.0
11.0,242,4489879,22.0
48.0,1077,4490956,22.4375
7.0,152,4491108,21.714285714285715
16.0,372,4491480,23.25
34.0,784,4492264,23.058823529411764
27.0,585,4492849,21.666666666666668
32.0,690,4493539,21.5625
1.0,453,4493992,453.0
18.0,365,4494357,20.27777777777778
17.0,392,4494749,23.058823529411764
22.0,426,4495175,19.363636363636363
26.0,574,4495749,22.076923076923077
33.0,618,4496367,18.727272727272727
14.0,299,4496666,21.357142857142858
34.0,753,4497419,22.147058823529413
7.0,100,4497519,14.285714285714286
25.0,577,4498096,23.08
41.0,726,4498822,17.70731707317073
5.0,111,4498933,22.2
18.0,354,4499287,19.666666666666668
26.0,561,4499848,21.576923076923077
23.0,611,4500459,26.565217391304348
11.0,270,4500729,24.545454545454547
14.0,472,4501201,33.714285714285715
32.0,795,4501996,24.84375
32.0,952,4502948,29.75
20.0,537,4503485,26.85
8.0,683,4504168,85.375
31.0,729,4504897,23.516129032258064
10.0,177,4505074,17.7
23.0,479,4505553,20.82608695652174
13.0,308,4505861,23.692307692307693
2.0,455,4506316,227.5
7.0,119,4506435,17.0
13.0,273,4506708,21.0
24.0,516,4507224,21.5
16.0,379,4507603,23.6875
4.0,497,4508100,124.25
51.0,1221,4509321,23.941176470588236
32.0,927,4510248,28.96875
24.0,619,4510867,25.791666666666668
13.0,240,4511107,18.46153846153846
37.0,868,4511975,23.45945945945946
9.0,150,4512125,16.666666666666668
5.0,94,4512219,18.8
18.0,410,4512629,22.77777777777778
18.0,407,4513036,22.61111111111111
15.0,324,4513360,21.6
23.0,599,4513959,26.043478260869566
8.0,234,4514193,29.25
1.0,450,4514643,450.0
1.0,506,4515149,506.0
19.0,501,4515650,26.36842105263158
11.0,282,4515932,25.636363636363637
17.0,515,4516447,30.294117647058822
12.0,328,4516775,27.333333333333332
22.0,693,4517468,31.5
2.0,546,4518014,273.0
27.0,819,4518833,30.333333333333332
22.0,658,4519491,29.90909090909091
41.0,1203,4520694,29.341463414634145
2.0,493,4521187,246.5
3.0,550,4521737,183.33333333333334
26.0,538,4522275,20.692307692307693
24.0,709,4522984,29.541666666666668
41.0,924,4523908,22.536585365853657
22.0,494,4524402,22.454545454545453
35.0,849,4525251,24.257142857142856
33.0,753,4526004,22.818181818181817
21.0,445,4526449,21.19047619047619
39.0,917,4527366,23.512820512820515
24.0,580,4527946,24.166666666666668
26.0,502,4528448,19.307692307692307
29.0,641,4529089,22.103448275862068
30.0,949,4530038,31.633333333333333
12.0,219,4530257,18.25
29.0,715,4530972,24.655172413793103
32.0,1029,4532001,32.15625
20.0,475,4532476,23.75
28.0,646,4533122,23.071428571428573
0.0,441,4533563,inf
26.0,570,4534133,21.923076923076923
26.0,559,4534692,21.5
24.0,464,4535156,19.333333333333332
31.0,668,4535824,21.548387096774192
26.0,587,4536411,22.576923076923077
18.0,334,4536745,18.555555555555557
11.0,295,4537040,26.818181818181817
34.0,779,4537819,22.91176470588235
13.0,263,4538082,20.23076923076923
22.0,510,4538592,23.181818181818183
34.0,774,4539366,22.764705882352942
18.0,351,4539717,19.5
19.0,504,4540221,26.526315789473685
21.0,442,4540663,21.047619047619047
14.0,335,4540998,23.928571428571427
27.0,678,4541676,25.11111111111111
16.0,383,4542059,23.9375
9.0,164,4542223,18.22222222222222
14.0,242,4542465,17.285714285714285
24.0,613,4543078,25.541666666666668
25.0,611,4543689,24.44
40.0,1033,4544722,25.825
19.0,443,4545165,23.31578947368421
37.0,922,4546087,24.91891891891892
28.0,708,4546795,25.285714285714285
38.0,960,4547755,25.263157894736842
30.0,778,4548533,25.933333333333334
32.0,704,4549237,22.0
20.0,560,4549797,28.0
40.0,960,4550757,24.0
22.0,436,4551193,19.818181818181817
19.0,378,4551571,19.894736842105264
29.0,692,4552263,23.862068965517242
6.0,183,4552446,30.5
27.0,611,4553057,22.62962962962963
27.0,611,4553668,22.62962962962963
42.0,1122,4554790,26.714285714285715
30.0,639,4555429,21.3
23.0,561,4555990,24.391304347826086
30.0,748,4556738,24.933333333333334
21.0,589,4557327,28.047619047619047
34.0,910,4558237,26.764705882352942
33.0,776,4559013,23.515151515151516
7.0,137,4559150,19.571428571428573
30.0,589,4559739,19.633333333333333
32.0,795,4560534,24.84375
26.0,582,4561116,22.384615384615383
21.0,526,4561642,25.047619047619047
21.0,605,4562247,28.80952380952381
7.0,109,4562356,15.571428571428571
20.0,450,4562806,22.5
17.0,413,4563219,24.294117647058822
26.0,749,4563968,28.807692307692307
40.0,984,4564952,24.6
7.0,110,4565062,15.714285714285714
20.0,562,4565624,28.1
11.0,210,4565834,19.09090909090909
15.0,299,4566133,19.933333333333334
2.0,32,4566165,16.0
14.0,245,4566410,17.5
33.0,839,4567249,25.424242424242426
28.0,544,4567793,19.428571428571427
2.0,63,4567856,31.5
37.0,927,4568783,25.054054054054053
15.0,400,4569183,26.666666666666668
11.0,316,4569499,28.727272727272727
17.0,438,4569937,25.764705882352942
39.0,868,4570805,22.256410256410255
7.0,157,4570962,22.428571428571427
36.0,754,4571716,20.944444444444443
33.0,847,4572563,25.666666666666668
14.0,249,4572812,17.785714285714285
33.0,827,4573639,25.060606060606062
19.0,370,4574009,19.473684210526315
22.0,591,4574600,26.863636363636363
10.0,161,4574761,16.1
17.0,392,4575153,23.058823529411764
25.0,503,4575656,20.12
25.0,596,4576252,23.84
17.0,335,4576587,19.705882352941178
15.0,349,4576936,23.266666666666666
6.0,163,4577099,27.166666666666668
42.0,1094,4578193,26.047619047619047
23.0,561,4578754,24.391304347826086
17.0,487,4579241,28.647058823529413
12.0,289,4579530,24.083333333333332
13.0,292,4579822,22.46153846153846
13.0,362,4580184,27.846153846153847
10.0,267,4580451,26.7
26.0,678,4581129,26.076923076923077
17.0,378,4581507,22.235294117647058
5.0,110,4581617,22.0
7.0,99,4581716,14.142857142857142
33.0,724,4582440,21.939393939393938
13.0,252,4582692,19.384615384615383
38.0,823,4583515,21.657894736842106
6.0,224,4583739,37.333333333333336
27.0,679,4584418,25.14814814814815
26.0,520,4584938,20.0
0.0,441,4585379,inf
5.0,135,4585514,27.0
36.0,680,4586194,18.88888888888889
20.0,380,4586574,19.0
23.0,531,4587105,23.08695652173913
22.0,478,4587583,21.727272727272727
10.0,241,4587824,24.1
38.0,842,4588666,22.157894736842106
36.0,873,4589539,24.25
53.0,1433,4590972,27.037735849056602
31.0,931,4591903,30.032258064516128
24.0,586,4592489,24.416666666666668
41.0,888,4593377,21.658536585365855
25.0,606,4593983,24.24
32.0,732,4594715,22.875
34.0,1046,4595761,30.764705882352942
11.0,268,4596029,24.363636363636363
23.0,469,4596498,20.391304347826086
28.0,745,4597243,26.607142857142858
25.0,588,4597831,23.52
12.0,271,4598102,22.583333333333332
11.0,254,4598356,23.09090909090909
31.0,959,4599315,30.93548387096774
40.0,778,4600093,19.45
39.0,893,4600986,22.897435897435898
48.0,1412,4602398,29.416666666666668
24.0,545,4602943,22.708333333333332
32.0,875,4603818,27.34375
22.0,562,4604380,25.545454545454547
14.0,434,4604814,31.0
33.0,767,4605581,23.242424242424242
19.0,508,4606089,26.736842105263158
12.0,437,4606526,36.416666666666664
15.0,427,4606953,28.466666666666665
8.0,248,4607201,31.0
25.0,577,4607778,23.08
23.0,664,4608442,28.869565217391305
36.0,846,4609288,23.5
23.0,635,4609923,27.608695652173914
39.0,910,4610833,23.333333333333332
16.0,347,4611180,21.6875
28.0,649,4611829,23.178571428571427
11.0,232,4612061,21.09090909090909
18.0,449,4612510,24.944444444444443
25.0,518,4613028,20.72
33.0,682,4613710,20.666666666666668
16.0,387,4614097,24.1875
7.0,227,4614324,32.42857142857143
14.0,261,4614585,18.642857142857142
21.0,864,4615449,41.142857142857146
34.0,905,4616354,26.61764705882353
17.0,382,4616736,22.470588235294116
12.0,258,4616994,21.5
25.0,674,4617668,26.96
2.0,495,4618163,247.5
32.0,863,4619026,26.96875
44.0,949,4619975,21.568181818181817
10.0,202,4620177,20.2
37.0,941,4621118,25.43243243243243
19.0,330,4621448,17.36842105263158
30.0,654,4622102,21.8
32.0,693,4622795,21.65625
30.0,707,4623502,23.566666666666666
33.0,773,4624275,23.424242424242426
27.0,586,4624861,21.703703703703702
36.0,849,4625710,23.583333333333332
8.0,583,4626293,72.875
13.0,296,4626589,22.76923076923077
26.0,578,4627167,22.23076923076923
27.0,577,4627744,21.37037037037037
31.0,902,4628646,29.096774193548388
28.0,581,4629227,20.75
20.0,450,4629677,22.5
17.0,385,4630062,22.647058823529413
17.0,317,4630379,18.647058823529413
28.0,633,4631012,22.607142857142858
32.0,649,4631661,20.28125
16.0,341,4632002,21.3125
39.0,842,4632844,21.58974358974359
6.0,191,4633035,31.833333333333332
18.0,559,4633594,31.055555555555557
10.0,233,4633827,23.3
20.0,422,4634249,21.1
34.0,938,4635187,27.58823529411765
14.0,447,4635634,31.928571428571427
36.0,976,4636610,27.11111111111111
28.0,743,4637353,26.535714285714285
3.0,131,4637484,43.666666666666664
18.0,432,4637916,24.0
2.0,491,4638407,245.5
24.0,733,4639140,30.541666666666668
20.0,909,4640049,45.45
0.0,73,4640122,inf
19.0,435,4640557,22.894736842105264
30.0,632,4641189,21.066666666666666
35.0,775,4641964,22.142857142857142
23.0,584,4642548,25.391304347826086
25.0,623,4643171,24.92
14.0,264,4643435,18.857142857142858
23.0,524,4643959,22.782608695652176
17.0,402,4644361,23.647058823529413
0.0,76,4644437,inf
40.0,974,4645411,24.35
5.0,123,4645534,24.6
18.0,438,4645972,24.333333333333332
8.0,220,4646192,27.5
3.0,75,4646267,25.0
12.0,746,4647013,62.166666666666664
0.0,71,4647084,inf
20.0,456,4647540,22.8
20.0,995,4648535,49.75
24.0,480,4649015,20.0
34.0,1228,4650243,36.11764705882353
12.0,715,4650958,59.583333333333336
30.0,608,4651566,20.266666666666666
7.0,581,4652147,83.0
6.0,604,4652751,100.66666666666667
27.0,601,4653352,22.25925925925926
21.0,920,4654272,43.80952380952381
17.0,902,4655174,53.05882352941177
0.0,441,4655615,inf
0.0,441,4656056,inf
28.0,577,4656633,20.607142857142858
30.0,1061,4657694,35.36666666666667
5.0,114,4657808,22.8
17.0,404,4658212,23.764705882352942
12.0,669,4658881,55.75
36.0,1009,4659890,28.02777777777778
24.0,522,4660412,21.75
0.0,28,4660440,inf
22.0,571,4661011,25.954545454545453
11.0,307,4661318,27.90909090909091
0.0,441,4661759,inf
25.0,550,4662309,22.0
26.0,612,4662921,23.53846153846154
7.0,250,4663171,35.714285714285715
9.0,583,4663754,64.77777777777777
9.0,299,4664053,33.22222222222222
10.0,635,4664688,63.5
5.0,540,4665228,108.0
22.0,502,4665730,22.818181818181817
17.0,429,4666159,25.235294117647058
2.0,477,4666636,238.5
26.0,521,4667157,20.03846153846154
32.0,636,4667793,19.875
39.0,790,4668583,20.256410256410255
23.0,479,4669062,20.82608695652174
35.0,873,4669935,24.942857142857143
43.0,1209,4671144,28.11627906976744
12.0,310,4671454,25.833333333333332
14.0,313,4671767,22.357142857142858
25.0,671,4672438,26.84
7.0,544,4672982,77.71428571428571
22.0,490,4673472,22.272727272727273
18.0,549,4674021,30.5
2.0,520,4674541,260.0
0.0,79,4674620,inf
12.0,332,4674952,27.666666666666668
32.0,754,4675706,23.5625
6.0,133,4675839,22.166666666666668
29.0,743,4676582,25.620689655172413
23.0,589,4677171,25.608695652173914
28.0,528,4677699,18.857142857142858
20.0,291,4677990,14.55
11.0,278,4678268,25.272727272727273
39.0,1025,4679293,26.28205128205128
17.0,417,4679710,24.529411764705884
50.0,1121,4680831,22.42
12.0,241,4681072,20.083333333333332
26.0,683,4681755,26.26923076923077
11.0,212,4681967,19.272727272727273
28.0,702,4682669,25.071428571428573
24.0,511,4683180,21.291666666666668
27.0,657,4683837,24.333333333333332
24.0,581,4684418,24.208333333333332
30.0,671,4685089,22.366666666666667
20.0,491,4685580,24.55
12.0,198,4685778,16.5
32.0,813,4686591,25.40625
23.0,511,4687102,22.217391304347824
3.0,77,4687179,25.666666666666668
32.0,631,4687810,19.71875
23.0,515,4688325,22.391304347826086
37.0,784,4689109,21.18918918918919
40.0,1086,4690195,27.15
9.0,243,4690438,27.0
23.0,490,4690928,21.304347826086957
10.0,255,4691183,25.5
13.0,218,4691401,16.76923076923077
45.0,1196,4692597,26.57777777777778
39.0,980,4693577,25.128205128205128
35.0,816,4694393,23.314285714285713
8.0,640,4695033,80.0
27.0,612,4695645,22.666666666666668
16.0,448,4696093,28.0
37.0,933,4697026,25.216216216216218
26.0,535,4697561,20.576923076923077
28.0,507,4698068,18.107142857142858
18.0,328,4698396,18.22222222222222
21.0,552,4698948,26.285714285714285
0.0,27,4698975,inf
26.0,535,4699510,20.576923076923077
17.0,489,4699999,28.764705882352942
35.0,772,4700771,22.057142857142857
27.0,567,4701338,21.0
30.0,706,4702044,23.533333333333335
35.0,722,4702766,20.62857142857143
30.0,708,4703474,23.6
2.0,52,4703526,26.0
51.0,1310,4704836,25.686274509803923
31.0,657,4705493,21.193548387096776
6.0,136,4705629,22.666666666666668
26.0,521,4706150,20.03846153846154
27.0,613,4706763,22.703703703703702
10.0,226,4706989,22.6
27.0,728,4707717,26.962962962962962
26.0,464,4708181,17.846153846153847
31.0,758,4708939,24.451612903225808
19.0,438,4709377,23.05263157894737
42.0,1062,4710439,25.285714285714285
47.0,1034,4711473,22.0
11.0,216,4711689,19.636363636363637
37.0,839,4712528,22.675675675675677
20.0,474,4713002,23.7
22.0,477,4713479,21.681818181818183
5.0,562,4714041,112.4
23.0,403,4714444,17.52173913043478
1.0,27,4714471,27.0
32.0,660,4715131,20.625
10.0,600,4715731,60.0
33.0,690,4716421,20.90909090909091
27.0,506,4716927,18.74074074074074
40.0,919,4717846,22.975
10.0,219,4718065,21.9
17.0,436,4718501,25.647058823529413
24.0,585,4719086,24.375
20.0,911,4719997,45.55
31.0,582,4720579,18.774193548387096
13.0,261,4720840,20.076923076923077
29.0,1041,4721881,35.89655172413793
15.0,345,4722226,23.0
25.0,963,4723189,38.52
28.0,633,4723822,22.607142857142858
13.0,322,4724144,24.76923076923077
27.0,722,4724866,26.74074074074074
44.0,902,4725768,20.5
4.0,495,4726263,123.75
8.0,562,4726825,70.25
22.0,586,4727411,26.636363636363637
3.0,81,4727492,27.0
27.0,620,4728112,22.962962962962962
16.0,341,4728453,21.3125
14.0,736,4729189,52.57142857142857
13.0,272,4729461,20.923076923076923
36.0,788,4730249,21.88888888888889
21.0,445,4730694,21.19047619047619
22.0,518,4731212,23.545454545454547
0.0,30,4731242,inf
28.0,729,4731971,26.035714285714285
16.0,294,4732265,18.375
11.0,250,4732515,22.727272727272727
6.0,527,4733042,87.83333333333333
22.0,475,4733517,21.59090909090909
14.0,321,4733838,22.928571428571427
17.0,679,4734517,39.94117647058823
21.0,422,4734939,20.095238095238095
32.0,641,4735580,20.03125
1.0,29,4735609,29.0
36.0,819,4736428,22.75
19.0,505,4736933,26.57894736842105
23.0,534,4737467,23.217391304347824
42.0,1011,4738478,24.071428571428573
8.0,174,4738652,21.75
10.0,198,4738850,19.8
17.0,356,4739206,20.941176470588236
32.0,810,4740016,25.3125
23.0,492,4740508,21.391304347826086
9.0,194,4740702,21.555555555555557
3.0,517,4741219,172.33333333333334
30.0,660,4741879,22.0
35.0,776,4742655,22.17142857142857
9.0,203,4742858,22.555555555555557
19.0,818,4743676,43.05263157894737
5.0,116,4743792,23.2
20.0,846,4744638,42.3
38.0,855,4745493,22.5
8.0,150,4745643,18.75
27.0,632,4746275,23.40740740740741
50.0,1087,4747362,21.74
22.0,403,4747765,18.318181818181817
11.0,286,4748051,26.0
30.0,575,4748626,19.166666666666668
4.0,503,4749129,125.75
25.0,394,4749523,15.76
9.0,611,4750134,67.88888888888889
14.0,259,4750393,18.5
20.0,406,4750799,20.3
35.0,933,4751732,26.65714285714286
23.0,1008,4752740,43.82608695652174
27.0,522,4753262,19.333333333333332
28.0,529,4753791,18.892857142857142
47.0,1157,4754948,24.617021276595743
40.0,753,4755701,18.825
14.0,272,4755973,19.428571428571427
7.0,129,4756102,18.428571428571427
8.0,554,4756656,69.25
28.0,542,4757198,19.357142857142858
33.0,572,4757770,17.333333333333332
3.0,489,4758259,163.0
25.0,511,4758770,20.44
25.0,577,4759347,23.08
28.0,586,4759933,20.928571428571427
35.0,819,4760752,23.4
39.0,878,4761630,22.512820512820515
8.0,609,4762239,76.125
1.0,459,4762698,459.0
27.0,761,4763459,28.185185185185187
10.0,630,4764089,63.0
38.0,853,4764942,22.44736842105263
23.0,474,4765416,20.608695652173914
8.0,215,4765631,26.875
15.0,361,4765992,24.066666666666666
21.0,514,4766506,24.476190476190474
5.0,105,4766611,21.0
47.0,1116,4767727,23.74468085106383
20.0,385,4768112,19.25
24.0,469,4768581,19.541666666666668
32.0,687,4769268,21.46875
26.0,480,4769748,18.46153846153846
24.0,513,4770261,21.375
14.0,364,4770625,26.0
8.0,574,4771199,71.75
42.0,1012,4772211,24.095238095238095
27.0,751,4772962,27.814814814814813
36.0,765,4773727,21.25
25.0,576,4774303,23.04
19.0,414,4774717,21.789473684210527
41.0,937,4775654,22.853658536585368
30.0,738,4776392,24.6
12.0,351,4776743,29.25
36.0,938,4777681,26.055555555555557
13.0,327,4778008,25.153846153846153
20.0,593,4778601,29.65
20.0,523,4779124,26.15
24.0,580,4779704,24.166666666666668
5.0,92,4779796,18.4
27.0,605,4780401,22.40740740740741
24.0,707,4781108,29.458333333333332
14.0,409,4781517,29.214285714285715
58.0,1263,4782780,21.775862068965516
2.0,24,4782804,12.0
26.0,614,4783418,23.615384615384617
39.0,922,4784340,23.641025641025642
24.0,548,4784888,22.833333333333332
23.0,492,4785380,21.391304347826086
6.0,117,4785497,19.5
29.0,510,4786007,17.586206896551722
14.0,365,4786372,26.071428571428573
36.0,880,4787252,24.444444444444443
17.0,358,4787610,21.058823529411764
35.0,859,4788469,24.542857142857144
23.0,540,4789009,23.47826086956522
22.0,512,4789521,23.272727272727273
36.0,931,4790452,25.86111111111111
13.0,265,4790717,20.384615384615383
20.0,375,4791092,18.75
22.0,347,4791439,15.772727272727273
3.0,55,4791494,18.333333333333332
22.0,457,4791951,20.772727272727273
24.0,536,4792487,22.333333333333332
32.0,663,4793150,20.71875
14.0,330,4793480,23.571428571428573
38.0,780,4794260,20.526315789473685
31.0,684,4794944,22.06451612903226
4.0,71,4795015,17.75
20.0,359,4795374,17.95
39.0,1026,4796400,26.307692307692307
6.0,293,4796693,48.833333333333336
19.0,427,4797120,22.473684210526315
27.0,676,4797796,25.037037037037038
41.0,974,4798770,23.75609756097561
44.0,1183,4799953,26.886363636363637
44.0,1059,4801012,24.068181818181817
27.0,540,4801552,20.0
22.0,556,4802108,25.272727272727273
28.0,507,4802615,18.107142857142858
38.0,907,4803522,23.86842105263158
29.0,678,4804200,23.379310344827587
34.0,709,4804909,20.852941176470587
0.0,28,4804937,inf
6.0,111,4805048,18.5
25.0,630,4805678,25.2
4.0,112,4805790,28.0
20.0,391,4806181,19.55
30.0,789,4806970,26.3
9.0,171,4807141,19.0
31.0,738,4807879,23.806451612903224
27.0,624,4808503,23.11111111111111
21.0,402,4808905,19.142857142857142
37.0,828,4809733,22.37837837837838
16.0,561,4810294,35.0625
27.0,556,4810850,20.59259259259259
11.0,257,4811107,23.363636363636363
37.0,893,4812000,24.135135135135137
35.0,679,4812679,19.4
37.0,834,4813513,22.54054054054054
22.0,471,4813984,21.40909090909091
10.0,177,4814161,17.7
32.0,709,4814870,22.15625
25.0,553,4815423,22.12
24.0,510,4815933,21.25
5.0,182,4816115,36.4
4.0,103,4816218,25.75
35.0,699,4816917,19.97142857142857
33.0,684,4817601,20.727272727272727
37.0,846,4818447,22.864864864864863
16.0,450,4818897,28.125
13.0,277,4819174,21.307692307692307
20.0,445,4819619,22.25
25.0,608,4820227,24.32
18.0,404,4820631,22.444444444444443
18.0,449,4821080,24.944444444444443
8.0,233,4821313,29.125
17.0,474,4821787,27.88235294117647
23.0,486,4822273,21.130434782608695
35.0,808,4823081,23.085714285714285
36.0,918,4823999,25.5
32.0,864,4824863,27.0
46.0,1012,4825875,22.0
23.0,473,4826348,20.565217391304348
4.0,99,4826447,24.75
34.0,623,4827070,18.323529411764707
38.0,784,4827854,20.63157894736842
20.0,406,4828260,20.3
21.0,487,4828747,23.19047619047619
25.0,600,4829347,24.0
43.0,1225,4830572,28.488372093023255
30.0,635,4831207,21.166666666666668
11.0,269,4831476,24.454545454545453
47.0,1078,4832554,22.93617021276596
15.0,222,4832776,14.8
0.0,26,4832802,inf
10.0,215,4833017,21.5
54.0,1209,4834226,22.38888888888889
18.0,434,4834660,24.11111111111111
22.0,456,4835116,20.727272727272727
22.0,574,4835690,26.09090909090909
26.0,511,4836201,19.653846153846153
19.0,448,4836649,23.57894736842105
49.0,1163,4837812,23.73469387755102
15.0,328,4838140,21.866666666666667
37.0,871,4839011,23.54054054054054
7.0,110,4839121,15.714285714285714
4.0,124,4839245,31.0
28.0,729,4839974,26.035714285714285
9.0,210,4840184,23.333333333333332
18.0,408,4840592,22.666666666666668
36.0,751,4841343,20.86111111111111
27.0,581,4841924,21.51851851851852
39.0,896,4842820,22.974358974358974
17.0,272,4843092,16.0
23.0,546,4843638,23.73913043478261
4.0,68,4843706,17.0
35.0,755,4844461,21.571428571428573
41.0,989,4845450,24.121951219512194
26.0,545,4845995,20.96153846153846
7.0,173,4846168,24.714285714285715
35.0,847,4847015,24.2
27.0,599,4847614,22.185185185185187
24.0,492,4848106,20.5
1.0,28,4848134,28.0
15.0,341,4848475,22.733333333333334
38.0,750,4849225,19.736842105263158
34.0,711,4849936,20.91176470588235
31.0,718,4850654,23.161290322580644
9.0,201,4850855,22.333333333333332
10.0,244,4851099,24.4
20.0,344,4851443,17.2
26.0,524,4851967,20.153846153846153
27.0,630,4852597,23.333333333333332
35.0,812,4853409,23.2
12.0,328,4853737,27.333333333333332
39.0,778,4854515,19.94871794871795
14.0,340,4854855,24.285714285714285
6.0,167,4855022,27.833333333333332
37.0,905,4855927,24.45945945945946
9.0,228,4856155,25.333333333333332
38.0,787,4856942,20.710526315789473
24.0,622,4857564,25.916666666666668
30.0,665,4858229,22.166666666666668
28.0,601,4858830,21.464285714285715
23.0,559,4859389,24.304347826086957
26.0,528,4859917,20.307692307692307
22.0,470,4860387,21.363636363636363
24.0,500,4860887,20.833333333333332
6.0,85,4860972,14.166666666666666
22.0,617,4861589,28.045454545454547
27.0,561,4862150,20.77777777777778
20.0,491,4862641,24.55
19.0,303,4862944,15.947368421052632
29.0,656,4863600,22.620689655172413
26.0,471,4864071,18.115384615384617
21.0,591,4864662,28.142857142857142
34.0,755,4865417,22.205882352941178
29.0,646,4866063,22.275862068965516
14.0,360,4866423,25.714285714285715
32.0,807,4867230,25.21875
4.0,64,4867294,16.0
7.0,194,4867488,27.714285714285715
48.0,1245,4868733,25.9375
24.0,530,4869263,22.083333333333332
25.0,585,4869848,23.4
26.0,569,4870417,21.884615384615383
30.0,781,4871198,26.033333333333335
23.0,470,4871668,20.434782608695652
35.0,860,4872528,24.571428571428573
27.0,759,4873287,28.11111111111111
30.0,734,4874021,24.466666666666665
28.0,721,4874742,25.75
38.0,946,4875688,24.894736842105264
53.0,1327,4877015,25.037735849056602
7.0,145,4877160,20.714285714285715
32.0,606,4877766,18.9375
9.0,159,4877925,17.666666666666668
26.0,488,4878413,18.76923076923077
12.0,204,4878617,17.0
35.0,589,4879206,16.82857142857143
24.0,594,4879800,24.75
25.0,565,4880365,22.6
49.0,1138,4881503,23.224489795918366
27.0,623,4882126,23.074074074074073
55.0,1468,4883594,26.69090909090909
19.0,431,4884025,22.68421052631579
9.0,109,4884134,12.11111111111111
40.0,969,4885103,24.225
23.0,456,4885559,19.82608695652174
16.0,442,4886001,27.625
41.0,938,4886939,22.878048780487806
16.0,334,4887273,20.875
35.0,934,4888207,26.685714285714287
49.0,1273,4889480,25.979591836734695
12.0,213,4889693,17.75
39.0,818,4890511,20.974358974358974
31.0,569,4891080,18.35483870967742
19.0,320,4891400,16.842105263157894
25.0,556,4891956,22.24
27.0,636,4892592,23.555555555555557
42.0,1143,4893735,27.214285714285715
37.0,918,4894653,24.81081081081081
26.0,580,4895233,22.307692307692307
23.0,502,4895735,21.82608695652174
39.0,900,4896635,23.076923076923077
33.0,885,4897520,26.818181818181817
24.0,508,4898028,21.166666666666668
23.0,608,4898636,26.434782608695652
42.0,1045,4899681,24.88095238095238
35.0,782,4900463,22.34285714285714
30.0,690,4901153,23.0
43.0,1049,4902202,24.3953488372093
36.0,830,4903032,23.055555555555557
29.0,552,4903584,19.03448275862069
12.0,336,4903920,28.0
30.0,661,4904581,22.033333333333335
23.0,463,4905044,20.130434782608695
20.0,439,4905483,21.95
37.0,828,4906311,22.37837837837838
25.0,513,4906824,20.52
44.0,937,4907761,21.295454545454547
54.0,1501,4909262,27.796296296296298
22.0,490,4909752,22.272727272727273
38.0,1153,4910905,30.342105263157894
32.0,697,4911602,21.78125
13.0,237,4911839,18.23076923076923
45.0,1123,4912962,24.955555555555556
6.0,147,4913109,24.5
14.0,261,4913370,18.642857142857142
20.0,454,4913824,22.7
24.0,704,4914528,29.333333333333332
20.0,533,4915061,26.65
28.0,529,4915590,18.892857142857142
35.0,917,4916507,26.2
32.0,809,4917316,25.28125
38.0,1061,4918377,27.92105263157895
24.0,511,4918888,21.291666666666668
11.0,307,4919195,27.90909090909091
26.0,545,4919740,20.96153846153846
25.0,612,4920352,24.48
41.0,1434,4921786,34.97560975609756
30.0,643,4922429,21.433333333333334
36.0,795,4923224,22.083333333333332
24.0,511,4923735,21.291666666666668
30.0,814,4924549,27.133333333333333
39.0,962,4925511,24.666666666666668
25.0,572,4926083,22.88
17.0,436,4926519,25.647058823529413
41.0,1022,4927541,24.926829268292682
37.0,810,4928351,21.89189189189189
23.0,580,4928931,25.217391304347824
41.0,997,4929928,24.317073170731707
19.0,456,4930384,24.0
24.0,669,4931053,27.875
18.0,399,4931452,22.166666666666668
36.0,765,4932217,21.25
17.0,362,4932579,21.294117647058822
31.0,727,4933306,23.451612903225808
11.0,301,4933607,27.363636363636363
22.0,390,4933997,17.727272727272727
24.0,451,4934448,18.791666666666668
25.0,639,4935087,25.56
33.0,847,4935934,25.666666666666668
21.0,424,4936358,20.19047619047619
16.0,374,4936732,23.375
28.0,622,4937354,22.214285714285715
26.0,410,4937764,15.76923076923077
36.0,793,4938557,22.02777777777778
38.0,996,4939553,26.210526315789473
40.0,959,4940512,23.975
15.0,269,4940781,17.933333333333334
33.0,1151,4941932,34.878787878787875
5.0,201,4942133,40.2
18.0,311,4942444,17.27777777777778
16.0,323,4942767,20.1875
18.0,398,4943165,22.11111111111111
34.0,633,4943798,18.61764705882353
46.0,1189,4944987,25.847826086956523
20.0,412,4945399,20.6
23.0,605,4946004,26.304347826086957
35.0,722,4946726,20.62857142857143
27.0,716,4947442,26.51851851851852
33.0,963,4948405,29.181818181818183
38.0,747,4949152,19.657894736842106
40.0,934,4950086,23.35
41.0,1309,4951395,31.926829268292682
25.0,549,4951944,21.96
31.0,565,4952509,18.225806451612904
7.0,123,4952632,17.571428571428573
39.0,836,4953468,21.435897435897434
34.0,750,4954218,22.058823529411764
22.0,428,4954646,19.454545454545453
12.0,358,4955004,29.833333333333332
42.0,979,4955983,23.30952380952381
26.0,558,4956541,21.46153846153846
45.0,946,4957487,21.022222222222222
36.0,728,4958215,20.22222222222222
32.0,815,4959030,25.46875
12.0,233,4959263,19.416666666666668
39.0,981,4960244,25.153846153846153
26.0,647,4960891,24.884615384615383
24.0,490,4961381,20.416666666666668
49.0,1161,4962542,23.693877551020407
40.0,1107,4963649,27.675
32.0,695,4964344,21.71875
25.0,633,4964977,25.32
23.0,674,4965651,29.304347826086957
39.0,954,4966605,24.46153846153846
20.0,387,4966992,19.35
42.0,975,4967967,23.214285714285715
44.0,1189,4969156,27.022727272727273
30.0,684,4969840,22.8
2.0,61,4969901,30.5
9.0,187,4970088,20.77777777777778
26.0,605,4970693,23.26923076923077
34.0,778,4971471,22.88235294117647
38.0,1108,4972579,29.157894736842106
34.0,806,4973385,23.705882352941178
17.0,357,4973742,21.0
52.0,1166,4974908,22.423076923076923
13.0,242,4975150,18.615384615384617
44.0,1024,4976174,23.272727272727273
22.0,585,4976759,26.59090909090909
26.0,589,4977348,22.653846153846153
42.0,893,4978241,21.261904761904763
22.0,486,4978727,22.09090909090909
23.0,482,4979209,20.956521739130434
47.0,1266,4980475,26.93617021276596
33.0,911,4981386,27.606060606060606
24.0,727,4982113,30.291666666666668
17.0,313,4982426,18.41176470588235
41.0,1044,4983470,25.463414634146343
17.0,514,4983984,30.235294117647058
29.0,648,4984632,22.344827586206897
18.0,442,4985074,24.555555555555557
17.0,367,4985441,21.58823529411765
23.0,574,4986015,24.956521739130434
41.0,915,4986930,22.317073170731707
32.0,719,4987649,22.46875
14.0,375,4988024,26.785714285714285
40.0,1112,4989136,27.8
12.0,427,4989563,35.583333333333336
8.0,201,4989764,25.125
27.0,599,4990363,22.185185185185187
41.0,1229,4991592,29.975609756097562
29.0,724,4992316,24.96551724137931
16.0,369,4992685,23.0625
41.0,914,4993599,22.29268292682927
20.0,701,4994300,35.05
40.0,1225,4995525,30.625
31.0,707,4996232,22.806451612903224
25.0,628,4996860,25.12
47.0,1548,4998408,32.93617021276596
32.0,746,4999154,23.3125
20.0,557,4999711,27.85
17.0,329,5000040,19.352941176470587
29.0,695,5000735,23.96551724137931
21.0,616,5001351,29.333333333333332
22.0,612,5001963,27.818181818181817
22.0,590,5002553,26.818181818181817
43.0,1232,5003785,28.651162790697676
40.0,1239,5005024,30.975
26.0,740,5005764,28.46153846153846
24.0,674,5006438,28.083333333333332
30.0,819,5007257,27.3
36.0,1205,5008462,33.47222222222222
16.0,415,5008877,25.9375
30.0,744,5009621,24.8
23.0,631,5010252,27.434782608695652
34.0,1002,5011254,29.470588235294116
32.0,860,5012114,26.875
26.0,712,5012826,27.384615384615383
20.0,477,5013303,23.85
14.0,305,5013608,21.785714285714285
16.0,489,5014097,30.5625
33.0,976,5015073,29.575757575757574
21.0,592,5015665,28.19047619047619
2.0,119,5015784,59.5
14.0,338,5016122,24.142857142857142
1.0,24,5016146,24.0
12.0,244,5016390,20.333333333333332
9.0,319,5016709,35.44444444444444
11.0,317,5017026,28.818181818181817
5.0,199,5017225,39.8
25.0,676,5017901,27.04
5.0,106,5018007,21.2
25.0,639,5018646,25.56
2.0,81,5018727,40.5
16.0,431,5019158,26.9375
26.0,611,5019769,23.5
11.0,308,5020077,28.0
35.0,1036,5021113,29.6
20.0,514,5021627,25.7
19.0,523,5022150,27.526315789473685
16.0,343,5022493,21.4375
14.0,379,5022872,27.071428571428573
32.0,712,5023584,22.25
10.0,279,5023863,27.9
9.0,252,5024115,28.0
2.0,91,5024206,45.5
31.0,889,5025095,28.677419354838708
31.0,754,5025849,24.322580645161292
16.0,375,5026224,23.4375
1.0,18,5026242,18.0
32.0,826,5027068,25.8125
13.0,365,5027433,28.076923076923077
8.0,261,5027694,32.625
30.0,811,5028505,27.033333333333335
9.0,196,5028701,21.77777777777778
1.0,17,5028718,17.0
11.0,362,5029080,32.90909090909091
0.0,62,5029142,inf
35.0,1018,5030160,29.085714285714285
26.0,671,5030831,25.807692307692307
20.0,506,5031337,25.3
22.0,598,5031935,27.181818181818183
7.0,207,5032142,29.571428571428573
23.0,833,5032975,36.21739130434783
2.0,29,5033004,14.5
23.0,717,5033721,31.17391304347826
8.0,103,5033824,12.875
14.0,395,5034219,28.214285714285715
15.0,852,5035071,56.8
11.0,255,5035326,23.181818181818183
21.0,598,5035924,28.476190476190474
19.0,452,5036376,23.789473684210527
9.0,284,5036660,31.555555555555557
18.0,451,5037111,25.055555555555557
17.0,411,5037522,24.176470588235293
14.0,398,5037920,28.428571428571427
5.0,568,5038488,113.6
6.0,128,5038616,21.333333333333332
2.0,74,5038690,37.0
2.0,497,5039187,248.5
14.0,363,5039550,25.928571428571427
19.0,573,5040123,30.157894736842106
20.0,466,5040589,23.3
7.0,113,5040702,16.142857142857142
14.0,305,5041007,21.785714285714285
20.0,472,5041479,23.6
23.0,673,5042152,29.26086956521739
11.0,294,5042446,26.727272727272727
14.0,438,5042884,31.285714285714285
19.0,473,5043357,24.894736842105264
7.0,153,5043510,21.857142857142858
14.0,387,5043897,27.642857142857142
16.0,412,5044309,25.75
8.0,266,5044575,33.25
6.0,159,5044734,26.5
11.0,273,5045007,24.818181818181817
11.0,367,5045374,33.36363636363637
15.0,375,5045749,25.0
7.0,167,5045916,23.857142857142858
14.0,350,5046266,25.0
30.0,811,5047077,27.033333333333335
31.0,1030,5048107,33.225806451612904
30.0,741,5048848,24.7
36.0,980,5049828,27.22222222222222
12.0,288,5050116,24.0
1.0,20,5050136,20.0
25.0,598,5050734,23.92
34.0,938,5051672,27.58823529411765
3.0,106,5051778,35.333333333333336
11.0,286,5052064,26.0
23.0,693,5052757,30.130434782608695
10.0,649,5053406,64.9
3.0,158,5053564,52.666666666666664
5.0,164,5053728,32.8
20.0,554,5054282,27.7
4.0,116,5054398,29.0
10.0,289,5054687,28.9
12.0,301,5054988,25.083333333333332
13.0,450,5055438,34.61538461538461
13.0,423,5055861,32.53846153846154
29.0,787,5056648,27.137931034482758
37.0,996,5057644,26.91891891891892
17.0,472,5058116,27.764705882352942
24.0,760,5058876,31.666666666666668
20.0,524,5059400,26.2
19.0,583,5059983,30.68421052631579
25.0,736,5060719,29.44
33.0,1047,5061766,31.727272727272727
36.0,972,5062738,27.0
28.0,816,5063554,29.142857142857142
26.0,535,5064089,20.576923076923077
36.0,897,5064986,24.916666666666668
13.0,396,5065382,30.46153846153846
9.0,324,5065706,36.0
24.0,684,5066390,28.5
14.0,503,5066893,35.92857142857143
26.0,662,5067555,25.46153846153846
27.0,824,5068379,30.51851851851852
11.0,746,5069125,67.81818181818181
3.0,531,5069656,177.0
1.0,451,5070107,451.0
5.0,557,5070664,111.4
24.0,567,5071231,23.625
3.0,492,5071723,164.0
25.0,669,5072392,26.76
19.0,495,5072887,26.05263157894737
28.0,961,5073848,34.32142857142857
28.0,814,5074662,29.071428571428573
27.0,1027,5075689,38.03703703703704
12.0,284,5075973,23.666666666666668
3.0,514,5076487,171.33333333333334
20.0,558,5077045,27.9
2.0,481,5077526,240.5
10.0,242,5077768,24.2
20.0,551,5078319,27.55
35.0,1037,5079356,29.62857142857143
6.0,100,5079456,16.666666666666668
16.0,876,5080332,54.75
18.0,432,5080764,24.0
26.0,539,5081303,20.73076923076923
41.0,1154,5082457,28.146341463414632
5.0,201,5082658,40.2
23.0,660,5083318,28.695652173913043
36.0,807,5084125,22.416666666666668
2.0,534,5084659,267.0
14.0,284,5084943,20.285714285714285
27.0,783,5085726,29.0
26.0,725,5086451,27.884615384615383
3.0,510,5086961,170.0
28.0,748,5087709,26.714285714285715
12.0,403,5088112,33.583333333333336
26.0,775,5088887,29.807692307692307
34.0,913,5089800,26.852941176470587
20.0,645,5090445,32.25
14.0,341,5090786,24.357142857142858
23.0,713,5091499,31.0
18.0,427,5091926,23.72222222222222
28.0,922,5092848,32.92857142857143
10.0,296,5093144,29.6
32.0,656,5093800,20.5
3.0,486,5094286,162.0
23.0,639,5094925,27.782608695652176
29.0,673,5095598,23.20689655172414
10.0,231,5095829,23.1
21.0,573,5096402,27.285714285714285
19.0,515,5096917,27.105263157894736
14.0,354,5097271,25.285714285714285
37.0,944,5098215,25.513513513513512
35.0,1241,5099456,35.457142857142856
3.0,507,5099963,169.0
2.0,497,5100460,248.5
0.0,441,5100901,inf
1.0,455,5101356,455.0
1.0,458,5101814,458.0
0.0,441,5102255,inf
0.0,441,5102696,inf
3.0,511,5103207,170.33333333333334
1.0,456,5103663,456.0
3.0,530,5104193,176.66666666666666
0.0,441,5104634,inf
0.0,441,5105075,inf
0.0,441,5105516,inf
3.0,522,5106038,174.0
0.0,72,5106110,inf
22.0,674,5106784,30.636363636363637
10.0,272,5107056,27.2
10.0,203,5107259,20.3
9.0,397,5107656,44.111111111111114
32.0,1063,5108719,33.21875
27.0,788,5109507,29.185185185185187
6.0,590,5110097,98.33333333333333
21.0,612,5110709,29.142857142857142
3.0,504,5111213,168.0
22.0,702,5111915,31.90909090909091
10.0,250,5112165,25.0
23.0,659,5112824,28.652173913043477
5.0,611,5113435,122.2
13.0,466,5113901,35.84615384615385
6.0,562,5114463,93.66666666666667
20.0,712,5115175,35.6
36.0,1340,5116515,37.22222222222222
32.0,1038,5117553,32.4375
23.0,712,5118265,30.956521739130434
29.0,725,5118990,25.0
12.0,336,5119326,28.0
15.0,441,5119767,29.4
22.0,656,5120423,29.818181818181817
25.0,828,5121251,33.12
8.0,274,5121525,34.25
4.0,214,5121739,53.5
2.0,78,5121817,39.0
5.0,250,5122067,50.0
20.0,588,5122655,29.4
8.0,134,5122789,16.75
25.0,873,5123662,34.92
13.0,321,5123983,24.692307692307693
31.0,703,5124686,22.677419354838708
12.0,223,5124909,18.583333333333332
24.0,675,5125584,28.125
18.0,528,5126112,29.333333333333332
8.0,303,5126415,37.875
9.0,156,5126571,17.333333333333332
38.0,1200,5127771,31.57894736842105
0.0,441,5128212,inf
12.0,308,5128520,25.666666666666668
6.0,154,5128674,25.666666666666668
7.0,621,5129295,88.71428571428571
28.0,805,5130100,28.75
21.0,602,5130702,28.666666666666668
32.0,736,5131438,23.0
11.0,274,5131712,24.90909090909091
4.0,216,5131928,54.0
33.0,815,5132743,24.696969696969695
32.0,823,5133566,25.71875
14.0,417,5133983,29.785714285714285
12.0,349,5134332,29.083333333333332
4.0,142,5134474,35.5
5.0,135,5134609,27.0
15.0,422,5135031,28.133333333333333
4.0,141,5135172,35.25
39.0,745,5135917,19.102564102564102
33.0,867,5136784,26.272727272727273
13.0,241,5137025,18.53846153846154
17.0,508,5137533,29.88235294117647
3.0,48,5137581,16.0
15.0,474,5138055,31.6
16.0,443,5138498,27.6875
6.0,730,5139228,121.66666666666667
5.0,138,5139366,27.6
16.0,402,5139768,25.125
4.0,157,5139925,39.25
3.0,64,5139989,21.333333333333332
9.0,202,5140191,22.444444444444443
30.0,772,5140963,25.733333333333334
7.0,263,5141226,37.57142857142857
18.0,438,5141664,24.333333333333332
15.0,648,5142312,43.2
5.0,197,5142509,39.4
2.0,28,5142537,14.0
7.0,614,5143151,87.71428571428571
39.0,1274,5144425,32.666666666666664
5.0,168,5144593,33.6
22.0,702,5145295,31.90909090909091
33.0,794,5146089,24.060606060606062
3.0,157,5146246,52.333333333333336
8.0,250,5146496,31.25
5.0,161,5146657,32.2
6.0,170,5146827,28.333333333333332
25.0,559,5147386,22.36
17.0,496,5147882,29.176470588235293
2.0,21,5147903,10.5
4.0,193,5148096,48.25
1.0,22,5148118,22.0
8.0,223,5148341,27.875
11.0,262,5148603,23.818181818181817
34.0,930,5149533,27.352941176470587
16.0,282,5149815,17.625
14.0,405,5150220,28.928571428571427
23.0,597,5150817,25.956521739130434
10.0,231,5151048,23.1
31.0,732,5151780,23.612903225806452
4.0,90,5151870,22.5
23.0,588,5152458,25.565217391304348
16.0,437,5152895,27.3125
8.0,272,5153167,34.0
3.0,143,5153310,47.666666666666664
32.0,689,5153999,21.53125
24.0,583,5154582,24.291666666666668
20.0,420,5155002,21.0
26.0,767,5155769,29.5
22.0,546,5156315,24.818181818181817
2.0,107,5156422,53.5
9.0,276,5156698,30.666666666666668
2.0,23,5156721,11.5
28.0,776,5157497,27.714285714285715
18.0,346,5157843,19.22222222222222
8.0,232,5158075,29.0
18.0,465,5158540,25.833333333333332
21.0,417,5158957,19.857142857142858
25.0,472,5159429,18.88
23.0,465,5159894,20.217391304347824
0.0,73,5159967,inf
7.0,167,5160134,23.857142857142858
9.0,206,5160340,22.88888888888889
20.0,627,5160967,31.35
23.0,577,5161544,25.08695652173913
22.0,364,5161908,16.545454545454547
10.0,113,5162021,11.3
2.0,50,5162071,25.0
12.0,371,5162442,30.916666666666668
7.0,247,5162689,35.285714285714285
17.0,520,5163209,30.58823529411765
2.0,70,5163279,35.0
28.0,621,5163900,22.178571428571427
16.0,356,5164256,22.25
5.0,143,5164399,28.6
9.0,273,5164672,30.333333333333332
8.0,201,5164873,25.125
0.0,164,5165037,inf
11.0,217,5165254,19.727272727272727
3.0,251,5165505,83.66666666666667
14.0,295,5165800,21.071428571428573
18.0,603,5166403,33.5
13.0,321,5166724,24.692307692307693
14.0,380,5167104,27.142857142857142
31.0,684,5167788,22.06451612903226
34.0,918,5168706,27.0
0.0,74,5168780,inf
4.0,179,5168959,44.75
0.0,52,5169011,inf
30.0,848,5169859,28.266666666666666
11.0,312,5170171,28.363636363636363
8.0,225,5170396,28.125
12.0,442,5170838,36.833333333333336
8.0,240,5171078,30.0
0.0,441,5171519,inf
4.0,500,5172019,125.0
21.0,524,5172543,24.952380952380953
15.0,276,5172819,18.4
12.0,373,5173192,31.083333333333332
14.0,771,5173963,55.07142857142857
16.0,827,5174790,51.6875
19.0,398,5175188,20.94736842105263
0.0,441,5175629,inf
8.0,211,5175840,26.375
2.0,468,5176308,234.0
8.0,246,5176554,30.75
7.0,133,5176687,19.0
38.0,942,5177629,24.789473684210527
22.0,606,5178235,27.545454545454547
17.0,380,5178615,22.352941176470587
26.0,661,5179276,25.423076923076923
33.0,966,5180242,29.272727272727273
4.0,583,5180825,145.75
9.0,279,5181104,31.0
22.0,485,5181589,22.045454545454547
24.0,690,5182279,28.75
24.0,510,5182789,21.25
18.0,462,5183251,25.666666666666668
5.0,115,5183366,23.0
32.0,913,5184279,28.53125
1.0,451,5184730,451.0
18.0,520,5185250,28.88888888888889
15.0,547,5185797,36.46666666666667
5.0,153,5185950,30.6
34.0,816,5186766,24.0
13.0,341,5187107,26.23076923076923
15.0,462,5187569,30.8
13.0,257,5187826,19.76923076923077
14.0,219,5188045,15.642857142857142
16.0,339,5188384,21.1875
4.0,555,5188939,138.75
0.0,441,5189380,inf
0.0,441,5189821,inf
16.0,276,5190097,17.25
4.0,554,5190651,138.5
12.0,438,5191089,36.5
18.0,604,5191693,33.55555555555556
2.0,469,5192162,234.5
19.0,549,5192711,28.894736842105264
0.0,441,5193152,inf
30.0,591,5193743,19.7
16.0,369,5194112,23.0625
36.0,1011,5195123,28.083333333333332
16.0,343,5195466,21.4375
15.0,578,5196044,38.53333333333333
12.0,739,5196783,61.583333333333336
46.0,1244,5198027,27.043478260869566
19.0,599,5198626,31.526315789473685
13.0,336,5198962,25.846153846153847
21.0,705,5199667,33.57142857142857
33.0,810,5200477,24.545454545454547
30.0,776,5201253,25.866666666666667
10.0,284,5201537,28.4
14.0,365,5201902,26.071428571428573
4.0,185,5202087,46.25
24.0,629,5202716,26.208333333333332
13.0,354,5203070,27.23076923076923
13.0,774,5203844,59.53846153846154
8.0,211,5204055,26.375
19.0,429,5204484,22.57894736842105
9.0,270,5204754,30.0
24.0,580,5205334,24.166666666666668
28.0,679,5206013,24.25
16.0,367,5206380,22.9375
27.0,748,5207128,27.703703703703702
17.0,593,5207721,34.88235294117647
12.0,352,5208073,29.333333333333332
14.0,356,5208429,25.428571428571427
21.0,481,5208910,22.904761904761905
38.0,1084,5209994,28.526315789473685
33.0,792,5210786,24.0
22.0,519,5211305,23.59090909090909
7.0,179,5211484,25.571428571428573
22.0,713,5212197,32.40909090909091
27.0,797,5212994,29.51851851851852
39.0,974,5213968,24.974358974358974
27.0,764,5214732,28.296296296296298
21.0,498,5215230,23.714285714285715
33.0,795,5216025,24.09090909090909
34.0,815,5216840,23.970588235294116
11.0,271,5217111,24.636363636363637
6.0,151,5217262,25.166666666666668
25.0,444,5217706,17.76
30.0,754,5218460,25.133333333333333
18.0,553,5219013,30.72222222222222
37.0,907,5219920,24.513513513513512
0.0,441,5220361,inf
0.0,441,5220802,inf
2.0,475,5221277,237.5
27.0,561,5221838,20.77777777777778
24.0,643,5222481,26.791666666666668
1.0,491,5222972,491.0
28.0,636,5223608,22.714285714285715
24.0,561,5224169,23.375
24.0,668,5224837,27.833333333333332
29.0,989,5225826,34.10344827586207
20.0,535,5226361,26.75
22.0,659,5227020,29.954545454545453
12.0,757,5227777,63.083333333333336
27.0,578,5228355,21.40740740740741
40.0,1087,5229442,27.175
30.0,908,5230350,30.266666666666666
3.0,548,5230898,182.66666666666666
22.0,605,5231503,27.5
13.0,922,5232425,70.92307692307692
14.0,331,5232756,23.642857142857142
1.0,503,5233259,503.0
30.0,977,5234236,32.56666666666667
18.0,546,5234782,30.333333333333332
21.0,609,5235391,29.0
45.0,1420,5236811,31.555555555555557
14.0,439,5237250,31.357142857142858
21.0,600,5237850,28.571428571428573
24.0,557,5238407,23.208333333333332
22.0,660,5239067,30.0
20.0,460,5239527,23.0
15.0,356,5239883,23.733333333333334
12.0,348,5240231,29.0
8.0,654,5240885,81.75
32.0,798,5241683,24.9375
12.0,330,5242013,27.5
6.0,121,5242134,20.166666666666668
4.0,523,5242657,130.75
17.0,533,5243190,31.352941176470587
21.0,616,5243806,29.333333333333332
19.0,613,5244419,32.26315789473684
3.0,475,5244894,158.33333333333334
7.0,578,5245472,82.57142857142857
0.0,31,5245503,inf
4.0,77,5245580,19.25
2.0,43,5245623,21.5
1.0,52,5245675,52.0
2.0,77,5245752,38.5
7.0,167,5245919,23.857142857142858
2.0,38,5245957,19.0
2.0,85,5246042,42.5
1.0,86,5246128,86.0
1.0,25,5246153,25.0
10.0,343,5246496,34.3
14.0,285,5246781,20.357142857142858
31.0,988,5247769,31.870967741935484
48.0,1619,5249388,33.729166666666664
39.0,993,5250381,25.46153846153846
29.0,1075,5251456,37.06896551724138
8.0,163,5251619,20.375
10.0,690,5252309,69.0
14.0,346,5252655,24.714285714285715
25.0,599,5253254,23.96
9.0,303,5253557,33.666666666666664
17.0,444,5254001,26.11764705882353
27.0,710,5254711,26.296296296296298
12.0,305,5255016,25.416666666666668
29.0,685,5255701,23.620689655172413
7.0,171,5255872,24.428571428571427
8.0,162,5256034,20.25
11.0,201,5256235,18.272727272727273
30.0,940,5257175,31.333333333333332
3.0,494,5257669,164.66666666666666
34.0,737,5258406,21.676470588235293
27.0,671,5259077,24.85185185185185
44.0,929,5260006,21.113636363636363
20.0,510,5260516,25.5
16.0,501,5261017,31.3125
1.0,22,5261039,22.0
22.0,561,5261600,25.5
13.0,501,5262101,38.53846153846154
12.0,254,5262355,21.166666666666668
48.0,1499,5263854,31.229166666666668
25.0,1087,5264941,43.48
25.0,593,5265534,23.72
29.0,739,5266273,25.482758620689655
18.0,584,5266857,32.44444444444444
26.0,725,5267582,27.884615384615383
13.0,350,5267932,26.923076923076923
11.0,254,5268186,23.09090909090909
20.0,675,5268861,33.75
11.0,331,5269192,30.09090909090909
18.0,518,5269710,28.77777777777778
29.0,723,5270433,24.93103448275862
36.0,964,5271397,26.77777777777778
8.0,179,5271576,22.375
27.0,933,5272509,34.55555555555556
16.0,494,5273003,30.875
3.0,499,5273502,166.33333333333334
19.0,473,5273975,24.894736842105264
6.0,183,5274158,30.5
34.0,851,5275009,25.029411764705884
38.0,1043,5276052,27.44736842105263
34.0,963,5277015,28.323529411764707
28.0,794,5277809,28.357142857142858
15.0,331,5278140,22.066666666666666
15.0,872,5279012,58.13333333333333
33.0,863,5279875,26.151515151515152
44.0,1401,5281276,31.84090909090909
13.0,406,5281682,31.23076923076923
13.0,374,5282056,28.76923076923077
23.0,575,5282631,25.0
25.0,731,5283362,29.24
24.0,628,5283990,26.166666666666668
18.0,991,5284981,55.05555555555556
35.0,889,5285870,25.4
21.0,575,5286445,27.38095238095238
43.0,1076,5287521,25.023255813953487
8.0,610,5288131,76.25
11.0,694,5288825,63.09090909090909
41.0,1095,5289920,26.70731707317073
33.0,880,5290800,26.666666666666668
16.0,459,5291259,28.6875
11.0,259,5291518,23.545454545454547
26.0,761,5292279,29.26923076923077
6.0,210,5292489,35.0
20.0,607,5293096,30.35
29.0,902,5293998,31.103448275862068
25.0,594,5294592,23.76
37.0,1146,5295738,30.972972972972972
27.0,1129,5296867,41.81481481481482
10.0,226,5297093,22.6
18.0,512,5297605,28.444444444444443
22.0,467,5298072,21.227272727272727
24.0,954,5299026,39.75
24.0,651,5299677,27.125
28.0,774,5300451,27.642857142857142
31.0,780,5301231,25.161290322580644
28.0,672,5301903,24.0
24.0,623,5302526,25.958333333333332
24.0,508,5303034,21.166666666666668
6.0,524,5303558,87.33333333333333
22.0,545,5304103,24.772727272727273
7.0,87,5304190,12.428571428571429
18.0,583,5304773,32.388888888888886
21.0,662,5305435,31.523809523809526
14.0,439,5305874,31.357142857142858
9.0,284,5306158,31.555555555555557
19.0,497,5306655,26.157894736842106
36.0,998,5307653,27.72222222222222
41.0,1192,5308845,29.073170731707318
26.0,625,5309470,24.03846153846154
25.0,592,5310062,23.68
10.0,240,5310302,24.0
41.0,1085,5311387,26.463414634146343
23.0,526,5311913,22.869565217391305
16.0,388,5312301,24.25
43.0,1122,5313423,26.093023255813954
23.0,773,5314196,33.608695652173914
17.0,396,5314592,23.294117647058822
5.0,165,5314757,33.0
20.0,480,5315237,24.0
27.0,770,5316007,28.51851851851852
48.0,1345,5317352,28.020833333333332
6.0,159,5317511,26.5
0.0,11,5317522,inf
4.0,72,5317594,18.0
32.0,983,5318577,30.71875
35.0,1051,5319628,30.02857142857143
37.0,962,5320590,26.0
23.0,686,5321276,29.82608695652174
2.0,67,5321343,33.5
27.0,736,5322079,27.25925925925926
34.0,1045,5323124,30.735294117647058
20.0,988,5324112,49.4
24.0,528,5324640,22.0
28.0,643,5325283,22.964285714285715
3.0,143,5325426,47.666666666666664
29.0,732,5326158,25.24137931034483
13.0,396,5326554,30.46153846153846
41.0,919,5327473,22.414634146341463
18.0,445,5327918,24.72222222222222
12.0,274,5328192,22.833333333333332
20.0,450,5328642,22.5
22.0,501,5329143,22.772727272727273
7.0,200,5329343,28.571428571428573
49.0,1095,5330438,22.346938775510203
28.0,680,5331118,24.285714285714285
32.0,769,5331887,24.03125
26.0,816,5332703,31.384615384615383
32.0,962,5333665,30.0625
23.0,465,5334130,20.217391304347824
12.0,272,5334402,22.666666666666668
1.0,515,5334917,515.0
17.0,392,5335309,23.058823529411764
21.0,498,5335807,23.714285714285715
16.0,362,5336169,22.625
0.0,441,5336610,inf
40.0,1111,5337721,27.775
14.0,336,5338057,24.0
40.0,966,5339023,24.15
37.0,1059,5340082,28.62162162162162
30.0,651,5340733,21.7
45.0,1165,5341898,25.88888888888889
15.0,310,5342208,20.666666666666668
18.0,463,5342671,25.72222222222222
21.0,617,5343288,29.38095238095238
21.0,520,5343808,24.761904761904763
1.0,451,5344259,451.0
9.0,182,5344441,20.22222222222222
8.0,92,5344533,11.5
24.0,544,5345077,22.666666666666668
14.0,331,5345408,23.642857142857142
1.0,452,5345860,452.0
53.0,1372,5347232,25.88679245283019
17.0,534,5347766,31.41176470588235
17.0,343,5348109,20.176470588235293
21.0,403,5348512,19.19047619047619
31.0,851,5349363,27.451612903225808
15.0,304,5349667,20.266666666666666
26.0,737,5350404,28.346153846153847
28.0,752,5351156,26.857142857142858
17.0,400,5351556,23.529411764705884
15.0,293,5351849,19.533333333333335
10.0,220,5352069,22.0
28.0,565,5352634,20.178571428571427
24.0,523,5353157,21.791666666666668
25.0,526,5353683,21.04
27.0,674,5354357,24.962962962962962
37.0,809,5355166,21.864864864864863
2.0,99,5355265,49.5
41.0,1064,5356329,25.951219512195124
22.0,419,5356748,19.045454545454547
20.0,465,5357213,23.25
10.0,274,5357487,27.4
45.0,1020,5358507,22.666666666666668
38.0,918,5359425,24.157894736842106
33.0,685,5360110,20.757575757575758
14.0,260,5360370,18.571428571428573
29.0,648,5361018,22.344827586206897
47.0,1451,5362469,30.872340425531913
38.0,1033,5363502,27.18421052631579
6.0,194,5363696,32.333333333333336
9.0,168,5363864,18.666666666666668
33.0,952,5364816,28.848484848484848
18.0,400,5365216,22.22222222222222
35.0,912,5366128,26.057142857142857
39.0,1084,5367212,27.794871794871796
12.0,386,5367598,32.166666666666664
42.0,949,5368547,22.595238095238095
35.0,812,5369359,23.2
27.0,546,5369905,20.22222222222222
12.0,358,5370263,29.833333333333332
23.0,605,5370868,26.304347826086957
30.0,766,5371634,25.533333333333335
36.0,1017,5372651,28.25
26.0,559,5373210,21.5
30.0,608,5373818,20.266666666666666
4.0,156,5373974,39.0
28.0,555,5374529,19.821428571428573
24.0,661,5375190,27.541666666666668
18.0,433,5375623,24.055555555555557
8.0,220,5375843,27.5
39.0,1038,5376881,26.615384615384617
19.0,534,5377415,28.105263157894736
27.0,747,5378162,27.666666666666668
25.0,667,5378829,26.68
34.0,941,5379770,27.676470588235293
9.0,290,5380060,32.22222222222222
14.0,462,5380522,33.0
37.0,927,5381449,25.054054054054053
9.0,144,5381593,16.0
31.0,732,5382325,23.612903225806452
35.0,861,5383186,24.6
18.0,374,5383560,20.77777777777778
32.0,901,5384461,28.15625
14.0,300,5384761,21.428571428571427
11.0,390,5385151,35.45454545454545
4.0,95,5385246,23.75
41.0,928,5386174,22.634146341463413
23.0,510,5386684,22.17391304347826
31.0,731,5387415,23.580645161290324
12.0,237,5387652,19.75
13.0,222,5387874,17.076923076923077
24.0,618,5388492,25.75
30.0,648,5389140,21.6
13.0,325,5389465,25.0
24.0,517,5389982,21.541666666666668
2.0,69,5390051,34.5
32.0,819,5390870,25.59375
6.0,278,5391148,46.333333333333336
27.0,608,5391756,22.51851851851852
11.0,213,5391969,19.363636363636363
28.0,942,5392911,33.642857142857146
19.0,409,5393320,21.526315789473685
31.0,658,5393978,21.225806451612904
16.0,307,5394285,19.1875
24.0,559,5394844,23.291666666666668
28.0,730,5395574,26.071428571428573
5.0,107,5395681,21.4
15.0,573,5396254,38.2
25.0,624,5396878,24.96
14.0,307,5397185,21.928571428571427
32.0,798,5397983,24.9375
26.0,648,5398631,24.923076923076923
7.0,217,5398848,31.0
32.0,810,5399658,25.3125
9.0,224,5399882,24.88888888888889
33.0,993,5400875,30.09090909090909
31.0,750,5401625,24.193548387096776
46.0,1142,5402767,24.82608695652174
4.0,81,5402848,20.25
11.0,263,5403111,23.90909090909091
22.0,419,5403530,19.045454545454547
11.0,333,5403863,30.272727272727273
28.0,630,5404493,22.5
21.0,753,5405246,35.857142857142854
32.0,958,5406204,29.9375
42.0,962,5407166,22.904761904761905
35.0,872,5408038,24.914285714285715
14.0,257,5408295,18.357142857142858
26.0,711,5409006,27.346153846153847
26.0,709,5409715,27.26923076923077
24.0,672,5410387,28.0
39.0,979,5411366,25.102564102564102
42.0,828,5412194,19.714285714285715
26.0,612,5412806,23.53846153846154
35.0,850,5413656,24.285714285714285
9.0,329,5413985,36.55555555555556
20.0,391,5414376,19.55
9.0,234,5414610,26.0
49.0,1246,5415856,25.428571428571427
9.0,171,5416027,19.0
31.0,616,5416643,19.870967741935484
38.0,882,5417525,23.210526315789473
55.0,1531,5419056,27.836363636363636
35.0,816,5419872,23.314285714285713
42.0,945,5420817,22.5
24.0,627,5421444,26.125
33.0,956,5422400,28.96969696969697
48.0,1403,5423803,29.229166666666668
19.0,404,5424207,21.263157894736842
26.0,782,5424989,30.076923076923077
2.0,203,5425192,101.5
42.0,1044,5426236,24.857142857142858
42.0,971,5427207,23.11904761904762
8.0,277,5427484,34.625
19.0,476,5427960,25.05263157894737
13.0,320,5428280,24.615384615384617
44.0,1116,5429396,25.363636363636363
10.0,256,5429652,25.6
31.0,793,5430445,25.580645161290324
19.0,460,5430905,24.210526315789473
16.0,389,5431294,24.3125
48.0,1373,5432667,28.604166666666668
4.0,107,5432774,26.75
26.0,511,5433285,19.653846153846153
34.0,757,5434042,22.264705882352942
21.0,439,5434481,20.904761904761905
44.0,1208,5435689,27.454545454545453
26.0,774,5436463,29.76923076923077
7.0,149,5436612,21.285714285714285
32.0,709,5437321,22.15625
23.0,527,5437848,22.91304347826087
38.0,1024,5438872,26.94736842105263
1.0,44,5438916,44.0
43.0,1084,5440000,25.209302325581394
22.0,536,5440536,24.363636363636363
39.0,925,5441461,23.71794871794872
6.0,140,5441601,23.333333333333332
21.0,524,5442125,24.952380952380953
48.0,1088,5443213,22.666666666666668
2.0,75,5443288,37.5
43.0,1022,5444310,23.767441860465116
38.0,1137,5445447,29.92105263157895
19.0,523,5445970,27.526315789473685
29.0,746,5446716,25.724137931034484
16.0,381,5447097,23.8125
28.0,689,5447786,24.607142857142858
34.0,901,5448687,26.5
37.0,808,5449495,21.83783783783784
31.0,819,5450314,26.419354838709676
46.0,1238,5451552,26.91304347826087
28.0,756,5452308,27.0
29.0,671,5452979,23.137931034482758
21.0,424,5453403,20.19047619047619
14.0,312,5453715,22.285714285714285
46.0,1107,5454822,24.065217391304348
19.0,484,5455306,25.473684210526315
3.0,65,5455371,21.666666666666668
10.0,241,5455612,24.1
27.0,653,5456265,24.185185185185187
21.0,511,5456776,24.333333333333332
29.0,888,5457664,30.620689655172413
18.0,550,5458214,30.555555555555557
18.0,407,5458621,22.61111111111111
15.0,371,5458992,24.733333333333334
28.0,615,5459607,21.964285714285715
21.0,634,5460241,30.19047619047619
25.0,595,5460836,23.8
23.0,613,5461449,26.652173913043477
36.0,924,5462373,25.666666666666668
34.0,928,5463301,27.294117647058822
2.0,74,5463375,37.0
46.0,1152,5464527,25.043478260869566
40.0,942,5465469,23.55
12.0,185,5465654,15.416666666666666
30.0,680,5466334,22.666666666666668
32.0,794,5467128,24.8125
2.0,106,5467234,53.0
25.0,560,5467794,22.4
34.0,749,5468543,22.029411764705884
12.0,402,5468945,33.5
17.0,398,5469343,23.41176470588235
12.0,341,5469684,28.416666666666668
35.0,908,5470592,25.942857142857143
20.0,406,5470998,20.3
45.0,1059,5472057,23.533333333333335
3.0,210,5472267,70.0
43.0,1171,5473438,27.232558139534884
37.0,1052,5474490,28.43243243243243
48.0,1074,5475564,22.375
40.0,965,5476529,24.125
23.0,596,5477125,25.91304347826087
41.0,917,5478042,22.365853658536587
28.0,671,5478713,23.964285714285715
45.0,912,5479625,20.266666666666666
16.0,516,5480141,32.25
37.0,1020,5481161,27.56756756756757
35.0,844,5482005,24.114285714285714
40.0,853,5482858,21.325
45.0,1100,5483958,24.444444444444443
28.0,579,5484537,20.678571428571427
7.0,175,5484712,25.0
41.0,948,5485660,23.121951219512194
40.0,1056,5486716,26.4
38.0,1056,5487772,27.789473684210527
18.0,468,5488240,26.0
5.0,180,5488420,36.0
6.0,108,5488528,18.0
14.0,275,5488803,19.642857142857142
10.0,266,5489069,26.6
5.0,71,5489140,14.2
6.0,208,5489348,34.666666666666664
5.0,90,5489438,18.0
55.0,1261,5490699,22.927272727272726
13.0,261,5490960,20.076923076923077
40.0,852,5491812,21.3
6.0,290,5492102,48.333333333333336
31.0,990,5493092,31.93548387096774
37.0,947,5494039,25.594594594594593
16.0,508,5494547,31.75
39.0,1024,5495571,26.256410256410255
53.0,1203,5496774,22.69811320754717
8.0,226,5497000,28.25
20.0,496,5497496,24.8
50.0,1384,5498880,27.68
27.0,742,5499622,27.48148148148148
6.0,147,5499769,24.5
5.0,591,5500360,118.2
6.0,567,5500927,94.5
16.0,297,5501224,18.5625
11.0,624,5501848,56.72727272727273
9.0,669,5502517,74.33333333333333
6.0,523,5503040,87.16666666666667
41.0,899,5503939,21.926829268292682
28.0,835,5504774,29.821428571428573
11.0,213,5504987,19.363636363636363
0.0,441,5505428,inf
11.0,682,5506110,62.0
20.0,810,5506920,40.5
30.0,739,5507659,24.633333333333333
39.0,1099,5508758,28.17948717948718
42.0,872,5509630,20.761904761904763
43.0,913,5510543,21.232558139534884
30.0,709,5511252,23.633333333333333
25.0,570,5511822,22.8
31.0,615,5512437,19.838709677419356
26.0,582,5513019,22.384615384615383
41.0,1049,5514068,25.585365853658537
31.0,781,5514849,25.193548387096776
28.0,707,5515556,25.25
34.0,885,5516441,26.029411764705884
35.0,791,5517232,22.6
21.0,442,5517674,21.047619047619047
46.0,1195,5518869,25.97826086956522
48.0,1337,5520206,27.854166666666668
44.0,1087,5521293,24.704545454545453
50.0,1163,5522456,23.26
61.0,1758,5524214,28.81967213114754
30.0,776,5524990,25.866666666666667
59.0,1437,5526427,24.35593220338983
45.0,1121,5527548,24.91111111111111
52.0,1272,5528820,24.46153846153846
28.0,593,5529413,21.178571428571427
23.0,404,5529817,17.565217391304348
29.0,609,5530426,21.0
50.0,1054,5531480,21.08
7.0,173,5531653,24.714285714285715
5.0,134,5531787,26.8
12.0,239,5532026,19.916666666666668
6.0,178,5532204,29.666666666666668
37.0,809,5533013,21.864864864864863
25.0,635,5533648,25.4
56.0,1416,5535064,25.285714285714285
18.0,480,5535544,26.666666666666668
13.0,334,5535878,25.692307692307693
36.0,919,5536797,25.52777777777778
60.0,1444,5538241,24.066666666666666
33.0,864,5539105,26.181818181818183
24.0,685,5539790,28.541666666666668
46.0,1196,5540986,26.0
1.0,60,5541046,60.0
12.0,283,5541329,23.583333333333332
36.0,856,5542185,23.77777777777778
29.0,738,5542923,25.448275862068964
43.0,1082,5544005,25.162790697674417
27.0,599,5544604,22.185185185185187
43.0,1051,5545655,24.441860465116278
30.0,723,5546378,24.1
27.0,690,5547068,25.555555555555557
42.0,1227,5548295,29.214285714285715
42.0,1123,5549418,26.738095238095237
32.0,782,5550200,24.4375
12.0,242,5550442,20.166666666666668
23.0,555,5550997,24.130434782608695
27.0,481,5551478,17.814814814814813
34.0,916,5552394,26.941176470588236
46.0,1110,5553504,24.130434782608695
41.0,1002,5554506,24.4390243902439
17.0,421,5554927,24.764705882352942
42.0,1020,5555947,24.285714285714285
36.0,782,5556729,21.72222222222222
37.0,1044,5557773,28.216216216216218
49.0,1294,5559067,26.408163265306122
51.0,1310,5560377,25.686274509803923
16.0,366,5560743,22.875
26.0,712,5561455,27.384615384615383
59.0,1413,5562868,23.949152542372882
29.0,569,5563437,19.620689655172413
46.0,1407,5564844,30.58695652173913
23.0,438,5565282,19.043478260869566
42.0,1077,5566359,25.642857142857142
9.0,237,5566596,26.333333333333332
51.0,1345,5567941,26.372549019607842
20.0,440,5568381,22.0
44.0,1176,5569557,26.727272727272727
30.0,714,5570271,23.8
45.0,933,5571204,20.733333333333334
33.0,969,5572173,29.363636363636363
42.0,1028,5573201,24.476190476190474
32.0,727,5573928,22.71875
28.0,679,5574607,24.25
48.0,1087,5575694,22.645833333333332
13.0,405,5576099,31.153846153846153
55.0,1305,5577404,23.727272727272727
38.0,846,5578250,22.263157894736842
33.0,727,5578977,22.03030303030303
22.0,503,5579480,22.863636363636363
49.0,1055,5580535,21.53061224489796
26.0,570,5581105,21.923076923076923
14.0,257,5581362,18.357142857142858
21.0,420,5581782,20.0
29.0,725,5582507,25.0
50.0,1231,5583738,24.62
15.0,472,5584210,31.466666666666665
26.0,644,5584854,24.76923076923077
30.0,665,5585519,22.166666666666668
43.0,848,5586367,19.72093023255814
36.0,768,5587135,21.333333333333332
20.0,445,5587580,22.25
7.0,99,5587679,14.142857142857142
20.0,502,5588181,25.1
24.0,466,5588647,19.416666666666668
22.0,493,5589140,22.40909090909091
25.0,688,5589828,27.52
30.0,841,5590669,28.033333333333335
34.0,860,5591529,25.294117647058822
31.0,785,5592314,25.322580645161292
16.0,407,5592721,25.4375
39.0,838,5593559,21.487179487179485
19.0,443,5594002,23.31578947368421
28.0,693,5594695,24.75
31.0,735,5595430,23.70967741935484
18.0,401,5595831,22.27777777777778
4.0,145,5595976,36.25
39.0,1017,5596993,26.076923076923077
38.0,918,5597911,24.157894736842106
38.0,1203,5599114,31.657894736842106
22.0,420,5599534,19.09090909090909
11.0,259,5599793,23.545454545454547
35.0,834,5600627,23.82857142857143
42.0,852,5601479,20.285714285714285
7.0,142,5601621,20.285714285714285
39.0,850,5602471,21.794871794871796
39.0,1045,5603516,26.794871794871796
30.0,665,5604181,22.166666666666668
44.0,1217,5605398,27.65909090909091
39.0,996,5606394,25.53846153846154
35.0,741,5607135,21.17142857142857
2.0,463,5607598,231.5
40.0,967,5608565,24.175
28.0,630,5609195,22.5
39.0,945,5610140,24.23076923076923
29.0,573,5610713,19.75862068965517
39.0,1032,5611745,26.46153846153846
13.0,362,5612107,27.846153846153847
29.0,593,5612700,20.448275862068964
19.0,909,5613609,47.8421052631579
26.0,520,5614129,20.0
30.0,762,5614891,25.4
14.0,293,5615184,20.928571428571427
6.0,552,5615736,92.0
41.0,1139,5616875,27.78048780487805
48.0,1067,5617942,22.229166666666668
17.0,757,5618699,44.529411764705884
19.0,868,5619567,45.68421052631579
14.0,321,5619888,22.928571428571427
30.0,1146,5621034,38.2
1.0,23,5621057,23.0
41.0,949,5622006,23.146341463414632
30.0,699,5622705,23.3
58.0,1391,5624096,23.982758620689655
52.0,1218,5625314,23.423076923076923
5.0,140,5625454,28.0
17.0,816,5626270,48.0
31.0,702,5626972,22.64516129032258
9.0,662,5627634,73.55555555555556
18.0,312,5627946,17.333333333333332
21.0,463,5628409,22.047619047619047
32.0,701,5629110,21.90625
19.0,520,5629630,27.36842105263158
27.0,557,5630187,20.62962962962963
28.0,715,5630902,25.535714285714285
33.0,749,5631651,22.696969696969695
33.0,691,5632342,20.939393939393938
27.0,617,5632959,22.85185185185185
9.0,148,5633107,16.444444444444443
29.0,652,5633759,22.482758620689655
18.0,868,5634627,48.22222222222222
37.0,795,5635422,21.486486486486488
49.0,1019,5636441,20.79591836734694
21.0,462,5636903,22.0
29.0,665,5637568,22.93103448275862
26.0,619,5638187,23.807692307692307
36.0,960,5639147,26.666666666666668
19.0,500,5639647,26.31578947368421
46.0,1167,5640814,25.369565217391305
37.0,1035,5641849,27.972972972972972
14.0,344,5642193,24.571428571428573
24.0,607,5642800,25.291666666666668
37.0,1055,5643855,28.513513513513512
15.0,324,5644179,21.6
35.0,877,5645056,25.057142857142857
11.0,256,5645312,23.272727272727273
12.0,280,5645592,23.333333333333332
34.0,748,5646340,22.0
14.0,331,5646671,23.642857142857142
38.0,913,5647584,24.026315789473685
12.0,239,5647823,19.916666666666668
24.0,587,5648410,24.458333333333332
4.0,80,5648490,20.0
14.0,254,5648744,18.142857142857142
31.0,585,5649329,18.870967741935484
50.0,1416,5650745,28.32
21.0,351,5651096,16.714285714285715
26.0,542,5651638,20.846153846153847
36.0,891,5652529,24.75
27.0,755,5653284,27.962962962962962
22.0,499,5653783,22.681818181818183
37.0,782,5654565,21.135135135135137
36.0,844,5655409,23.444444444444443
29.0,716,5656125,24.689655172413794
28.0,638,5656763,22.785714285714285
41.0,882,5657645,21.51219512195122
34.0,728,5658373,21.41176470588235
20.0,360,5658733,18.0
44.0,1168,5659901,26.545454545454547
32.0,758,5660659,23.6875
38.0,874,5661533,23.0
10.0,276,5661809,27.6
21.0,359,5662168,17.095238095238095
33.0,863,5663031,26.151515151515152
12.0,282,5663313,23.5
18.0,368,5663681,20.444444444444443
7.0,77,5663758,11.0
16.0,381,5664139,23.8125
31.0,767,5664906,24.741935483870968
29.0,579,5665485,19.96551724137931
43.0,1048,5666533,24.372093023255815
37.0,810,5667343,21.89189189189189
1.0,28,5667371,28.0
35.0,834,5668205,23.82857142857143
36.0,950,5669155,26.38888888888889
30.0,597,5669752,19.9
32.0,702,5670454,21.9375
37.0,968,5671422,26.16216216216216
32.0,644,5672066,20.125
10.0,244,5672310,24.4
8.0,152,5672462,19.0
20.0,450,5672912,22.5
20.0,516,5673428,25.8
48.0,1155,5674583,24.0625
4.0,113,5674696,28.25
2.0,42,5674738,21.0
38.0,840,5675578,22.105263157894736
27.0,499,5676077,18.48148148148148
25.0,468,5676545,18.72
18.0,416,5676961,23.11111111111111
6.0,56,5677017,9.333333333333334
44.0,757,5677774,17.204545454545453
17.0,350,5678124,20.58823529411765
36.0,989,5679113,27.47222222222222
27.0,624,5679737,23.11111111111111
21.0,532,5680269,25.333333333333332
48.0,1264,5681533,26.333333333333332
36.0,832,5682365,23.11111111111111
40.0,1065,5683430,26.625
10.0,217,5683647,21.7
30.0,807,5684454,26.9
40.0,1044,5685498,26.1
28.0,695,5686193,24.821428571428573
9.0,207,5686400,23.0
21.0,607,5687007,28.904761904761905
32.0,818,5687825,25.5625
38.0,936,5688761,24.63157894736842
40.0,958,5689719,23.95
15.0,416,5690135,27.733333333333334
38.0,1069,5691204,28.13157894736842
33.0,711,5691915,21.545454545454547
35.0,935,5692850,26.714285714285715
36.0,959,5693809,26.63888888888889
38.0,820,5694629,21.57894736842105
42.0,979,5695608,23.30952380952381
38.0,1031,5696639,27.13157894736842
48.0,1389,5698028,28.9375
38.0,813,5698841,21.394736842105264
38.0,1003,5699844,26.394736842105264
33.0,830,5700674,25.151515151515152
30.0,827,5701501,27.566666666666666
48.0,1274,5702775,26.541666666666668
20.0,462,5703237,23.1
3.0,47,5703284,15.666666666666666
1.0,40,5703324,40.0
36.0,1070,5704394,29.72222222222222
20.0,444,5704838,22.2
14.0,310,5705148,22.142857142857142
30.0,673,5705821,22.433333333333334
36.0,935,5706756,25.97222222222222
38.0,1148,5707904,30.210526315789473
30.0,828,5708732,27.6
29.0,615,5709347,21.20689655172414
14.0,321,5709668,22.928571428571427
20.0,470,5710138,23.5
41.0,1007,5711145,24.5609756097561
33.0,889,5712034,26.939393939393938
21.0,483,5712517,23.0
50.0,1316,5713833,26.32
15.0,364,5714197,24.266666666666666
43.0,1082,5715279,25.162790697674417
35.0,1042,5716321,29.771428571428572
28.0,639,5716960,22.821428571428573
41.0,1013,5717973,24.70731707317073
20.0,562,5718535,28.1
30.0,1022,5719557,34.06666666666667
6.0,121,5719678,20.166666666666668
29.0,799,5720477,27.551724137931036
24.0,478,5720955,19.916666666666668
32.0,721,5721676,22.53125
26.0,587,5722263,22.576923076923077
45.0,1123,5723386,24.955555555555556
28.0,819,5724205,29.25
10.0,250,5724455,25.0
22.0,627,5725082,28.5
29.0,965,5726047,33.275862068965516
9.0,163,5726210,18.11111111111111
28.0,733,5726943,26.178571428571427
29.0,702,5727645,24.20689655172414
63.0,2128,5729773,33.77777777777778
35.0,969,5730742,27.685714285714287
26.0,506,5731248,19.46153846153846
41.0,1106,5732354,26.975609756097562
30.0,727,5733081,24.233333333333334
21.0,626,5733707,29.80952380952381
19.0,474,5734181,24.94736842105263
27.0,733,5734914,27.14814814814815
25.0,611,5735525,24.44
42.0,1120,5736645,26.666666666666668
22.0,696,5737341,31.636363636363637
25.0,625,5737966,25.0
41.0,1070,5739036,26.097560975609756
48.0,1292,5740328,26.916666666666668
18.0,517,5740845,28.72222222222222
49.0,1490,5742335,30.408163265306122
38.0,1016,5743351,26.736842105263158
41.0,1176,5744527,28.682926829268293
11.0,257,5744784,23.363636363636363
21.0,700,5745484,33.333333333333336
20.0,499,5745983,24.95
18.0,506,5746489,28.11111111111111
25.0,591,5747080,23.64
10.0,258,5747338,25.8
41.0,1154,5748492,28.146341463414632
21.0,603,5749095,28.714285714285715
29.0,711,5749806,24.517241379310345
52.0,1447,5751253,27.826923076923077
39.0,1232,5752485,31.58974358974359
14.0,304,5752789,21.714285714285715
30.0,858,5753647,28.6
30.0,909,5754556,30.3
53.0,1561,5756117,29.452830188679247
30.0,890,5757007,29.666666666666668
28.0,803,5757810,28.678571428571427
24.0,645,5758455,26.875
35.0,888,5759343,25.37142857142857
37.0,795,5760138,21.486486486486488
16.0,355,5760493,22.1875
25.0,607,5761100,24.28
35.0,1121,5762221,32.02857142857143
32.0,1055,5763276,32.96875
6.0,232,5763508,38.666666666666664
33.0,885,5764393,26.818181818181817
22.0,549,5764942,24.954545454545453
38.0,820,5765762,21.57894736842105
16.0,392,5766154,24.5
23.0,507,5766661,22.043478260869566
25.0,700,5767361,28.0
21.0,548,5767909,26.095238095238095
40.0,1161,5769070,29.025
31.0,775,5769845,25.0
36.0,971,5770816,26.97222222222222
12.0,296,5771112,24.666666666666668
24.0,586,5771698,24.416666666666668
45.0,1113,5772811,24.733333333333334
58.0,1602,5774413,27.620689655172413
29.0,671,5775084,23.137931034482758
10.0,231,5775315,23.1
14.0,265,5775580,18.928571428571427
40.0,947,5776527,23.675
19.0,517,5777044,27.210526315789473
25.0,596,5777640,23.84
26.0,704,5778344,27.076923076923077
30.0,796,5779140,26.533333333333335
21.0,480,5779620,22.857142857142858
50.0,1151,5780771,23.02
38.0,862,5781633,22.68421052631579
30.0,694,5782327,23.133333333333333
16.0,293,5782620,18.3125
28.0,715,5783335,25.535714285714285
5.0,123,5783458,24.6
24.0,498,5783956,20.75
15.0,464,5784420,30.933333333333334
33.0,943,5785363,28.575757575757574
24.0,627,5785990,26.125
4.0,79,5786069,19.75
35.0,983,5787052,28.085714285714285
32.0,586,5787638,18.3125
13.0,213,5787851,16.384615384615383
31.0,683,5788534,22.032258064516128
14.0,330,5788864,23.571428571428573
25.0,524,5789388,20.96
7.0,232,5789620,33.142857142857146
14.0,331,5789951,23.642857142857142
10.0,273,5790224,27.3
52.0,1340,5791564,25.76923076923077
13.0,353,5791917,27.153846153846153
45.0,1277,5793194,28.377777777777776
27.0,736,5793930,27.25925925925926
37.0,1167,5795097,31.54054054054054
41.0,1140,5796237,27.804878048780488
26.0,661,5796898,25.423076923076923
37.0,784,5797682,21.18918918918919
28.0,655,5798337,23.392857142857142
11.0,254,5798591,23.09090909090909
39.0,945,5799536,24.23076923076923
35.0,952,5800488,27.2
51.0,1353,5801841,26.529411764705884
29.0,779,5802620,26.862068965517242
64.0,2072,5804692,32.375
33.0,980,5805672,29.696969696969695
26.0,723,5806395,27.807692307692307
16.0,289,5806684,18.0625
29.0,628,5807312,21.655172413793103
35.0,1018,5808330,29.085714285714285
14.0,324,5808654,23.142857142857142
43.0,1064,5809718,24.74418604651163
45.0,1140,5810858,25.333333333333332
45.0,1503,5812361,33.4
33.0,988,5813349,29.939393939393938
1.0,43,5813392,43.0
42.0,1326,5814718,31.571428571428573
41.0,1167,5815885,28.463414634146343
26.0,687,5816572,26.423076923076923
25.0,526,5817098,21.04
34.0,728,5817826,21.41176470588235
35.0,843,5818669,24.085714285714285
41.0,1088,5819757,26.536585365853657
45.0,1165,5820922,25.88888888888889
7.0,164,5821086,23.428571428571427
25.0,608,5821694,24.32
36.0,962,5822656,26.72222222222222
28.0,736,5823392,26.285714285714285
40.0,1200,5824592,30.0
14.0,350,5824942,25.0
45.0,1176,5826118,26.133333333333333
23.0,463,5826581,20.130434782608695
21.0,440,5827021,20.952380952380953
19.0,409,5827430,21.526315789473685
36.0,1014,5828444,28.166666666666668
14.0,444,5828888,31.714285714285715
37.0,957,5829845,25.864864864864863
28.0,712,5830557,25.428571428571427
36.0,1120,5831677,31.11111111111111
16.0,478,5832155,29.875
40.0,1224,5833379,30.6
36.0,943,5834322,26.194444444444443
36.0,897,5835219,24.916666666666668
30.0,840,5836059,28.0
32.0,777,5836836,24.28125
36.0,891,5837727,24.75
23.0,645,5838372,28.043478260869566
28.0,689,5839061,24.607142857142858
9.0,185,5839246,20.555555555555557
37.0,1103,5840349,29.81081081081081
26.0,708,5841057,27.23076923076923
33.0,920,5841977,27.87878787878788
34.0,848,5842825,24.941176470588236
20.0,405,5843230,20.25
21.0,464,5843694,22.095238095238095
24.0,524,5844218,21.833333333333332
31.0,733,5844951,23.64516129032258
37.0,941,5845892,25.43243243243243
33.0,1114,5847006,33.75757575757576
38.0,1166,5848172,30.68421052631579
27.0,753,5848925,27.88888888888889
38.0,1066,5849991,28.05263157894737
35.0,941,5850932,26.885714285714286
42.0,1420,5852352,33.80952380952381
44.0,1390,5853742,31.59090909090909
36.0,1061,5854803,29.47222222222222
36.0,792,5855595,22.0
18.0,449,5856044,24.944444444444443
40.0,1149,5857193,28.725
23.0,754,5857947,32.78260869565217
17.0,469,5858416,27.58823529411765
22.0,599,5859015,27.227272727272727
59.0,1641,5860656,27.8135593220339
22.0,652,5861308,29.636363636363637
63.0,1781,5863089,28.26984126984127
21.0,523,5863612,24.904761904761905
50.0,1134,5864746,22.68
17.0,461,5865207,27.11764705882353
22.0,497,5865704,22.59090909090909
46.0,1284,5866988,27.91304347826087
25.0,686,5867674,27.44
7.0,156,5867830,22.285714285714285
12.0,370,5868200,30.833333333333332
49.0,1349,5869549,27.53061224489796
26.0,738,5870287,28.384615384615383
15.0,407,5870694,27.133333333333333
41.0,1307,5872001,31.878048780487806
33.0,694,5872695,21.03030303030303
39.0,1108,5873803,28.41025641025641
30.0,785,5874588,26.166666666666668
29.0,734,5875322,25.310344827586206
30.0,886,5876208,29.533333333333335
33.0,843,5877051,25.545454545454547
27.0,671,5877722,24.85185185185185
40.0,1086,5878808,27.15
27.0,774,5879582,28.666666666666668
36.0,1126,5880708,31.27777777777778
38.0,1003,5881711,26.394736842105264
49.0,1610,5883321,32.857142857142854
28.0,823,5884144,29.392857142857142
51.0,1441,5885585,28.254901960784313
23.0,511,5886096,22.217391304347824
55.0,1383,5887479,25.145454545454545
53.0,1601,5889080,30.20754716981132
16.0,470,5889550,29.375
31.0,872,5890422,28.129032258064516
43.0,1368,5891790,31.813953488372093
37.0,953,5892743,25.756756756756758
30.0,640,5893383,21.333333333333332
31.0,876,5894259,28.258064516129032
41.0,1154,5895413,28.146341463414632
30.0,853,5896266,28.433333333333334
34.0,994,5897260,29.235294117647058
16.0,552,5897812,34.5
23.0,507,5898319,22.043478260869566
43.0,1090,5899409,25.348837209302324
43.0,1336,5900745,31.069767441860463
24.0,597,5901342,24.875
36.0,987,5902329,27.416666666666668
48.0,1872,5904201,39.0
33.0,834,5905035,25.272727272727273
43.0,1179,5906214,27.41860465116279
45.0,1181,5907395,26.244444444444444
18.0,383,5907778,21.27777777777778
45.0,1384,5909162,30.755555555555556
26.0,759,5909921,29.192307692307693
16.0,362,5910283,22.625
47.0,1675,5911958,35.638297872340424
13.0,345,5912303,26.53846153846154
7.0,232,5912535,33.142857142857146
16.0,376,5912911,23.5
19.0,545,5913456,28.68421052631579
34.0,759,5914215,22.323529411764707
36.0,1006,5915221,27.944444444444443
31.0,849,5916070,27.387096774193548
36.0,1001,5917071,27.805555555555557
40.0,899,5917970,22.475
5.0,129,5918099,25.8
8.0,168,5918267,21.0
3.0,77,5918344,25.666666666666668
44.0,1293,5919637,29.386363636363637
8.0,186,5919823,23.25
29.0,748,5920571,25.79310344827586
4.0,104,5920675,26.0
14.0,378,5921053,27.0
35.0,841,5921894,24.02857142857143
9.0,248,5922142,27.555555555555557
16.0,479,5922621,29.9375
39.0,965,5923586,24.743589743589745
5.0,146,5923732,29.2
6.0,97,5923829,16.166666666666668
20.0,450,5924279,22.5
29.0,780,5925059,26.896551724137932
10.0,269,5925328,26.9
16.0,456,5925784,28.5
21.0,573,5926357,27.285714285714285
26.0,693,5927050,26.653846153846153
8.0,212,5927262,26.5
32.0,873,5928135,27.28125
9.0,151,5928286,16.77777777777778
2.0,97,5928383,48.5
24.0,469,5928852,19.541666666666668
24.0,513,5929365,21.375
13.0,310,5929675,23.846153846153847
7.0,174,5929849,24.857142857142858
43.0,1367,5931216,31.790697674418606
6.0,229,5931445,38.166666666666664
22.0,458,5931903,20.818181818181817
5.0,93,5931996,18.6
14.0,359,5932355,25.642857142857142
4.0,89,5932444,22.25
23.0,583,5933027,25.347826086956523
18.0,508,5933535,28.22222222222222
15.0,433,5933968,28.866666666666667
4.0,99,5934067,24.75
18.0,465,5934532,25.833333333333332
9.0,216,5934748,24.0
52.0,1059,5935807,20.365384615384617
2.0,45,5935852,22.5
5.0,134,5935986,26.8
18.0,473,5936459,26.27777777777778
11.0,276,5936735,25.09090909090909
15.0,374,5937109,24.933333333333334
31.0,757,5937866,24.419354838709676
24.0,591,5938457,24.625
17.0,401,5938858,23.58823529411765
9.0,281,5939139,31.22222222222222
44.0,1221,5940360,27.75
7.0,206,5940566,29.428571428571427
4.0,118,5940684,29.5
32.0,665,5941349,20.78125
21.0,565,5941914,26.904761904761905
5.0,280,5942194,56.0
14.0,479,5942673,34.214285714285715
23.0,599,5943272,26.043478260869566
20.0,376,5943648,18.8
17.0,391,5944039,23.0
23.0,602,5944641,26.17391304347826
31.0,771,5945412,24.870967741935484
27.0,708,5946120,26.22222222222222
11.0,257,5946377,23.363636363636363
26.0,681,5947058,26.192307692307693
24.0,656,5947714,27.333333333333332
40.0,1003,5948717,25.075
37.0,791,5949508,21.37837837837838
20.0,457,5949965,22.85
23.0,621,5950586,27.0
4.0,38,5950624,9.5
28.0,813,5951437,29.035714285714285
12.0,234,5951671,19.5
19.0,546,5952217,28.736842105263158
28.0,596,5952813,21.285714285714285
6.0,231,5953044,38.5
1.0,19,5953063,19.0
41.0,1142,5954205,27.853658536585368
42.0,951,5955156,22.642857142857142
35.0,1433,5956589,40.94285714285714
37.0,1012,5957601,27.35135135135135
4.0,159,5957760,39.75
8.0,121,5957881,15.125
12.0,341,5958222,28.416666666666668
22.0,498,5958720,22.636363636363637
34.0,1186,5959906,34.88235294117647
30.0,653,5960559,21.766666666666666
7.0,196,5960755,28.0
37.0,1001,5961756,27.054054054054053
33.0,827,5962583,25.060606060606062
54.0,1558,5964141,28.85185185185185
22.0,707,5964848,32.13636363636363
39.0,1110,5965958,28.46153846153846
17.0,373,5966331,21.941176470588236
2.0,171,5966502,85.5
3.0,521,5967023,173.66666666666666
17.0,482,5967505,28.352941176470587
21.0,559,5968064,26.61904761904762
10.0,643,5968707,64.3
25.0,683,5969390,27.32
34.0,1234,5970624,36.294117647058826
24.0,629,5971253,26.208333333333332
6.0,124,5971377,20.666666666666668
36.0,985,5972362,27.36111111111111
22.0,635,5972997,28.863636363636363
28.0,680,5973677,24.285714285714285
22.0,635,5974312,28.863636363636363
35.0,941,5975253,26.885714285714286
0.0,34,5975287,inf
17.0,445,5975732,26.176470588235293
17.0,529,5976261,31.11764705882353
22.0,492,5976753,22.363636363636363
17.0,387,5977140,22.764705882352942
17.0,412,5977552,24.235294117647058
11.0,364,5977916,33.09090909090909
0.0,32,5977948,inf
17.0,436,5978384,25.647058823529413
8.0,249,5978633,31.125
27.0,695,5979328,25.74074074074074
17.0,393,5979721,23.11764705882353
18.0,299,5980020,16.61111111111111
17.0,463,5980483,27.235294117647058
32.0,928,5981411,29.0
33.0,821,5982232,24.87878787878788
45.0,1147,5983379,25.488888888888887
22.0,496,5983875,22.545454545454547
12.0,369,5984244,30.75
19.0,536,5984780,28.210526315789473
38.0,1073,5985853,28.236842105263158
11.0,265,5986118,24.09090909090909
37.0,1181,5987299,31.91891891891892
45.0,1384,5988683,30.755555555555556
36.0,1015,5989698,28.194444444444443
51.0,1442,5991140,28.274509803921568
27.0,769,5991909,28.48148148148148
5.0,136,5992045,27.2
39.0,992,5993037,25.435897435897434
32.0,766,5993803,23.9375
54.0,1887,5995690,34.94444444444444
25.0,678,5996368,27.12
30.0,826,5997194,27.533333333333335
46.0,1181,5998375,25.67391304347826
29.0,810,5999185,27.93103448275862
0.0,441,5999626,inf
25.0,669,6000295,26.76
16.0,391,6000686,24.4375
2.0,115,6000801,57.5
10.0,228,6001029,22.8
27.0,558,6001587,20.666666666666668
14.0,297,6001884,21.214285714285715
41.0,1083,6002967,26.414634146341463
43.0,1235,6004202,28.72093023255814
36.0,986,6005188,27.38888888888889
36.0,1090,6006278,30.27777777777778
35.0,815,6007093,23.285714285714285
3.0,119,6007212,39.666666666666664
40.0,1235,6008447,30.875
16.0,417,6008864,26.0625
35.0,966,6009830,27.6
26.0,553,6010383,21.26923076923077
22.0,586,6010969,26.636363636363637
21.0,536,6011505,25.523809523809526
10.0,201,6011706,20.1
22.0,675,6012381,30.681818181818183
11.0,280,6012661,25.454545454545453
41.0,1149,6013810,28.024390243902438
9.0,256,6014066,28.444444444444443
53.0,1482,6015548,27.962264150943398
18.0,476,6016024,26.444444444444443
28.0,773,6016797,27.607142857142858
38.0,913,6017710,24.026315789473685
17.0,488,6018198,28.705882352941178
43.0,1204,6019402,28.0
33.0,1104,6020506,33.45454545454545
4.0,137,6020643,34.25
12.0,317,6020960,26.416666666666668
29.0,736,6021696,25.379310344827587
22.0,512,6022208,23.272727272727273
1.0,22,6022230,22.0
19.0,503,6022733,26.473684210526315
29.0,697,6023430,24.03448275862069
10.0,271,6023701,27.1
10.0,201,6023902,20.1
36.0,888,6024790,24.666666666666668
8.0,207,6024997,25.875
8.0,285,6025282,35.625
31.0,977,6026259,31.516129032258064
43.0,948,6027207,22.046511627906977
3.0,64,6027271,21.333333333333332
4.0,85,6027356,21.25
34.0,917,6028273,26.970588235294116
33.0,1046,6029319,31.696969696969695
36.0,736,6030055,20.444444444444443
19.0,422,6030477,22.210526315789473
5.0,125,6030602,25.0
8.0,256,6030858,32.0
42.0,1360,6032218,32.38095238095238
35.0,941,6033159,26.885714285714286
26.0,654,6033813,25.153846153846153
16.0,429,6034242,26.8125
24.0,669,6034911,27.875
15.0,415,6035326,27.666666666666668
9.0,202,6035528,22.444444444444443
7.0,194,6035722,27.714285714285715
17.0,396,6036118,23.294117647058822
28.0,736,6036854,26.285714285714285
18.0,402,6037256,22.333333333333332
31.0,890,6038146,28.70967741935484
35.0,986,6039132,28.17142857142857
24.0,655,6039787,27.291666666666668
30.0,824,6040611,27.466666666666665
1.0,21,6040632,21.0
5.0,127,6040759,25.4
14.0,318,6041077,22.714285714285715
14.0,404,6041481,28.857142857142858
19.0,435,6041916,22.894736842105264
26.0,736,6042652,28.307692307692307
43.0,1131,6043783,26.302325581395348
25.0,553,6044336,22.12
13.0,360,6044696,27.692307692307693
30.0,967,6045663,32.233333333333334
6.0,187,6045850,31.166666666666668
41.0,957,6046807,23.341463414634145
8.0,137,6046944,17.125
34.0,1080,6048024,31.764705882352942
47.0,1401,6049425,29.80851063829787
12.0,463,6049888,38.583333333333336
14.0,290,6050178,20.714285714285715
1.0,44,6050222,44.0
31.0,713,6050935,23.0
4.0,150,6051085,37.5
11.0,303,6051388,27.545454545454547
18.0,653,6052041,36.27777777777778
3.0,63,6052104,21.0
20.0,405,6052509,20.25
22.0,511,6053020,23.227272727272727
42.0,1108,6054128,26.38095238095238
25.0,519,6054647,20.76
9.0,198,6054845,22.0
31.0,819,6055664,26.419354838709676
14.0,363,6056027,25.928571428571427
6.0,136,6056163,22.666666666666668
40.0,1009,6057172,25.225
29.0,913,6058085,31.482758620689655
5.0,157,6058242,31.4
19.0,484,6058726,25.473684210526315
6.0,125,6058851,20.833333333333332
31.0,942,6059793,30.387096774193548
5.0,153,6059946,30.6
35.0,985,6060931,28.142857142857142
6.0,180,6061111,30.0
33.0,883,6061994,26.757575757575758
2.0,82,6062076,41.0
41.0,1114,6063190,27.170731707317074
15.0,344,6063534,22.933333333333334
12.0,328,6063862,27.333333333333332
4.0,93,6063955,23.25
6.0,203,6064158,33.833333333333336
25.0,700,6064858,28.0
2.0,65,6064923,32.5
22.0,570,6065493,25.90909090909091
1.0,23,6065516,23.0
2.0,70,6065586,35.0
27.0,611,6066197,22.62962962962963
18.0,502,6066699,27.88888888888889
12.0,332,6067031,27.666666666666668
4.0,83,6067114,20.75
31.0,871,6067985,28.096774193548388
2.0,94,6068079,47.0
21.0,493,6068572,23.476190476190474
18.0,474,6069046,26.333333333333332
26.0,652,6069698,25.076923076923077
30.0,849,6070547,28.3
9.0,245,6070792,27.22222222222222
5.0,189,6070981,37.8
24.0,653,6071634,27.208333333333332
7.0,226,6071860,32.285714285714285
17.0,546,6072406,32.11764705882353
41.0,1253,6073659,30.5609756097561
33.0,788,6074447,23.87878787878788
11.0,251,6074698,22.818181818181817
35.0,787,6075485,22.485714285714284
3.0,69,6075554,23.0
37.0,1204,6076758,32.54054054054054
29.0,710,6077468,24.482758620689655
22.0,522,6077990,23.727272727272727
9.0,224,6078214,24.88888888888889
36.0,1184,6079398,32.888888888888886
38.0,975,6080373,25.657894736842106
32.0,834,6081207,26.0625
10.0,239,6081446,23.9
27.0,666,6082112,24.666666666666668
18.0,376,6082488,20.88888888888889
31.0,751,6083239,24.225806451612904
37.0,819,6084058,22.135135135135137
17.0,473,6084531,27.823529411764707
1.0,150,6084681,150.0
31.0,810,6085491,26.129032258064516
34.0,926,6086417,27.235294117647058
4.0,99,6086516,24.75
2.0,93,6086609,46.5
8.0,183,6086792,22.875
41.0,1017,6087809,24.804878048780488
33.0,898,6088707,27.21212121212121
15.0,456,6089163,30.4
14.0,300,6089463,21.428571428571427
15.0,435,6089898,29.0
25.0,483,6090381,19.32
28.0,816,6091197,29.142857142857142
9.0,165,6091362,18.333333333333332
46.0,1321,6092683,28.717391304347824
24.0,563,6093246,23.458333333333332
40.0,1056,6094302,26.4
11.0,314,6094616,28.545454545454547
37.0,1007,6095623,27.216216216216218
44.0,1262,6096885,28.681818181818183
19.0,437,6097322,23.0
10.0,252,6097574,25.2
7.0,134,6097708,19.142857142857142
11.0,336,6098044,30.545454545454547
2.0,50,6098094,25.0
7.0,183,6098277,26.142857142857142
33.0,848,6099125,25.696969696969695
13.0,271,6099396,20.846153846153847
47.0,1539,6100935,32.744680851063826
53.0,1535,6102470,28.962264150943398
13.0,280,6102750,21.53846153846154
20.0,870,6103620,43.5
13.0,381,6104001,29.307692307692307
35.0,928,6104929,26.514285714285716
18.0,440,6105369,24.444444444444443
47.0,1283,6106652,27.29787234042553
5.0,140,6106792,28.0
26.0,529,6107321,20.346153846153847
9.0,347,6107668,38.55555555555556
8.0,279,6107947,34.875
2.0,57,6108004,28.5
14.0,318,6108322,22.714285714285715
15.0,396,6108718,26.4
4.0,95,6108813,23.75
8.0,144,6108957,18.0
47.0,1284,6110241,27.319148936170212
1.0,28,6110269,28.0
31.0,877,6111146,28.29032258064516
3.0,69,6111215,23.0
37.0,795,6112010,21.486486486486488
15.0,420,6112430,28.0
0.0,53,6112483,inf
8.0,226,6112709,28.25
17.0,386,6113095,22.705882352941178
24.0,701,6113796,29.208333333333332
3.0,129,6113925,43.0
28.0,742,6114667,26.5
4.0,109,6114776,27.25
33.0,796,6115572,24.12121212121212
4.0,130,6115702,32.5
16.0,338,6116040,21.125
25.0,476,6116516,19.04
34.0,977,6117493,28.735294117647058
1.0,34,6117527,34.0
22.0,483,6118010,21.954545454545453
9.0,287,6118297,31.88888888888889
7.0,165,6118462,23.571428571428573
11.0,304,6118766,27.636363636363637
48.0,1246,6120012,25.958333333333332
10.0,219,6120231,21.9
9.0,256,6120487,28.444444444444443
52.0,1609,6122096,30.942307692307693
18.0,478,6122574,26.555555555555557
13.0,240,6122814,18.46153846153846
12.0,250,6123064,20.833333333333332
49.0,1223,6124287,24.959183673469386
1.0,180,6124467,180.0
44.0,1183,6125650,26.886363636363637
25.0,805,6126455,32.2
17.0,474,6126929,27.88235294117647
2.0,77,6127006,38.5
37.0,855,6127861,23.10810810810811
44.0,1480,6129341,33.63636363636363
15.0,316,6129657,21.066666666666666
27.0,569,6130226,21.074074074074073
2.0,97,6130323,48.5
22.0,584,6130907,26.545454545454547
24.0,534,6131441,22.25
9.0,236,6131677,26.22222222222222
33.0,801,6132478,24.272727272727273
27.0,692,6133170,25.62962962962963
38.0,1061,6134231,27.92105263157895
24.0,663,6134894,27.625
29.0,680,6135574,23.448275862068964
31.0,642,6136216,20.70967741935484
21.0,457,6136673,21.761904761904763
26.0,559,6137232,21.5
14.0,374,6137606,26.714285714285715
11.0,260,6137866,23.636363636363637
23.0,581,6138447,25.26086956521739
2.0,97,6138544,48.5
28.0,757,6139301,27.035714285714285
22.0,456,6139757,20.727272727272727
20.0,470,6140227,23.5
23.0,500,6140727,21.73913043478261
29.0,663,6141390,22.862068965517242
11.0,684,6142074,62.18181818181818
45.0,1108,6143182,24.622222222222224
1.0,468,6143650,468.0
16.0,468,6144118,29.25
3.0,59,6144177,19.666666666666668
4.0,543,6144720,135.75
3.0,63,6144783,21.0
6.0,134,6144917,22.333333333333332
3.0,120,6145037,40.0
3.0,82,6145119,27.333333333333332
15.0,510,6145629,34.0
2.0,66,6145695,33.0
4.0,126,6145821,31.5
4.0,107,6145928,26.75
4.0,79,6146007,19.75
5.0,188,6146195,37.6
0.0,441,6146636,inf
4.0,107,6146743,26.75
7.0,402,6147145,57.42857142857143
8.0,387,6147532,48.375
10.0,669,6148201,66.9
6.0,268,6148469,44.666666666666664
24.0,1319,6149788,54.958333333333336
10.0,526,6150314,52.6
18.0,1210,6151524,67.22222222222223
12.0,701,6152225,58.416666666666664
13.0,778,6153003,59.84615384615385
14.0,682,6153685,48.714285714285715
7.0,716,6154401,102.28571428571429
1.0,42,6154443,42.0
1.0,54,6154497,54.0
2.0,202,6154699,101.0
2.0,46,6154745,23.0
0.0,43,6154788,inf
0.0,41,6154829,inf
12.0,357,6155186,29.75
7.0,237,6155423,33.857142857142854
7.0,226,6155649,32.285714285714285
18.0,968,6156617,53.77777777777778
14.0,853,6157470,60.92857142857143
23.0,2005,6159475,87.17391304347827
18.0,866,6160341,48.111111111111114
6.0,689,6161030,114.83333333333333
19.0,777,6161807,40.89473684210526
10.0,267,6162074,26.7
12.0,368,6162442,30.666666666666668
8.0,220,6162662,27.5
4.0,556,6163218,139.0
4.0,508,6163726,127.0
24.0,796,6164522,33.166666666666664
5.0,122,6164644,24.4
18.0,617,6165261,34.27777777777778
18.0,599,6165860,33.27777777777778
9.0,255,6166115,28.333333333333332
2.0,58,6166173,29.0
5.0,149,6166322,29.8
13.0,350,6166672,26.923076923076923
10.0,375,6167047,37.5
7.0,307,6167354,43.857142857142854
9.0,225,6167579,25.0
4.0,141,6167720,35.25
11.0,296,6168016,26.90909090909091
1.0,48,6168064,48.0
5.0,109,6168173,21.8
7.0,220,6168393,31.428571428571427
10.0,351,6168744,35.1
9.0,213,6168957,23.666666666666668
13.0,310,6169267,23.846153846153847
5.0,138,6169405,27.6
13.0,371,6169776,28.53846153846154
5.0,130,6169906,26.0
4.0,111,6170017,27.75
9.0,361,6170378,40.111111111111114
12.0,494,6170872,41.166666666666664
6.0,249,6171121,41.5
16.0,535,6171656,33.4375
4.0,97,6171753,24.25
5.0,213,6171966,42.6
8.0,244,6172210,30.5
9.0,285,6172495,31.666666666666668
6.0,195,6172690,32.5
13.0,314,6173004,24.153846153846153
6.0,173,6173177,28.833333333333332
4.0,173,6173350,43.25
24.0,706,6174056,29.416666666666668
6.0,190,6174246,31.666666666666668
3.0,58,6174304,19.333333333333332
5.0,113,6174417,22.6
6.0,222,6174639,37.0
2.0,70,6174709,35.0
10.0,326,6175035,32.6
6.0,191,6175226,31.833333333333332
20.0,851,6176077,42.55
3.0,89,6176166,29.666666666666668
4.0,153,6176319,38.25
7.0,206,6176525,29.428571428571427
5.0,171,6176696,34.2
9.0,292,6176988,32.44444444444444
6.0,198,6177186,33.0
13.0,454,6177640,34.92307692307692
4.0,124,6177764,31.0
11.0,247,6178011,22.454545454545453
31.0,914,6178925,29.483870967741936
6.0,191,6179116,31.833333333333332
10.0,431,6179547,43.1
4.0,100,6179647,25.0
31.0,650,6180297,20.967741935483872
12.0,348,6180645,29.0
5.0,119,6180764,23.8
1.0,54,6180818,54.0
4.0,68,6180886,17.0
15.0,455,6181341,30.333333333333332
5.0,164,6181505,32.8
11.0,378,6181883,34.36363636363637
4.0,110,6181993,27.5
8.0,235,6182228,29.375
12.0,301,6182529,25.083333333333332
5.0,561,6183090,112.2
5.0,526,6183616,105.2
9.0,292,6183908,32.44444444444444
18.0,458,6184366,25.444444444444443
14.0,381,6184747,27.214285714285715
3.0,103,6184850,34.333333333333336
3.0,169,6185019,56.333333333333336
15.0,445,6185464,29.666666666666668
11.0,267,6185731,24.272727272727273
19.0,545,6186276,28.68421052631579
8.0,309,6186585,38.625
2.0,473,6187058,236.5
2.0,49,6187107,24.5
1.0,25,6187132,25.0
0.0,441,6187573,inf
4.0,532,6188105,133.0
2.0,40,6188145,20.0
7.0,621,6188766,88.71428571428571
0.0,441,6189207,inf
15.0,532,6189739,35.46666666666667
6.0,275,6190014,45.833333333333336
13.0,500,6190514,38.46153846153846
34.0,1242,6191756,36.529411764705884
15.0,680,6192436,45.333333333333336
12.0,509,6192945,42.416666666666664
9.0,353,6193298,39.22222222222222
17.0,487,6193785,28.647058823529413
4.0,80,6193865,20.0
8.0,275,6194140,34.375
8.0,238,6194378,29.75
10.0,444,6194822,44.4
17.0,552,6195374,32.470588235294116
26.0,984,6196358,37.84615384615385
11.0,298,6196656,27.09090909090909
1.0,34,6196690,34.0
0.0,25,6196715,inf
9.0,279,6196994,31.0
7.0,238,6197232,34.0
3.0,125,6197357,41.666666666666664
8.0,293,6197650,36.625
3.0,133,6197783,44.333333333333336
3.0,167,6197950,55.666666666666664
6.0,163,6198113,27.166666666666668
10.0,350,6198463,35.0
11.0,314,6198777,28.545454545454547
11.0,393,6199170,35.72727272727273
6.0,233,6199403,38.833333333333336
3.0,66,6199469,22.0
19.0,632,6200101,33.26315789473684
1.0,55,6200156,55.0
28.0,911,6201067,32.535714285714285
10.0,329,6201396,32.9
4.0,103,6201499,25.75
16.0,519,6202018,32.4375
1.0,46,6202064,46.0
12.0,356,6202420,29.666666666666668
41.0,1567,6203987,38.21951219512195
9.0,260,6204247,28.88888888888889
27.0,854,6205101,31.62962962962963
12.0,484,6205585,40.333333333333336
42.0,1453,6207038,34.595238095238095
16.0,461,6207499,28.8125
11.0,559,6208058,50.81818181818182
41.0,1448,6209506,35.31707317073171
23.0,764,6210270,33.21739130434783
17.0,633,6210903,37.23529411764706
21.0,830,6211733,39.523809523809526
11.0,427,6212160,38.81818181818182
14.0,514,6212674,36.714285714285715
23.0,981,6213655,42.65217391304348
37.0,1585,6215240,42.83783783783784
11.0,355,6215595,32.27272727272727
12.0,510,6216105,42.5
11.0,476,6216581,43.27272727272727
22.0,772,6217353,35.09090909090909
7.0,199,6217552,28.428571428571427
20.0,786,6218338,39.3
16.0,753,6219091,47.0625
53.0,1656,6220747,31.245283018867923
29.0,945,6221692,32.58620689655172
12.0,582,6222274,48.5
17.0,601,6222875,35.35294117647059
30.0,978,6223853,32.6
20.0,714,6224567,35.7
36.0,1080,6225647,30.0
41.0,1368,6227015,33.36585365853659
28.0,865,6227880,30.892857142857142
14.0,489,6228369,34.92857142857143
12.0,405,6228774,33.75
17.0,532,6229306,31.294117647058822
21.0,799,6230105,38.04761904761905
42.0,1325,6231430,31.547619047619047
13.0,370,6231800,28.46153846153846
14.0,394,6232194,28.142857142857142
37.0,1324,6233518,35.78378378378378
12.0,381,6233899,31.75
34.0,1155,6235054,33.970588235294116
22.0,802,6235856,36.45454545454545
19.0,681,6236537,35.8421052631579
41.0,1256,6237793,30.634146341463413
14.0,914,6238707,65.28571428571429
41.0,1302,6240009,31.75609756097561
46.0,1624,6241633,35.30434782608695
16.0,704,6242337,44.0
27.0,840,6243177,31.11111111111111
26.0,939,6244116,36.11538461538461
20.0,977,6245093,48.85
14.0,644,6245737,46.0
17.0,522,6246259,30.705882352941178
20.0,559,6246818,27.95
22.0,700,6247518,31.818181818181817
16.0,479,6247997,29.9375
40.0,1306,6249303,32.65
19.0,927,6250230,48.78947368421053
14.0,392,6250622,28.0
12.0,917,6251539,76.41666666666667
39.0,1381,6252920,35.41025641025641
9.0,336,6253256,37.333333333333336
31.0,989,6254245,31.903225806451612
6.0,262,6254507,43.666666666666664
2.0,538,6255045,269.0
21.0,681,6255726,32.42857142857143
33.0,903,6256629,27.363636363636363
36.0,941,6257570,26.13888888888889
12.0,784,6258354,65.33333333333333
17.0,518,6258872,30.470588235294116
25.0,953,6259825,38.12
28.0,912,6260737,32.57142857142857
18.0,617,6261354,34.27777777777778
25.0,832,6262186,33.28
13.0,335,6262521,25.76923076923077
18.0,618,6263139,34.333333333333336
8.0,283,6263422,35.375
11.0,427,6263849,38.81818181818182
47.0,1519,6265368,32.319148936170215
14.0,528,6265896,37.714285714285715
30.0,890,6266786,29.666666666666668
21.0,588,6267374,28.0
41.0,1459,6268833,35.58536585365854
38.0,1225,6270058,32.23684210526316
30.0,903,6270961,30.1
12.0,316,6271277,26.333333333333332
16.0,434,6271711,27.125
10.0,398,6272109,39.8
26.0,832,6272941,32.0
7.0,183,6273124,26.142857142857142
38.0,1191,6274315,31.342105263157894
18.0,693,6275008,38.5
20.0,460,6275468,23.0
20.0,527,6275995,26.35
2.0,501,6276496,250.5
10.0,727,6277223,72.7
19.0,577,6277800,30.36842105263158
46.0,1381,6279181,30.02173913043478
39.0,990,6280171,25.384615384615383
19.0,512,6280683,26.94736842105263
0.0,441,6281124,inf
33.0,952,6282076,28.848484848484848
3.0,497,6282573,165.66666666666666
24.0,793,6283366,33.041666666666664
33.0,1157,6284523,35.06060606060606
52.0,1560,6286083,30.0
34.0,1261,6287344,37.088235294117645
32.0,1110,6288454,34.6875
53.0,1602,6290056,30.22641509433962
34.0,1064,6291120,31.294117647058822
2.0,27,6291147,13.5
12.0,444,6291591,37.0
42.0,1181,6292772,28.11904761904762
19.0,549,6293321,28.894736842105264
35.0,1125,6294446,32.142857142857146
27.0,803,6295249,29.74074074074074
21.0,717,6295966,34.142857142857146
39.0,1219,6297185,31.256410256410255
41.0,1528,6298713,37.26829268292683
8.0,257,6298970,32.125
5.0,606,6299576,121.2
34.0,1013,6300589,29.794117647058822
10.0,815,6301404,81.5
4.0,585,6301989,146.25
28.0,833,6302822,29.75
37.0,1221,6304043,33.0
15.0,410,6304453,27.333333333333332
25.0,755,6305208,30.2
24.0,922,6306130,38.416666666666664
22.0,850,6306980,38.63636363636363
40.0,1501,6308481,37.525
19.0,952,6309433,50.10526315789474
38.0,1178,6310611,31.0
42.0,1008,6311619,24.0
30.0,858,6312477,28.6
46.0,1421,6313898,30.891304347826086
45.0,1529,6315427,33.977777777777774
44.0,1479,6316906,33.61363636363637
39.0,1223,6318129,31.358974358974358
36.0,952,6319081,26.444444444444443
36.0,1196,6320277,33.22222222222222
12.0,363,6320640,30.25
26.0,751,6321391,28.884615384615383
39.0,1161,6322552,29.76923076923077
44.0,1269,6323821,28.84090909090909
49.0,1545,6325366,31.53061224489796
37.0,1318,6326684,35.62162162162162
11.0,827,6327511,75.18181818181819
32.0,1088,6328599,34.0
27.0,908,6329507,33.629629629629626
45.0,1544,6331051,34.31111111111111
21.0,687,6331738,32.714285714285715
26.0,735,6332473,28.26923076923077
32.0,1061,6333534,33.15625
41.0,1189,6334723,29.0
31.0,1014,6335737,32.70967741935484
34.0,1396,6337133,41.05882352941177
27.0,691,6337824,25.59259259259259
27.0,900,6338724,33.333333333333336
48.0,1595,6340319,33.229166666666664
53.0,1807,6342126,34.094339622641506
54.0,1672,6343798,30.962962962962962
37.0,971,6344769,26.243243243243242
22.0,534,6345303,24.272727272727273
4.0,202,6345505,50.5
35.0,1154,6346659,32.97142857142857
31.0,861,6347520,27.774193548387096
28.0,878,6348398,31.357142857142858
19.0,456,6348854,24.0
46.0,1482,6350336,32.21739130434783
39.0,1248,6351584,32.0
37.0,1047,6352631,28.2972972972973
32.0,1144,6353775,35.75
47.0,1482,6355257,31.53191489361702
29.0,1026,6356283,35.37931034482759
36.0,1073,6357356,29.805555555555557
18.0,603,6357959,33.5
45.0,1415,6359374,31.444444444444443
27.0,808,6360182,29.925925925925927
45.0,1461,6361643,32.46666666666667
45.0,1441,6363084,32.022222222222226
46.0,1286,6364370,27.956521739130434
31.0,1189,6365559,38.354838709677416
36.0,835,6366394,23.194444444444443
53.0,1728,6368122,32.60377358490566
34.0,949,6369071,27.91176470588235
32.0,1127,6370198,35.21875
10.0,359,6370557,35.9
34.0,1054,6371611,31.0
34.0,1131,6372742,33.26470588235294
15.0,471,6373213,31.4
17.0,590,6373803,34.705882352941174
9.0,182,6373985,20.22222222222222
42.0,1343,6375328,31.976190476190474
9.0,178,6375506,19.77777777777778
46.0,1279,6376785,27.804347826086957
34.0,1058,6377843,31.11764705882353
37.0,1093,6378936,29.54054054054054
48.0,1764,6380700,36.75
42.0,1338,6382038,31.857142857142858
9.0,731,6382769,81.22222222222223
35.0,1034,6383803,29.542857142857144
44.0,1181,6384984,26.84090909090909
25.0,985,6385969,39.4
51.0,1951,6387920,38.254901960784316
50.0,1664,6389584,33.28
21.0,632,6390216,30.095238095238095
22.0,810,6391026,36.81818181818182
5.0,574,6391600,114.8
45.0,1458,6393058,32.4
50.0,1586,6394644,31.72
57.0,1954,6396598,34.280701754385966
55.0,1711,6398309,31.10909090909091
19.0,542,6398851,28.526315789473685
34.0,1040,6399891,30.58823529411765
49.0,1642,6401533,33.51020408163265
42.0,1158,6402691,27.571428571428573
12.0,826,6403517,68.83333333333333
32.0,1357,6404874,42.40625
30.0,699,6405573,23.3
20.0,612,6406185,30.6
21.0,844,6407029,40.19047619047619
32.0,1226,6408255,38.3125
39.0,1425,6409680,36.53846153846154
48.0,1505,6411185,31.354166666666668
49.0,1521,6412706,31.040816326530614
21.0,664,6413370,31.61904761904762
36.0,950,6414320,26.38888888888889
25.0,1183,6415503,47.32
40.0,1108,6416611,27.7
32.0,996,6417607,31.125
29.0,790,6418397,27.24137931034483
6.0,182,6418579,30.333333333333332
53.0,1631,6420210,30.77358490566038
67.0,2158,6422368,32.208955223880594
41.0,1099,6423467,26.804878048780488
33.0,976,6424443,29.575757575757574
4.0,541,6424984,135.25
42.0,1279,6426263,30.452380952380953
42.0,1222,6427485,29.095238095238095
33.0,958,6428443,29.03030303030303
60.0,1871,6430314,31.183333333333334
36.0,1289,6431603,35.80555555555556
48.0,1481,6433084,30.854166666666668
36.0,1039,6434123,28.86111111111111
21.0,706,6434829,33.61904761904762
35.0,995,6435824,28.428571428571427
26.0,701,6436525,26.96153846153846
28.0,947,6437472,33.82142857142857
48.0,1483,6438955,30.895833333333332
57.0,1556,6440511,27.29824561403509
44.0,1277,6441788,29.022727272727273
49.0,1630,6443418,33.265306122448976
26.0,859,6444277,33.03846153846154
11.0,374,6444651,34.0
44.0,1475,6446126,33.52272727272727
9.0,390,6446516,43.333333333333336
45.0,1512,6448028,33.6
30.0,715,6448743,23.833333333333332
44.0,1233,6449976,28.022727272727273
48.0,1441,6451417,30.020833333333332
36.0,1144,6452561,31.77777777777778
50.0,1309,6453870,26.18
46.0,1418,6455288,30.82608695652174
7.0,277,6455565,39.57142857142857
34.0,1468,6457033,43.1764705882353
27.0,854,6457887,31.62962962962963
1.0,21,6457908,21.0
59.0,1872,6459780,31.728813559322035
13.0,437,6460217,33.61538461538461
30.0,875,6461092,29.166666666666668
49.0,1355,6462447,27.653061224489797
38.0,1101,6463548,28.973684210526315
27.0,758,6464306,28.074074074074073
42.0,1306,6465612,31.095238095238095
38.0,1040,6466652,27.36842105263158
56.0,1717,6468369,30.660714285714285
7.0,252,6468621,36.0
47.0,1525,6470146,32.4468085106383
23.0,747,6470893,32.47826086956522
32.0,864,6471757,27.0
16.0,416,6472173,26.0
51.0,1589,6473762,31.15686274509804
46.0,1370,6475132,29.782608695652176
53.0,1524,6476656,28.754716981132077
46.0,1239,6477895,26.934782608695652
18.0,653,6478548,36.27777777777778
8.0,235,6478783,29.375
36.0,1155,6479938,32.083333333333336
20.0,579,6480517,28.95
27.0,708,6481225,26.22222222222222
19.0,725,6481950,38.1578947368421
19.0,785,6482735,41.31578947368421
46.0,1458,6484193,31.695652173913043
34.0,1333,6485526,39.205882352941174
43.0,1405,6486931,32.674418604651166
44.0,1143,6488074,25.977272727272727
4.0,71,6488145,17.75
57.0,1820,6489965,31.92982456140351
46.0,1349,6491314,29.32608695652174
49.0,1523,6492837,31.081632653061224
44.0,1513,6494350,34.38636363636363
56.0,1539,6495889,27.482142857142858
41.0,1241,6497130,30.26829268292683
22.0,644,6497774,29.272727272727273
0.0,82,6497856,inf
29.0,951,6498807,32.793103448275865
36.0,1343,6500150,37.30555555555556
0.0,21,6500171,inf
12.0,441,6500612,36.75
5.0,152,6500764,30.4
58.0,1783,6502547,30.74137931034483
17.0,554,6503101,32.588235294117645
27.0,849,6503950,31.444444444444443
20.0,558,6504508,27.9
48.0,1614,6506122,33.625
49.0,1359,6507481,27.73469387755102
19.0,733,6508214,38.578947368421055
38.0,1254,6509468,33.0
17.0,537,6510005,31.58823529411765
49.0,1532,6511537,31.26530612244898
0.0,56,6511593,inf
48.0,1717,6513310,35.770833333333336
37.0,1296,6514606,35.027027027027025
17.0,629,6515235,37.0
7.0,216,6515451,30.857142857142858
44.0,1662,6517113,37.77272727272727
39.0,1172,6518285,30.05128205128205
0.0,81,6518366,inf
44.0,1480,6519846,33.63636363636363
59.0,1955,6521801,33.13559322033898
16.0,465,6522266,29.0625
2.0,85,6522351,42.5
38.0,1439,6523790,37.86842105263158
11.0,357,6524147,32.45454545454545
6.0,212,6524359,35.333333333333336
34.0,1322,6525681,38.88235294117647
12.0,297,6525978,24.75
14.0,509,6526487,36.357142857142854
10.0,404,6526891,40.4
41.0,1389,6528280,33.8780487804878
1.0,87,6528367,87.0
10.0,256,6528623,25.6
0.0,19,6528642,inf
3.0,98,6528740,32.666666666666664
1.0,60,6528800,60.0
6.0,165,6528965,27.5
3.0,80,6529045,26.666666666666668
6.0,184,6529229,30.666666666666668
2.0,46,6529275,23.0
7.0,179,6529454,25.571428571428573
4.0,136,6529590,34.0
6.0,155,6529745,25.833333333333332
11.0,317,6530062,28.818181818181817
7.0,183,6530245,26.142857142857142
1.0,17,6530262,17.0
1.0,39,6530301,39.0
3.0,151,6530452,50.333333333333336
4.0,156,6530608,39.0
17.0,351,6530959,20.647058823529413
19.0,493,6531452,25.94736842105263
6.0,143,6531595,23.833333333333332
3.0,55,6531650,18.333333333333332
13.0,362,6532012,27.846153846153847
0.0,20,6532032,inf
3.0,137,6532169,45.666666666666664
7.0,190,6532359,27.142857142857142
12.0,340,6532699,28.333333333333332
11.0,271,6532970,24.636363636363637
12.0,334,6533304,27.833333333333332
5.0,196,6533500,39.2
2.0,130,6533630,65.0
2.0,55,6533685,27.5
15.0,377,6534062,25.133333333333333
0.0,19,6534081,inf
10.0,162,6534243,16.2
8.0,224,6534467,28.0
2.0,65,6534532,32.5
0.0,13,6534545,inf
17.0,460,6535005,27.058823529411764
25.0,627,6535632,25.08
27.0,700,6536332,25.925925925925927
2.0,74,6536406,37.0
5.0,145,6536551,29.0
10.0,322,6536873,32.2
10.0,200,6537073,20.0
7.0,221,6537294,31.571428571428573
27.0,814,6538108,30.14814814814815
8.0,186,6538294,23.25
3.0,125,6538419,41.666666666666664
8.0,176,6538595,22.0
24.0,695,6539290,28.958333333333332
7.0,134,6539424,19.142857142857142
7.0,182,6539606,26.0
2.0,39,6539645,19.5
11.0,307,6539952,27.90909090909091
13.0,390,6540342,30.0
3.0,86,6540428,28.666666666666668
3.0,63,6540491,21.0
5.0,139,6540630,27.8
2.0,74,6540704,37.0
7.0,166,6540870,23.714285714285715
10.0,265,6541135,26.5
40.0,1073,6542208,26.825
12.0,307,6542515,25.583333333333332
8.0,236,6542751,29.5
11.0,278,6543029,25.272727272727273
39.0,1188,6544217,30.46153846153846
46.0,1484,6545701,32.26086956521739
43.0,1048,6546749,24.372093023255815
40.0,1065,6547814,26.625
9.0,233,6548047,25.88888888888889
15.0,373,6548420,24.866666666666667
43.0,1314,6549734,30.558139534883722
3.0,128,6549862,42.666666666666664
41.0,1282,6551144,31.26829268292683
60.0,1656,6552800,27.6
42.0,1396,6554196,33.23809523809524
7.0,247,6554443,35.285714285714285
36.0,995,6555438,27.63888888888889
28.0,900,6556338,32.142857142857146
2.0,37,6556375,18.5
13.0,273,6556648,21.0
26.0,766,6557414,29.46153846153846
8.0,182,6557596,22.75
2.0,40,6557636,20.0
12.0,292,6557928,24.333333333333332
8.0,269,6558197,33.625
11.0,269,6558466,24.454545454545453
12.0,306,6558772,25.5
8.0,201,6558973,25.125
5.0,140,6559113,28.0
33.0,953,6560066,28.87878787878788
13.0,353,6560419,27.153846153846153
12.0,454,6560873,37.833333333333336
23.0,617,6561490,26.82608695652174
12.0,329,6561819,27.416666666666668
52.0,1444,6563263,27.76923076923077
41.0,1249,6564512,30.463414634146343
34.0,1358,6565870,39.94117647058823
14.0,316,6566186,22.571428571428573
28.0,804,6566990,28.714285714285715
6.0,339,6567329,56.5
12.0,289,6567618,24.083333333333332
2.0,55,6567673,27.5
30.0,818,6568491,27.266666666666666
22.0,665,6569156,30.227272727272727
5.0,169,6569325,33.8
45.0,1292,6570617,28.711111111111112
30.0,893,6571510,29.766666666666666
28.0,726,6572236,25.928571428571427
20.0,559,6572795,27.95
34.0,963,6573758,28.323529411764707
15.0,330,6574088,22.0
16.0,458,6574546,28.625
8.0,246,6574792,30.75
47.0,1239,6576031,26.361702127659573
48.0,1394,6577425,29.041666666666668
44.0,1236,6578661,28.09090909090909
22.0,561,6579222,25.5
10.0,243,6579465,24.3
26.0,562,6580027,21.615384615384617
23.0,660,6580687,28.695652173913043
68.0,2182,6582869,32.088235294117645
10.0,731,6583600,73.1
16.0,659,6584259,41.1875
34.0,1740,6585999,51.1764705882353
17.0,619,6586618,36.411764705882355
11.0,407,6587025,37.0
6.0,263,6587288,43.833333333333336
13.0,608,6587896,46.76923076923077
10.0,745,6588641,74.5
10.0,361,6589002,36.1
33.0,1015,6590017,30.757575757575758
16.0,458,6590475,28.625
14.0,468,6590943,33.42857142857143
15.0,769,6591712,51.266666666666666
22.0,773,6592485,35.13636363636363
11.0,685,6593170,62.27272727272727
20.0,616,6593786,30.8
12.0,359,6594145,29.916666666666668
5.0,248,6594393,49.6
23.0,1078,6595471,46.869565217391305
16.0,452,6595923,28.25
31.0,1345,6597268,43.38709677419355
7.0,136,6597404,19.428571428571427
8.0,383,6597787,47.875
10.0,361,6598148,36.1
21.0,520,6598668,24.761904761904763
11.0,419,6599087,38.09090909090909
3.0,105,6599192,35.0
17.0,648,6599840,38.11764705882353
30.0,1134,6600974,37.8
2.0,52,6601026,26.0
5.0,150,6601176,30.0
8.0,319,6601495,39.875
10.0,755,6602250,75.5
12.0,400,6602650,33.333333333333336
11.0,439,6603089,39.90909090909091
17.0,566,6603655,33.294117647058826
12.0,346,6604001,28.833333333333332
7.0,262,6604263,37.42857142857143
22.0,948,6605211,43.09090909090909
8.0,324,6605535,40.5
10.0,363,6605898,36.3
18.0,587,6606485,32.611111111111114
31.0,937,6607422,30.225806451612904
13.0,679,6608101,52.23076923076923
12.0,407,6608508,33.916666666666664
12.0,388,6608896,32.333333333333336
21.0,923,6609819,43.95238095238095
13.0,475,6610294,36.53846153846154
10.0,433,6610727,43.3
16.0,513,6611240,32.0625
11.0,356,6611596,32.36363636363637
23.0,951,6612547,41.34782608695652
27.0,1053,6613600,39.0
29.0,1290,6614890,44.48275862068966
9.0,227,6615117,25.22222222222222
20.0,1346,6616463,67.3
11.0,397,6616860,36.09090909090909
18.0,806,6617666,44.77777777777778
18.0,673,6618339,37.388888888888886
10.0,349,6618688,34.9
19.0,674,6619362,35.473684210526315
10.0,418,6619780,41.8
9.0,371,6620151,41.22222222222222
18.0,842,6620993,46.77777777777778
23.0,669,6621662,29.08695652173913
7.0,275,6621937,39.285714285714285
10.0,305,6622242,30.5
3.0,77,6622319,25.666666666666668
18.0,514,6622833,28.555555555555557
44.0,1315,6624148,29.886363636363637
34.0,1511,6625659,44.44117647058823
16.0,492,6626151,30.75
1.0,34,6626185,34.0
34.0,1029,6627214,30.264705882352942
17.0,511,6627725,30.058823529411764
4.0,128,6627853,32.0
35.0,1130,6628983,32.285714285714285
10.0,307,6629290,30.7
1.0,40,6629330,40.0
5.0,535,6629865,107.0
0.0,48,6629913,inf
9.0,643,6630556,71.44444444444444
9.0,314,6630870,34.888888888888886
37.0,1121,6631991,30.2972972972973
27.0,675,6632666,25.0
23.0,563,6633229,24.47826086956522
20.0,622,6633851,31.1
4.0,138,6633989,34.5
21.0,585,6634574,27.857142857142858
5.0,110,6634684,22.0
16.0,491,6635175,30.6875
1.0,51,6635226,51.0
12.0,363,6635589,30.25
21.0,698,6636287,33.23809523809524
19.0,608,6636895,32.0
25.0,1094,6637989,43.76
22.0,626,6638615,28.454545454545453
18.0,427,6639042,23.72222222222222
26.0,762,6639804,29.307692307692307
14.0,420,6640224,30.0
18.0,447,6640671,24.833333333333332
23.0,747,6641418,32.47826086956522
9.0,194,6641612,21.555555555555557
21.0,680,6642292,32.38095238095238
18.0,513,6642805,28.5
38.0,1119,6643924,29.44736842105263
44.0,1181,6645105,26.84090909090909
18.0,429,6645534,23.833333333333332
10.0,258,6645792,25.8
32.0,799,6646591,24.96875
3.0,80,6646671,26.666666666666668
6.0,167,6646838,27.833333333333332
12.0,301,6647139,25.083333333333332
0.0,21,6647160,inf
35.0,1014,6648174,28.97142857142857
25.0,606,6648780,24.24
3.0,80,6648860,26.666666666666668
10.0,294,6649154,29.4
8.0,207,6649361,25.875
8.0,257,6649618,32.125
7.0,192,6649810,27.428571428571427
24.0,651,6650461,27.125
1.0,42,6650503,42.0
3.0,91,6650594,30.333333333333332
1.0,70,6650664,70.0
7.0,198,6650862,28.285714285714285
5.0,147,6651009,29.4
5.0,103,6651112,20.6
2.0,81,6651193,40.5
2.0,64,6651257,32.0
0.0,20,6651277,inf
16.0,382,6651659,23.875
5.0,128,6651787,25.6
12.0,225,6652012,18.75
13.0,330,6652342,25.384615384615383
2.0,54,6652396,27.0
19.0,570,6652966,30.0
2.0,77,6653043,38.5
5.0,115,6653158,23.0
5.0,183,6653341,36.6
1.0,15,6653356,15.0
9.0,186,6653542,20.666666666666668
3.0,147,6653689,49.0
15.0,490,6654179,32.666666666666664
12.0,269,6654448,22.416666666666668
15.0,442,6654890,29.466666666666665
11.0,377,6655267,34.27272727272727
21.0,466,6655733,22.19047619047619
32.0,865,6656598,27.03125
11.0,273,6656871,24.818181818181817
3.0,73,6656944,24.333333333333332
19.0,466,6657410,24.526315789473685
7.0,248,6657658,35.42857142857143
7.0,156,6657814,22.285714285714285
20.0,576,6658390,28.8
16.0,477,6658867,29.8125
13.0,349,6659216,26.846153846153847
9.0,258,6659474,28.666666666666668
7.0,196,6659670,28.0
10.0,314,6659984,31.4
14.0,396,6660380,28.285714285714285
19.0,654,6661034,34.421052631578945
10.0,201,6661235,20.1
11.0,327,6661562,29.727272727272727
3.0,96,6661658,32.0
9.0,233,6661891,25.88888888888889
15.0,415,6662306,27.666666666666668
5.0,111,6662417,22.2
8.0,229,6662646,28.625
16.0,397,6663043,24.8125
14.0,434,6663477,31.0
5.0,127,6663604,25.4
30.0,805,6664409,26.833333333333332
5.0,214,6664623,42.8
17.0,422,6665045,24.823529411764707
17.0,492,6665537,28.941176470588236
29.0,782,6666319,26.96551724137931
15.0,390,6666709,26.0
24.0,714,6667423,29.75
2.0,116,6667539,58.0
23.0,523,6668062,22.73913043478261
22.0,619,6668681,28.136363636363637
10.0,277,6668958,27.7
26.0,625,6669583,24.03846153846154
17.0,531,6670114,31.235294117647058
15.0,425,6670539,28.333333333333332
9.0,260,6670799,28.88888888888889
26.0,688,6671487,26.46153846153846
37.0,1056,6672543,28.54054054054054
22.0,582,6673125,26.454545454545453
30.0,779,6673904,25.966666666666665
18.0,445,6674349,24.72222222222222
10.0,326,6674675,32.6
14.0,369,6675044,26.357142857142858
12.0,398,6675442,33.166666666666664
27.0,817,6676259,30.25925925925926
32.0,756,6677015,23.625
12.0,282,6677297,23.5
31.0,992,6678289,32.0
3.0,65,6678354,21.666666666666668
11.0,324,6678678,29.454545454545453
31.0,729,6679407,23.516129032258064
28.0,612,6680019,21.857142857142858
8.0,239,6680258,29.875
16.0,437,6680695,27.3125
23.0,713,6681408,31.0
22.0,697,6682105,31.681818181818183
25.0,820,6682925,32.8
16.0,393,6683318,24.5625
29.0,859,6684177,29.620689655172413
20.0,629,6684806,31.45
13.0,359,6685165,27.615384615384617
4.0,109,6685274,27.25
22.0,634,6685908,28.818181818181817
38.0,1245,6687153,32.76315789473684
31.0,994,6688147,32.064516129032256
16.0,437,6688584,27.3125
31.0,944,6689528,30.451612903225808
16.0,417,6689945,26.0625
9.0,233,6690178,25.88888888888889
32.0,896,6691074,28.0
30.0,717,6691791,23.9
20.0,598,6692389,29.9
25.0,723,6693112,28.92
1.0,33,6693145,33.0
17.0,458,6693603,26.941176470588236
11.0,255,6693858,23.181818181818183
14.0,353,6694211,25.214285714285715
18.0,536,6694747,29.77777777777778
36.0,1024,6695771,28.444444444444443
19.0,499,6696270,26.263157894736842
6.0,178,6696448,29.666666666666668
22.0,658,6697106,29.90909090909091
15.0,374,6697480,24.933333333333334
7.0,246,6697726,35.142857142857146
11.0,266,6697992,24.181818181818183
18.0,520,6698512,28.88888888888889
10.0,309,6698821,30.9
25.0,729,6699550,29.16
26.0,531,6700081,20.423076923076923
2.0,79,6700160,39.5
33.0,867,6701027,26.272727272727273
23.0,691,6701718,30.043478260869566
18.0,557,6702275,30.944444444444443
14.0,382,6702657,27.285714285714285
30.0,781,6703438,26.033333333333335
22.0,577,6704015,26.227272727272727
18.0,566,6704581,31.444444444444443
27.0,797,6705378,29.51851851851852
6.0,226,6705604,37.666666666666664
20.0,551,6706155,27.55
10.0,283,6706438,28.3
9.0,300,6706738,33.333333333333336
36.0,1178,6707916,32.72222222222222
33.0,866,6708782,26.242424242424242
19.0,457,6709239,24.05263157894737
28.0,949,6710188,33.892857142857146
12.0,306,6710494,25.5
27.0,811,6711305,30.037037037037038
22.0,677,6711982,30.772727272727273
24.0,614,6712596,25.583333333333332
17.0,465,6713061,27.352941176470587
10.0,267,6713328,26.7
13.0,312,6713640,24.0
6.0,186,6713826,31.0
33.0,788,6714614,23.87878787878788
6.0,238,6714852,39.666666666666664
6.0,187,6715039,31.166666666666668
26.0,663,6715702,25.5
19.0,522,6716224,27.473684210526315
30.0,1022,6717246,34.06666666666667
25.0,774,6718020,30.96
16.0,429,6718449,26.8125
24.0,646,6719095,26.916666666666668
5.0,98,6719193,19.6
22.0,544,6719737,24.727272727272727
27.0,719,6720456,26.62962962962963
7.0,127,6720583,18.142857142857142
4.0,143,6720726,35.75
13.0,345,6721071,26.53846153846154
7.0,178,6721249,25.428571428571427
33.0,977,6722226,29.606060606060606
32.0,996,6723222,31.125
23.0,764,6723986,33.21739130434783
5.0,169,6724155,33.8
22.0,526,6724681,23.90909090909091
11.0,342,6725023,31.09090909090909
7.0,196,6725219,28.0
19.0,498,6725717,26.210526315789473
6.0,175,6725892,29.166666666666668
2.0,84,6725976,42.0
2.0,22,6725998,11.0
29.0,698,6726696,24.06896551724138
24.0,621,6727317,25.875
22.0,584,6727901,26.545454545454547
11.0,354,6728255,32.18181818181818
17.0,424,6728679,24.941176470588236
18.0,557,6729236,30.944444444444443
12.0,404,6729640,33.666666666666664
18.0,448,6730088,24.88888888888889
22.0,562,6730650,25.545454545454547
12.0,297,6730947,24.75
22.0,622,6731569,28.272727272727273
10.0,295,6731864,29.5
7.0,329,6732193,47.0
23.0,575,6732768,25.0
22.0,606,6733374,27.545454545454547
29.0,835,6734209,28.79310344827586
4.0,145,6734354,36.25
30.0,768,6735122,25.6
16.0,485,6735607,30.3125
16.0,489,6736096,30.5625
27.0,843,6736939,31.22222222222222
16.0,410,6737349,25.625
28.0,844,6738193,30.142857142857142
1.0,47,6738240,47.0
4.0,155,6738395,38.75
4.0,181,6738576,45.25
16.0,589,6739165,36.8125
6.0,219,6739384,36.5
2.0,79,6739463,39.5
5.0,235,6739698,47.0
3.0,100,6739798,33.333333333333336
6.0,203,6740001,33.833333333333336
6.0,183,6740184,30.5
4.0,231,6740415,57.75
2.0,89,6740504,44.5
12.0,400,6740904,33.333333333333336
8.0,269,6741173,33.625
1.0,49,6741222,49.0
1.0,61,6741283,61.0
1.0,45,6741328,45.0
9.0,400,6741728,44.44444444444444
8.0,257,6741985,32.125
1.0,51,6742036,51.0
1.0,56,6742092,56.0
5.0,218,6742310,43.6
1.0,53,6742363,53.0
0.0,31,6742394,inf
2.0,123,6742517,61.5
10.0,372,6742889,37.2
2.0,74,6742963,37.0
12.0,577,6743540,48.083333333333336
5.0,205,6743745,41.0
4.0,159,6743904,39.75
4.0,156,6744060,39.0
2.0,50,6744110,25.0
8.0,307,6744417,38.375
6.0,251,6744668,41.833333333333336
20.0,777,6745445,38.85
10.0,434,6745879,43.4
4.0,188,6746067,47.0
1.0,74,6746141,74.0
5.0,263,6746404,52.6
14.0,853,6747257,60.92857142857143
4.0,193,6747450,48.25
0.0,441,6747891,inf
2.0,89,6747980,44.5
3.0,148,6748128,49.333333333333336
5.0,181,6748309,36.2
5.0,121,6748430,24.2
2.0,125,6748555,62.5
2.0,48,6748603,24.0
0.0,15,6748618,inf
5.0,171,6748789,34.2
0.0,26,6748815,inf
14.0,400,6749215,28.571428571428573
18.0,439,6749654,24.38888888888889
7.0,206,6749860,29.428571428571427
15.0,488,6750348,32.53333333333333
1.0,79,6750427,79.0
6.0,199,6750626,33.166666666666664
37.0,1014,6751640,27.405405405405407
17.0,499,6752139,29.352941176470587
20.0,544,6752683,27.2
36.0,1112,6753795,30.88888888888889
11.0,422,6754217,38.36363636363637
22.0,581,6754798,26.40909090909091
7.0,201,6754999,28.714285714285715
20.0,469,6755468,23.45
45.0,1302,6756770,28.933333333333334
15.0,441,6757211,29.4
20.0,602,6757813,30.1
10.0,283,6758096,28.3
17.0,328,6758424,19.294117647058822
30.0,834,6759258,27.8
29.0,796,6760054,27.448275862068964
21.0,562,6760616,26.761904761904763
14.0,364,6760980,26.0
9.0,323,6761303,35.888888888888886
7.0,125,6761428,17.857142857142858
19.0,641,6762069,33.73684210526316
4.0,194,6762263,48.5
15.0,360,6762623,24.0
16.0,500,6763123,31.25
18.0,557,6763680,30.944444444444443
1.0,82,6763762,82.0
24.0,591,6764353,24.625
18.0,593,6764946,32.94444444444444
6.0,213,6765159,35.5
24.0,625,6765784,26.041666666666668
13.0,360,6766144,27.692307692307693
13.0,385,6766529,29.615384615384617
7.0,216,6766745,30.857142857142858
24.0,679,6767424,28.291666666666668
6.0,178,6767602,29.666666666666668
19.0,667,6768269,35.10526315789474
17.0,478,6768747,28.11764705882353
17.0,443,6769190,26.058823529411764
4.0,152,6769342,38.0
26.0,732,6770074,28.153846153846153
6.0,211,6770285,35.166666666666664
29.0,785,6771070,27.06896551724138
14.0,443,6771513,31.642857142857142
5.0,129,6771642,25.8
3.0,71,6771713,23.666666666666668
18.0,462,6772175,25.666666666666668
29.0,707,6772882,24.379310344827587
12.0,370,6773252,30.833333333333332
11.0,327,6773579,29.727272727272727
16.0,356,6773935,22.25
8.0,195,6774130,24.375
14.0,442,6774572,31.571428571428573
12.0,395,6774967,32.916666666666664
15.0,465,6775432,31.0
5.0,105,6775537,21.0
35.0,993,6776530,28.37142857142857
10.0,377,6776907,37.7
2.0,85,6776992,42.5
3.0,110,6777102,36.666666666666664
10.0,327,6777429,32.7
14.0,446,6777875,31.857142857142858
2.0,242,6778117,121.0
7.0,228,6778345,32.57142857142857
6.0,318,6778663,53.0
6.0,258,6778921,43.0
5.0,166,6779087,33.2
4.0,535,6779622,133.75
24.0,766,6780388,31.916666666666668
10.0,369,6780757,36.9
11.0,806,6781563,73.27272727272727
10.0,352,6781915,35.2
1.0,241,6782156,241.0
11.0,380,6782536,34.54545454545455
10.0,362,6782898,36.2
4.0,567,6783465,141.75
11.0,316,6783781,28.727272727272727
27.0,844,6784625,31.25925925925926
3.0,144,6784769,48.0
16.0,614,6785383,38.375
10.0,336,6785719,33.6
5.0,93,6785812,18.6
5.0,248,6786060,49.6
9.0,290,6786350,32.22222222222222
1.0,130,6786480,130.0
19.0,428,6786908,22.526315789473685
13.0,387,6787295,29.76923076923077
13.0,356,6787651,27.384615384615383
1.0,76,6787727,76.0
3.0,125,6787852,41.666666666666664
7.0,263,6788115,37.57142857142857
6.0,149,6788264,24.833333333333332
18.0,455,6788719,25.27777777777778
14.0,497,6789216,35.5
1.0,41,6789257,41.0
17.0,446,6789703,26.235294117647058
3.0,142,6789845,47.333333333333336
4.0,548,6790393,137.0
10.0,355,6790748,35.5
4.0,554,6791302,138.5
2.0,118,6791420,59.0
3.0,152,6791572,50.666666666666664
5.0,236,6791808,47.2
10.0,300,6792108,30.0
11.0,281,6792389,25.545454545454547
22.0,655,6793044,29.772727272727273
4.0,109,6793153,27.25
2.0,105,6793258,52.5
2.0,105,6793363,52.5
3.0,293,6793656,97.66666666666667
8.0,338,6793994,42.25
4.0,105,6794099,26.25
13.0,504,6794603,38.76923076923077
1.0,123,6794726,123.0
21.0,614,6795340,29.238095238095237
1.0,89,6795429,89.0
4.0,555,6795984,138.75
4.0,153,6796137,38.25
2.0,73,6796210,36.5
4.0,537,6796747,134.25
5.0,180,6796927,36.0
4.0,136,6797063,34.0
12.0,476,6797539,39.666666666666664
6.0,225,6797764,37.5
8.0,268,6798032,33.5
4.0,567,6798599,141.75
2.0,126,6798725,63.0
14.0,744,6799469,53.142857142857146
14.0,349,6799818,24.928571428571427
5.0,211,6800029,42.2
18.0,540,6800569,30.0
5.0,104,6800673,20.8
4.0,549,6801222,137.25
4.0,603,6801825,150.75
24.0,574,6802399,23.916666666666668
5.0,128,6802527,25.6
21.0,636,6803163,30.285714285714285
3.0,83,6803246,27.666666666666668
8.0,204,6803450,25.5
11.0,356,6803806,32.36363636363637
18.0,503,6804309,27.944444444444443
8.0,209,6804518,26.125
10.0,279,6804797,27.9
19.0,574,6805371,30.210526315789473
3.0,518,6805889,172.66666666666666
5.0,246,6806135,49.2
33.0,960,6807095,29.09090909090909
25.0,826,6807921,33.04
0.0,441,6808362,inf
21.0,598,6808960,28.476190476190474
10.0,321,6809281,32.1
5.0,160,6809441,32.0
9.0,241,6809682,26.77777777777778
9.0,351,6810033,39.0
9.0,672,6810705,74.66666666666667
10.0,243,6810948,24.3
2.0,94,6811042,47.0
12.0,537,6811579,44.75
17.0,491,6812070,28.88235294117647
0.0,441,6812511,inf
14.0,439,6812950,31.357142857142858
15.0,502,6813452,33.46666666666667
5.0,226,6813678,45.2
2.0,64,6813742,32.0
24.0,622,6814364,25.916666666666668
10.0,293,6814657,29.3
16.0,458,6815115,28.625
2.0,146,6815261,73.0
5.0,120,6815381,24.0
4.0,94,6815475,23.5
6.0,588,6816063,98.0
12.0,808,6816871,67.33333333333333
2.0,50,6816921,25.0
1.0,27,6816948,27.0
8.0,211,6817159,26.375
4.0,159,6817318,39.75
3.0,90,6817408,30.0
6.0,163,6817571,27.166666666666668
9.0,701,6818272,77.88888888888889
5.0,133,6818405,26.6
15.0,440,6818845,29.333333333333332
5.0,151,6818996,30.2
9.0,311,6819307,34.55555555555556
15.0,420,6819727,28.0
9.0,264,6819991,29.333333333333332
32.0,988,6820979,30.875
10.0,281,6821260,28.1
13.0,395,6821655,30.384615384615383
11.0,259,6821914,23.545454545454547
12.0,455,6822369,37.916666666666664
33.0,1115,6823484,33.78787878787879
6.0,159,6823643,26.5
5.0,210,6823853,42.0
14.0,454,6824307,32.42857142857143
14.0,496,6824803,35.42857142857143
14.0,470,6825273,33.57142857142857
18.0,549,6825822,30.5
12.0,273,6826095,22.75
6.0,237,6826332,39.5
8.0,746,6827078,93.25
6.0,155,6827233,25.833333333333332
5.0,128,6827361,25.6
16.0,435,6827796,27.1875
6.0,205,6828001,34.166666666666664
4.0,146,6828147,36.5
7.0,177,6828324,25.285714285714285
12.0,402,6828726,33.5
9.0,245,6828971,27.22222222222222
8.0,269,6829240,33.625
9.0,324,6829564,36.0
12.0,331,6829895,27.583333333333332
15.0,394,6830289,26.266666666666666
3.0,125,6830414,41.666666666666664
7.0,260,6830674,37.142857142857146
28.0,1008,6831682,36.0
1.0,63,6831745,63.0
4.0,574,6832319,143.5
10.0,239,6832558,23.9
11.0,456,6833014,41.45454545454545
18.0,582,6833596,32.333333333333336
2.0,517,6834113,258.5
14.0,566,6834679,40.42857142857143
4.0,124,6834803,31.0
15.0,495,6835298,33.0
7.0,257,6835555,36.714285714285715
6.0,237,6835792,39.5
6.0,207,6835999,34.5
12.0,362,6836361,30.166666666666668
13.0,489,6836850,37.61538461538461
6.0,186,6837036,31.0
8.0,228,6837264,28.5
4.0,163,6837427,40.75
17.0,439,6837866,25.823529411764707
4.0,153,6838019,38.25
4.0,151,6838170,37.75
3.0,107,6838277,35.666666666666664
14.0,523,6838800,37.357142857142854
14.0,384,6839184,27.428571428571427
4.0,552,6839736,138.0
6.0,164,6839900,27.333333333333332
6.0,236,6840136,39.333333333333336
7.0,261,6840397,37.285714285714285
14.0,484,6840881,34.57142857142857
16.0,480,6841361,30.0
6.0,637,6841998,106.16666666666667
5.0,196,6842194,39.2
8.0,243,6842437,30.375
18.0,566,6843003,31.444444444444443
5.0,188,6843191,37.6
9.0,297,6843488,33.0
4.0,160,6843648,40.0
6.0,277,6843925,46.166666666666664
4.0,160,6844085,40.0
5.0,193,6844278,38.6
4.0,111,6844389,27.75
9.0,251,6844640,27.88888888888889
7.0,267,6844907,38.142857142857146
10.0,371,6845278,37.1
4.0,128,6845406,32.0
5.0,147,6845553,29.4
4.0,162,6845715,40.5
4.0,217,6845932,54.25
4.0,588,6846520,147.0
7.0,202,6846722,28.857142857142858
5.0,215,6846937,43.0
6.0,211,6847148,35.166666666666664
9.0,327,6847475,36.333333333333336
7.0,291,6847766,41.57142857142857
10.0,233,6847999,23.3
3.0,160,6848159,53.333333333333336
4.0,206,6848365,51.5
5.0,174,6848539,34.8
1.0,77,6848616,77.0
5.0,277,6848893,55.4
7.0,275,6849168,39.285714285714285
5.0,165,6849333,33.0
4.0,546,6849879,136.5
5.0,191,6850070,38.2
8.0,173,6850243,21.625
5.0,151,6850394,30.2
5.0,250,6850644,50.0
3.0,210,6850854,70.0
4.0,143,6850997,35.75
11.0,368,6851365,33.45454545454545
1.0,30,6851395,30.0
7.0,264,6851659,37.714285714285715
5.0,210,6851869,42.0
11.0,438,6852307,39.81818181818182
8.0,280,6852587,35.0
4.0,193,6852780,48.25
14.0,469,6853249,33.5
7.0,238,6853487,34.0
11.0,368,6853855,33.45454545454545
10.0,356,6854211,35.6
16.0,413,6854624,25.8125
4.0,128,6854752,32.0
5.0,268,6855020,53.6
2.0,130,6855150,65.0
6.0,159,6855309,26.5
15.0,351,6855660,23.4
4.0,135,6855795,33.75
5.0,177,6855972,35.4
5.0,146,6856118,29.2
5.0,201,6856319,40.2
5.0,206,6856525,41.2
5.0,205,6856730,41.0
4.0,147,6856877,36.75
5.0,155,6857032,31.0
9.0,311,6857343,34.55555555555556
4.0,188,6857531,47.0
6.0,222,6857753,37.0
5.0,213,6857966,42.6
0.0,22,6857988,inf
11.0,317,6858305,28.818181818181817
6.0,240,6858545,40.0
4.0,138,6858683,34.5
2.0,116,6858799,58.0
3.0,155,6858954,51.666666666666664
3.0,110,6859064,36.666666666666664
4.0,194,6859258,48.5
5.0,230,6859488,46.0
8.0,364,6859852,45.5
1.0,62,6859914,62.0
3.0,93,6860007,31.0
7.0,282,6860289,40.285714285714285
8.0,229,6860518,28.625
6.0,248,6860766,41.333333333333336
4.0,178,6860944,44.5
3.0,118,6861062,39.333333333333336
4.0,127,6861189,31.75
7.0,247,6861436,35.285714285714285
6.0,189,6861625,31.5
7.0,274,6861899,39.142857142857146
2.0,165,6862064,82.5
0.0,17,6862081,inf
4.0,172,6862253,43.0
4.0,132,6862385,33.0
7.0,270,6862655,38.57142857142857
3.0,83,6862738,27.666666666666668
5.0,158,6862896,31.6
4.0,191,6863087,47.75
2.0,62,6863149,31.0
10.0,332,6863481,33.2
4.0,224,6863705,56.0
1.0,59,6863764,59.0
3.0,92,6863856,30.666666666666668
5.0,190,6864046,38.0
18.0,525,6864571,29.166666666666668
10.0,275,6864846,27.5
4.0,176,6865022,44.0
11.0,367,6865389,33.36363636363637
5.0,151,6865540,30.2
6.0,272,6865812,45.333333333333336
7.0,305,6866117,43.57142857142857
6.0,163,6866280,27.166666666666668
4.0,218,6866498,54.5
4.0,167,6866665,41.75
6.0,158,6866823,26.333333333333332
5.0,170,6866993,34.0
0.0,17,6867010,inf
8.0,303,6867313,37.875
6.0,297,6867610,49.5
0.0,40,6867650,inf
7.0,259,6867909,37.0
11.0,364,6868273,33.09090909090909
5.0,196,6868469,39.2
4.0,177,6868646,44.25
4.0,131,6868777,32.75
8.0,309,6869086,38.625
8.0,310,6869396,38.75
5.0,201,6869597,40.2
13.0,439,6870036,33.76923076923077
8.0,301,6870337,37.625
6.0,249,6870586,41.5
8.0,233,6870819,29.125
5.0,205,6871024,41.0
4.0,150,6871174,37.5
4.0,130,6871304,32.5
3.0,74,6871378,24.666666666666668
2.0,137,6871515,68.5
6.0,174,6871689,29.0
3.0,90,6871779,30.0
0.0,37,6871816,inf
7.0,255,6872071,36.42857142857143
4.0,88,6872159,22.0
13.0,391,6872550,30.076923076923077
1.0,34,6872584,34.0
9.0,254,6872838,28.22222222222222
10.0,296,6873134,29.6
3.0,95,6873229,31.666666666666668
0.0,40,6873269,inf
2.0,92,6873361,46.0
5.0,157,6873518,31.4
8.0,275,6873793,34.375
7.0,281,6874074,40.142857142857146
15.0,408,6874482,27.2
10.0,324,6874806,32.4
15.0,450,6875256,30.0
6.0,195,6875451,32.5
9.0,309,6875760,34.333333333333336
33.0,922,6876682,27.939393939393938
24.0,612,6877294,25.5
6.0,229,6877523,38.166666666666664
16.0,575,6878098,35.9375
4.0,126,6878224,31.5
22.0,555,6878779,25.227272727272727
21.0,714,6879493,34.0
6.0,216,6879709,36.0
10.0,350,6880059,35.0
3.0,82,6880141,27.333333333333332
8.0,223,6880364,27.875
13.0,344,6880708,26.46153846153846
15.0,467,6881175,31.133333333333333
18.0,505,6881680,28.055555555555557
19.0,444,6882124,23.36842105263158
15.0,489,6882613,32.6
1.0,26,6882639,26.0
8.0,254,6882893,31.75
22.0,707,6883600,32.13636363636363
11.0,294,6883894,26.727272727272727
19.0,456,6884350,24.0
19.0,619,6884969,32.578947368421055
8.0,289,6885258,36.125
16.0,474,6885732,29.625
39.0,1379,6887111,35.35897435897436
17.0,381,6887492,22.41176470588235
10.0,242,6887734,24.2
34.0,933,6888667,27.441176470588236
7.0,268,6888935,38.285714285714285
42.0,1312,6890247,31.238095238095237
31.0,975,6891222,31.451612903225808
23.0,668,6891890,29.043478260869566
1.0,80,6891970,80.0
42.0,1487,6893457,35.404761904761905
31.0,892,6894349,28.774193548387096
14.0,316,6894665,22.571428571428573
8.0,341,6895006,42.625
43.0,1348,6896354,31.348837209302324
15.0,435,6896789,29.0
6.0,265,6897054,44.166666666666664
17.0,462,6897516,27.176470588235293
36.0,1317,6898833,36.583333333333336
20.0,690,6899523,34.5
7.0,164,6899687,23.428571428571427
9.0,273,6899960,30.333333333333332
19.0,474,6900434,24.94736842105263
8.0,232,6900666,29.0
11.0,277,6900943,25.181818181818183
6.0,128,6901071,21.333333333333332
8.0,196,6901267,24.5
25.0,898,6902165,35.92
10.0,283,6902448,28.3
22.0,647,6903095,29.40909090909091
14.0,505,6903600,36.07142857142857
2.0,50,6903650,25.0
32.0,1042,6904692,32.5625
39.0,1486,6906178,38.1025641025641
34.0,1150,6907328,33.8235294117647
25.0,857,6908185,34.28
20.0,612,6908797,30.6
13.0,285,6909082,21.923076923076923
12.0,381,6909463,31.75
33.0,1101,6910564,33.36363636363637
35.0,1067,6911631,30.485714285714284
9.0,227,6911858,25.22222222222222
23.0,814,6912672,35.391304347826086
38.0,1110,6913782,29.210526315789473
11.0,284,6914066,25.818181818181817
14.0,419,6914485,29.928571428571427
22.0,853,6915338,38.77272727272727
7.0,207,6915545,29.571428571428573
1.0,50,6915595,50.0
15.0,474,6916069,31.6
12.0,354,6916423,29.5
8.0,284,6916707,35.5
12.0,391,6917098,32.583333333333336
12.0,261,6917359,21.75
8.0,199,6917558,24.875
31.0,999,6918557,32.225806451612904
3.0,48,6918605,16.0
13.0,512,6919117,39.38461538461539
4.0,143,6919260,35.75
23.0,733,6919993,31.869565217391305
30.0,936,6920929,31.2
20.0,554,6921483,27.7
25.0,770,6922253,30.8
23.0,653,6922906,28.391304347826086
17.0,483,6923389,28.41176470588235
10.0,659,6924048,65.9
11.0,246,6924294,22.363636363636363
17.0,583,6924877,34.294117647058826
18.0,664,6925541,36.888888888888886
27.0,784,6926325,29.037037037037038
4.0,121,6926446,30.25
10.0,323,6926769,32.3
13.0,447,6927216,34.38461538461539
20.0,579,6927795,28.95
5.0,138,6927933,27.6
27.0,798,6928731,29.555555555555557
21.0,742,6929473,35.333333333333336
12.0,409,6929882,34.083333333333336
3.0,102,6929984,34.0
28.0,937,6930921,33.464285714285715
0.0,35,6930956,inf
8.0,302,6931258,37.75
2.0,82,6931340,41.0
18.0,538,6931878,29.88888888888889
2.0,75,6931953,37.5
12.0,425,6932378,35.416666666666664
4.0,113,6932491,28.25
22.0,923,6933414,41.95454545454545
13.0,545,6933959,41.92307692307692
15.0,634,6934593,42.266666666666666
13.0,490,6935083,37.69230769230769
2.0,87,6935170,43.5
22.0,651,6935821,29.59090909090909
6.0,313,6936134,52.166666666666664
11.0,395,6936529,35.90909090909091
15.0,500,6937029,33.333333333333336
2.0,94,6937123,47.0
26.0,907,6938030,34.88461538461539
11.0,570,6938600,51.81818181818182
19.0,582,6939182,30.63157894736842
10.0,480,6939662,48.0
29.0,927,6940589,31.96551724137931
25.0,845,6941434,33.8
5.0,284,6941718,56.8
11.0,381,6942099,34.63636363636363
15.0,538,6942637,35.86666666666667
21.0,819,6943456,39.0
15.0,582,6944038,38.8
23.0,746,6944784,32.43478260869565
6.0,233,6945017,38.833333333333336
24.0,872,6945889,36.333333333333336
6.0,215,6946104,35.833333333333336
12.0,404,6946508,33.666666666666664
10.0,367,6946875,36.7
13.0,601,6947476,46.23076923076923
25.0,884,6948360,35.36
2.0,178,6948538,89.0
10.0,310,6948848,31.0
10.0,510,6949358,51.0
20.0,669,6950027,33.45
10.0,271,6950298,27.1
16.0,456,6950754,28.5
21.0,743,6951497,35.38095238095238
18.0,549,6952046,30.5
9.0,405,6952451,45.0
2.0,67,6952518,33.5
8.0,241,6952759,30.125
6.0,294,6953053,49.0
16.0,528,6953581,33.0
11.0,338,6953919,30.727272727272727
5.0,237,6954156,47.4
11.0,414,6954570,37.63636363636363
31.0,1094,6955664,35.29032258064516
5.0,162,6955826,32.4
13.0,443,6956269,34.07692307692308
30.0,827,6957096,27.566666666666666
32.0,1272,6958368,39.75
17.0,672,6959040,39.529411764705884
7.0,752,6959792,107.42857142857143
27.0,980,6960772,36.2962962962963
20.0,842,6961614,42.1
17.0,611,6962225,35.94117647058823
23.0,1274,6963499,55.391304347826086
2.0,45,6963544,22.5
2.0,45,6963589,22.5
4.0,129,6963718,32.25
1.0,19,6963737,19.0
1.0,56,6963793,56.0
0.0,43,6963836,inf
2.0,95,6963931,47.5
19.0,525,6964456,27.63157894736842
2.0,41,6964497,20.5
4.0,97,6964594,24.25
4.0,99,6964693,24.75
1.0,21,6964714,21.0
3.0,110,6964824,36.666666666666664
2.0,49,6964873,24.5
2.0,85,6964958,42.5
4.0,113,6965071,28.25
7.0,185,6965256,26.428571428571427
1.0,30,6965286,30.0
0.0,30,6965316,inf
1.0,56,6965372,56.0
3.0,68,6965440,22.666666666666668
2.0,91,6965531,45.5
2.0,52,6965583,26.0
4.0,155,6965738,38.75
6.0,139,6965877,23.166666666666668
0.0,41,6965918,inf
1.0,88,6966006,88.0
11.0,316,6966322,28.727272727272727
3.0,111,6966433,37.0
1.0,54,6966487,54.0
3.0,79,6966566,26.333333333333332
2.0,131,6966697,65.5
1.0,39,6966736,39.0
4.0,163,6966899,40.75
2.0,97,6966996,48.5
9.0,256,6967252,28.444444444444443
1.0,28,6967280,28.0
14.0,438,6967718,31.285714285714285
3.0,107,6967825,35.666666666666664
3.0,64,6967889,21.333333333333332
1.0,79,6967968,79.0
7.0,178,6968146,25.428571428571427
3.0,120,6968266,40.0
1.0,76,6968342,76.0
4.0,94,6968436,23.5
23.0,806,6969242,35.04347826086956
30.0,819,6970061,27.3
13.0,482,6970543,37.07692307692308
50.0,1978,6972521,39.56
30.0,1047,6973568,34.9
26.0,1024,6974592,39.38461538461539
47.0,1879,6976471,39.97872340425532
18.0,707,6977178,39.27777777777778
24.0,722,6977900,30.083333333333332
40.0,1279,6979179,31.975
29.0,985,6980164,33.96551724137931
15.0,522,6980686,34.8
25.0,799,6981485,31.96
33.0,1265,6982750,38.333333333333336
38.0,1238,6983988,32.578947368421055
6.0,203,6984191,33.833333333333336
30.0,1063,6985254,35.43333333333333
48.0,1696,6986950,35.333333333333336
13.0,457,6987407,35.15384615384615
25.0,884,6988291,35.36
31.0,1192,6989483,38.45161290322581
17.0,578,6990061,34.0
20.0,753,6990814,37.65
4.0,212,6991026,53.0
32.0,1135,6992161,35.46875
16.0,497,6992658,31.0625
29.0,1120,6993778,38.62068965517241
8.0,227,6994005,28.375
17.0,524,6994529,30.823529411764707
23.0,822,6995351,35.73913043478261
23.0,730,6996081,31.73913043478261
34.0,1246,6997327,36.64705882352941
15.0,451,6997778,30.066666666666666
23.0,723,6998501,31.434782608695652
36.0,1252,6999753,34.77777777777778
27.0,880,7000633,32.592592592592595
38.0,1221,7001854,32.13157894736842
25.0,981,7002835,39.24
25.0,951,7003786,38.04
26.0,1007,7004793,38.73076923076923
8.0,255,7005048,31.875
16.0,572,7005620,35.75
22.0,871,7006491,39.59090909090909
33.0,1156,7007647,35.03030303030303
12.0,455,7008102,37.916666666666664
34.0,1335,7009437,39.26470588235294
35.0,1728,7011165,49.371428571428574
27.0,1012,7012177,37.48148148148148
29.0,1089,7013266,37.55172413793103
20.0,658,7013924,32.9
17.0,675,7014599,39.705882352941174
4.0,129,7014728,32.25
32.0,1101,7015829,34.40625
20.0,836,7016665,41.8
34.0,1450,7018115,42.64705882352941
23.0,1078,7019193,46.869565217391305
20.0,624,7019817,31.2
21.0,794,7020611,37.80952380952381
17.0,474,7021085,27.88235294117647
32.0,1106,7022191,34.5625
18.0,642,7022833,35.666666666666664
43.0,1347,7024180,31.325581395348838
19.0,680,7024860,35.78947368421053
40.0,1424,7026284,35.6
35.0,1057,7027341,30.2
21.0,796,7028137,37.904761904761905
34.0,1492,7029629,43.88235294117647
32.0,1053,7030682,32.90625
29.0,1016,7031698,35.03448275862069
34.0,1162,7032860,34.1764705882353
4.0,177,7033037,44.25
2.0,38,7033075,19.0
37.0,1499,7034574,40.513513513513516
26.0,867,7035441,33.34615384615385
22.0,929,7036370,42.22727272727273
23.0,986,7037356,42.869565217391305
21.0,1058,7038414,50.38095238095238
27.0,948,7039362,35.111111111111114
38.0,1494,7040856,39.31578947368421
36.0,1626,7042482,45.166666666666664
46.0,1927,7044409,41.891304347826086
26.0,1029,7045438,39.57692307692308
18.0,619,7046057,34.388888888888886
27.0,1077,7047134,39.888888888888886
38.0,1748,7048882,46.0
12.0,339,7049221,28.25
12.0,437,7049658,36.416666666666664
18.0,954,7050612,53.0
18.0,705,7051317,39.166666666666664
48.0,1834,7053151,38.208333333333336
34.0,1348,7054499,39.64705882352941
20.0,809,7055308,40.45
26.0,1044,7056352,40.15384615384615
16.0,654,7057006,40.875
22.0,872,7057878,39.63636363636363
11.0,404,7058282,36.72727272727273
29.0,1119,7059401,38.58620689655172
41.0,1591,7060992,38.80487804878049
41.0,1510,7062502,36.829268292682926
18.0,537,7063039,29.833333333333332
47.0,1497,7064536,31.851063829787233
16.0,499,7065035,31.1875
35.0,1437,7066472,41.05714285714286
28.0,1152,7067624,41.142857142857146
44.0,1672,7069296,38.0
26.0,842,7070138,32.38461538461539
22.0,645,7070783,29.318181818181817
27.0,1145,7071928,42.407407407407405
20.0,597,7072525,29.85
39.0,1393,7073918,35.717948717948715
10.0,288,7074206,28.8
24.0,956,7075162,39.833333333333336
25.0,922,7076084,36.88
38.0,1499,7077583,39.44736842105263
24.0,795,7078378,33.125
16.0,430,7078808,26.875
32.0,1403,7080211,43.84375
36.0,1411,7081622,39.19444444444444
48.0,1683,7083305,35.0625
37.0,1412,7084717,38.16216216216216
29.0,993,7085710,34.241379310344826
45.0,1652,7087362,36.71111111111111
13.0,360,7087722,27.692307692307693
41.0,1708,7089430,41.65853658536585
20.0,725,7090155,36.25
20.0,900,7091055,45.0
29.0,970,7092025,33.44827586206897
26.0,1157,7093182,44.5
9.0,263,7093445,29.22222222222222
30.0,1054,7094499,35.13333333333333
31.0,1103,7095602,35.58064516129032
13.0,402,7096004,30.923076923076923
14.0,510,7096514,36.42857142857143
38.0,1637,7098151,43.078947368421055
42.0,1451,7099602,34.54761904761905
42.0,1539,7101141,36.642857142857146
33.0,1176,7102317,35.63636363636363
1.0,124,7102441,124.0
1.0,74,7102515,74.0
3.0,81,7102596,27.0
8.0,361,7102957,45.125
29.0,1243,7104200,42.86206896551724
19.0,745,7104945,39.21052631578947
41.0,1507,7106452,36.75609756097561
29.0,873,7107325,30.103448275862068
21.0,737,7108062,35.095238095238095
13.0,561,7108623,43.15384615384615
42.0,1715,7110338,40.833333333333336
21.0,640,7110978,30.476190476190474
22.0,878,7111856,39.90909090909091
32.0,1201,7113057,37.53125
31.0,1043,7114100,33.645161290322584
27.0,1067,7115167,39.51851851851852
22.0,869,7116036,39.5
31.0,970,7117006,31.29032258064516
29.0,974,7117980,33.58620689655172
31.0,1208,7119188,38.96774193548387
18.0,616,7119804,34.22222222222222
20.0,840,7120644,42.0
34.0,1161,7121805,34.14705882352941
15.0,607,7122412,40.46666666666667
23.0,752,7123164,32.69565217391305
16.0,590,7123754,36.875
14.0,473,7124227,33.785714285714285
43.0,1596,7125823,37.116279069767444
32.0,1356,7127179,42.375
28.0,942,7128121,33.642857142857146
42.0,1860,7129981,44.285714285714285
20.0,807,7130788,40.35
6.0,317,7131105,52.833333333333336
26.0,860,7131965,33.07692307692308
21.0,587,7132552,27.952380952380953
40.0,1261,7133813,31.525
40.0,1364,7135177,34.1
35.0,994,7136171,28.4
8.0,329,7136500,41.125
48.0,1652,7138152,34.416666666666664
23.0,908,7139060,39.47826086956522
45.0,2005,7141065,44.55555555555556
21.0,699,7141764,33.285714285714285
10.0,301,7142065,30.1
17.0,627,7142692,36.88235294117647
21.0,891,7143583,42.42857142857143
27.0,906,7144489,33.55555555555556
12.0,495,7144984,41.25
21.0,682,7145666,32.476190476190474
23.0,843,7146509,36.65217391304348
23.0,916,7147425,39.82608695652174
20.0,700,7148125,35.0
36.0,1291,7149416,35.861111111111114
23.0,756,7150172,32.869565217391305
31.0,1230,7151402,39.67741935483871
13.0,414,7151816,31.846153846153847
30.0,924,7152740,30.8
16.0,561,7153301,35.0625
39.0,1184,7154485,30.358974358974358
50.0,1904,7156389,38.08
26.0,815,7157204,31.346153846153847
39.0,1200,7158404,30.76923076923077
27.0,1013,7159417,37.51851851851852
35.0,1274,7160691,36.4
46.0,1515,7162206,32.93478260869565
10.0,350,7162556,35.0
30.0,977,7163533,32.56666666666667
17.0,529,7164062,31.11764705882353
27.0,1053,7165115,39.0
41.0,1462,7166577,35.65853658536585
19.0,660,7167237,34.73684210526316
28.0,856,7168093,30.571428571428573
22.0,610,7168703,27.727272727272727
12.0,432,7169135,36.0
10.0,279,7169414,27.9
22.0,731,7170145,33.22727272727273
19.0,572,7170717,30.105263157894736
13.0,475,7171192,36.53846153846154
36.0,1079,7172271,29.97222222222222
21.0,580,7172851,27.61904761904762
39.0,1328,7174179,34.05128205128205
56.0,2014,7176193,35.964285714285715
39.0,1158,7177351,29.692307692307693
44.0,1394,7178745,31.681818181818183
31.0,995,7179740,32.096774193548384
28.0,807,7180547,28.821428571428573
26.0,978,7181525,37.61538461538461
29.0,866,7182391,29.862068965517242
21.0,714,7183105,34.0
27.0,916,7184021,33.925925925925924
19.0,557,7184578,29.31578947368421
9.0,322,7184900,35.77777777777778
15.0,536,7185436,35.733333333333334
38.0,1304,7186740,34.31578947368421
46.0,1623,7188363,35.28260869565217
34.0,1040,7189403,30.58823529411765
30.0,984,7190387,32.8
9.0,387,7190774,43.0
31.0,1105,7191879,35.645161290322584
32.0,1162,7193041,36.3125
11.0,305,7193346,27.727272727272727
17.0,605,7193951,35.588235294117645
34.0,1093,7195044,32.14705882352941
35.0,1103,7196147,31.514285714285716
27.0,746,7196893,27.62962962962963
41.0,1470,7198363,35.853658536585364
18.0,550,7198913,30.555555555555557
28.0,953,7199866,34.035714285714285
33.0,998,7200864,30.242424242424242
30.0,1049,7201913,34.96666666666667
23.0,786,7202699,34.17391304347826
42.0,1198,7203897,28.523809523809526
18.0,639,7204536,35.5
23.0,727,7205263,31.608695652173914
22.0,613,7205876,27.863636363636363
23.0,733,7206609,31.869565217391305
17.0,591,7207200,34.76470588235294
25.0,811,7208011,32.44
23.0,790,7208801,34.34782608695652
22.0,718,7209519,32.63636363636363
15.0,370,7209889,24.666666666666668
18.0,589,7210478,32.72222222222222
21.0,682,7211160,32.476190476190474
12.0,347,7211507,28.916666666666668
34.0,1044,7212551,30.705882352941178
12.0,466,7213017,38.833333333333336
33.0,988,7214005,29.939393939393938
37.0,1240,7215245,33.513513513513516
37.0,1171,7216416,31.64864864864865
22.0,655,7217071,29.772727272727273
24.0,729,7217800,30.375
26.0,932,7218732,35.84615384615385
25.0,715,7219447,28.6
37.0,1066,7220513,28.81081081081081
24.0,699,7221212,29.125
24.0,862,7222074,35.916666666666664
15.0,436,7222510,29.066666666666666
32.0,1017,7223527,31.78125
14.0,487,7224014,34.785714285714285
39.0,1298,7225312,33.282051282051285
22.0,793,7226105,36.04545454545455
12.0,381,7226486,31.75
33.0,1100,7227586,33.333333333333336
29.0,985,7228571,33.96551724137931
35.0,1144,7229715,32.68571428571428
28.0,957,7230672,34.17857142857143
12.0,411,7231083,34.25
25.0,662,7231745,26.48
33.0,979,7232724,29.666666666666668
19.0,538,7233262,28.31578947368421
38.0,1280,7234542,33.68421052631579
23.0,697,7235239,30.304347826086957
14.0,319,7235558,22.785714285714285
31.0,1046,7236604,33.74193548387097
33.0,1001,7237605,30.333333333333332
36.0,1316,7238921,36.55555555555556
30.0,856,7239777,28.533333333333335
19.0,725,7240502,38.1578947368421
30.0,995,7241497,33.166666666666664
28.0,888,7242385,31.714285714285715
30.0,885,7243270,29.5
26.0,792,7244062,30.46153846153846
41.0,1282,7245344,31.26829268292683
27.0,902,7246246,33.407407407407405
24.0,702,7246948,29.25
23.0,726,7247674,31.565217391304348
29.0,935,7248609,32.241379310344826
37.0,1068,7249677,28.864864864864863
23.0,803,7250480,34.91304347826087
12.0,330,7250810,27.5
51.0,1622,7252432,31.80392156862745
8.0,272,7252704,34.0
46.0,1395,7254099,30.32608695652174
23.0,807,7254906,35.08695652173913
16.0,536,7255442,33.5
16.0,606,7256048,37.875
28.0,895,7256943,31.964285714285715
25.0,866,7257809,34.64
32.0,973,7258782,30.40625
26.0,937,7259719,36.03846153846154
36.0,1116,7260835,31.0
10.0,252,7261087,25.2
23.0,812,7261899,35.30434782608695
24.0,676,7262575,28.166666666666668
35.0,1102,7263677,31.485714285714284
37.0,1038,7264715,28.054054054054053
7.0,253,7264968,36.142857142857146
26.0,886,7265854,34.07692307692308
50.0,1878,7267732,37.56
42.0,1210,7268942,28.80952380952381
36.0,1260,7270202,35.0
17.0,507,7270709,29.823529411764707
23.0,690,7271399,30.0
16.0,503,7271902,31.4375
37.0,1175,7273077,31.756756756756758
21.0,654,7273731,31.142857142857142
11.0,361,7274092,32.81818181818182
19.0,600,7274692,31.57894736842105
18.0,476,7275168,26.444444444444443
50.0,1586,7276754,31.72
18.0,511,7277265,28.38888888888889
21.0,580,7277845,27.61904761904762
11.0,282,7278127,25.636363636363637
37.0,984,7279111,26.594594594594593
29.0,1070,7280181,36.89655172413793
11.0,420,7280601,38.18181818181818
26.0,814,7281415,31.307692307692307
22.0,651,7282066,29.59090909090909
34.0,1218,7283284,35.8235294117647
29.0,796,7284080,27.448275862068964
42.0,1284,7285364,30.571428571428573
31.0,1146,7286510,36.96774193548387
41.0,1369,7287879,33.390243902439025
42.0,1377,7289256,32.785714285714285
26.0,867,7290123,33.34615384615385
43.0,1367,7291490,31.790697674418606
21.0,642,7292132,30.571428571428573
19.0,612,7292744,32.21052631578947
40.0,1334,7294078,33.35
23.0,595,7294673,25.869565217391305
35.0,1071,7295744,30.6
2.0,38,7295782,19.0
24.0,789,7296571,32.875
29.0,917,7297488,31.620689655172413
40.0,1329,7298817,33.225
26.0,776,7299593,29.846153846153847
17.0,524,7300117,30.823529411764707
23.0,655,7300772,28.47826086956522
34.0,1286,7302058,37.8235294117647
34.0,1150,7303208,33.8235294117647
34.0,1455,7304663,42.794117647058826
32.0,964,7305627,30.125
18.0,487,7306114,27.055555555555557
19.0,666,7306780,35.05263157894737
26.0,839,7307619,32.26923076923077
15.0,457,7308076,30.466666666666665
31.0,938,7309014,30.258064516129032
5.0,216,7309230,43.2
42.0,1286,7310516,30.61904761904762
2.0,47,7310563,23.5
7.0,263,7310826,37.57142857142857
19.0,559,7311385,29.42105263157895
25.0,816,7312201,32.64
26.0,858,7313059,33.0
23.0,746,7313805,32.43478260869565
16.0,490,7314295,30.625
27.0,824,7315119,30.51851851851852
22.0,690,7315809,31.363636363636363
19.0,468,7316277,24.63157894736842
12.0,375,7316652,31.25
19.0,567,7317219,29.842105263157894
18.0,443,7317662,24.61111111111111
30.0,975,7318637,32.5
11.0,444,7319081,40.36363636363637
14.0,466,7319547,33.285714285714285
9.0,200,7319747,22.22222222222222
15.0,570,7320317,38.0
2.0,63,7320380,31.5
23.0,661,7321041,28.73913043478261
32.0,1055,7322096,32.96875
31.0,1019,7323115,32.87096774193548
34.0,995,7324110,29.264705882352942
18.0,570,7324680,31.666666666666668
29.0,934,7325614,32.206896551724135
8.0,187,7325801,23.375
20.0,459,7326260,22.95
8.0,210,7326470,26.25
16.0,515,7326985,32.1875
32.0,929,7327914,29.03125
2.0,78,7327992,39.0
32.0,1141,7329133,35.65625
28.0,921,7330054,32.892857142857146
1.0,36,7330090,36.0
14.0,478,7330568,34.142857142857146
27.0,812,7331380,30.074074074074073
12.0,332,7331712,27.666666666666668
28.0,869,7332581,31.035714285714285
29.0,884,7333465,30.482758620689655
38.0,1471,7334936,38.71052631578947
14.0,431,7335367,30.785714285714285
30.0,892,7336259,29.733333333333334
38.0,1028,7337287,27.05263157894737
39.0,1269,7338556,32.53846153846154
31.0,1082,7339638,34.903225806451616
7.0,226,7339864,32.285714285714285
28.0,905,7340769,32.32142857142857
25.0,731,7341500,29.24
30.0,1036,7342536,34.53333333333333
32.0,1031,7343567,32.21875
17.0,547,7344114,32.1764705882353
10.0,365,7344479,36.5
32.0,1013,7345492,31.65625
12.0,462,7345954,38.5
24.0,711,7346665,29.625
47.0,1655,7348320,35.212765957446805
24.0,859,7349179,35.791666666666664
15.0,427,7349606,28.466666666666665
25.0,719,7350325,28.76
42.0,1451,7351776,34.54761904761905
17.0,455,7352231,26.764705882352942
23.0,764,7352995,33.21739130434783
24.0,872,7353867,36.333333333333336
30.0,985,7354852,32.833333333333336
33.0,1090,7355942,33.03030303030303
24.0,698,7356640,29.083333333333332
8.0,226,7356866,28.25
26.0,1007,7357873,38.73076923076923
33.0,1002,7358875,30.363636363636363
19.0,595,7359470,31.31578947368421
16.0,475,7359945,29.6875
32.0,1115,7361060,34.84375
14.0,469,7361529,33.5
31.0,1051,7362580,33.903225806451616
23.0,698,7363278,30.347826086956523
17.0,547,7363825,32.1764705882353
34.0,1062,7364887,31.235294117647058
10.0,316,7365203,31.6
38.0,1198,7366401,31.526315789473685
24.0,781,7367182,32.541666666666664
20.0,536,7367718,26.8
15.0,434,7368152,28.933333333333334
20.0,565,7368717,28.25
24.0,693,7369410,28.875
33.0,1048,7370458,31.757575757575758
19.0,606,7371064,31.894736842105264
39.0,1299,7372363,33.30769230769231
33.0,982,7373345,29.757575757575758
9.0,284,7373629,31.555555555555557
24.0,818,7374447,34.083333333333336
17.0,535,7374982,31.470588235294116
2.0,39,7375021,19.5
28.0,1056,7376077,37.714285714285715
24.0,711,7376788,29.625
14.0,487,7377275,34.785714285714285
14.0,501,7377776,35.785714285714285
32.0,1055,7378831,32.96875
30.0,1099,7379930,36.63333333333333
4.0,165,7380095,41.25
14.0,391,7380486,27.928571428571427
29.0,894,7381380,30.82758620689655
19.0,575,7381955,30.263157894736842
48.0,1653,7383608,34.4375
17.0,649,7384257,38.1764705882353
24.0,678,7384935,28.25
20.0,610,7385545,30.5
32.0,939,7386484,29.34375
26.0,882,7387366,33.92307692307692
23.0,798,7388164,34.69565217391305
40.0,1261,7389425,31.525
28.0,854,7390279,30.5
11.0,273,7390552,24.818181818181817
27.0,946,7391498,35.03703703703704
28.0,886,7392384,31.642857142857142
41.0,1275,7393659,31.097560975609756
42.0,1356,7395015,32.285714285714285
29.0,728,7395743,25.103448275862068
22.0,684,7396427,31.09090909090909
43.0,1230,7397657,28.6046511627907
24.0,1003,7398660,41.791666666666664
17.0,492,7399152,28.941176470588236
17.0,602,7399754,35.411764705882355
16.0,432,7400186,27.0
25.0,832,7401018,33.28
14.0,409,7401427,29.214285714285715
22.0,722,7402149,32.81818181818182
12.0,348,7402497,29.0
21.0,602,7403099,28.666666666666668
24.0,723,7403822,30.125
28.0,937,7404759,33.464285714285715
33.0,1010,7405769,30.606060606060606
7.0,231,7406000,33.0
17.0,538,7406538,31.647058823529413
26.0,970,7407508,37.30769230769231
25.0,807,7408315,32.28
33.0,1051,7409366,31.848484848484848
17.0,482,7409848,28.352941176470587
11.0,285,7410133,25.90909090909091
26.0,677,7410810,26.03846153846154
40.0,1331,7412141,33.275
38.0,1492,7413633,39.26315789473684
18.0,620,7414253,34.44444444444444
18.0,508,7414761,28.22222222222222
38.0,1262,7416023,33.21052631578947
17.0,528,7416551,31.058823529411764
50.0,1791,7418342,35.82
22.0,767,7419109,34.86363636363637
19.0,439,7419548,23.105263157894736
13.0,379,7419927,29.153846153846153
25.0,721,7420648,28.84
3.0,124,7420772,41.333333333333336
8.0,300,7421072,37.5
26.0,863,7421935,33.19230769230769
40.0,1154,7423089,28.85
28.0,938,7424027,33.5
18.0,567,7424594,31.5
40.0,1233,7425827,30.825
22.0,675,7426502,30.681818181818183
19.0,537,7427039,28.263157894736842
11.0,387,7427426,35.18181818181818
33.0,1053,7428479,31.90909090909091
28.0,946,7429425,33.785714285714285
12.0,390,7429815,32.5
15.0,430,7430245,28.666666666666668
15.0,423,7430668,28.2
13.0,467,7431135,35.92307692307692
32.0,1096,7432231,34.25
17.0,399,7432630,23.470588235294116
35.0,1070,7433700,30.571428571428573
23.0,700,7434400,30.434782608695652
21.0,587,7434987,27.952380952380953
23.0,771,7435758,33.52173913043478
37.0,1139,7436897,30.783783783783782
36.0,1210,7438107,33.611111111111114
23.0,966,7439073,42.0
47.0,1515,7440588,32.234042553191486
26.0,790,7441378,30.384615384615383
27.0,767,7442145,28.40740740740741
27.0,885,7443030,32.77777777777778
19.0,681,7443711,35.8421052631579
15.0,560,7444271,37.333333333333336
24.0,799,7445070,33.291666666666664
32.0,1154,7446224,36.0625
34.0,1093,7447317,32.14705882352941
19.0,534,7447851,28.105263157894736
10.0,295,7448146,29.5
11.0,361,7448507,32.81818181818182
20.0,701,7449208,35.05
10.0,301,7449509,30.1
24.0,653,7450162,27.208333333333332
30.0,833,7450995,27.766666666666666
48.0,1414,7452409,29.458333333333332
26.0,815,7453224,31.346153846153847
3.0,83,7453307,27.666666666666668
6.0,171,7453478,28.5
41.0,1416,7454894,34.53658536585366
9.0,317,7455211,35.22222222222222
10.0,336,7455547,33.6
8.0,292,7455839,36.5
24.0,827,7456666,34.458333333333336
12.0,371,7457037,30.916666666666668
25.0,784,7457821,31.36
12.0,405,7458226,33.75
36.0,1302,7459528,36.166666666666664
10.0,314,7459842,31.4
14.0,481,7460323,34.357142857142854
20.0,705,7461028,35.25
33.0,938,7461966,28.424242424242426
24.0,793,7462759,33.041666666666664
33.0,1154,7463913,34.96969696969697
6.0,127,7464040,21.166666666666668
7.0,252,7464292,36.0
2.0,38,7464330,19.0
4.0,195,7464525,48.75
2.0,45,7464570,22.5
1.0,36,7464606,36.0
5.0,104,7464710,20.8
6.0,163,7464873,27.166666666666668
32.0,819,7465692,25.59375
24.0,828,7466520,34.5
12.0,342,7466862,28.5
1.0,34,7466896,34.0
2.0,86,7466982,43.0
16.0,414,7467396,25.875
26.0,929,7468325,35.73076923076923
22.0,682,7469007,31.0
16.0,550,7469557,34.375
16.0,482,7470039,30.125
20.0,633,7470672,31.65
32.0,1027,7471699,32.09375
34.0,1094,7472793,32.1764705882353
15.0,489,7473282,32.6
21.0,600,7473882,28.571428571428573
43.0,1519,7475401,35.325581395348834
1.0,49,7475450,49.0
18.0,711,7476161,39.5
17.0,518,7476679,30.470588235294116
13.0,431,7477110,33.15384615384615
17.0,516,7477626,30.352941176470587
1.0,53,7477679,53.0
37.0,1179,7478858,31.864864864864863
15.0,388,7479246,25.866666666666667
3.0,102,7479348,34.0
22.0,640,7479988,29.09090909090909
19.0,564,7480552,29.68421052631579
40.0,1089,7481641,27.225
23.0,660,7482301,28.695652173913043
3.0,62,7482363,20.666666666666668
20.0,723,7483086,36.15
25.0,777,7483863,31.08
20.0,707,7484570,35.35
26.0,734,7485304,28.23076923076923
8.0,292,7485596,36.5
6.0,207,7485803,34.5
9.0,447,7486250,49.666666666666664
6.0,239,7486489,39.833333333333336
23.0,730,7487219,31.73913043478261
37.0,1290,7488509,34.86486486486486
4.0,118,7488627,29.5
25.0,747,7489374,29.88
17.0,559,7489933,32.88235294117647
21.0,634,7490567,30.19047619047619
21.0,596,7491163,28.38095238095238
19.0,598,7491761,31.473684210526315
36.0,1011,7492772,28.083333333333332
4.0,157,7492929,39.25
19.0,691,7493620,36.36842105263158
30.0,1002,7494622,33.4
31.0,991,7495613,31.967741935483872
21.0,554,7496167,26.38095238095238
24.0,867,7497034,36.125
14.0,554,7497588,39.57142857142857
32.0,939,7498527,29.34375
42.0,1336,7499863,31.80952380952381
20.0,711,7500574,35.55
2.0,72,7500646,36.0
33.0,1038,7501684,31.454545454545453
22.0,642,7502326,29.181818181818183
19.0,633,7502959,33.31578947368421
1.0,41,7503000,41.0
29.0,894,7503894,30.82758620689655
24.0,827,7504721,34.458333333333336
27.0,930,7505651,34.44444444444444
26.0,887,7506538,34.11538461538461
24.0,791,7507329,32.958333333333336
33.0,1022,7508351,30.96969696969697
29.0,878,7509229,30.275862068965516
24.0,783,7510012,32.625
20.0,590,7510602,29.5
28.0,913,7511515,32.607142857142854
43.0,1344,7512859,31.25581395348837
18.0,651,7513510,36.166666666666664
23.0,732,7514242,31.82608695652174
14.0,640,7514882,45.714285714285715
18.0,575,7515457,31.944444444444443
31.0,908,7516365,29.29032258064516
30.0,952,7517317,31.733333333333334
33.0,1121,7518438,33.96969696969697
21.0,745,7519183,35.476190476190474
25.0,763,7519946,30.52
14.0,372,7520318,26.571428571428573
31.0,985,7521303,31.774193548387096
26.0,677,7521980,26.03846153846154
28.0,878,7522858,31.357142857142858
14.0,509,7523367,36.357142857142854
20.0,599,7523966,29.95
20.0,571,7524537,28.55
30.0,890,7525427,29.666666666666668
44.0,1479,7526906,33.61363636363637
21.0,728,7527634,34.666666666666664
12.0,342,7527976,28.5
22.0,686,7528662,31.181818181818183
37.0,1115,7529777,30.135135135135137
36.0,1172,7530949,32.55555555555556
46.0,1406,7532355,30.565217391304348
32.0,991,7533346,30.96875
38.0,1061,7534407,27.92105263157895
17.0,662,7535069,38.94117647058823
34.0,1084,7536153,31.88235294117647
23.0,893,7537046,38.82608695652174
32.0,1012,7538058,31.625
20.0,744,7538802,37.2
18.0,503,7539305,27.944444444444443
17.0,384,7539689,22.58823529411765
22.0,687,7540376,31.227272727272727
7.0,194,7540570,27.714285714285715
24.0,733,7541303,30.541666666666668
24.0,836,7542139,34.833333333333336
24.0,685,7542824,28.541666666666668
15.0,508,7543332,33.86666666666667
38.0,1403,7544735,36.921052631578945
18.0,568,7545303,31.555555555555557
27.0,817,7546120,30.25925925925926
8.0,324,7546444,40.5
17.0,551,7546995,32.411764705882355
27.0,861,7547856,31.88888888888889
24.0,799,7548655,33.291666666666664
35.0,1182,7549837,33.77142857142857
27.0,817,7550654,30.25925925925926
12.0,333,7550987,27.75
22.0,750,7551737,34.09090909090909
17.0,561,7552298,33.0
23.0,739,7553037,32.130434782608695
31.0,1076,7554113,34.70967741935484
22.0,810,7554923,36.81818181818182
34.0,996,7555919,29.294117647058822
12.0,431,7556350,35.916666666666664
19.0,625,7556975,32.89473684210526
32.0,1064,7558039,33.25
17.0,476,7558515,28.0
21.0,544,7559059,25.904761904761905
38.0,1168,7560227,30.736842105263158
28.0,902,7561129,32.214285714285715
34.0,1071,7562200,31.5
16.0,520,7562720,32.5
35.0,1181,7563901,33.74285714285714
26.0,834,7564735,32.07692307692308
10.0,267,7565002,26.7
41.0,1243,7566245,30.317073170731707
20.0,755,7567000,37.75
14.0,448,7567448,32.0
33.0,1082,7568530,32.78787878787879
19.0,662,7569192,34.8421052631579
35.0,1199,7570391,34.25714285714286
22.0,707,7571098,32.13636363636363
40.0,1216,7572314,30.4
8.0,215,7572529,26.875
28.0,792,7573321,28.285714285714285
24.0,716,7574037,29.833333333333332
23.0,779,7574816,33.869565217391305
17.0,619,7575435,36.411764705882355
41.0,1265,7576700,30.853658536585368
38.0,1318,7578018,34.68421052631579
29.0,981,7578999,33.827586206896555
22.0,691,7579690,31.40909090909091
12.0,341,7580031,28.416666666666668
40.0,1354,7581385,33.85
29.0,949,7582334,32.724137931034484
24.0,813,7583147,33.875
41.0,1475,7584622,35.97560975609756
21.0,588,7585210,28.0
8.0,191,7585401,23.875
32.0,999,7586400,31.21875
26.0,867,7587267,33.34615384615385
12.0,445,7587712,37.083333333333336
40.0,1285,7588997,32.125
17.0,599,7589596,35.23529411764706
14.0,399,7589995,28.5
21.0,617,7590612,29.38095238095238
5.0,136,7590748,27.2
40.0,1213,7591961,30.325
22.0,671,7592632,30.5
30.0,772,7593404,25.733333333333334
6.0,229,7593633,38.166666666666664
15.0,466,7594099,31.066666666666666
8.0,313,7594412,39.125
22.0,796,7595208,36.18181818181818
28.0,834,7596042,29.785714285714285
40.0,1249,7597291,31.225
36.0,1067,7598358,29.63888888888889
20.0,563,7598921,28.15
14.0,446,7599367,31.857142857142858
33.0,894,7600261,27.09090909090909
24.0,756,7601017,31.5
8.0,206,7601223,25.75
30.0,982,7602205,32.733333333333334
14.0,447,7602652,31.928571428571427
21.0,748,7603400,35.61904761904762
21.0,780,7604180,37.142857142857146
19.0,620,7604800,32.63157894736842
8.0,272,7605072,34.0
34.0,1152,7606224,33.88235294117647
16.0,517,7606741,32.3125
41.0,1345,7608086,32.80487804878049
22.0,778,7608864,35.36363636363637
35.0,1295,7610159,37.0
24.0,674,7610833,28.083333333333332
14.0,476,7611309,34.0
26.0,863,7612172,33.19230769230769
15.0,517,7612689,34.46666666666667
17.0,589,7613278,34.64705882352941
21.0,592,7613870,28.19047619047619
14.0,447,7614317,31.928571428571427
33.0,1024,7615341,31.03030303030303
16.0,594,7615935,37.125
34.0,1121,7617056,32.970588235294116
41.0,1580,7618636,38.53658536585366
21.0,576,7619212,27.428571428571427
25.0,666,7619878,26.64
13.0,437,7620315,33.61538461538461
33.0,986,7621301,29.87878787878788
27.0,773,7622074,28.62962962962963
16.0,474,7622548,29.625
9.0,226,7622774,25.11111111111111
19.0,634,7623408,33.36842105263158
40.0,1301,7624709,32.525
22.0,798,7625507,36.27272727272727
23.0,815,7626322,35.43478260869565
9.0,284,7626606,31.555555555555557
33.0,1087,7627693,32.93939393939394
43.0,1438,7629131,33.44186046511628
24.0,678,7629809,28.25
18.0,589,7630398,32.72222222222222
29.0,1029,7631427,35.48275862068966
13.0,378,7631805,29.076923076923077
22.0,680,7632485,30.90909090909091
22.0,738,7633223,33.54545454545455
21.0,631,7633854,30.047619047619047
28.0,792,7634646,28.285714285714285
31.0,935,7635581,30.161290322580644
15.0,478,7636059,31.866666666666667
25.0,668,7636727,26.72
34.0,1110,7637837,32.64705882352941
8.0,329,7638166,41.125
22.0,781,7638947,35.5
8.0,278,7639225,34.75
33.0,949,7640174,28.757575757575758
20.0,626,7640800,31.3
39.0,1308,7642108,33.53846153846154
31.0,993,7643101,32.03225806451613
16.0,438,7643539,27.375
16.0,537,7644076,33.5625
29.0,836,7644912,28.82758620689655
40.0,1155,7646067,28.875
20.0,700,7646767,35.0
17.0,538,7647305,31.647058823529413
21.0,594,7647899,28.285714285714285
27.0,804,7648703,29.77777777777778
39.0,1330,7650033,34.1025641025641
29.0,1012,7651045,34.89655172413793
16.0,468,7651513,29.25
21.0,671,7652184,31.952380952380953
34.0,1029,7653213,30.264705882352942
23.0,764,7653977,33.21739130434783
36.0,1125,7655102,31.25
13.0,473,7655575,36.38461538461539
29.0,823,7656398,28.379310344827587
45.0,1483,7657881,32.955555555555556
23.0,701,7658582,30.47826086956522
1.0,38,7658620,38.0
17.0,540,7659160,31.764705882352942
13.0,326,7659486,25.076923076923077
30.0,958,7660444,31.933333333333334
11.0,426,7660870,38.72727272727273
15.0,514,7661384,34.266666666666666
22.0,763,7662147,34.68181818181818
33.0,1138,7663285,34.484848484848484
16.0,491,7663776,30.6875
34.0,1011,7664787,29.735294117647058
45.0,1590,7666377,35.333333333333336
33.0,1053,7667430,31.90909090909091
21.0,673,7668103,32.04761904761905
8.0,209,7668312,26.125
12.0,321,7668633,26.75
23.0,741,7669374,32.21739130434783
44.0,1467,7670841,33.34090909090909
31.0,1148,7671989,37.03225806451613
42.0,1465,7673454,34.88095238095238
15.0,566,7674020,37.733333333333334
8.0,278,7674298,34.75
12.0,411,7674709,34.25
26.0,848,7675557,32.61538461538461
37.0,1303,7676860,35.21621621621622
25.0,699,7677559,27.96
17.0,499,7678058,29.352941176470587
25.0,878,7678936,35.12
19.0,503,7679439,26.473684210526315
16.0,474,7679913,29.625
24.0,897,7680810,37.375
6.0,208,7681018,34.666666666666664
22.0,737,7681755,33.5
22.0,720,7682475,32.72727272727273
27.0,874,7683349,32.370370370370374
32.0,952,7684301,29.75
22.0,714,7685015,32.45454545454545
19.0,574,7685589,30.210526315789473
14.0,409,7685998,29.214285714285715
19.0,434,7686432,22.842105263157894
21.0,591,7687023,28.142857142857142
16.0,499,7687522,31.1875
17.0,560,7688082,32.94117647058823
19.0,567,7688649,29.842105263157894
30.0,921,7689570,30.7
25.0,718,7690288,28.72
20.0,516,7690804,25.8
17.0,415,7691219,24.41176470588235
35.0,1190,7692409,34.0
16.0,444,7692853,27.75
29.0,830,7693683,28.620689655172413
17.0,389,7694072,22.88235294117647
21.0,643,7694715,30.61904761904762
43.0,1218,7695933,28.325581395348838
30.0,784,7696717,26.133333333333333
16.0,432,7697149,27.0
32.0,1075,7698224,33.59375
8.0,683,7698907,85.375
20.0,579,7699486,28.95
24.0,1202,7700688,50.083333333333336
16.0,532,7701220,33.25
34.0,1053,7702273,30.970588235294116
20.0,581,7702854,29.05
14.0,448,7703302,32.0
1.0,460,7703762,460.0
16.0,557,7704319,34.8125
11.0,400,7704719,36.36363636363637
1.0,478,7705197,478.0
4.0,576,7705773,144.0
3.0,539,7706312,179.66666666666666
25.0,1217,7707529,48.68
16.0,501,7708030,31.3125
5.0,561,7708591,112.2
2.0,501,7709092,250.5
16.0,430,7709522,26.875
3.0,587,7710109,195.66666666666666
31.0,985,7711094,31.774193548387096
9.0,380,7711474,42.22222222222222
15.0,436,7711910,29.066666666666666
6.0,604,7712514,100.66666666666667
35.0,972,7713486,27.771428571428572
5.0,607,7714093,121.4
10.0,533,7714626,53.3
2.0,200,7714826,100.0
7.0,365,7715191,52.142857142857146
8.0,533,7715724,66.625
10.0,466,7716190,46.6
10.0,612,7716802,61.2
7.0,340,7717142,48.57142857142857
17.0,1329,7718471,78.17647058823529
9.0,569,7719040,63.22222222222222
3.0,514,7719554,171.33333333333334
38.0,1268,7720822,33.36842105263158
27.0,777,7721599,28.77777777777778
14.0,335,7721934,23.928571428571427
45.0,1451,7723385,32.24444444444445
41.0,1189,7724574,29.0
22.0,576,7725150,26.181818181818183
3.0,65,7725215,21.666666666666668
33.0,1345,7726560,40.75757575757576
6.0,196,7726756,32.666666666666664
38.0,1399,7728155,36.81578947368421
45.0,1444,7729599,32.08888888888889
37.0,962,7730561,26.0
57.0,1980,7732541,34.73684210526316
42.0,1306,7733847,31.095238095238095
44.0,1213,7735060,27.568181818181817
44.0,1384,7736444,31.454545454545453
16.0,611,7737055,38.1875
42.0,1159,7738214,27.595238095238095
34.0,983,7739197,28.91176470588235
2.0,510,7739707,255.0
34.0,968,7740675,28.470588235294116
36.0,1010,7741685,28.055555555555557
16.0,465,7742150,29.0625
24.0,653,7742803,27.208333333333332
40.0,1046,7743849,26.15
50.0,1550,7745399,31.0
43.0,1243,7746642,28.906976744186046
23.0,928,7747570,40.34782608695652
12.0,405,7747975,33.75
31.0,814,7748789,26.258064516129032
48.0,1502,7750291,31.291666666666668
47.0,1369,7751660,29.127659574468087
43.0,1285,7752945,29.88372093023256
38.0,1212,7754157,31.894736842105264
41.0,1170,7755327,28.536585365853657
35.0,1073,7756400,30.65714285714286
33.0,904,7757304,27.393939393939394
21.0,482,7757786,22.952380952380953
45.0,1308,7759094,29.066666666666666
22.0,610,7759704,27.727272727272727
45.0,1431,7761135,31.8
38.0,1013,7762148,26.657894736842106
26.0,828,7762976,31.846153846153847
15.0,500,7763476,33.333333333333336
22.0,633,7764109,28.772727272727273
37.0,1529,7765638,41.32432432432432
40.0,1077,7766715,26.925
16.0,431,7767146,26.9375
13.0,793,7767939,61.0
34.0,1014,7768953,29.823529411764707
43.0,1390,7770343,32.325581395348834
50.0,1485,7771828,29.7
36.0,1064,7772892,29.555555555555557
37.0,1154,7774046,31.18918918918919
46.0,1415,7775461,30.76086956521739
39.0,1339,7776800,34.333333333333336
44.0,1341,7778141,30.477272727272727
17.0,958,7779099,56.35294117647059
36.0,1125,7780224,31.25
46.0,1348,7781572,29.304347826086957
41.0,1097,7782669,26.75609756097561
30.0,849,7783518,28.3
34.0,997,7784515,29.323529411764707
14.0,351,7784866,25.071428571428573
6.0,186,7785052,31.0
23.0,648,7785700,28.17391304347826
40.0,1176,7786876,29.4
43.0,1356,7788232,31.53488372093023
42.0,1087,7789319,25.88095238095238
31.0,1148,7790467,37.03225806451613
10.0,318,7790785,31.8
40.0,1331,7792116,33.275
35.0,1117,7793233,31.914285714285715
20.0,1260,7794493,63.0
27.0,1194,7795687,44.22222222222222
28.0,829,7796516,29.607142857142858
51.0,1561,7798077,30.607843137254903
39.0,1362,7799439,34.92307692307692
22.0,836,7800275,38.0
12.0,397,7800672,33.083333333333336
40.0,1254,7801926,31.35
25.0,1372,7803298,54.88
23.0,633,7803931,27.52173913043478
17.0,489,7804420,28.764705882352942
28.0,775,7805195,27.678571428571427
24.0,715,7805910,29.791666666666668
39.0,1179,7807089,30.23076923076923
40.0,1167,7808256,29.175
40.0,1150,7809406,28.75
40.0,1069,7810475,26.725
32.0,906,7811381,28.3125
42.0,1414,7812795,33.666666666666664
22.0,710,7813505,32.27272727272727
6.0,172,7813677,28.666666666666668
45.0,1516,7815193,33.68888888888889
41.0,1197,7816390,29.195121951219512
46.0,1471,7817861,31.97826086956522
43.0,1314,7819175,30.558139534883722
47.0,1449,7820624,30.829787234042552
15.0,497,7821121,33.13333333333333
21.0,642,7821763,30.571428571428573
40.0,1271,7823034,31.775
40.0,1309,7824343,32.725
25.0,732,7825075,29.28
27.0,608,7825683,22.51851851851852
10.0,342,7826025,34.2
37.0,1115,7827140,30.135135135135137
19.0,590,7827730,31.05263157894737
35.0,1115,7828845,31.857142857142858
20.0,586,7829431,29.3
37.0,1194,7830625,32.270270270270274
44.0,1102,7831727,25.045454545454547
44.0,1420,7833147,32.27272727272727
37.0,1117,7834264,30.18918918918919
36.0,1166,7835430,32.388888888888886
20.0,482,7835912,24.1
29.0,993,7836905,34.241379310344826
15.0,947,7837852,63.13333333333333
37.0,1103,7838955,29.81081081081081
16.0,564,7839519,35.25
42.0,1357,7840876,32.30952380952381
19.0,547,7841423,28.789473684210527
29.0,780,7842203,26.896551724137932
20.0,491,7842694,24.55
37.0,1131,7843825,30.56756756756757
40.0,1240,7845065,31.0
23.0,618,7845683,26.869565217391305
47.0,1412,7847095,30.04255319148936
38.0,1155,7848250,30.394736842105264
42.0,1154,7849404,27.476190476190474
28.0,863,7850267,30.821428571428573
35.0,1037,7851304,29.62857142857143
21.0,520,7851824,24.761904761904763
34.0,1050,7852874,30.88235294117647
49.0,1442,7854316,29.428571428571427
51.0,1463,7855779,28.686274509803923
36.0,1090,7856869,30.27777777777778
8.0,263,7857132,32.875
38.0,1315,7858447,34.60526315789474
22.0,709,7859156,32.22727272727273
29.0,949,7860105,32.724137931034484
37.0,1157,7861262,31.27027027027027
20.0,572,7861834,28.6
46.0,1473,7863307,32.02173913043478
47.0,1524,7864831,32.42553191489362
33.0,1120,7865951,33.93939393939394
39.0,1157,7867108,29.666666666666668
2.0,57,7867165,28.5
3.0,112,7867277,37.333333333333336
47.0,1693,7868970,36.02127659574468
37.0,1065,7870035,28.783783783783782
11.0,790,7870825,71.81818181818181
4.0,138,7870963,34.5
3.0,558,7871521,186.0
24.0,748,7872269,31.166666666666668
8.0,355,7872624,44.375
9.0,379,7873003,42.111111111111114
6.0,250,7873253,41.666666666666664
5.0,167,7873420,33.4
12.0,513,7873933,42.75
5.0,186,7874119,37.2
6.0,216,7874335,36.0
0.0,441,7874776,inf
4.0,565,7875341,141.25
15.0,550,7875891,36.666666666666664
6.0,191,7876082,31.833333333333332
0.0,441,7876523,inf
4.0,194,7876717,48.5
1.0,475,7877192,475.0
14.0,824,7878016,58.857142857142854
12.0,526,7878542,43.833333333333336
18.0,695,7879237,38.611111111111114
19.0,819,7880056,43.10526315789474
7.0,336,7880392,48.0
0.0,441,7880833,inf
48.0,1650,7882483,34.375
37.0,1002,7883485,27.08108108108108
41.0,1308,7884793,31.902439024390244
26.0,791,7885584,30.423076923076923
44.0,1390,7886974,31.59090909090909
47.0,1578,7888552,33.57446808510638
42.0,1309,7889861,31.166666666666668
10.0,353,7890214,35.3
48.0,1483,7891697,30.895833333333332
37.0,1191,7892888,32.189189189189186
39.0,1159,7894047,29.71794871794872
37.0,1020,7895067,27.56756756756757
43.0,1226,7896293,28.511627906976745
27.0,654,7896947,24.22222222222222
49.0,1391,7898338,28.387755102040817
30.0,884,7899222,29.466666666666665
45.0,1285,7900507,28.555555555555557
34.0,976,7901483,28.705882352941178
45.0,1313,7902796,29.177777777777777
58.0,1711,7904507,29.5
48.0,1480,7905987,30.833333333333332
32.0,959,7906946,29.96875
32.0,833,7907779,26.03125
33.0,934,7908713,28.303030303030305
25.0,690,7909403,27.6
0.0,20,7909423,inf
45.0,1314,7910737,29.2
28.0,786,7911523,28.071428571428573
1.0,36,7911559,36.0
8.0,222,7911781,27.75
19.0,536,7912317,28.210526315789473
3.0,67,7912384,22.333333333333332
17.0,499,7912883,29.352941176470587
19.0,654,7913537,34.421052631578945
56.0,1866,7915403,33.32142857142857
2.0,80,7915483,40.0
34.0,999,7916482,29.38235294117647
0.0,17,7916499,inf
31.0,882,7917381,28.451612903225808
11.0,335,7917716,30.454545454545453
54.0,1657,7919373,30.685185185185187
15.0,424,7919797,28.266666666666666
33.0,863,7920660,26.151515151515152
9.0,263,7920923,29.22222222222222
35.0,909,7921832,25.97142857142857
23.0,647,7922479,28.130434782608695
28.0,793,7923272,28.321428571428573
13.0,355,7923627,27.307692307692307
20.0,531,7924158,26.55
46.0,1229,7925387,26.717391304347824
39.0,1320,7926707,33.84615384615385
27.0,798,7927505,29.555555555555557
38.0,1122,7928627,29.526315789473685
40.0,1166,7929793,29.15
42.0,1061,7930854,25.261904761904763
2.0,91,7930945,45.5
27.0,740,7931685,27.40740740740741
2.0,28,7931713,14.0
54.0,1692,7933405,31.333333333333332
37.0,1121,7934526,30.2972972972973
33.0,868,7935394,26.303030303030305
58.0,1857,7937251,32.01724137931034
39.0,1102,7938353,28.256410256410255
4.0,97,7938450,24.25
10.0,261,7938711,26.1
43.0,1345,7940056,31.27906976744186
22.0,460,7940516,20.90909090909091
33.0,970,7941486,29.393939393939394
57.0,1598,7943084,28.035087719298247
31.0,780,7943864,25.161290322580644
53.0,1548,7945412,29.20754716981132
18.0,502,7945914,27.88888888888889
44.0,1255,7947169,28.522727272727273
42.0,1217,7948386,28.976190476190474
38.0,1239,7949625,32.60526315789474
59.0,1814,7951439,30.74576271186441
45.0,1363,7952802,30.288888888888888
21.0,611,7953413,29.095238095238095
50.0,1347,7954760,26.94
35.0,979,7955739,27.97142857142857
38.0,1218,7956957,32.05263157894737
30.0,849,7957806,28.3
48.0,1377,7959183,28.6875
37.0,1134,7960317,30.64864864864865
42.0,1425,7961742,33.92857142857143
37.0,1193,7962935,32.24324324324324
38.0,1027,7963962,27.026315789473685
14.0,482,7964444,34.42857142857143
2.0,63,7964507,31.5
40.0,1146,7965653,28.65
21.0,538,7966191,25.61904761904762
39.0,1178,7967369,30.205128205128204
40.0,1179,7968548,29.475
19.0,664,7969212,34.94736842105263
25.0,693,7969905,27.72
36.0,996,7970901,27.666666666666668
5.0,182,7971083,36.4
34.0,952,7972035,28.0
53.0,1535,7973570,28.962264150943398
22.0,597,7974167,27.136363636363637
22.0,646,7974813,29.363636363636363
24.0,752,7975565,31.333333333333332
41.0,1226,7976791,29.902439024390244
37.0,1141,7977932,30.83783783783784
13.0,414,7978346,31.846153846153847
31.0,910,7979256,29.35483870967742
51.0,1300,7980556,25.49019607843137
48.0,1486,7982042,30.958333333333332
50.0,1429,7983471,28.58
37.0,946,7984417,25.56756756756757
47.0,1289,7985706,27.425531914893618
3.0,98,7985804,32.666666666666664
23.0,532,7986336,23.130434782608695
32.0,915,7987251,28.59375
40.0,1147,7988398,28.675
52.0,1486,7989884,28.576923076923077
38.0,976,7990860,25.68421052631579
42.0,1111,7991971,26.452380952380953
37.0,1055,7993026,28.513513513513512
36.0,1122,7994148,31.166666666666668
40.0,1221,7995369,30.525
53.0,1595,7996964,30.09433962264151
48.0,1296,7998260,27.0
40.0,1136,7999396,28.4
35.0,1008,8000404,28.8
30.0,875,8001279,29.166666666666668
42.0,1268,8002547,30.19047619047619
53.0,1533,8004080,28.92452830188679
41.0,1115,8005195,27.195121951219512
39.0,1198,8006393,30.71794871794872
42.0,1251,8007644,29.785714285714285
45.0,1335,8008979,29.666666666666668
46.0,1320,8010299,28.695652173913043
57.0,1696,8011995,29.75438596491228
49.0,1405,8013400,28.6734693877551
18.0,480,8013880,26.666666666666668
36.0,1004,8014884,27.88888888888889
19.0,557,8015441,29.31578947368421
50.0,1418,8016859,28.36
46.0,1323,8018182,28.76086956521739
46.0,1223,8019405,26.58695652173913
11.0,311,8019716,28.272727272727273
32.0,937,8020653,29.28125
26.0,651,8021304,25.03846153846154
52.0,1779,8023083,34.21153846153846
24.0,694,8023777,28.916666666666668
16.0,456,8024233,28.5
21.0,615,8024848,29.285714285714285
44.0,1246,8026094,28.318181818181817
42.0,1293,8027387,30.785714285714285
25.0,661,8028048,26.44
52.0,1528,8029576,29.384615384615383
45.0,1324,8030900,29.42222222222222
35.0,906,8031806,25.885714285714286
42.0,1084,8032890,25.80952380952381
39.0,1164,8034054,29.846153846153847
22.0,614,8034668,27.90909090909091
34.0,964,8035632,28.352941176470587
38.0,1081,8036713,28.44736842105263
35.0,876,8037589,25.02857142857143
29.0,815,8038404,28.103448275862068
42.0,1095,8039499,26.071428571428573
38.0,1230,8040729,32.36842105263158
33.0,934,8041663,28.303030303030305
42.0,1180,8042843,28.095238095238095
54.0,1549,8044392,28.685185185185187
60.0,1908,8046300,31.8
22.0,677,8046977,30.772727272727273
40.0,1240,8048217,31.0
39.0,1142,8049359,29.28205128205128
52.0,1533,8050892,29.48076923076923
5.0,114,8051006,22.8
43.0,1308,8052314,30.41860465116279
45.0,1226,8053540,27.244444444444444
42.0,1093,8054633,26.023809523809526
38.0,1126,8055759,29.63157894736842
58.0,1745,8057504,30.086206896551722
49.0,1445,8058949,29.489795918367346
42.0,1167,8060116,27.785714285714285
19.0,580,8060696,30.526315789473685
39.0,1209,8061905,31.0
61.0,1811,8063716,29.688524590163933
46.0,1348,8065064,29.304347826086957
14.0,356,8065420,25.428571428571427
38.0,1214,8066634,31.94736842105263
56.0,1629,8068263,29.089285714285715
40.0,1169,8069432,29.225
1.0,53,8069485,53.0
32.0,896,8070381,28.0
51.0,1460,8071841,28.627450980392158
38.0,1100,8072941,28.94736842105263
36.0,1151,8074092,31.97222222222222
26.0,842,8074934,32.38461538461539
43.0,1169,8076103,27.186046511627907
33.0,942,8077045,28.545454545454547
14.0,368,8077413,26.285714285714285
53.0,1454,8078867,27.433962264150942
1.0,57,8078924,57.0
59.0,1838,8080762,31.152542372881356
44.0,1228,8081990,27.90909090909091
32.0,826,8082816,25.8125
37.0,1052,8083868,28.43243243243243
53.0,1621,8085489,30.58490566037736
5.0,173,8085662,34.6
42.0,1141,8086803,27.166666666666668
35.0,1060,8087863,30.285714285714285
47.0,1448,8089311,30.80851063829787
29.0,913,8090224,31.482758620689655
38.0,1008,8091232,26.526315789473685
17.0,519,8091751,30.529411764705884
15.0,429,8092180,28.6
69.0,2018,8094198,29.246376811594203
44.0,1402,8095600,31.863636363636363
40.0,1149,8096749,28.725
35.0,1032,8097781,29.485714285714284
28.0,745,8098526,26.607142857142858
16.0,432,8098958,27.0
45.0,1263,8100221,28.066666666666666
43.0,1433,8101654,33.325581395348834
38.0,1122,8102776,29.526315789473685
37.0,1162,8103938,31.405405405405407
52.0,1600,8105538,30.76923076923077
39.0,1176,8106714,30.153846153846153
49.0,1440,8108154,29.387755102040817
23.0,639,8108793,27.782608695652176
39.0,1080,8109873,27.692307692307693
62.0,2002,8111875,32.29032258064516
41.0,1290,8113165,31.463414634146343
42.0,1317,8114482,31.357142857142858
35.0,1158,8115640,33.08571428571429
62.0,1863,8117503,30.048387096774192
32.0,875,8118378,27.34375
45.0,1356,8119734,30.133333333333333
44.0,1363,8121097,30.977272727272727
39.0,1189,8122286,30.487179487179485
27.0,831,8123117,30.77777777777778
5.0,195,8123312,39.0
32.0,913,8124225,28.53125
49.0,1521,8125746,31.040816326530614
28.0,801,8126547,28.607142857142858
21.0,613,8127160,29.19047619047619
6.0,214,8127374,35.666666666666664
43.0,1169,8128543,27.186046511627907
34.0,932,8129475,27.41176470588235
41.0,1020,8130495,24.878048780487806
42.0,1381,8131876,32.88095238095238
37.0,1175,8133051,31.756756756756758
33.0,1033,8134084,31.303030303030305
3.0,133,8134217,44.333333333333336
24.0,686,8134903,28.583333333333332
58.0,1799,8136702,31.017241379310345
49.0,1561,8138263,31.857142857142858
39.0,1114,8139377,28.564102564102566
20.0,541,8139918,27.05
55.0,1581,8141499,28.745454545454546
36.0,1023,8142522,28.416666666666668
45.0,1187,8143709,26.377777777777776
15.0,384,8144093,25.6
45.0,1411,8145504,31.355555555555554
49.0,1444,8146948,29.46938775510204
35.0,1053,8148001,30.085714285714285
29.0,669,8148670,23.06896551724138
26.0,707,8149377,27.192307692307693
26.0,746,8150123,28.692307692307693
34.0,945,8151068,27.794117647058822
59.0,1770,8152838,30.0
42.0,1339,8154177,31.88095238095238
40.0,1161,8155338,29.025
9.0,283,8155621,31.444444444444443
34.0,1010,8156631,29.705882352941178
38.0,1137,8157768,29.92105263157895
49.0,1344,8159112,27.428571428571427
26.0,780,8159892,30.0
31.0,955,8160847,30.806451612903224
48.0,1303,8162150,27.145833333333332
18.0,494,8162644,27.444444444444443
47.0,1388,8164032,29.53191489361702
49.0,1471,8165503,30.020408163265305
33.0,1053,8166556,31.90909090909091
46.0,1364,8167920,29.652173913043477
47.0,1441,8169361,30.659574468085108
33.0,1034,8170395,31.333333333333332
10.0,320,8170715,32.0
27.0,819,8171534,30.333333333333332
47.0,1327,8172861,28.23404255319149
41.0,1079,8173940,26.317073170731707
9.0,213,8174153,23.666666666666668
45.0,1412,8175565,31.377777777777776
31.0,997,8176562,32.16129032258065
16.0,372,8176934,23.25
48.0,1397,8178331,29.104166666666668
46.0,1268,8179599,27.565217391304348
36.0,977,8180576,27.13888888888889
31.0,978,8181554,31.548387096774192
38.0,1004,8182558,26.42105263157895
39.0,1025,8183583,26.28205128205128
58.0,1744,8185327,30.06896551724138
25.0,764,8186091,30.56
48.0,1509,8187600,31.4375
47.0,1349,8188949,28.70212765957447
32.0,911,8189860,28.46875
59.0,1889,8191749,32.016949152542374
10.0,286,8192035,28.6
10.0,360,8192395,36.0
19.0,525,8192920,27.63157894736842
47.0,1303,8194223,27.72340425531915
37.0,1066,8195289,28.81081081081081
46.0,1367,8196656,29.717391304347824
48.0,1282,8197938,26.708333333333332
46.0,1338,8199276,29.08695652173913
41.0,1099,8200375,26.804878048780488
38.0,1023,8201398,26.92105263157895
47.0,1412,8202810,30.04255319148936
52.0,1702,8204512,32.73076923076923
53.0,1549,8206061,29.22641509433962
44.0,1273,8207334,28.931818181818183
49.0,1353,8208687,27.612244897959183
25.0,720,8209407,28.8
37.0,1117,8210524,30.18918918918919
3.0,94,8210618,31.333333333333332
47.0,1435,8212053,30.53191489361702
42.0,1143,8213196,27.214285714285715
50.0,1637,8214833,32.74
45.0,1314,8216147,29.2
46.0,1289,8217436,28.02173913043478
14.0,447,8217883,31.928571428571427
12.0,383,8218266,31.916666666666668
31.0,864,8219130,27.870967741935484
17.0,577,8219707,33.94117647058823
23.0,727,8220434,31.608695652173914
40.0,1193,8221627,29.825
13.0,395,8222022,30.384615384615383
54.0,1579,8223601,29.24074074074074
42.0,1139,8224740,27.11904761904762
32.0,796,8225536,24.875
39.0,1176,8226712,30.153846153846153
39.0,1241,8227953,31.82051282051282
37.0,1217,8229170,32.891891891891895
27.0,698,8229868,25.85185185185185
5.0,129,8229997,25.8
43.0,1194,8231191,27.767441860465116
7.0,189,8231380,27.0
43.0,1158,8232538,26.930232558139537
35.0,1174,8233712,33.542857142857144
54.0,1577,8235289,29.203703703703702
42.0,1338,8236627,31.857142857142858
49.0,1594,8238221,32.53061224489796
39.0,1597,8239818,40.94871794871795
50.0,2077,8241895,41.54
52.0,1770,8243665,34.03846153846154
39.0,1381,8245046,35.41025641025641
47.0,2010,8247056,42.765957446808514
38.0,1319,8248375,34.71052631578947
13.0,521,8248896,40.07692307692308
40.0,1435,8250331,35.875
26.0,800,8251131,30.76923076923077
37.0,1256,8252387,33.945945945945944
4.0,223,8252610,55.75
49.0,1938,8254548,39.55102040816327
40.0,1696,8256244,42.4
58.0,2272,8258516,39.172413793103445
58.0,2115,8260631,36.46551724137931
21.0,851,8261482,40.523809523809526
31.0,1430,8262912,46.12903225806452
13.0,323,8263235,24.846153846153847
61.0,1987,8265222,32.57377049180328
30.0,1036,8266258,34.53333333333333
40.0,1283,8267541,32.075
34.0,899,8268440,26.441176470588236
48.0,1367,8269807,28.479166666666668
46.0,1216,8271023,26.434782608695652
8.0,229,8271252,28.625
51.0,1459,8272711,28.607843137254903
49.0,1395,8274106,28.46938775510204
54.0,1583,8275689,29.314814814814813
36.0,1065,8276754,29.583333333333332
37.0,1044,8277798,28.216216216216218
53.0,1661,8279459,31.339622641509433
41.0,1124,8280583,27.414634146341463
44.0,1079,8281662,24.522727272727273
52.0,1483,8283145,28.51923076923077
27.0,720,8283865,26.666666666666668
33.0,770,8284635,23.333333333333332
36.0,1092,8285727,30.333333333333332
36.0,971,8286698,26.97222222222222
2.0,58,8286756,29.0
29.0,889,8287645,30.655172413793103
42.0,1123,8288768,26.738095238095237
40.0,1096,8289864,27.4
55.0,1531,8291395,27.836363636363636
38.0,1111,8292506,29.236842105263158
47.0,1380,8293886,29.361702127659573
35.0,1015,8294901,29.0
56.0,1547,8296448,27.625
44.0,1391,8297839,31.613636363636363
45.0,1437,8299276,31.933333333333334
51.0,1400,8300676,27.45098039215686
45.0,1387,8302063,30.822222222222223
22.0,739,8302802,33.59090909090909
54.0,1658,8304460,30.703703703703702
26.0,765,8305225,29.423076923076923
23.0,615,8305840,26.73913043478261
54.0,1717,8307557,31.796296296296298
39.0,1102,8308659,28.256410256410255
39.0,1123,8309782,28.794871794871796
40.0,1242,8311024,31.05
56.0,1764,8312788,31.5
46.0,1355,8314143,29.456521739130434
56.0,1513,8315656,27.017857142857142
19.0,489,8316145,25.736842105263158
45.0,1486,8317631,33.022222222222226
46.0,1239,8318870,26.934782608695652
55.0,1678,8320548,30.509090909090908
42.0,1365,8321913,32.5
50.0,1330,8323243,26.6
18.0,536,8323779,29.77777777777778
24.0,769,8324548,32.041666666666664
41.0,1304,8325852,31.804878048780488
48.0,1432,8327284,29.833333333333332
44.0,1215,8328499,27.613636363636363
60.0,1832,8330331,30.533333333333335
37.0,1105,8331436,29.864864864864863
37.0,983,8332419,26.56756756756757
51.0,1431,8333850,28.058823529411764
44.0,1112,8334962,25.272727272727273
26.0,744,8335706,28.615384615384617
52.0,1435,8337141,27.596153846153847
26.0,695,8337836,26.73076923076923
47.0,1398,8339234,29.74468085106383
9.0,261,8339495,29.0
10.0,286,8339781,28.6
18.0,500,8340281,27.77777777777778
29.0,733,8341014,25.275862068965516
49.0,1541,8342555,31.448979591836736
42.0,1200,8343755,28.571428571428573
48.0,1503,8345258,31.3125
29.0,874,8346132,30.137931034482758
8.0,230,8346362,28.75
15.0,461,8346823,30.733333333333334
6.0,163,8346986,27.166666666666668
48.0,1415,8348401,29.479166666666668
34.0,1010,8349411,29.705882352941178
4.0,125,8349536,31.25
31.0,899,8350435,29.0
23.0,640,8351075,27.82608695652174
43.0,1077,8352152,25.046511627906977
44.0,1343,8353495,30.522727272727273
51.0,1487,8354982,29.15686274509804
14.0,356,8355338,25.428571428571427
43.0,1150,8356488,26.74418604651163
31.0,907,8357395,29.258064516129032
34.0,938,8358333,27.58823529411765
2.0,72,8358405,36.0
37.0,1074,8359479,29.027027027027028
34.0,1020,8360499,30.0
22.0,647,8361146,29.40909090909091
52.0,1576,8362722,30.307692307692307
55.0,1746,8364468,31.745454545454546
37.0,1031,8365499,27.864864864864863
4.0,169,8365668,42.25
14.0,406,8366074,29.0
44.0,1258,8367332,28.59090909090909
40.0,1037,8368369,25.925
38.0,867,8369236,22.81578947368421
53.0,1454,8370690,27.433962264150942
37.0,1248,8371938,33.729729729729726
53.0,1531,8373469,28.88679245283019
42.0,1096,8374565,26.095238095238095
42.0,1306,8375871,31.095238095238095
34.0,997,8376868,29.323529411764707
40.0,1222,8378090,30.55
40.0,1167,8379257,29.175
45.0,1256,8380513,27.91111111111111
48.0,1392,8381905,29.0
22.0,560,8382465,25.454545454545453
38.0,957,8383422,25.18421052631579
38.0,1066,8384488,28.05263157894737
37.0,1103,8385591,29.81081081081081
44.0,1215,8386806,27.613636363636363
38.0,1054,8387860,27.736842105263158
47.0,1457,8389317,31.0
35.0,880,8390197,25.142857142857142
26.0,868,8391065,33.38461538461539
43.0,1298,8392363,30.186046511627907
26.0,887,8393250,34.11538461538461
44.0,1359,8394609,30.886363636363637
31.0,657,8395266,21.193548387096776
27.0,722,8395988,26.74074074074074
51.0,1550,8397538,30.392156862745097
28.0,732,8398270,26.142857142857142
6.0,118,8398388,19.666666666666668
39.0,1165,8399553,29.871794871794872
27.0,551,8400104,20.40740740740741
15.0,424,8400528,28.266666666666666
20.0,601,8401129,30.05
9.0,241,8401370,26.77777777777778
21.0,593,8401963,28.238095238095237
38.0,1042,8403005,27.42105263157895
23.0,469,8403474,20.391304347826086
6.0,94,8403568,15.666666666666666
18.0,497,8404065,27.61111111111111
1.0,38,8404103,38.0
19.0,540,8404643,28.42105263157895
5.0,160,8404803,32.0
41.0,1041,8405844,25.390243902439025
11.0,815,8406659,74.0909090909091
53.0,1381,8408040,26.056603773584907
32.0,915,8408955,28.59375
13.0,232,8409187,17.846153846153847
24.0,549,8409736,22.875
39.0,1051,8410787,26.94871794871795
49.0,1491,8412278,30.428571428571427
43.0,1110,8413388,25.813953488372093
22.0,514,8413902,23.363636363636363
36.0,785,8414687,21.805555555555557
30.0,775,8415462,25.833333333333332
30.0,782,8416244,26.066666666666666
40.0,1154,8417398,28.85
22.0,609,8418007,27.681818181818183
39.0,1135,8419142,29.102564102564102
12.0,365,8419507,30.416666666666668
33.0,834,8420341,25.272727272727273
22.0,511,8420852,23.227272727272727
37.0,1005,8421857,27.16216216216216
46.0,1222,8423079,26.565217391304348
29.0,662,8423741,22.82758620689655
26.0,675,8424416,25.96153846153846
33.0,905,8425321,27.424242424242426
25.0,755,8426076,30.2
34.0,765,8426841,22.5
27.0,809,8427650,29.962962962962962
12.0,283,8427933,23.583333333333332
37.0,1008,8428941,27.243243243243242
37.0,886,8429827,23.945945945945947
19.0,459,8430286,24.157894736842106
56.0,1554,8431840,27.75
30.0,750,8432590,25.0
23.0,663,8433253,28.82608695652174
50.0,1429,8434682,28.58
43.0,1152,8435834,26.790697674418606
37.0,972,8436806,26.27027027027027
43.0,1241,8438047,28.86046511627907
23.0,614,8438661,26.695652173913043
23.0,683,8439344,29.695652173913043
30.0,689,8440033,22.966666666666665
41.0,1136,8441169,27.70731707317073
16.0,317,8441486,19.8125
37.0,1041,8442527,28.135135135135137
45.0,1148,8443675,25.511111111111113
34.0,806,8444481,23.705882352941178
17.0,529,8445010,31.11764705882353
41.0,1168,8446178,28.48780487804878
44.0,1260,8447438,28.636363636363637
29.0,682,8448120,23.517241379310345
41.0,1142,8449262,27.853658536585368
10.0,181,8449443,18.1
44.0,1165,8450608,26.477272727272727
38.0,1110,8451718,29.210526315789473
23.0,581,8452299,25.26086956521739
12.0,305,8452604,25.416666666666668
49.0,1494,8454098,30.489795918367346
23.0,587,8454685,25.52173913043478
25.0,572,8455257,22.88
18.0,516,8455773,28.666666666666668
29.0,812,8456585,28.0
19.0,399,8456984,21.0
43.0,1113,8458097,25.88372093023256
45.0,1168,8459265,25.955555555555556
6.0,160,8459425,26.666666666666668
38.0,1088,8460513,28.63157894736842
19.0,378,8460891,19.894736842105264
34.0,888,8461779,26.11764705882353
13.0,361,8462140,27.76923076923077
20.0,635,8462775,31.75
47.0,1331,8464106,28.319148936170212
62.0,1783,8465889,28.758064516129032
8.0,173,8466062,21.625
37.0,1094,8467156,29.56756756756757
56.0,1490,8468646,26.607142857142858
15.0,396,8469042,26.4
39.0,842,8469884,21.58974358974359
47.0,1373,8471257,29.21276595744681
60.0,1789,8473046,29.816666666666666
29.0,725,8473771,25.0
41.0,1159,8474930,28.26829268292683
44.0,1246,8476176,28.318181818181817
30.0,761,8476937,25.366666666666667
46.0,1355,8478292,29.456521739130434
19.0,483,8478775,25.42105263157895
27.0,838,8479613,31.037037037037038
44.0,1306,8480919,29.681818181818183
47.0,1333,8482252,28.361702127659573
28.0,586,8482838,20.928571428571427
38.0,874,8483712,23.0
1.0,35,8483747,35.0
49.0,1577,8485324,32.183673469387756
42.0,1029,8486353,24.5
27.0,739,8487092,27.37037037037037
40.0,1087,8488179,27.175
33.0,888,8489067,26.90909090909091
15.0,428,8489495,28.533333333333335
28.0,666,8490161,23.785714285714285
7.0,193,8490354,27.571428571428573
50.0,1445,8491799,28.9
40.0,1050,8492849,26.25
29.0,667,8493516,23.0
49.0,1321,8494837,26.959183673469386
39.0,1181,8496018,30.28205128205128
41.0,1042,8497060,25.414634146341463
23.0,633,8497693,27.52173913043478
22.0,574,8498267,26.09090909090909
32.0,828,8499095,25.875
44.0,1047,8500142,23.795454545454547
14.0,447,8500589,31.928571428571427
16.0,430,8501019,26.875
39.0,1053,8502072,27.0
40.0,993,8503065,24.825
50.0,1444,8504509,28.88
39.0,1050,8505559,26.923076923076923
23.0,806,8506365,35.04347826086956
34.0,928,8507293,27.294117647058822
43.0,1164,8508457,27.069767441860463
17.0,503,8508960,29.58823529411765
47.0,1383,8510343,29.425531914893618
38.0,994,8511337,26.157894736842106
25.0,792,8512129,31.68
48.0,1205,8513334,25.104166666666668
31.0,764,8514098,24.64516129032258
41.0,1218,8515316,29.70731707317073
41.0,1103,8516419,26.902439024390244
29.0,715,8517134,24.655172413793103
13.0,327,8517461,25.153846153846153
8.0,231,8517692,28.875
56.0,1647,8519339,29.410714285714285
18.0,472,8519811,26.22222222222222
41.0,1007,8520818,24.5609756097561
22.0,724,8521542,32.90909090909091
37.0,829,8522371,22.405405405405407
42.0,1303,8523674,31.023809523809526
17.0,528,8524202,31.058823529411764
46.0,1334,8525536,29.0
24.0,806,8526342,33.583333333333336
53.0,1472,8527814,27.77358490566038
26.0,700,8528514,26.923076923076923
32.0,1021,8529535,31.90625
44.0,1221,8530756,27.75
36.0,932,8531688,25.88888888888889
13.0,290,8531978,22.307692307692307
25.0,712,8532690,28.48
26.0,711,8533401,27.346153846153847
42.0,1351,8534752,32.166666666666664
42.0,1198,8535950,28.523809523809526
42.0,1176,8537126,28.0
19.0,466,8537592,24.526315789473685
44.0,1150,8538742,26.136363636363637
7.0,194,8538936,27.714285714285715
40.0,1128,8540064,28.2
40.0,971,8541035,24.275
48.0,1175,8542210,24.479166666666668
25.0,692,8542902,27.68
39.0,1095,8543997,28.076923076923077
25.0,638,8544635,25.52
40.0,1105,8545740,27.625
48.0,1269,8547009,26.4375
60.0,1865,8548874,31.083333333333332
47.0,1238,8550112,26.340425531914892
51.0,1440,8551552,28.235294117647058
43.0,1182,8552734,27.488372093023255
28.0,664,8553398,23.714285714285715
34.0,932,8554330,27.41176470588235
20.0,553,8554883,27.65
50.0,1326,8556209,26.52
28.0,621,8556830,22.178571428571427
30.0,825,8557655,27.5
59.0,1881,8559536,31.88135593220339
32.0,894,8560430,27.9375
14.0,315,8560745,22.5
34.0,746,8561491,21.941176470588236
38.0,989,8562480,26.026315789473685
19.0,427,8562907,22.473684210526315
32.0,966,8563873,30.1875
55.0,1387,8565260,25.21818181818182
28.0,833,8566093,29.75
43.0,1193,8567286,27.74418604651163
30.0,677,8567963,22.566666666666666
38.0,974,8568937,25.63157894736842
34.0,981,8569918,28.852941176470587
45.0,1131,8571049,25.133333333333333
39.0,1167,8572216,29.923076923076923
28.0,855,8573071,30.535714285714285
15.0,429,8573500,28.6
16.0,518,8574018,32.375
34.0,824,8574842,24.235294117647058
37.0,962,8575804,26.0
28.0,733,8576537,26.178571428571427
50.0,1314,8577851,26.28
44.0,1075,8578926,24.431818181818183
7.0,159,8579085,22.714285714285715
22.0,593,8579678,26.954545454545453
41.0,1143,8580821,27.878048780487806
27.0,703,8581524,26.037037037037038
19.0,559,8582083,29.42105263157895
24.0,580,8582663,24.166666666666668
22.0,521,8583184,23.681818181818183
19.0,593,8583777,31.210526315789473
29.0,785,8584562,27.06896551724138
40.0,1063,8585625,26.575
18.0,380,8586005,21.11111111111111
33.0,885,8586890,26.818181818181817
16.0,496,8587386,31.0
23.0,744,8588130,32.34782608695652
33.0,916,8589046,27.757575757575758
29.0,706,8589752,24.344827586206897
33.0,844,8590596,25.575757575757574
44.0,1094,8591690,24.863636363636363
34.0,905,8592595,26.61764705882353
35.0,995,8593590,28.428571428571427
53.0,1362,8594952,25.69811320754717
38.0,1167,8596119,30.710526315789473
47.0,1334,8597453,28.382978723404257
11.0,262,8597715,23.818181818181817
36.0,943,8598658,26.194444444444443
22.0,483,8599141,21.954545454545453
37.0,986,8600127,26.64864864864865
29.0,782,8600909,26.96551724137931
33.0,887,8601796,26.87878787878788
26.0,676,8602472,26.0
13.0,470,8602942,36.15384615384615
10.0,292,8603234,29.2
25.0,617,8603851,24.68
43.0,1212,8605063,28.186046511627907
24.0,670,8605733,27.916666666666668
43.0,1138,8606871,26.46511627906977
24.0,584,8607455,24.333333333333332
21.0,542,8607997,25.80952380952381
17.0,384,8608381,22.58823529411765
52.0,1407,8609788,27.057692307692307
53.0,1607,8611395,30.32075471698113
53.0,1519,8612914,28.660377358490567
34.0,691,8613605,20.323529411764707
42.0,1167,8614772,27.785714285714285
16.0,389,8615161,24.3125
30.0,802,8615963,26.733333333333334
3.0,549,8616512,183.0
43.0,916,8617428,21.302325581395348
27.0,609,8618037,22.555555555555557
35.0,876,8618913,25.02857142857143
40.0,1085,8619998,27.125
10.0,271,8620269,27.1
35.0,1076,8621345,30.742857142857144
21.0,578,8621923,27.523809523809526
16.0,341,8622264,21.3125
48.0,1497,8623761,31.1875
36.0,1167,8624928,32.416666666666664
54.0,1578,8626506,29.22222222222222
45.0,1199,8627705,26.644444444444446
34.0,1043,8628748,30.676470588235293
31.0,868,8629616,28.0
12.0,305,8629921,25.416666666666668
22.0,521,8630442,23.681818181818183
39.0,989,8631431,25.358974358974358
3.0,85,8631516,28.333333333333332
49.0,1427,8632943,29.122448979591837
23.0,585,8633528,25.434782608695652
41.0,1083,8634611,26.414634146341463
23.0,666,8635277,28.956521739130434
45.0,1191,8636468,26.466666666666665
22.0,679,8637147,30.863636363636363
8.0,216,8637363,27.0
18.0,462,8637825,25.666666666666668
34.0,954,8638779,28.058823529411764
36.0,899,8639678,24.97222222222222
34.0,791,8640469,23.264705882352942
41.0,1148,8641617,28.0
14.0,428,8642045,30.571428571428573
11.0,205,8642250,18.636363636363637
28.0,821,8643071,29.321428571428573
29.0,813,8643884,28.03448275862069
35.0,954,8644838,27.257142857142856
18.0,502,8645340,27.88888888888889
34.0,805,8646145,23.676470588235293
10.0,298,8646443,29.8
47.0,1186,8647629,25.23404255319149
37.0,920,8648549,24.864864864864863
44.0,1220,8649769,27.727272727272727
39.0,1033,8650802,26.487179487179485
31.0,848,8651650,27.35483870967742
7.0,168,8651818,24.0
21.0,529,8652347,25.19047619047619
18.0,475,8652822,26.38888888888889
36.0,1019,8653841,28.305555555555557
47.0,1138,8654979,24.21276595744681
42.0,1184,8656163,28.19047619047619
18.0,472,8656635,26.22222222222222
16.0,493,8657128,30.8125
41.0,1141,8658269,27.829268292682926
50.0,1416,8659685,28.32
36.0,852,8660537,23.666666666666668
46.0,1413,8661950,30.717391304347824
15.0,492,8662442,32.8
27.0,660,8663102,24.444444444444443
43.0,1202,8664304,27.953488372093023
22.0,435,8664739,19.772727272727273
18.0,475,8665214,26.38888888888889
30.0,680,8665894,22.666666666666668
36.0,935,8666829,25.97222222222222
42.0,1127,8667956,26.833333333333332
34.0,797,8668753,23.441176470588236
51.0,1375,8670128,26.96078431372549
39.0,881,8671009,22.58974358974359
15.0,340,8671349,22.666666666666668
19.0,397,8671746,20.894736842105264
39.0,800,8672546,20.512820512820515
37.0,963,8673509,26.027027027027028
25.0,610,8674119,24.4
41.0,1080,8675199,26.341463414634145
44.0,1137,8676336,25.84090909090909
55.0,1600,8677936,29.09090909090909
40.0,1013,8678949,25.325
48.0,1185,8680134,24.6875
26.0,775,8680909,29.807692307692307
6.0,196,8681105,32.666666666666664
15.0,385,8681490,25.666666666666668
31.0,644,8682134,20.774193548387096
25.0,685,8682819,27.4
40.0,1013,8683832,25.325
7.0,187,8684019,26.714285714285715
49.0,1348,8685367,27.510204081632654
6.0,111,8685478,18.5
27.0,693,8686171,25.666666666666668
35.0,835,8687006,23.857142857142858
24.0,508,8687514,21.166666666666668
25.0,537,8688051,21.48
21.0,495,8688546,23.571428571428573
31.0,820,8689366,26.451612903225808
44.0,1199,8690565,27.25
38.0,1010,8691575,26.57894736842105
21.0,448,8692023,21.333333333333332
48.0,1121,8693144,23.354166666666668
34.0,864,8694008,25.41176470588235
0.0,21,8694029,inf
38.0,991,8695020,26.07894736842105
37.0,884,8695904,23.89189189189189
30.0,690,8696594,23.0
2.0,485,8697079,242.5
55.0,1400,8698479,25.454545454545453
43.0,909,8699388,21.13953488372093
40.0,986,8700374,24.65
28.0,601,8700975,21.464285714285715
49.0,1124,8702099,22.93877551020408
11.0,697,8702796,63.36363636363637
39.0,926,8703722,23.743589743589745
48.0,1282,8705004,26.708333333333332
42.0,822,8705826,19.571428571428573
39.0,860,8706686,22.05128205128205
17.0,429,8707115,25.235294117647058
50.0,1234,8708349,24.68
48.0,1130,8709479,23.541666666666668
13.0,330,8709809,25.384615384615383
13.0,284,8710093,21.846153846153847
41.0,1130,8711223,27.5609756097561
31.0,724,8711947,23.35483870967742
45.0,973,8712920,21.622222222222224
32.0,665,8713585,20.78125
39.0,862,8714447,22.102564102564102
23.0,587,8715034,25.52173913043478
38.0,940,8715974,24.736842105263158
27.0,598,8716572,22.14814814814815
42.0,1159,8717731,27.595238095238095
28.0,735,8718466,26.25
50.0,1203,8719669,24.06
13.0,314,8719983,24.153846153846153
43.0,1157,8721140,26.906976744186046
33.0,737,8721877,22.333333333333332
39.0,886,8722763,22.71794871794872
37.0,916,8723679,24.756756756756758
35.0,874,8724553,24.97142857142857
21.0,489,8725042,23.285714285714285
46.0,1154,8726196,25.08695652173913
10.0,667,8726863,66.7
25.0,617,8727480,24.68
43.0,1032,8728512,24.0
23.0,631,8729143,27.434782608695652
12.0,217,8729360,18.083333333333332
38.0,866,8730226,22.789473684210527
39.0,1004,8731230,25.743589743589745
31.0,872,8732102,28.129032258064516
27.0,705,8732807,26.11111111111111
28.0,673,8733480,24.035714285714285
30.0,740,8734220,24.666666666666668
37.0,905,8735125,24.45945945945946
36.0,927,8736052,25.75
40.0,993,8737045,24.825
23.0,586,8737631,25.47826086956522
52.0,1394,8739025,26.807692307692307
28.0,747,8739772,26.678571428571427
42.0,1062,8740834,25.285714285714285
21.0,473,8741307,22.523809523809526
46.0,1169,8742476,25.41304347826087
36.0,914,8743390,25.38888888888889
26.0,645,8744035,24.807692307692307
13.0,281,8744316,21.615384615384617
11.0,281,8744597,25.545454545454547
24.0,590,8745187,24.583333333333332
19.0,494,8745681,26.0
16.0,410,8746091,25.625
31.0,751,8746842,24.225806451612904
22.0,493,8747335,22.40909090909091
38.0,964,8748299,25.36842105263158
48.0,1108,8749407,23.083333333333332
12.0,320,8749727,26.666666666666668
44.0,994,8750721,22.59090909090909
41.0,873,8751594,21.29268292682927
2.0,44,8751638,22.0
4.0,80,8751718,20.0
41.0,914,8752632,22.29268292682927
44.0,1014,8753646,23.045454545454547
26.0,574,8754220,22.076923076923077
40.0,1000,8755220,25.0
30.0,651,8755871,21.7
35.0,857,8756728,24.485714285714284
53.0,1225,8757953,23.11320754716981
16.0,383,8758336,23.9375
36.0,907,8759243,25.194444444444443
38.0,909,8760152,23.92105263157895
35.0,875,8761027,25.0
41.0,1078,8762105,26.29268292682927
37.0,915,8763020,24.72972972972973
29.0,790,8763810,27.24137931034483
35.0,854,8764664,24.4
23.0,472,8765136,20.52173913043478
22.0,501,8765637,22.772727272727273
26.0,575,8766212,22.115384615384617
41.0,1158,8767370,28.24390243902439
59.0,1367,8768737,23.16949152542373
24.0,557,8769294,23.208333333333332
27.0,586,8769880,21.703703703703702
35.0,849,8770729,24.257142857142856
14.0,395,8771124,28.214285714285715
44.0,1022,8772146,23.227272727272727
20.0,369,8772515,18.45
41.0,1018,8773533,24.829268292682926
26.0,819,8774352,31.5
36.0,864,8775216,24.0
51.0,1282,8776498,25.137254901960784
27.0,654,8777152,24.22222222222222
53.0,1260,8778412,23.77358490566038
32.0,908,8779320,28.375
49.0,1466,8780786,29.918367346938776
38.0,993,8781779,26.13157894736842
34.0,870,8782649,25.58823529411765
23.0,572,8783221,24.869565217391305
8.0,173,8783394,21.625
6.0,180,8783574,30.0
28.0,656,8784230,23.428571428571427
35.0,733,8784963,20.942857142857143
19.0,543,8785506,28.57894736842105
1.0,35,8785541,35.0
20.0,463,8786004,23.15
32.0,733,8786737,22.90625
4.0,128,8786865,32.0
24.0,484,8787349,20.166666666666668
5.0,154,8787503,30.8
6.0,171,8787674,28.5
2.0,95,8787769,47.5
20.0,429,8788198,21.45
8.0,223,8788421,27.875
11.0,199,8788620,18.09090909090909
16.0,388,8789008,24.25
11.0,279,8789287,25.363636363636363
8.0,214,8789501,26.75
15.0,406,8789907,27.066666666666666
35.0,799,8790706,22.82857142857143
31.0,733,8791439,23.64516129032258
30.0,672,8792111,22.4
38.0,701,8792812,18.44736842105263
7.0,211,8793023,30.142857142857142
51.0,1134,8794157,22.235294117647058
33.0,739,8794896,22.393939393939394
24.0,502,8795398,20.916666666666668
15.0,390,8795788,26.0
7.0,155,8795943,22.142857142857142
22.0,539,8796482,24.5
30.0,666,8797148,22.2
24.0,599,8797747,24.958333333333332
41.0,970,8798717,23.658536585365855
16.0,367,8799084,22.9375
30.0,817,8799901,27.233333333333334
21.0,473,8800374,22.523809523809526
26.0,675,8801049,25.96153846153846
51.0,1441,8802490,28.254901960784313
27.0,583,8803073,21.59259259259259
13.0,298,8803371,22.923076923076923
34.0,986,8804357,29.0
46.0,1175,8805532,25.543478260869566
38.0,916,8806448,24.105263157894736
40.0,1046,8807494,26.15
11.0,260,8807754,23.636363636363637
16.0,313,8808067,19.5625
36.0,772,8808839,21.444444444444443
45.0,1177,8810016,26.155555555555555
53.0,1354,8811370,25.547169811320753
51.0,1412,8812782,27.686274509803923
41.0,1063,8813845,25.926829268292682
21.0,490,8814335,23.333333333333332
46.0,1099,8815434,23.891304347826086
22.0,509,8815943,23.136363636363637
47.0,1183,8817126,25.170212765957448
40.0,894,8818020,22.35
21.0,420,8818440,20.0
0.0,27,8818467,inf
22.0,591,8819058,26.863636363636363
25.0,470,8819528,18.8
35.0,839,8820367,23.97142857142857
20.0,589,8820956,29.45
40.0,983,8821939,24.575
32.0,710,8822649,22.1875
10.0,151,8822800,15.1
42.0,1109,8823909,26.404761904761905
32.0,802,8824711,25.0625
36.0,833,8825544,23.13888888888889
13.0,244,8825788,18.76923076923077
32.0,856,8826644,26.75
34.0,821,8827465,24.147058823529413
23.0,524,8827989,22.782608695652176
41.0,962,8828951,23.463414634146343
19.0,402,8829353,21.157894736842106
40.0,915,8830268,22.875
29.0,614,8830882,21.17241379310345
41.0,1041,8831923,25.390243902439025
24.0,597,8832520,24.875
14.0,300,8832820,21.428571428571427
10.0,285,8833105,28.5
18.0,410,8833515,22.77777777777778
13.0,365,8833880,28.076923076923077
1.0,37,8833917,37.0
28.0,731,8834648,26.107142857142858
47.0,1287,8835935,27.382978723404257
14.0,337,8836272,24.071428571428573
2.0,113,8836385,56.5
36.0,856,8837241,23.77777777777778
39.0,900,8838141,23.076923076923077
10.0,195,8838336,19.5
39.0,848,8839184,21.743589743589745
8.0,213,8839397,26.625
12.0,679,8840076,56.583333333333336
32.0,779,8840855,24.34375
27.0,601,8841456,22.25925925925926
11.0,241,8841697,21.90909090909091
10.0,228,8841925,22.8
43.0,1098,8843023,25.53488372093023
11.0,318,8843341,28.90909090909091
2.0,73,8843414,36.5
27.0,558,8843972,20.666666666666668
49.0,1305,8845277,26.632653061224488
16.0,343,8845620,21.4375
26.0,645,8846265,24.807692307692307
16.0,432,8846697,27.0
25.0,625,8847322,25.0
21.0,551,8847873,26.238095238095237
0.0,26,8847899,inf
42.0,1086,8848985,25.857142857142858
15.0,390,8849375,26.0
47.0,1220,8850595,25.95744680851064
29.0,1031,8851626,35.55172413793103
41.0,1096,8852722,26.73170731707317
20.0,378,8853100,18.9
36.0,757,8853857,21.02777777777778
18.0,407,8854264,22.61111111111111
45.0,1010,8855274,22.444444444444443
29.0,550,8855824,18.96551724137931
25.0,568,8856392,22.72
33.0,732,8857124,22.181818181818183
15.0,263,8857387,17.533333333333335
19.0,377,8857764,19.842105263157894
3.0,84,8857848,28.0
20.0,419,8858267,20.95
49.0,1118,8859385,22.816326530612244
2.0,49,8859434,24.5
30.0,585,8860019,19.5
19.0,409,8860428,21.526315789473685
7.0,214,8860642,30.571428571428573
36.0,829,8861471,23.02777777777778
48.0,934,8862405,19.458333333333332
1.0,42,8862447,42.0
38.0,728,8863175,19.157894736842106
40.0,909,8864084,22.725
34.0,773,8864857,22.735294117647058
46.0,965,8865822,20.97826086956522
26.0,500,8866322,19.23076923076923
29.0,617,8866939,21.275862068965516
29.0,634,8867573,21.862068965517242
2.0,87,8867660,43.5
26.0,574,8868234,22.076923076923077
18.0,403,8868637,22.38888888888889
31.0,548,8869185,17.677419354838708
1.0,27,8869212,27.0
29.0,557,8869769,19.20689655172414
19.0,442,8870211,23.263157894736842
35.0,755,8870966,21.571428571428573
31.0,692,8871658,22.322580645161292
1.0,47,8871705,47.0
25.0,559,8872264,22.36
33.0,634,8872898,19.21212121212121
37.0,799,8873697,21.594594594594593
19.0,440,8874137,23.157894736842106
35.0,671,8874808,19.17142857142857
46.0,1093,8875901,23.76086956521739
30.0,635,8876536,21.166666666666668
43.0,959,8877495,22.302325581395348
25.0,569,8878064,22.76
32.0,627,8878691,19.59375
45.0,1087,8879778,24.155555555555555
8.0,209,8879987,26.125
40.0,792,8880779,19.8
45.0,982,8881761,21.822222222222223
30.0,770,8882531,25.666666666666668
12.0,159,8882690,13.25
27.0,510,8883200,18.88888888888889
26.0,582,8883782,22.384615384615383
3.0,104,8883886,34.666666666666664
39.0,737,8884623,18.897435897435898
49.0,1078,8885701,22.0
15.0,399,8886100,26.6
39.0,857,8886957,21.974358974358974
27.0,540,8887497,20.0
13.0,705,8888202,54.23076923076923
17.0,346,8888548,20.352941176470587
17.0,375,8888923,22.058823529411764
6.0,114,8889037,19.0
30.0,608,8889645,20.266666666666666
2.0,65,8889710,32.5
34.0,701,8890411,20.61764705882353
11.0,232,8890643,21.09090909090909
7.0,162,8890805,23.142857142857142
25.0,505,8891310,20.2
13.0,212,8891522,16.307692307692307
17.0,785,8892307,46.1764705882353
40.0,764,8893071,19.1
35.0,740,8893811,21.142857142857142
22.0,342,8894153,15.545454545454545
5.0,551,8894704,110.2
25.0,498,8895202,19.92
39.0,814,8896016,20.871794871794872
24.0,536,8896552,22.333333333333332
16.0,339,8896891,21.1875
18.0,338,8897229,18.77777777777778
51.0,1107,8898336,21.705882352941178
28.0,559,8898895,19.964285714285715
13.0,715,8899610,55.0
33.0,743,8900353,22.515151515151516
32.0,708,8901061,22.125
22.0,427,8901488,19.40909090909091
42.0,817,8902305,19.452380952380953
33.0,746,8903051,22.606060606060606
44.0,1017,8904068,23.113636363636363
25.0,454,8904522,18.16
41.0,872,8905394,21.26829268292683
25.0,538,8905932,21.52
9.0,167,8906099,18.555555555555557
39.0,821,8906920,21.05128205128205
38.0,815,8907735,21.44736842105263
29.0,665,8908400,22.93103448275862
39.0,884,8909284,22.666666666666668
45.0,999,8910283,22.2
29.0,682,8910965,23.517241379310345
39.0,806,8911771,20.666666666666668
34.0,698,8912469,20.529411764705884
13.0,267,8912736,20.53846153846154
33.0,771,8913507,23.363636363636363
18.0,411,8913918,22.833333333333332
10.0,636,8914554,63.6
42.0,1073,8915627,25.547619047619047
24.0,545,8916172,22.708333333333332
23.0,460,8916632,20.0
30.0,627,8917259,20.9
31.0,687,8917946,22.161290322580644
23.0,504,8918450,21.91304347826087
21.0,478,8918928,22.761904761904763
26.0,523,8919451,20.115384615384617
33.0,808,8920259,24.484848484848484
37.0,955,8921214,25.81081081081081
46.0,1049,8922263,22.804347826086957
30.0,541,8922804,18.033333333333335
14.0,744,8923548,53.142857142857146
27.0,656,8924204,24.296296296296298
23.0,420,8924624,18.26086956521739
29.0,660,8925284,22.75862068965517
31.0,540,8925824,17.419354838709676
21.0,413,8926237,19.666666666666668
38.0,732,8926969,19.263157894736842
22.0,459,8927428,20.863636363636363
20.0,420,8927848,21.0
19.0,447,8928295,23.526315789473685
21.0,369,8928664,17.571428571428573
27.0,504,8929168,18.666666666666668
36.0,845,8930013,23.47222222222222
35.0,862,8930875,24.62857142857143
34.0,1110,8931985,32.64705882352941
28.0,546,8932531,19.5
14.0,369,8932900,26.357142857142858
43.0,955,8933855,22.209302325581394
13.0,291,8934146,22.384615384615383
30.0,644,8934790,21.466666666666665
10.0,625,8935415,62.5
48.0,1070,8936485,22.291666666666668
5.0,50,8936535,10.0
41.0,917,8937452,22.365853658536587
44.0,872,8938324,19.818181818181817
13.0,306,8938630,23.53846153846154
30.0,521,8939151,17.366666666666667
25.0,672,8939823,26.88
20.0,440,8940263,22.0
28.0,563,8940826,20.107142857142858
17.0,880,8941706,51.76470588235294
17.0,272,8941978,16.0
34.0,717,8942695,21.08823529411765
39.0,838,8943533,21.487179487179485
23.0,449,8943982,19.52173913043478
27.0,625,8944607,23.14814814814815
34.0,752,8945359,22.11764705882353
15.0,326,8945685,21.733333333333334
10.0,205,8945890,20.5
25.0,548,8946438,21.92
20.0,429,8946867,21.45
10.0,242,8947109,24.2
9.0,220,8947329,24.444444444444443
36.0,843,8948172,23.416666666666668
29.0,590,8948762,20.344827586206897
29.0,572,8949334,19.724137931034484
34.0,782,8950116,23.0
52.0,1247,8951363,23.98076923076923
10.0,214,8951577,21.4
19.0,471,8952048,24.789473684210527
10.0,159,8952207,15.9
22.0,463,8952670,21.045454545454547
26.0,501,8953171,19.26923076923077
36.0,1194,8954365,33.166666666666664
18.0,361,8954726,20.055555555555557
45.0,887,8955613,19.711111111111112
6.0,158,8955771,26.333333333333332
36.0,935,8956706,25.97222222222222
4.0,63,8956769,15.75
9.0,193,8956962,21.444444444444443
27.0,590,8957552,21.85185185185185
5.0,532,8958084,106.4
10.0,179,8958263,17.9
36.0,788,8959051,21.88888888888889
10.0,190,8959241,19.0
14.0,263,8959504,18.785714285714285
30.0,698,8960202,23.266666666666666
21.0,386,8960588,18.38095238095238
27.0,579,8961167,21.444444444444443
22.0,532,8961699,24.181818181818183
36.0,722,8962421,20.055555555555557
11.0,257,8962678,23.363636363636363
20.0,446,8963124,22.3
35.0,868,8963992,24.8
7.0,137,8964129,19.571428571428573
15.0,356,8964485,23.733333333333334
47.0,1053,8965538,22.404255319148938
22.0,427,8965965,19.40909090909091
27.0,563,8966528,20.85185185185185
44.0,816,8967344,18.545454545454547
9.0,173,8967517,19.22222222222222
23.0,529,8968046,23.0
4.0,523,8968569,130.75
20.0,379,8968948,18.95
40.0,877,8969825,21.925
34.0,680,8970505,20.0
35.0,847,8971352,24.2
32.0,715,8972067,22.34375
32.0,792,8972859,24.75
31.0,652,8973511,21.032258064516128
23.0,477,8973988,20.73913043478261
17.0,365,8974353,21.470588235294116
22.0,390,8974743,17.727272727272727
5.0,74,8974817,14.8
26.0,577,8975394,22.192307692307693
19.0,406,8975800,21.36842105263158
8.0,162,8975962,20.25
20.0,400,8976362,20.0
37.0,838,8977200,22.64864864864865
37.0,732,8977932,19.783783783783782
41.0,1109,8979041,27.048780487804876
14.0,291,8979332,20.785714285714285
32.0,684,8980016,21.375
48.0,1027,8981043,21.395833333333332
36.0,900,8981943,25.0
35.0,727,8982670,20.771428571428572
1.0,12,8982682,12.0
23.0,508,8983190,22.08695652173913
36.0,800,8983990,22.22222222222222
25.0,579,8984569,23.16
29.0,617,8985186,21.275862068965516
44.0,1010,8986196,22.954545454545453
24.0,564,8986760,23.5
17.0,327,8987087,19.235294117647058
21.0,430,8987517,20.476190476190474
44.0,911,8988428,20.704545454545453
23.0,511,8988939,22.217391304347824
34.0,711,8989650,20.91176470588235
4.0,498,8990148,124.5
32.0,661,8990809,20.65625
20.0,459,8991268,22.95
47.0,905,8992173,19.25531914893617
35.0,818,8992991,23.37142857142857
27.0,603,8993594,22.333333333333332
1.0,479,8994073,479.0
23.0,504,8994577,21.91304347826087
18.0,390,8994967,21.666666666666668
12.0,725,8995692,60.416666666666664
27.0,623,8996315,23.074074074074073
15.0,283,8996598,18.866666666666667
42.0,904,8997502,21.523809523809526
28.0,576,8998078,20.571428571428573
21.0,467,8998545,22.238095238095237
29.0,558,8999103,19.24137931034483
45.0,976,9000079,21.68888888888889
22.0,466,9000545,21.181818181818183
43.0,932,9001477,21.674418604651162
21.0,404,9001881,19.238095238095237
42.0,1003,9002884,23.88095238095238
42.0,978,9003862,23.285714285714285
29.0,599,9004461,20.655172413793103
35.0,759,9005220,21.685714285714287
45.0,951,9006171,21.133333333333333
11.0,230,9006401,20.90909090909091
32.0,690,9007091,21.5625
9.0,186,9007277,20.666666666666668
37.0,782,9008059,21.135135135135137
27.0,532,9008591,19.703703703703702
31.0,637,9009228,20.548387096774192
21.0,425,9009653,20.238095238095237
18.0,438,9010091,24.333333333333332
24.0,450,9010541,18.75
18.0,815,9011356,45.27777777777778
5.0,111,9011467,22.2
23.0,453,9011920,19.695652173913043
14.0,285,9012205,20.357142857142858
26.0,534,9012739,20.53846153846154
40.0,834,9013573,20.85
14.0,318,9013891,22.714285714285715
9.0,115,9014006,12.777777777777779
18.0,377,9014383,20.944444444444443
14.0,255,9014638,18.214285714285715
25.0,671,9015309,26.84
37.0,715,9016024,19.324324324324323
24.0,452,9016476,18.833333333333332
49.0,1288,9017764,26.285714285714285
49.0,1229,9018993,25.081632653061224
31.0,667,9019660,21.516129032258064
18.0,384,9020044,21.333333333333332
32.0,740,9020784,23.125
34.0,704,9021488,20.705882352941178
3.0,117,9021605,39.0
46.0,1037,9022642,22.543478260869566
38.0,899,9023541,23.657894736842106
22.0,973,9024514,44.22727272727273
25.0,980,9025494,39.2
25.0,471,9025965,18.84
15.0,773,9026738,51.53333333333333
8.0,218,9026956,27.25
21.0,456,9027412,21.714285714285715
35.0,728,9028140,20.8
35.0,766,9028906,21.885714285714286
11.0,297,9029203,27.0
22.0,487,9029690,22.136363636363637
33.0,675,9030365,20.454545454545453
28.0,488,9030853,17.428571428571427
19.0,482,9031335,25.36842105263158
32.0,612,9031947,19.125
15.0,345,9032292,23.0
14.0,294,9032586,21.0
51.0,1257,9033843,24.647058823529413
27.0,666,9034509,24.666666666666668
42.0,980,9035489,23.333333333333332
26.0,1042,9036531,40.07692307692308
23.0,1001,9037532,43.52173913043478
12.0,317,9037849,26.416666666666668
22.0,414,9038263,18.818181818181817
7.0,99,9038362,14.142857142857142
44.0,1059,9039421,24.068181818181817
47.0,1116,9040537,23.74468085106383
32.0,794,9041331,24.8125
25.0,521,9041852,20.84
24.0,498,9042350,20.75
26.0,551,9042901,21.192307692307693
13.0,283,9043184,21.76923076923077
42.0,896,9044080,21.333333333333332
24.0,506,9044586,21.083333333333332
33.0,740,9045326,22.424242424242426
14.0,339,9045665,24.214285714285715
15.0,398,9046063,26.533333333333335
22.0,465,9046528,21.136363636363637
9.0,227,9046755,25.22222222222222
3.0,92,9046847,30.666666666666668
36.0,746,9047593,20.72222222222222
21.0,425,9048018,20.238095238095237
33.0,616,9048634,18.666666666666668
41.0,947,9049581,23.097560975609756
16.0,392,9049973,24.5
10.0,242,9050215,24.2
32.0,744,9050959,23.25
15.0,261,9051220,17.4
35.0,779,9051999,22.257142857142856
11.0,203,9052202,18.454545454545453
24.0,489,9052691,20.375
8.0,147,9052838,18.375
31.0,622,9053460,20.06451612903226
31.0,693,9054153,22.35483870967742
3.0,101,9054254,33.666666666666664
6.0,151,9054405,25.166666666666668
47.0,1139,9055544,24.23404255319149
16.0,292,9055836,18.25
17.0,390,9056226,22.941176470588236
40.0,820,9057046,20.5
28.0,588,9057634,21.0
2.0,74,9057708,37.0
39.0,775,9058483,19.871794871794872
35.0,887,9059370,25.34285714285714
36.0,814,9060184,22.61111111111111
20.0,390,9060574,19.5
2.0,121,9060695,60.5
15.0,336,9061031,22.4
12.0,222,9061253,18.5
29.0,654,9061907,22.551724137931036
15.0,334,9062241,22.266666666666666
7.0,191,9062432,27.285714285714285
6.0,153,9062585,25.5
36.0,976,9063561,27.11111111111111
2.0,48,9063609,24.0
38.0,904,9064513,23.789473684210527
24.0,426,9064939,17.75
5.0,110,9065049,22.0
45.0,1029,9066078,22.866666666666667
25.0,434,9066512,17.36
46.0,979,9067491,21.282608695652176
34.0,715,9068206,21.029411764705884
16.0,329,9068535,20.5625
44.0,932,9069467,21.181818181818183
34.0,781,9070248,22.970588235294116
27.0,598,9070846,22.14814814814815
21.0,518,9071364,24.666666666666668
37.0,796,9072160,21.513513513513512
6.0,618,9072778,103.0
12.0,247,9073025,20.583333333333332
18.0,444,9073469,24.666666666666668
39.0,930,9074399,23.846153846153847
24.0,536,9074935,22.333333333333332
34.0,765,9075700,22.5
17.0,363,9076063,21.352941176470587
16.0,402,9076465,25.125
40.0,841,9077306,21.025
45.0,1010,9078316,22.444444444444443
5.0,535,9078851,107.0
22.0,494,9079345,22.454545454545453
33.0,762,9080107,23.09090909090909
33.0,750,9080857,22.727272727272727
39.0,866,9081723,22.205128205128204
36.0,817,9082540,22.694444444444443
9.0,180,9082720,20.0
27.0,601,9083321,22.25925925925926
23.0,490,9083811,21.304347826086957
40.0,832,9084643,20.8
19.0,429,9085072,22.57894736842105
19.0,860,9085932,45.26315789473684
30.0,726,9086658,24.2
27.0,583,9087241,21.59259259259259
33.0,833,9088074,25.242424242424242
27.0,528,9088602,19.555555555555557
28.0,670,9089272,23.928571428571427
14.0,722,9089994,51.57142857142857
25.0,592,9090586,23.68
51.0,1154,9091740,22.627450980392158
34.0,680,9092420,20.0
47.0,1202,9093622,25.574468085106382
25.0,514,9094136,20.56
23.0,494,9094630,21.47826086956522
20.0,408,9095038,20.4
28.0,646,9095684,23.071428571428573
19.0,820,9096504,43.1578947368421
13.0,764,9097268,58.76923076923077
28.0,627,9097895,22.392857142857142
48.0,1124,9099019,23.416666666666668
13.0,254,9099273,19.53846153846154
47.0,988,9100261,21.02127659574468
14.0,306,9100567,21.857142857142858
29.0,535,9101102,18.448275862068964
46.0,1060,9102162,23.043478260869566
19.0,445,9102607,23.42105263157895
51.0,1171,9103778,22.96078431372549
9.0,614,9104392,68.22222222222223
44.0,1100,9105492,25.0
19.0,367,9105859,19.31578947368421
24.0,524,9106383,21.833333333333332
26.0,546,9106929,21.0
42.0,1078,9108007,25.666666666666668
24.0,479,9108486,19.958333333333332
50.0,1185,9109671,23.7
34.0,702,9110373,20.647058823529413
41.0,904,9111277,22.048780487804876
32.0,763,9112040,23.84375
46.0,1009,9113049,21.934782608695652
47.0,1287,9114336,27.382978723404257
29.0,628,9114964,21.655172413793103
16.0,767,9115731,47.9375
49.0,1423,9117154,29.040816326530614
28.0,572,9117726,20.428571428571427
27.0,674,9118400,24.962962962962962
25.0,602,9119002,24.08
24.0,527,9119529,21.958333333333332
22.0,426,9119955,19.363636363636363
14.0,342,9120297,24.428571428571427
41.0,967,9121264,23.585365853658537
45.0,1047,9122311,23.266666666666666
36.0,776,9123087,21.555555555555557
31.0,618,9123705,19.93548387096774
33.0,1134,9124839,34.36363636363637
29.0,757,9125596,26.103448275862068
32.0,722,9126318,22.5625
26.0,649,9126967,24.96153846153846
47.0,1071,9128038,22.78723404255319
36.0,766,9128804,21.27777777777778
5.0,109,9128913,21.8
30.0,611,9129524,20.366666666666667
19.0,416,9129940,21.894736842105264
30.0,688,9130628,22.933333333333334
10.0,672,9131300,67.2
23.0,463,9131763,20.130434782608695
30.0,740,9132503,24.666666666666668
7.0,150,9132653,21.428571428571427
44.0,1072,9133725,24.363636363636363
45.0,1116,9134841,24.8
29.0,682,9135523,23.517241379310345
12.0,252,9135775,21.0
19.0,373,9136148,19.63157894736842
44.0,1047,9137195,23.795454545454547
23.0,458,9137653,19.91304347826087
27.0,571,9138224,21.14814814814815
4.0,108,9138332,27.0
40.0,945,9139277,23.625
12.0,260,9139537,21.666666666666668
24.0,465,9140002,19.375
49.0,1072,9141074,21.877551020408163
37.0,843,9141917,22.783783783783782
19.0,357,9142274,18.789473684210527
33.0,718,9142992,21.757575757575758
46.0,1012,9144004,22.0
22.0,499,9144503,22.681818181818183
25.0,490,9144993,19.6
36.0,909,9145902,25.25
35.0,835,9146737,23.857142857142858
29.0,639,9147376,22.03448275862069
19.0,407,9147783,21.42105263157895
38.0,901,9148684,23.710526315789473
28.0,607,9149291,21.678571428571427
44.0,850,9150141,19.318181818181817
31.0,802,9150943,25.870967741935484
41.0,891,9151834,21.73170731707317
24.0,566,9152400,23.583333333333332
31.0,708,9153108,22.838709677419356
30.0,601,9153709,20.033333333333335
15.0,773,9154482,51.53333333333333
38.0,990,9155472,26.05263157894737
40.0,1042,9156514,26.05
23.0,471,9156985,20.47826086956522
13.0,664,9157649,51.07692307692308
27.0,492,9158141,18.22222222222222
41.0,840,9158981,20.48780487804878
42.0,860,9159841,20.476190476190474
49.0,1151,9160992,23.489795918367346
46.0,1165,9162157,25.32608695652174
25.0,527,9162684,21.08
47.0,969,9163653,20.617021276595743
17.0,396,9164049,23.294117647058822
16.0,775,9164824,48.4375
31.0,568,9165392,18.322580645161292
8.0,213,9165605,26.625
45.0,1228,9166833,27.288888888888888
21.0,500,9167333,23.80952380952381
19.0,415,9167748,21.842105263157894
40.0,1064,9168812,26.6
38.0,941,9169753,24.763157894736842
26.0,459,9170212,17.653846153846153
29.0,711,9170923,24.517241379310345
44.0,905,9171828,20.568181818181817
8.0,176,9172004,22.0
35.0,893,9172897,25.514285714285716
39.0,917,9173814,23.512820512820515
21.0,448,9174262,21.333333333333332
47.0,1157,9175419,24.617021276595743
28.0,673,9176092,24.035714285714285
36.0,859,9176951,23.86111111111111
19.0,447,9177398,23.526315789473685
12.0,255,9177653,21.25
11.0,235,9177888,21.363636363636363
42.0,973,9178861,23.166666666666668
8.0,237,9179098,29.625
49.0,1128,9180226,23.020408163265305
25.0,635,9180861,25.4
15.0,430,9181291,28.666666666666668
24.0,501,9181792,20.875
28.0,586,9182378,20.928571428571427
31.0,742,9183120,23.93548387096774
35.0,830,9183950,23.714285714285715
7.0,110,9184060,15.714285714285714
12.0,687,9184747,57.25
32.0,780,9185527,24.375
58.0,1313,9186840,22.637931034482758
20.0,421,9187261,21.05
35.0,754,9188015,21.542857142857144
36.0,863,9188878,23.97222222222222
26.0,642,9189520,24.692307692307693
38.0,964,9190484,25.36842105263158
14.0,688,9191172,49.142857142857146
28.0,570,9191742,20.357142857142858
8.0,183,9191925,22.875
21.0,619,9192544,29.476190476190474
38.0,1093,9193637,28.763157894736842
14.0,258,9193895,18.428571428571427
23.0,534,9194429,23.217391304347824
42.0,809,9195238,19.261904761904763
9.0,165,9195403,18.333333333333332
43.0,1074,9196477,24.976744186046513
37.0,828,9197305,22.37837837837838
13.0,362,9197667,27.846153846153847
22.0,558,9198225,25.363636363636363
22.0,438,9198663,19.90909090909091
42.0,809,9199472,19.261904761904763
33.0,745,9200217,22.575757575757574
31.0,684,9200901,22.06451612903226
23.0,467,9201368,20.304347826086957
11.0,246,9201614,22.363636363636363
31.0,783,9202397,25.258064516129032
27.0,512,9202909,18.962962962962962
39.0,806,9203715,20.666666666666668
27.0,539,9204254,19.962962962962962
46.0,1083,9205337,23.543478260869566
23.0,570,9205907,24.782608695652176
23.0,502,9206409,21.82608695652174
18.0,405,9206814,22.5
26.0,571,9207385,21.96153846153846
27.0,554,9207939,20.51851851851852
26.0,649,9208588,24.96153846153846
17.0,291,9208879,17.11764705882353
7.0,100,9208979,14.285714285714286
33.0,689,9209668,20.87878787878788
22.0,489,9210157,22.227272727272727
37.0,740,9210897,20.0
16.0,370,9211267,23.125
10.0,207,9211474,20.7
44.0,973,9212447,22.113636363636363
17.0,418,9212865,24.58823529411765
20.0,436,9213301,21.8
45.0,1076,9214377,23.91111111111111
25.0,549,9214926,21.96
45.0,1078,9216004,23.955555555555556
13.0,314,9216318,24.153846153846153
33.0,741,9217059,22.454545454545453
39.0,871,9217930,22.333333333333332
46.0,1050,9218980,22.82608695652174
36.0,855,9219835,23.75
27.0,644,9220479,23.85185185185185
20.0,443,9220922,22.15
11.0,207,9221129,18.818181818181817
35.0,801,9221930,22.885714285714286
30.0,719,9222649,23.966666666666665
27.0,519,9223168,19.22222222222222
41.0,995,9224163,24.26829268292683
13.0,331,9224494,25.46153846153846
7.0,171,9224665,24.428571428571427
10.0,258,9224923,25.8
4.0,80,9225003,20.0
7.0,154,9225157,22.0
31.0,668,9225825,21.548387096774192
46.0,1170,9226995,25.434782608695652
19.0,377,9227372,19.842105263157894
41.0,867,9228239,21.146341463414632
16.0,385,9228624,24.0625
10.0,215,9228839,21.5
36.0,862,9229701,23.944444444444443
42.0,905,9230606,21.547619047619047
3.0,98,9230704,32.666666666666664
30.0,701,9231405,23.366666666666667
32.0,763,9232168,23.84375
30.0,683,9232851,22.766666666666666
38.0,791,9233642,20.81578947368421
36.0,794,9234436,22.055555555555557
23.0,517,9234953,22.47826086956522
24.0,573,9235526,23.875
28.0,646,9236172,23.071428571428573
33.0,576,9236748,17.454545454545453
32.0,687,9237435,21.46875
18.0,398,9237833,22.11111111111111
36.0,757,9238590,21.02777777777778
23.0,490,9239080,21.304347826086957
50.0,1166,9240246,23.32
10.0,289,9240535,28.9
39.0,840,9241375,21.53846153846154
20.0,379,9241754,18.95
31.0,683,9242437,22.032258064516128
49.0,1141,9243578,23.285714285714285
34.0,903,9244481,26.558823529411764
29.0,618,9245099,21.310344827586206
28.0,624,9245723,22.285714285714285
25.0,498,9246221,19.92
13.0,254,9246475,19.53846153846154
28.0,540,9247015,19.285714285714285
31.0,639,9247654,20.612903225806452
23.0,511,9248165,22.217391304347824
12.0,240,9248405,20.0
8.0,188,9248593,23.5
20.0,427,9249020,21.35
18.0,405,9249425,22.5
22.0,508,9249933,23.09090909090909
23.0,440,9250373,19.130434782608695
35.0,868,9251241,24.8
19.0,410,9251651,21.57894736842105
31.0,704,9252355,22.70967741935484
46.0,969,9253324,21.065217391304348
24.0,538,9253862,22.416666666666668
21.0,446,9254308,21.238095238095237
22.0,521,9254829,23.681818181818183
34.0,587,9255416,17.264705882352942
51.0,1241,9256657,24.333333333333332
31.0,733,9257390,23.64516129032258
29.0,651,9258041,22.448275862068964
13.0,258,9258299,19.846153846153847
15.0,344,9258643,22.933333333333334
25.0,448,9259091,17.92
27.0,562,9259653,20.814814814814813
8.0,181,9259834,22.625
23.0,530,9260364,23.043478260869566
38.0,967,9261331,25.44736842105263
2.0,25,9261356,12.5
9.0,180,9261536,20.0
19.0,369,9261905,19.42105263157895
29.0,670,9262575,23.103448275862068
20.0,373,9262948,18.65
25.0,543,9263491,21.72
31.0,641,9264132,20.677419354838708
16.0,323,9264455,20.1875
40.0,817,9265272,20.425
30.0,652,9265924,21.733333333333334
26.0,641,9266565,24.653846153846153
19.0,484,9267049,25.473684210526315
15.0,299,9267348,19.933333333333334
27.0,553,9267901,20.48148148148148
36.0,822,9268723,22.833333333333332
29.0,643,9269366,22.17241379310345
9.0,210,9269576,23.333333333333332
35.0,681,9270257,19.457142857142856
23.0,556,9270813,24.17391304347826
10.0,155,9270968,15.5
15.0,269,9271237,17.933333333333334
28.0,557,9271794,19.892857142857142
27.0,565,9272359,20.925925925925927
8.0,144,9272503,18.0
29.0,622,9273125,21.448275862068964
19.0,363,9273488,19.105263157894736
28.0,568,9274056,20.285714285714285
21.0,431,9274487,20.523809523809526
36.0,746,9275233,20.72222222222222
8.0,125,9275358,15.625
25.0,584,9275942,23.36
18.0,313,9276255,17.38888888888889
17.0,365,9276620,21.470588235294116
1.0,37,9276657,37.0
21.0,510,9277167,24.285714285714285
1.0,38,9277205,38.0
18.0,427,9277632,23.72222222222222
0.0,13,9277645,inf
42.0,1006,9278651,23.952380952380953
21.0,458,9279109,21.80952380952381
24.0,509,9279618,21.208333333333332
23.0,508,9280126,22.08695652173913
7.0,168,9280294,24.0
48.0,975,9281269,20.3125
24.0,466,9281735,19.416666666666668
40.0,870,9282605,21.75
7.0,147,9282752,21.0
17.0,306,9283058,18.0
22.0,377,9283435,17.136363636363637
35.0,685,9284120,19.571428571428573
26.0,495,9284615,19.03846153846154
24.0,486,9285101,20.25
8.0,182,9285283,22.75
19.0,437,9285720,23.0
1.0,30,9285750,30.0
16.0,332,9286082,20.75
7.0,102,9286184,14.571428571428571
12.0,263,9286447,21.916666666666668
7.0,122,9286569,17.428571428571427
5.0,112,9286681,22.4
19.0,388,9287069,20.42105263157895
11.0,224,9287293,20.363636363636363
23.0,479,9287772,20.82608695652174
33.0,833,9288605,25.242424242424242
34.0,642,9289247,18.88235294117647
29.0,697,9289944,24.03448275862069
35.0,737,9290681,21.057142857142857
40.0,908,9291589,22.7
47.0,1056,9292645,22.46808510638298
26.0,540,9293185,20.76923076923077
31.0,686,9293871,22.129032258064516
35.0,725,9294596,20.714285714285715
25.0,540,9295136,21.6
25.0,490,9295626,19.6
45.0,808,9296434,17.955555555555556
17.0,382,9296816,22.470588235294116
29.0,623,9297439,21.482758620689655
34.0,788,9298227,23.176470588235293
30.0,576,9298803,19.2
27.0,546,9299349,20.22222222222222
36.0,784,9300133,21.77777777777778
13.0,295,9300428,22.692307692307693
20.0,414,9300842,20.7
36.0,703,9301545,19.52777777777778
39.0,897,9302442,23.0
5.0,146,9302588,29.2
26.0,705,9303293,27.115384615384617
21.0,406,9303699,19.333333333333332
39.0,750,9304449,19.23076923076923
21.0,418,9304867,19.904761904761905
28.0,579,9305446,20.678571428571427
20.0,411,9305857,20.55
24.0,529,9306386,22.041666666666668
38.0,752,9307138,19.789473684210527
37.0,726,9307864,19.62162162162162
30.0,672,9308536,22.4
42.0,893,9309429,21.261904761904763
19.0,480,9309909,25.263157894736842
31.0,659,9310568,21.258064516129032
42.0,875,9311443,20.833333333333332
18.0,376,9311819,20.88888888888889
31.0,685,9312504,22.096774193548388
30.0,622,9313126,20.733333333333334
28.0,651,9313777,23.25
31.0,763,9314540,24.612903225806452
21.0,439,9314979,20.904761904761905
37.0,876,9315855,23.675675675675677
32.0,783,9316638,24.46875
28.0,696,9317334,24.857142857142858
43.0,916,9318250,21.302325581395348
47.0,1147,9319397,24.404255319148938
26.0,493,9319890,18.96153846153846
22.0,487,9320377,22.136363636363637
50.0,1031,9321408,20.62
42.0,1031,9322439,24.547619047619047
61.0,1507,9323946,24.704918032786885
24.0,457,9324403,19.041666666666668
30.0,632,9325035,21.066666666666666
35.0,680,9325715,19.428571428571427
28.0,538,9326253,19.214285714285715
24.0,524,9326777,21.833333333333332
15.0,297,9327074,19.8
36.0,777,9327851,21.583333333333332
7.0,167,9328018,23.857142857142858
24.0,551,9328569,22.958333333333332
40.0,988,9329557,24.7
34.0,800,9330357,23.529411764705884
28.0,509,9330866,18.178571428571427
36.0,824,9331690,22.88888888888889
39.0,829,9332519,21.256410256410255
32.0,640,9333159,20.0
19.0,477,9333636,25.105263157894736
36.0,759,9334395,21.083333333333332
14.0,261,9334656,18.642857142857142
9.0,232,9334888,25.77777777777778
26.0,541,9335429,20.807692307692307
31.0,704,9336133,22.70967741935484
34.0,763,9336896,22.441176470588236
42.0,926,9337822,22.047619047619047
25.0,603,9338425,24.12
25.0,539,9338964,21.56
35.0,712,9339676,20.34285714285714
39.0,851,9340527,21.82051282051282
51.0,1031,9341558,20.215686274509803
37.0,865,9342423,23.37837837837838
32.0,670,9343093,20.9375
28.0,563,9343656,20.107142857142858
15.0,338,9343994,22.533333333333335
21.0,421,9344415,20.047619047619047
32.0,704,9345119,22.0
46.0,1067,9346186,23.195652173913043
28.0,567,9346753,20.25
26.0,564,9347317,21.692307692307693
29.0,616,9347933,21.24137931034483
21.0,430,9348363,20.476190476190474
44.0,1082,9349445,24.59090909090909
29.0,677,9350122,23.344827586206897
35.0,665,9350787,19.0
13.0,253,9351040,19.46153846153846
29.0,583,9351623,20.103448275862068
38.0,743,9352366,19.55263157894737
35.0,655,9353021,18.714285714285715
20.0,384,9353405,19.2
27.0,586,9353991,21.703703703703702
9.0,193,9354184,21.444444444444443
13.0,299,9354483,23.0
27.0,542,9355025,20.074074074074073
20.0,407,9355432,20.35
18.0,373,9355805,20.72222222222222
36.0,810,9356615,22.5
35.0,842,9357457,24.057142857142857
17.0,349,9357806,20.529411764705884
33.0,610,9358416,18.484848484848484
13.0,246,9358662,18.923076923076923
16.0,334,9358996,20.875
43.0,822,9359818,19.11627906976744
35.0,805,9360623,23.0
33.0,635,9361258,19.242424242424242
18.0,413,9361671,22.944444444444443
46.0,1067,9362738,23.195652173913043
36.0,679,9363417,18.86111111111111
25.0,460,9363877,18.4
31.0,727,9364604,23.451612903225808
21.0,448,9365052,21.333333333333332
23.0,517,9365569,22.47826086956522
38.0,864,9366433,22.736842105263158
19.0,375,9366808,19.736842105263158
25.0,583,9367391,23.32
22.0,527,9367918,23.954545454545453
44.0,934,9368852,21.227272727272727
35.0,816,9369668,23.314285714285713
55.0,1227,9370895,22.30909090909091
25.0,562,9371457,22.48
36.0,850,9372307,23.61111111111111
17.0,344,9372651,20.235294117647058
37.0,770,9373421,20.81081081081081
46.0,1081,9374502,23.5
16.0,344,9374846,21.5
32.0,651,9375497,20.34375
35.0,780,9376277,22.285714285714285
42.0,960,9377237,22.857142857142858
34.0,757,9377994,22.264705882352942
35.0,690,9378684,19.714285714285715
26.0,550,9379234,21.153846153846153
24.0,494,9379728,20.583333333333332
29.0,575,9380303,19.82758620689655
16.0,313,9380616,19.5625
6.0,91,9380707,15.166666666666666
19.0,383,9381090,20.157894736842106
15.0,313,9381403,20.866666666666667
35.0,752,9382155,21.485714285714284
21.0,439,9382594,20.904761904761905
16.0,307,9382901,19.1875
9.0,153,9383054,17.0
34.0,695,9383749,20.441176470588236
29.0,606,9384355,20.896551724137932
48.0,1159,9385514,24.145833333333332
19.0,398,9385912,20.94736842105263
37.0,886,9386798,23.945945945945947
24.0,451,9387249,18.791666666666668
14.0,265,9387514,18.928571428571427
37.0,894,9388408,24.16216216216216
40.0,908,9389316,22.7
29.0,568,9389884,19.586206896551722
27.0,569,9390453,21.074074074074073
29.0,568,9391021,19.586206896551722
41.0,794,9391815,19.365853658536587
37.0,873,9392688,23.594594594594593
45.0,1013,9393701,22.511111111111113
24.0,507,9394208,21.125
32.0,719,9394927,22.46875
39.0,934,9395861,23.94871794871795
30.0,542,9396403,18.066666666666666
36.0,672,9397075,18.666666666666668
33.0,691,9397766,20.939393939393938
39.0,915,9398681,23.46153846153846
45.0,995,9399676,22.11111111111111
14.0,302,9399978,21.571428571428573
36.0,763,9400741,21.194444444444443
17.0,398,9401139,23.41176470588235
29.0,575,9401714,19.82758620689655
28.0,611,9402325,21.821428571428573
27.0,628,9402953,23.25925925925926
16.0,331,9403284,20.6875
39.0,968,9404252,24.82051282051282
20.0,399,9404651,19.95
34.0,775,9405426,22.794117647058822
13.0,275,9405701,21.153846153846153
47.0,1156,9406857,24.595744680851062
32.0,611,9407468,19.09375
34.0,642,9408110,18.88235294117647
14.0,263,9408373,18.785714285714285
31.0,568,9408941,18.322580645161292
53.0,1245,9410186,23.49056603773585
30.0,554,9410740,18.466666666666665
23.0,428,9411168,18.608695652173914
15.0,322,9411490,21.466666666666665
35.0,874,9412364,24.97142857142857
4.0,93,9412457,23.25
19.0,416,9412873,21.894736842105264
39.0,861,9413734,22.076923076923077
29.0,595,9414329,20.517241379310345
26.0,503,9414832,19.346153846153847
56.0,1370,9416202,24.464285714285715
42.0,930,9417132,22.142857142857142
39.0,786,9417918,20.153846153846153
32.0,608,9418526,19.0
40.0,947,9419473,23.675
40.0,811,9420284,20.275
28.0,645,9420929,23.035714285714285
18.0,376,9421305,20.88888888888889
9.0,162,9421467,18.0
42.0,973,9422440,23.166666666666668
35.0,750,9423190,21.428571428571427
37.0,786,9423976,21.243243243243242
25.0,584,9424560,23.36
25.0,547,9425107,21.88
42.0,1042,9426149,24.80952380952381
39.0,785,9426934,20.128205128205128
35.0,802,9427736,22.914285714285715
19.0,399,9428135,21.0
37.0,824,9428959,22.27027027027027
2.0,41,9429000,20.5
7.0,159,9429159,22.714285714285715
25.0,548,9429707,21.92
24.0,548,9430255,22.833333333333332
42.0,991,9431246,23.595238095238095
19.0,429,9431675,22.57894736842105
21.0,417,9432092,19.857142857142858
19.0,328,9432420,17.263157894736842
43.0,954,9433374,22.186046511627907
19.0,423,9433797,22.263157894736842
14.0,340,9434137,24.285714285714285
34.0,778,9434915,22.88235294117647
33.0,690,9435605,20.90909090909091
23.0,517,9436122,22.47826086956522
45.0,1081,9437203,24.022222222222222
16.0,319,9437522,19.9375
39.0,980,9438502,25.128205128205128
25.0,516,9439018,20.64
50.0,1332,9440350,26.64
32.0,678,9441028,21.1875
46.0,975,9442003,21.195652173913043
21.0,410,9442413,19.523809523809526
15.0,337,9442750,22.466666666666665
5.0,164,9442914,32.8
13.0,278,9443192,21.384615384615383
31.0,701,9443893,22.612903225806452
22.0,461,9444354,20.954545454545453
37.0,790,9445144,21.35135135135135
8.0,177,9445321,22.125
40.0,848,9446169,21.2
32.0,759,9446928,23.71875
28.0,590,9447518,21.071428571428573
24.0,543,9448061,22.625
20.0,369,9448430,18.45
24.0,482,9448912,20.083333333333332
38.0,792,9449704,20.842105263157894
41.0,838,9450542,20.4390243902439
36.0,754,9451296,20.944444444444443
36.0,744,9452040,20.666666666666668
20.0,400,9452440,20.0
28.0,578,9453018,20.642857142857142
12.0,272,9453290,22.666666666666668
20.0,400,9453690,20.0
6.0,133,9453823,22.166666666666668
34.0,665,9454488,19.558823529411764
37.0,868,9455356,23.45945945945946
26.0,573,9455929,22.03846153846154
20.0,423,9456352,21.15
43.0,913,9457265,21.232558139534884
42.0,912,9458177,21.714285714285715
27.0,554,9458731,20.51851851851852
29.0,630,9459361,21.724137931034484
25.0,576,9459937,23.04
25.0,540,9460477,21.6
26.0,560,9461037,21.53846153846154
37.0,877,9461914,23.7027027027027
4.0,108,9462022,27.0
20.0,496,9462518,24.8
19.0,318,9462836,16.736842105263158
38.0,867,9463703,22.81578947368421
50.0,1089,9464792,21.78
24.0,474,9465266,19.75
28.0,536,9465802,19.142857142857142
16.0,345,9466147,21.5625
20.0,439,9466586,21.95
38.0,835,9467421,21.973684210526315
11.0,190,9467611,17.272727272727273
5.0,35,9467646,7.0
23.0,480,9468126,20.869565217391305
25.0,471,9468597,18.84
41.0,935,9469532,22.804878048780488
44.0,902,9470434,20.5
22.0,422,9470856,19.181818181818183
20.0,383,9471239,19.15
17.0,307,9471546,18.058823529411764
34.0,687,9472233,20.205882352941178
13.0,275,9472508,21.153846153846153
58.0,1420,9473928,24.482758620689655
37.0,810,9474738,21.89189189189189
40.0,867,9475605,21.675
17.0,300,9475905,17.647058823529413
44.0,971,9476876,22.068181818181817
19.0,408,9477284,21.473684210526315
24.0,415,9477699,17.291666666666668
47.0,1011,9478710,21.51063829787234
37.0,845,9479555,22.83783783783784
29.0,639,9480194,22.03448275862069
48.0,1140,9481334,23.75
2.0,62,9481396,31.0
43.0,873,9482269,20.302325581395348
11.0,225,9482494,20.454545454545453
32.0,605,9483099,18.90625
9.0,162,9483261,18.0
24.0,468,9483729,19.5
19.0,421,9484150,22.157894736842106
42.0,919,9485069,21.88095238095238
24.0,455,9485524,18.958333333333332
9.0,147,9485671,16.333333333333332
25.0,485,9486156,19.4
18.0,396,9486552,22.0
24.0,537,9487089,22.375
35.0,754,9487843,21.542857142857144
12.0,215,9488058,17.916666666666668
27.0,615,9488673,22.77777777777778
32.0,670,9489343,20.9375
22.0,393,9489736,17.863636363636363
16.0,308,9490044,19.25
18.0,414,9490458,23.0
9.0,157,9490615,17.444444444444443
23.0,416,9491031,18.08695652173913
20.0,414,9491445,20.7
58.0,1324,9492769,22.82758620689655
36.0,851,9493620,23.63888888888889
1.0,37,9493657,37.0
29.0,611,9494268,21.06896551724138
22.0,441,9494709,20.045454545454547
22.0,435,9495144,19.772727272727273
37.0,766,9495910,20.7027027027027
39.0,817,9496727,20.94871794871795
32.0,656,9497383,20.5
29.0,619,9498002,21.344827586206897
22.0,441,9498443,20.045454545454547
31.0,631,9499074,20.35483870967742
18.0,350,9499424,19.444444444444443
43.0,885,9500309,20.58139534883721
11.0,199,9500508,18.09090909090909
19.0,397,9500905,20.894736842105264
28.0,570,9501475,20.357142857142858
24.0,443,9501918,18.458333333333332
30.0,652,9502570,21.733333333333334
25.0,501,9503071,20.04
44.0,924,9503995,21.0
25.0,480,9504475,19.2
40.0,857,9505332,21.425
26.0,558,9505890,21.46153846153846
21.0,337,9506227,16.047619047619047
16.0,364,9506591,22.75
15.0,340,9506931,22.666666666666668
32.0,711,9507642,22.21875
33.0,704,9508346,21.333333333333332
40.0,989,9509335,24.725
37.0,893,9510228,24.135135135135137
23.0,481,9510709,20.91304347826087
38.0,866,9511575,22.789473684210527
5.0,108,9511683,21.6
25.0,616,9512299,24.64
4.0,111,9512410,27.75
28.0,547,9512957,19.535714285714285
14.0,294,9513251,21.0
36.0,828,9514079,23.0
18.0,379,9514458,21.055555555555557
25.0,487,9514945,19.48
17.0,367,9515312,21.58823529411765
45.0,1072,9516384,23.822222222222223
36.0,756,9517140,21.0
10.0,269,9517409,26.9
24.0,545,9517954,22.708333333333332
43.0,945,9518899,21.976744186046513
44.0,966,9519865,21.954545454545453
18.0,324,9520189,18.0
31.0,607,9520796,19.580645161290324
28.0,537,9521333,19.178571428571427
30.0,652,9521985,21.733333333333334
1.0,24,9522009,24.0
32.0,724,9522733,22.625
27.0,592,9523325,21.925925925925927
23.0,455,9523780,19.782608695652176
4.0,115,9523895,28.75
37.0,854,9524749,23.08108108108108
44.0,1045,9525794,23.75
20.0,455,9526249,22.75
15.0,350,9526599,23.333333333333332
26.0,661,9527260,25.423076923076923
19.0,410,9527670,21.57894736842105
23.0,470,9528140,20.434782608695652
23.0,479,9528619,20.82608695652174
20.0,464,9529083,23.2
35.0,727,9529810,20.771428571428572
13.0,315,9530125,24.23076923076923
21.0,440,9530565,20.952380952380953
23.0,477,9531042,20.73913043478261
23.0,593,9531635,25.782608695652176
19.0,464,9532099,24.42105263157895
27.0,596,9532695,22.074074074074073
36.0,682,9533377,18.944444444444443
36.0,840,9534217,23.333333333333332
12.0,301,9534518,25.083333333333332
38.0,982,9535500,25.842105263157894
14.0,276,9535776,19.714285714285715
20.0,391,9536167,19.55
20.0,358,9536525,17.9
18.0,494,9537019,27.444444444444443
8.0,146,9537165,18.25
16.0,331,9537496,20.6875
26.0,566,9538062,21.76923076923077
26.0,714,9538776,27.46153846153846
43.0,1029,9539805,23.930232558139537
18.0,522,9540327,29.0
16.0,283,9540610,17.6875
30.0,749,9541359,24.966666666666665
11.0,181,9541540,16.454545454545453
15.0,313,9541853,20.866666666666667
29.0,686,9542539,23.655172413793103
20.0,393,9542932,19.65
49.0,1259,9544191,25.693877551020407
23.0,524,9544715,22.782608695652176
30.0,539,9545254,17.966666666666665
16.0,323,9545577,20.1875
43.0,970,9546547,22.558139534883722
35.0,709,9547256,20.257142857142856
40.0,943,9548199,23.575
19.0,458,9548657,24.105263157894736
9.0,221,9548878,24.555555555555557
37.0,863,9549741,23.324324324324323
34.0,754,9550495,22.176470588235293
34.0,1241,9551736,36.5
15.0,458,9552194,30.533333333333335
35.0,783,9552977,22.37142857142857
33.0,762,9553739,23.09090909090909
21.0,484,9554223,23.047619047619047
12.0,322,9554545,26.833333333333332
11.0,217,9554762,19.727272727272727
25.0,534,9555296,21.36
31.0,682,9555978,22.0
18.0,434,9556412,24.11111111111111
30.0,686,9557098,22.866666666666667
9.0,188,9557286,20.88888888888889
30.0,643,9557929,21.433333333333334
38.0,882,9558811,23.210526315789473
42.0,887,9559698,21.11904761904762
26.0,611,9560309,23.5
18.0,370,9560679,20.555555555555557
45.0,965,9561644,21.444444444444443
29.0,706,9562350,24.344827586206897
37.0,867,9563217,23.43243243243243
21.0,442,9563659,21.047619047619047
26.0,534,9564193,20.53846153846154
38.0,817,9565010,21.5
26.0,535,9565545,20.576923076923077
30.0,677,9566222,22.566666666666666
22.0,523,9566745,23.772727272727273
22.0,373,9567118,16.954545454545453
16.0,347,9567465,21.6875
19.0,407,9567872,21.42105263157895
39.0,966,9568838,24.76923076923077
31.0,607,9569445,19.580645161290324
28.0,612,9570057,21.857142857142858
33.0,749,9570806,22.696969696969695
22.0,534,9571340,24.272727272727273
35.0,720,9572060,20.571428571428573
41.0,953,9573013,23.24390243902439
15.0,298,9573311,19.866666666666667
26.0,565,9573876,21.73076923076923
28.0,674,9574550,24.071428571428573
36.0,856,9575406,23.77777777777778
36.0,816,9576222,22.666666666666668
47.0,1260,9577482,26.80851063829787
32.0,677,9578159,21.15625
21.0,490,9578649,23.333333333333332
31.0,839,9579488,27.06451612903226
28.0,644,9580132,23.0
37.0,703,9580835,19.0
37.0,853,9581688,23.054054054054053
35.0,751,9582439,21.457142857142856
34.0,873,9583312,25.676470588235293
29.0,660,9583972,22.75862068965517
42.0,854,9584826,20.333333333333332
13.0,340,9585166,26.153846153846153
8.0,153,9585319,19.125
48.0,1053,9586372,21.9375
36.0,789,9587161,21.916666666666668
33.0,754,9587915,22.848484848484848
37.0,1004,9588919,27.135135135135137
19.0,427,9589346,22.473684210526315
28.0,586,9589932,20.928571428571427
34.0,704,9590636,20.705882352941178
16.0,425,9591061,26.5625
37.0,904,9591965,24.43243243243243
17.0,403,9592368,23.705882352941178
34.0,716,9593084,21.058823529411764
17.0,385,9593469,22.647058823529413
18.0,397,9593866,22.055555555555557
25.0,561,9594427,22.44
7.0,165,9594592,23.571428571428573
30.0,726,9595318,24.2
19.0,392,9595710,20.63157894736842
25.0,654,9596364,26.16
25.0,546,9596910,21.84
16.0,343,9597253,21.4375
40.0,955,9598208,23.875
36.0,888,9599096,24.666666666666668
43.0,1062,9600158,24.697674418604652
42.0,947,9601105,22.547619047619047
7.0,215,9601320,30.714285714285715
23.0,533,9601853,23.17391304347826
37.0,817,9602670,22.08108108108108
11.0,228,9602898,20.727272727272727
42.0,1041,9603939,24.785714285714285
28.0,628,9604567,22.428571428571427
24.0,553,9605120,23.041666666666668
41.0,1068,9606188,26.048780487804876
40.0,851,9607039,21.275
45.0,1133,9608172,25.177777777777777
36.0,764,9608936,21.22222222222222
30.0,694,9609630,23.133333333333333
22.0,485,9610115,22.045454545454547
20.0,444,9610559,22.2
12.0,275,9610834,22.916666666666668
29.0,684,9611518,23.586206896551722
20.0,461,9611979,23.05
13.0,308,9612287,23.692307692307693
28.0,545,9612832,19.464285714285715
41.0,1064,9613896,25.951219512195124
45.0,1008,9614904,22.4
11.0,270,9615174,24.545454545454547
48.0,1118,9616292,23.291666666666668
31.0,757,9617049,24.419354838709676
29.0,593,9617642,20.448275862068964
18.0,367,9618009,20.38888888888889
32.0,688,9618697,21.5
44.0,950,9619647,21.59090909090909
2.0,53,9619700,26.5
25.0,575,9620275,23.0
24.0,557,9620832,23.208333333333332
46.0,1032,9621864,22.434782608695652
28.0,578,9622442,20.642857142857142
25.0,577,9623019,23.08
42.0,1031,9624050,24.547619047619047
39.0,940,9624990,24.102564102564102
34.0,746,9625736,21.941176470588236
46.0,1076,9626812,23.391304347826086
49.0,1100,9627912,22.448979591836736
51.0,1162,9629074,22.784313725490197
11.0,240,9629314,21.818181818181817
10.0,163,9629477,16.3
43.0,1053,9630530,24.488372093023255
41.0,1070,9631600,26.097560975609756
44.0,1132,9632732,25.727272727272727
23.0,586,9633318,25.47826086956522
38.0,922,9634240,24.263157894736842
39.0,840,9635080,21.53846153846154
48.0,1314,9636394,27.375
36.0,865,9637259,24.02777777777778
12.0,246,9637505,20.5
24.0,622,9638127,25.916666666666668
33.0,709,9638836,21.484848484848484
26.0,575,9639411,22.115384615384617
29.0,692,9640103,23.862068965517242
28.0,560,9640663,20.0
39.0,828,9641491,21.23076923076923
4.0,135,9641626,33.75
39.0,909,9642535,23.307692307692307
40.0,904,9643439,22.6
17.0,397,9643836,23.352941176470587
51.0,1318,9645154,25.84313725490196
4.0,64,9645218,16.0
27.0,637,9645855,23.59259259259259
33.0,729,9646584,22.09090909090909
35.0,694,9647278,19.82857142857143
7.0,195,9647473,27.857142857142858
21.0,476,9647949,22.666666666666668
27.0,563,9648512,20.85185185185185
23.0,504,9649016,21.91304347826087
32.0,842,9649858,26.3125
28.0,616,9650474,22.0
33.0,781,9651255,23.666666666666668
26.0,638,9651893,24.53846153846154
46.0,1251,9653144,27.195652173913043
37.0,826,9653970,22.324324324324323
48.0,1179,9655149,24.5625
25.0,582,9655731,23.28
39.0,832,9656563,21.333333333333332
3.0,53,9656616,17.666666666666668
8.0,202,9656818,25.25
18.0,460,9657278,25.555555555555557
14.0,287,9657565,20.5
41.0,875,9658440,21.341463414634145
43.0,889,9659329,20.674418604651162
35.0,798,9660127,22.8
29.0,778,9660905,26.82758620689655
30.0,699,9661604,23.3
42.0,1063,9662667,25.30952380952381
32.0,727,9663394,22.71875
6.0,147,9663541,24.5
44.0,947,9664488,21.522727272727273
36.0,819,9665307,22.75
31.0,613,9665920,19.774193548387096
40.0,869,9666789,21.725
32.0,704,9667493,22.0
29.0,645,9668138,22.24137931034483
31.0,718,9668856,23.161290322580644
36.0,846,9669702,23.5
35.0,727,9670429,20.771428571428572
28.0,580,9671009,20.714285714285715
22.0,489,9671498,22.227272727272727
27.0,536,9672034,19.85185185185185
15.0,252,9672286,16.8
25.0,506,9672792,20.24
32.0,607,9673399,18.96875
35.0,862,9674261,24.62857142857143
31.0,597,9674858,19.258064516129032
32.0,744,9675602,23.25
15.0,336,9675938,22.4
15.0,419,9676357,27.933333333333334
25.0,572,9676929,22.88
23.0,536,9677465,23.304347826086957
28.0,631,9678096,22.535714285714285
42.0,971,9679067,23.11904761904762
50.0,1137,9680204,22.74
25.0,567,9680771,22.68
40.0,791,9681562,19.775
30.0,669,9682231,22.3
47.0,1008,9683239,21.4468085106383
38.0,892,9684131,23.473684210526315
23.0,570,9684701,24.782608695652176
36.0,786,9685487,21.833333333333332
9.0,259,9685746,28.77777777777778
47.0,1113,9686859,23.680851063829788
28.0,653,9687512,23.321428571428573
34.0,1238,9688750,36.411764705882355
27.0,557,9689307,20.62962962962963
29.0,546,9689853,18.82758620689655
26.0,589,9690442,22.653846153846153
4.0,76,9690518,19.0
41.0,1091,9691609,26.609756097560975
32.0,765,9692374,23.90625
9.0,168,9692542,18.666666666666668
17.0,352,9692894,20.705882352941178
38.0,872,9693766,22.94736842105263
45.0,955,9694721,21.22222222222222
54.0,1295,9696016,23.98148148148148
39.0,944,9696960,24.205128205128204
36.0,761,9697721,21.13888888888889
39.0,967,9698688,24.794871794871796
28.0,655,9699343,23.392857142857142
29.0,607,9699950,20.93103448275862
39.0,876,9700826,22.46153846153846
36.0,602,9701428,16.72222222222222
22.0,423,9701851,19.227272727272727
40.0,885,9702736,22.125
21.0,478,9703214,22.761904761904763
33.0,777,9703991,23.545454545454547
39.0,1001,9704992,25.666666666666668
48.0,1132,9706124,23.583333333333332
38.0,837,9706961,22.026315789473685
56.0,1375,9708336,24.553571428571427
33.0,677,9709013,20.515151515151516
42.0,1017,9710030,24.214285714285715
39.0,903,9710933,23.153846153846153
13.0,303,9711236,23.307692307692307
37.0,857,9712093,23.16216216216216
36.0,802,9712895,22.27777777777778
37.0,899,9713794,24.2972972972973
48.0,1226,9715020,25.541666666666668
17.0,365,9715385,21.470588235294116
34.0,915,9716300,26.91176470588235
26.0,541,9716841,20.807692307692307
13.0,220,9717061,16.923076923076923
26.0,532,9717593,20.46153846153846
30.0,685,9718278,22.833333333333332
43.0,1123,9719401,26.11627906976744
14.0,335,9719736,23.928571428571427
20.0,470,9720206,23.5
48.0,1208,9721414,25.166666666666668
42.0,1040,9722454,24.761904761904763
24.0,505,9722959,21.041666666666668
26.0,651,9723610,25.03846153846154
26.0,593,9724203,22.807692307692307
26.0,570,9724773,21.923076923076923
35.0,839,9725612,23.97142857142857
44.0,910,9726522,20.681818181818183
15.0,297,9726819,19.8
18.0,416,9727235,23.11111111111111
40.0,1078,9728313,26.95
39.0,788,9729101,20.205128205128204
36.0,852,9729953,23.666666666666668
23.0,474,9730427,20.608695652173914
28.0,653,9731080,23.321428571428573
38.0,1055,9732135,27.763157894736842
25.0,672,9732807,26.88
44.0,1074,9733881,24.40909090909091
15.0,291,9734172,19.4
33.0,739,9734911,22.393939393939394
38.0,912,9735823,24.0
26.0,611,9736434,23.5
35.0,725,9737159,20.714285714285715
16.0,343,9737502,21.4375
36.0,652,9738154,18.11111111111111
32.0,685,9738839,21.40625
24.0,486,9739325,20.25
45.0,935,9740260,20.77777777777778
32.0,716,9740976,22.375
10.0,198,9741174,19.8
35.0,1013,9742187,28.942857142857143
32.0,762,9742949,23.8125
25.0,645,9743594,25.8
21.0,369,9743963,17.571428571428573
15.0,339,9744302,22.6
4.0,60,9744362,15.0
28.0,564,9744926,20.142857142857142
29.0,553,9745479,19.06896551724138
21.0,417,9745896,19.857142857142858
40.0,978,9746874,24.45
22.0,475,9747349,21.59090909090909
36.0,925,9748274,25.694444444444443
22.0,498,9748772,22.636363636363637
22.0,523,9749295,23.772727272727273
44.0,1056,9750351,24.0
38.0,847,9751198,22.289473684210527
43.0,1041,9752239,24.209302325581394
20.0,407,9752646,20.35
41.0,924,9753570,22.536585365853657
10.0,150,9753720,15.0
26.0,628,9754348,24.153846153846153
22.0,492,9754840,22.363636363636363
40.0,884,9755724,22.1
30.0,586,9756310,19.533333333333335
30.0,644,9756954,21.466666666666665
26.0,636,9757590,24.46153846153846
18.0,489,9758079,27.166666666666668
10.0,231,9758310,23.1
21.0,378,9758688,18.0
34.0,809,9759497,23.794117647058822
18.0,387,9759884,21.5
4.0,117,9760001,29.25
32.0,606,9760607,18.9375
45.0,1000,9761607,22.22222222222222
50.0,1256,9762863,25.12
14.0,341,9763204,24.357142857142858
31.0,727,9763931,23.451612903225808
35.0,858,9764789,24.514285714285716
28.0,606,9765395,21.642857142857142
21.0,460,9765855,21.904761904761905
28.0,663,9766518,23.678571428571427
38.0,961,9767479,25.289473684210527
22.0,461,9767940,20.954545454545453
24.0,630,9768570,26.25
34.0,822,9769392,24.176470588235293
43.0,1076,9770468,25.023255813953487
25.0,614,9771082,24.56
34.0,612,9771694,18.0
29.0,722,9772416,24.896551724137932
43.0,1055,9773471,24.53488372093023
30.0,636,9774107,21.2
17.0,301,9774408,17.705882352941178
56.0,1441,9775849,25.732142857142858
23.0,513,9776362,22.304347826086957
28.0,552,9776914,19.714285714285715
30.0,640,9777554,21.333333333333332
35.0,803,9778357,22.942857142857143
44.0,1009,9779366,22.931818181818183
40.0,818,9780184,20.45
25.0,645,9780829,25.8
42.0,959,9781788,22.833333333333332
31.0,700,9782488,22.580645161290324
45.0,1393,9783881,30.955555555555556
8.0,162,9784043,20.25
24.0,614,9784657,25.583333333333332
16.0,289,9784946,18.0625
32.0,740,9785686,23.125
20.0,492,9786178,24.6
20.0,348,9786526,17.4
25.0,630,9787156,25.2
32.0,717,9787873,22.40625
45.0,980,9788853,21.77777777777778
23.0,515,9789368,22.391304347826086
28.0,620,9789988,22.142857142857142
38.0,863,9790851,22.710526315789473
24.0,561,9791412,23.375
38.0,819,9792231,21.55263157894737
36.0,873,9793104,24.25
26.0,678,9793782,26.076923076923077
33.0,686,9794468,20.78787878787879
17.0,397,9794865,23.352941176470587
22.0,508,9795373,23.09090909090909
36.0,822,9796195,22.833333333333332
2.0,43,9796238,21.5
23.0,434,9796672,18.869565217391305
34.0,817,9797489,24.029411764705884
9.0,220,9797709,24.444444444444443
18.0,342,9798051,19.0
47.0,1175,9799226,25.0
47.0,1146,9800372,24.382978723404257
34.0,921,9801293,27.08823529411765
30.0,680,9801973,22.666666666666668
41.0,964,9802937,23.51219512195122
18.0,396,9803333,22.0
26.0,578,9803911,22.23076923076923
21.0,389,9804300,18.523809523809526
49.0,1295,9805595,26.428571428571427
25.0,614,9806209,24.56
37.0,812,9807021,21.945945945945947
37.0,891,9807912,24.08108108108108
30.0,697,9808609,23.233333333333334
41.0,966,9809575,23.5609756097561
32.0,837,9810412,26.15625
37.0,928,9811340,25.08108108108108
33.0,886,9812226,26.848484848484848
15.0,317,9812543,21.133333333333333
35.0,838,9813381,23.942857142857143
17.0,344,9813725,20.235294117647058
33.0,746,9814471,22.606060606060606
24.0,572,9815043,23.833333333333332
17.0,364,9815407,21.41176470588235
25.0,569,9815976,22.76
29.0,628,9816604,21.655172413793103
37.0,821,9817425,22.18918918918919
37.0,841,9818266,22.72972972972973
39.0,898,9819164,23.025641025641026
19.0,525,9819689,27.63157894736842
35.0,798,9820487,22.8
22.0,434,9820921,19.727272727272727
28.0,633,9821554,22.607142857142858
23.0,476,9822030,20.695652173913043
33.0,751,9822781,22.757575757575758
17.0,315,9823096,18.529411764705884
23.0,664,9823760,28.869565217391305
31.0,782,9824542,25.225806451612904
1.0,36,9824578,36.0
48.0,1052,9825630,21.916666666666668
10.0,200,9825830,20.0
41.0,903,9826733,22.024390243902438
47.0,1196,9827929,25.4468085106383
34.0,928,9828857,27.294117647058822
35.0,923,9829780,26.37142857142857
42.0,1174,9830954,27.952380952380953
3.0,91,9831045,30.333333333333332
21.0,564,9831609,26.857142857142858
25.0,598,9832207,23.92
53.0,1278,9833485,24.11320754716981
8.0,208,9833693,26.0
34.0,898,9834591,26.41176470588235
37.0,818,9835409,22.10810810810811
33.0,913,9836322,27.666666666666668
22.0,587,9836909,26.681818181818183
26.0,809,9837718,31.115384615384617
28.0,658,9838376,23.5
39.0,1003,9839379,25.71794871794872
38.0,1026,9840405,27.0
41.0,1033,9841438,25.195121951219512
51.0,1560,9842998,30.58823529411765
27.0,755,9843753,27.962962962962962
32.0,944,9844697,29.5
31.0,862,9845559,27.806451612903224
34.0,1410,9846969,41.470588235294116
20.0,482,9847451,24.1
20.0,499,9847950,24.95
28.0,739,9848689,26.392857142857142
27.0,728,9849417,26.962962962962962
43.0,1148,9850565,26.697674418604652
24.0,616,9851181,25.666666666666668
43.0,1098,9852279,25.53488372093023
19.0,545,9852824,28.68421052631579
39.0,1039,9853863,26.641025641025642
36.0,904,9854767,25.11111111111111
37.0,1087,9855854,29.37837837837838
9.0,246,9856100,27.333333333333332
7.0,214,9856314,30.571428571428573
25.0,642,9856956,25.68
41.0,1250,9858206,30.48780487804878
10.0,284,9858490,28.4
22.0,660,9859150,30.0
26.0,756,9859906,29.076923076923077
49.0,1326,9861232,27.06122448979592
51.0,1676,9862908,32.86274509803921
32.0,1041,9863949,32.53125
39.0,1057,9865006,27.102564102564102
24.0,649,9865655,27.041666666666668
37.0,985,9866640,26.62162162162162
33.0,817,9867457,24.757575757575758
46.0,1264,9868721,27.47826086956522
38.0,913,9869634,24.026315789473685
20.0,613,9870247,30.65
40.0,997,9871244,24.925
30.0,762,9872006,25.4
46.0,1400,9873406,30.434782608695652
38.0,857,9874263,22.55263157894737
32.0,771,9875034,24.09375
17.0,476,9875510,28.0
6.0,225,9875735,37.5
18.0,544,9876279,30.22222222222222
10.0,268,9876547,26.8
20.0,533,9877080,26.65
33.0,822,9877902,24.90909090909091
33.0,901,9878803,27.303030303030305
48.0,1256,9880059,26.166666666666668
8.0,181,9880240,22.625
29.0,742,9880982,25.586206896551722
22.0,736,9881718,33.45454545454545
51.0,1548,9883266,30.352941176470587
30.0,901,9884167,30.033333333333335
46.0,1453,9885620,31.58695652173913
65.0,1896,9887516,29.16923076923077
38.0,1100,9888616,28.94736842105263
50.0,1350,9889966,27.0
51.0,1391,9891357,27.274509803921568
35.0,948,9892305,27.085714285714285
16.0,517,9892822,32.3125
33.0,887,9893709,26.87878787878788
25.0,617,9894326,24.68
38.0,1021,9895347,26.86842105263158
31.0,736,9896083,23.741935483870968
26.0,731,9896814,28.115384615384617
17.0,471,9897285,27.705882352941178
7.0,183,9897468,26.142857142857142
37.0,1096,9898564,29.62162162162162
33.0,1072,9899636,32.484848484848484
23.0,597,9900233,25.956521739130434
18.0,453,9900686,25.166666666666668
40.0,1277,9901963,31.925
35.0,826,9902789,23.6
19.0,466,9903255,24.526315789473685
42.0,1084,9904339,25.80952380952381
28.0,754,9905093,26.928571428571427
27.0,688,9905781,25.48148148148148
12.0,294,9906075,24.5
22.0,582,9906657,26.454545454545453
22.0,562,9907219,25.545454545454547
40.0,1169,9908388,29.225
45.0,1388,9909776,30.844444444444445
26.0,767,9910543,29.5
41.0,1308,9911851,31.902439024390244
34.0,931,9912782,27.38235294117647
33.0,801,9913583,24.272727272727273
35.0,963,9914546,27.514285714285716
46.0,1274,9915820,27.695652173913043
31.0,839,9916659,27.06451612903226
32.0,1024,9917683,32.0
29.0,773,9918456,26.655172413793103
32.0,1015,9919471,31.71875
24.0,844,9920315,35.166666666666664
36.0,1083,9921398,30.083333333333332
31.0,856,9922254,27.612903225806452
30.0,830,9923084,27.666666666666668
35.0,922,9924006,26.34285714285714
40.0,1058,9925064,26.45
30.0,897,9925961,29.9
32.0,830,9926791,25.9375
27.0,761,9927552,28.185185185185187
38.0,1005,9928557,26.44736842105263
22.0,585,9929142,26.59090909090909
26.0,803,9929945,30.884615384615383
54.0,1618,9931563,29.962962962962962
38.0,1198,9932761,31.526315789473685
21.0,676,9933437,32.19047619047619
40.0,1264,9934701,31.6
31.0,780,9935481,25.161290322580644
35.0,1105,9936586,31.571428571428573
67.0,2194,9938780,32.74626865671642
22.0,611,9939391,27.772727272727273
55.0,1754,9941145,31.89090909090909
13.0,375,9941520,28.846153846153847
31.0,904,9942424,29.161290322580644
23.0,597,9943021,25.956521739130434
60.0,1647,9944668,27.45
31.0,859,9945527,27.70967741935484
20.0,578,9946105,28.9
26.0,752,9946857,28.923076923076923
43.0,1207,9948064,28.069767441860463
47.0,1439,9949503,30.617021276595743
32.0,914,9950417,28.5625
37.0,996,9951413,26.91891891891892
26.0,717,9952130,27.576923076923077
25.0,740,9952870,29.6
54.0,1766,9954636,32.7037037037037
26.0,799,9955435,30.73076923076923
24.0,588,9956023,24.5
15.0,478,9956501,31.866666666666667
28.0,781,9957282,27.892857142857142
30.0,836,9958118,27.866666666666667
28.0,782,9958900,27.928571428571427
17.0,481,9959381,28.294117647058822
24.0,779,9960160,32.458333333333336
28.0,752,9960912,26.857142857142858
3.0,122,9961034,40.666666666666664
37.0,1095,9962129,29.594594594594593
32.0,1084,9963213,33.875
20.0,681,9963894,34.05
40.0,1158,9965052,28.95
33.0,1156,9966208,35.03030303030303
43.0,1319,9967527,30.674418604651162
32.0,999,9968526,31.21875
29.0,826,9969352,28.482758620689655
49.0,1360,9970712,27.755102040816325
19.0,622,9971334,32.73684210526316
29.0,908,9972242,31.310344827586206
34.0,1002,9973244,29.470588235294116
26.0,818,9974062,31.46153846153846
49.0,1320,9975382,26.93877551020408
37.0,969,9976351,26.18918918918919
41.0,1402,9977753,34.19512195121951
22.0,663,9978416,30.136363636363637
14.0,386,9978802,27.571428571428573
41.0,1236,9980038,30.146341463414632
32.0,1061,9981099,33.15625
45.0,1295,9982394,28.77777777777778
19.0,448,9982842,23.57894736842105
42.0,1201,9984043,28.595238095238095
36.0,880,9984923,24.444444444444443
24.0,717,9985640,29.875
29.0,858,9986498,29.586206896551722
17.0,600,9987098,35.294117647058826
36.0,1007,9988105,27.97222222222222
40.0,1307,9989412,32.675
44.0,1261,9990673,28.65909090909091
39.0,1279,9991952,32.794871794871796
32.0,847,9992799,26.46875
43.0,1177,9993976,27.372093023255815
48.0,1547,9995523,32.229166666666664
36.0,1034,9996557,28.72222222222222
29.0,874,9997431,30.137931034482758
63.0,1841,9999272,29.22222222222222
25.0,698,9999970,27.92
39.0,1233,10001203,31.615384615384617
35.0,992,10002195,28.34285714285714
47.0,1532,10003727,32.59574468085106
20.0,584,10004311,29.2
42.0,1428,10005739,34.0
40.0,1291,10007030,32.275
40.0,1204,10008234,30.1
27.0,752,10008986,27.85185185185185
42.0,1284,10010270,30.571428571428573
34.0,937,10011207,27.558823529411764
21.0,597,10011804,28.428571428571427
7.0,198,10012002,28.285714285714285
40.0,1108,10013110,27.7
17.0,545,10013655,32.05882352941177
29.0,854,10014509,29.448275862068964
28.0,867,10015376,30.964285714285715
25.0,815,10016191,32.6
14.0,342,10016533,24.428571428571427
39.0,1163,10017696,29.82051282051282
11.0,322,10018018,29.272727272727273
41.0,1235,10019253,30.121951219512194
44.0,1155,10020408,26.25
20.0,635,10021043,31.75
38.0,1179,10022222,31.026315789473685
19.0,540,10022762,28.42105263157895
23.0,710,10023472,30.869565217391305
47.0,1558,10025030,33.148936170212764
33.0,890,10025920,26.96969696969697
22.0,679,10026599,30.863636363636363
33.0,1148,10027747,34.78787878787879
26.0,742,10028489,28.53846153846154
30.0,847,10029336,28.233333333333334
26.0,724,10030060,27.846153846153847
21.0,524,10030584,24.952380952380953
29.0,910,10031494,31.379310344827587
41.0,1246,10032740,30.390243902439025
43.0,1149,10033889,26.72093023255814
18.0,509,10034398,28.27777777777778
32.0,816,10035214,25.5
25.0,640,10035854,25.6
22.0,665,10036519,30.227272727272727
10.0,293,10036812,29.3
38.0,1163,10037975,30.605263157894736
21.0,595,10038570,28.333333333333332
25.0,710,10039280,28.4
46.0,1451,10040731,31.543478260869566
36.0,1272,10042003,35.333333333333336
21.0,647,10042650,30.80952380952381
26.0,681,10043331,26.192307692307693
56.0,1512,10044843,27.0
28.0,908,10045751,32.42857142857143
25.0,674,10046425,26.96
29.0,785,10047210,27.06896551724138
23.0,628,10047838,27.304347826086957
29.0,883,10048721,30.448275862068964
29.0,967,10049688,33.3448275862069
43.0,1206,10050894,28.046511627906977
26.0,639,10051533,24.576923076923077
9.0,313,10051846,34.77777777777778
15.0,388,10052234,25.866666666666667
51.0,1415,10053649,27.745098039215687
18.0,528,10054177,29.333333333333332
16.0,412,10054589,25.75
29.0,789,10055378,27.20689655172414
36.0,971,10056349,26.97222222222222
14.0,503,10056852,35.92857142857143
34.0,947,10057799,27.852941176470587
13.0,309,10058108,23.76923076923077
25.0,675,10058783,27.0
24.0,688,10059471,28.666666666666668
30.0,904,10060375,30.133333333333333
24.0,582,10060957,24.25
12.0,329,10061286,27.416666666666668
4.0,97,10061383,24.25
35.0,1088,10062471,31.085714285714285
44.0,1121,10063592,25.477272727272727
24.0,554,10064146,23.083333333333332
35.0,934,10065080,26.685714285714287
33.0,942,10066022,28.545454545454547
37.0,1087,10067109,29.37837837837838
34.0,880,10067989,25.88235294117647
45.0,1254,10069243,27.866666666666667
27.0,768,10070011,28.444444444444443
48.0,1245,10071256,25.9375
26.0,833,10072089,32.03846153846154
37.0,948,10073037,25.62162162162162
41.0,1119,10074156,27.29268292682927
35.0,979,10075135,27.97142857142857
27.0,696,10075831,25.77777777777778
37.0,1140,10076971,30.81081081081081
31.0,886,10077857,28.580645161290324
40.0,1187,10079044,29.675
27.0,707,10079751,26.185185185185187
43.0,1427,10081178,33.18604651162791
17.0,453,10081631,26.647058823529413
30.0,844,10082475,28.133333333333333
44.0,1268,10083743,28.818181818181817
35.0,1380,10085123,39.42857142857143
3.0,80,10085203,26.666666666666668
33.0,830,10086033,25.151515151515152
8.0,278,10086311,34.75
24.0,712,10087023,29.666666666666668
8.0,175,10087198,21.875
41.0,1112,10088310,27.121951219512194
34.0,933,10089243,27.441176470588236
16.0,447,10089690,27.9375
11.0,337,10090027,30.636363636363637
25.0,579,10090606,23.16
29.0,746,10091352,25.724137931034484
36.0,941,10092293,26.13888888888889
43.0,1057,10093350,24.58139534883721
36.0,870,10094220,24.166666666666668
3.0,91,10094311,30.333333333333332
13.0,361,10094672,27.76923076923077
3.0,129,10094801,43.0
32.0,771,10095572,24.09375
44.0,1128,10096700,25.636363636363637
4.0,126,10096826,31.5
35.0,961,10097787,27.457142857142856
3.0,87,10097874,29.0
41.0,1098,10098972,26.78048780487805
16.0,428,10099400,26.75
12.0,283,10099683,23.583333333333332
15.0,423,10100106,28.2
2.0,33,10100139,16.5
21.0,572,10100711,27.238095238095237
4.0,89,10100800,22.25
3.0,66,10100866,22.0
24.0,662,10101528,27.583333333333332
48.0,1476,10103004,30.75
35.0,989,10103993,28.257142857142856
21.0,553,10104546,26.333333333333332
25.0,731,10105277,29.24
24.0,624,10105901,26.0
40.0,995,10106896,24.875
35.0,1142,10108038,32.628571428571426
30.0,791,10108829,26.366666666666667
26.0,791,10109620,30.423076923076923
38.0,963,10110583,25.342105263157894
28.0,685,10111268,24.464285714285715
34.0,1042,10112310,30.647058823529413
30.0,778,10113088,25.933333333333334
35.0,964,10114052,27.542857142857144
35.0,904,10114956,25.82857142857143
20.0,482,10115438,24.1
34.0,839,10116277,24.676470588235293
12.0,291,10116568,24.25
5.0,124,10116692,24.8
22.0,523,10117215,23.772727272727273
1.0,40,10117255,40.0
1.0,21,10117276,21.0
6.0,169,10117445,28.166666666666668
6.0,208,10117653,34.666666666666664
1.0,52,10117705,52.0
1.0,53,10117758,53.0
6.0,161,10117919,26.833333333333332
5.0,124,10118043,24.8
3.0,61,10118104,20.333333333333332
21.0,584,10118688,27.80952380952381
23.0,598,10119286,26.0
13.0,367,10119653,28.23076923076923
33.0,735,10120388,22.272727272727273
21.0,537,10120925,25.571428571428573
38.0,1066,10121991,28.05263157894737
26.0,541,10122532,20.807692307692307
36.0,953,10123485,26.47222222222222
28.0,690,10124175,24.642857142857142
27.0,667,10124842,24.703703703703702
43.0,1240,10126082,28.837209302325583
20.0,523,10126605,26.15
30.0,731,10127336,24.366666666666667
15.0,394,10127730,26.266666666666666
28.0,633,10128363,22.607142857142858
32.0,944,10129307,29.5
23.0,601,10129908,26.130434782608695
28.0,629,10130537,22.464285714285715
10.0,175,10130712,17.5
39.0,1121,10131833,28.743589743589745
27.0,694,10132527,25.703703703703702
17.0,444,10132971,26.11764705882353
24.0,564,10133535,23.5
13.0,362,10133897,27.846153846153847
26.0,659,10134556,25.346153846153847
34.0,923,10135479,27.147058823529413
33.0,856,10136335,25.939393939393938
35.0,972,10137307,27.771428571428572
25.0,694,10138001,27.76
45.0,1220,10139221,27.11111111111111
52.0,1449,10140670,27.865384615384617
44.0,1375,10142045,31.25
18.0,460,10142505,25.555555555555557
37.0,1015,10143520,27.43243243243243
29.0,710,10144230,24.482758620689655
8.0,245,10144475,30.625
47.0,1309,10145784,27.851063829787233
51.0,1543,10147327,30.254901960784313
37.0,1168,10148495,31.56756756756757
45.0,1225,10149720,27.22222222222222
18.0,387,10150107,21.5
15.0,399,10150506,26.6
32.0,952,10151458,29.75
24.0,710,10152168,29.583333333333332
58.0,1584,10153752,27.310344827586206
24.0,739,10154491,30.791666666666668
32.0,803,10155294,25.09375
40.0,1290,10156584,32.25
24.0,582,10157166,24.25
25.0,632,10157798,25.28
50.0,1624,10159422,32.48
31.0,855,10160277,27.580645161290324
30.0,717,10160994,23.9
43.0,1286,10162280,29.906976744186046
41.0,1311,10163591,31.975609756097562
44.0,1133,10164724,25.75
33.0,760,10165484,23.03030303030303
30.0,889,10166373,29.633333333333333
24.0,637,10167010,26.541666666666668
53.0,1480,10168490,27.92452830188679
35.0,854,10169344,24.4
37.0,1095,10170439,29.594594594594593
24.0,653,10171092,27.208333333333332
14.0,356,10171448,25.428571428571427
23.0,532,10171980,23.130434782608695
45.0,1295,10173275,28.77777777777778
19.0,453,10173728,23.842105263157894
19.0,498,10174226,26.210526315789473
32.0,748,10174974,23.375
30.0,877,10175851,29.233333333333334
19.0,425,10176276,22.36842105263158
31.0,740,10177016,23.870967741935484
60.0,1714,10178730,28.566666666666666
38.0,1092,10179822,28.736842105263158
28.0,679,10180501,24.25
34.0,1367,10181868,40.205882352941174
32.0,831,10182699,25.96875
57.0,1662,10184361,29.157894736842106
13.0,399,10184760,30.692307692307693
18.0,442,10185202,24.555555555555557
21.0,649,10185851,30.904761904761905
34.0,927,10186778,27.264705882352942
48.0,1401,10188179,29.1875
36.0,949,10189128,26.36111111111111
37.0,1000,10190128,27.027027027027028
46.0,1385,10191513,30.108695652173914
38.0,1057,10192570,27.81578947368421
8.0,213,10192783,26.625
18.0,532,10193315,29.555555555555557
18.0,530,10193845,29.444444444444443
32.0,811,10194656,25.34375
40.0,985,10195641,24.625
44.0,1244,10196885,28.272727272727273
18.0,443,10197328,24.61111111111111
54.0,1449,10198777,26.833333333333332
31.0,911,10199688,29.387096774193548
21.0,536,10200224,25.523809523809526
24.0,597,10200821,24.875
24.0,752,10201573,31.333333333333332
45.0,1215,10202788,27.0
52.0,1563,10204351,30.057692307692307
31.0,769,10205120,24.806451612903224
26.0,655,10205775,25.192307692307693
37.0,1031,10206806,27.864864864864863
8.0,124,10206930,15.5
29.0,961,10207891,33.13793103448276
45.0,1304,10209195,28.977777777777778
13.0,373,10209568,28.692307692307693
37.0,896,10210464,24.216216216216218
13.0,323,10210787,24.846153846153847
52.0,1746,10212533,33.57692307692308
37.0,935,10213468,25.27027027027027
26.0,631,10214099,24.26923076923077
51.0,1808,10215907,35.450980392156865
28.0,772,10216679,27.571428571428573
20.0,601,10217280,30.05
26.0,673,10217953,25.884615384615383
19.0,498,10218451,26.210526315789473
49.0,1239,10219690,25.285714285714285
14.0,332,10220022,23.714285714285715
34.0,1317,10221339,38.73529411764706
17.0,370,10221709,21.764705882352942
25.0,691,10222400,27.64
43.0,1290,10223690,30.0
41.0,1048,10224738,25.5609756097561
30.0,780,10225518,26.0
26.0,763,10226281,29.346153846153847
23.0,543,10226824,23.608695652173914
31.0,767,10227591,24.741935483870968
33.0,885,10228476,26.818181818181817
13.0,327,10228803,25.153846153846153
44.0,1352,10230155,30.727272727272727
23.0,535,10230690,23.26086956521739
13.0,280,10230970,21.53846153846154
49.0,1324,10232294,27.020408163265305
7.0,127,10232421,18.142857142857142
38.0,1272,10233693,33.473684210526315
33.0,951,10234644,28.818181818181817
21.0,661,10235305,31.476190476190474
13.0,329,10235634,25.307692307692307
16.0,474,10236108,29.625
34.0,907,10237015,26.676470588235293
41.0,1047,10238062,25.536585365853657
36.0,919,10238981,25.52777777777778
6.0,211,10239192,35.166666666666664
35.0,920,10240112,26.285714285714285
10.0,302,10240414,30.2
47.0,1252,10241666,26.638297872340427
39.0,1030,10242696,26.41025641025641
16.0,457,10243153,28.5625
49.0,1538,10244691,31.387755102040817
37.0,1038,10245729,28.054054054054053
17.0,465,10246194,27.352941176470587
16.0,428,10246622,26.75
33.0,965,10247587,29.242424242424242
35.0,928,10248515,26.514285714285716
15.0,425,10248940,28.333333333333332
23.0,506,10249446,22.0
31.0,755,10250201,24.35483870967742
20.0,502,10250703,25.1
12.0,282,10250985,23.5
46.0,1214,10252199,26.391304347826086
44.0,1195,10253394,27.15909090909091
47.0,1309,10254703,27.851063829787233
36.0,1038,10255741,28.833333333333332
31.0,902,10256643,29.096774193548388
12.0,369,10257012,30.75
31.0,761,10257773,24.548387096774192
52.0,1450,10259223,27.884615384615383
45.0,1458,10260681,32.4
19.0,454,10261135,23.894736842105264
13.0,254,10261389,19.53846153846154
55.0,1580,10262969,28.727272727272727
12.0,348,10263317,29.0
38.0,1087,10264404,28.605263157894736
18.0,407,10264811,22.61111111111111
25.0,658,10265469,26.32
38.0,1133,10266602,29.81578947368421
13.0,297,10266899,22.846153846153847
41.0,1243,10268142,30.317073170731707
33.0,835,10268977,25.303030303030305
40.0,1121,10270098,28.025
51.0,1580,10271678,30.980392156862745
47.0,1226,10272904,26.085106382978722
13.0,286,10273190,22.0
6.0,135,10273325,22.5
41.0,1018,10274343,24.829268292682926
35.0,940,10275283,26.857142857142858
15.0,430,10275713,28.666666666666668
42.0,983,10276696,23.404761904761905
19.0,552,10277248,29.05263157894737
24.0,678,10277926,28.25
20.0,566,10278492,28.3
12.0,401,10278893,33.416666666666664
31.0,826,10279719,26.64516129032258
32.0,994,10280713,31.0625
11.0,333,10281046,30.272727272727273
3.0,90,10281136,30.0
9.0,251,10281387,27.88888888888889
31.0,802,10282189,25.870967741935484
41.0,1042,10283231,25.414634146341463
44.0,1111,10284342,25.25
20.0,568,10284910,28.4
38.0,901,10285811,23.710526315789473
39.0,1001,10286812,25.666666666666668
41.0,1087,10287899,26.51219512195122
42.0,1163,10289062,27.69047619047619
31.0,775,10289837,25.0
6.0,173,10290010,28.833333333333332
14.0,363,10290373,25.928571428571427
39.0,1001,10291374,25.666666666666668
18.0,422,10291796,23.444444444444443
26.0,641,10292437,24.653846153846153
16.0,421,10292858,26.3125
27.0,814,10293672,30.14814814814815
44.0,1142,10294814,25.954545454545453
15.0,358,10295172,23.866666666666667
33.0,899,10296071,27.242424242424242
35.0,900,10296971,25.714285714285715
28.0,752,10297723,26.857142857142858
22.0,747,10298470,33.95454545454545
27.0,696,10299166,25.77777777777778
32.0,845,10300011,26.40625
18.0,521,10300532,28.944444444444443
26.0,746,10301278,28.692307692307693
34.0,993,10302271,29.205882352941178
25.0,732,10303003,29.28
25.0,594,10303597,23.76
23.0,610,10304207,26.52173913043478
39.0,958,10305165,24.564102564102566
29.0,841,10306006,29.0
18.0,477,10306483,26.5
28.0,685,10307168,24.464285714285715
30.0,740,10307908,24.666666666666668
19.0,460,10308368,24.210526315789473
29.0,718,10309086,24.75862068965517
30.0,859,10309945,28.633333333333333
20.0,547,10310492,27.35
2.0,42,10310534,21.0
19.0,545,10311079,28.68421052631579
22.0,584,10311663,26.545454545454547
29.0,752,10312415,25.93103448275862
37.0,1045,10313460,28.243243243243242
50.0,1398,10314858,27.96
26.0,773,10315631,29.73076923076923
28.0,725,10316356,25.892857142857142
28.0,943,10317299,33.67857142857143
25.0,621,10317920,24.84
38.0,1077,10318997,28.342105263157894
17.0,434,10319431,25.529411764705884
38.0,1067,10320498,28.07894736842105
31.0,841,10321339,27.129032258064516
24.0,628,10321967,26.166666666666668
30.0,760,10322727,25.333333333333332
45.0,1237,10323964,27.488888888888887
7.0,167,10324131,23.857142857142858
29.0,725,10324856,25.0
47.0,1161,10326017,24.70212765957447
32.0,819,10326836,25.59375
34.0,890,10327726,26.176470588235293
23.0,574,10328300,24.956521739130434
12.0,277,10328577,23.083333333333332
31.0,824,10329401,26.580645161290324
26.0,602,10330003,23.153846153846153
31.0,779,10330782,25.129032258064516
34.0,1044,10331826,30.705882352941178
21.0,610,10332436,29.047619047619047
32.0,915,10333351,28.59375
43.0,1266,10334617,29.441860465116278
54.0,1580,10336197,29.25925925925926
19.0,505,10336702,26.57894736842105
30.0,861,10337563,28.7
11.0,265,10337828,24.09090909090909
36.0,1098,10338926,30.5
19.0,554,10339480,29.157894736842106
19.0,488,10339968,25.68421052631579
48.0,1282,10341250,26.708333333333332
37.0,897,10342147,24.243243243243242
27.0,750,10342897,27.77777777777778
33.0,830,10343727,25.151515151515152
29.0,758,10344485,26.137931034482758
24.0,626,10345111,26.083333333333332
22.0,641,10345752,29.136363636363637
57.0,1628,10347380,28.56140350877193
17.0,414,10347794,24.352941176470587
15.0,426,10348220,28.4
18.0,508,10348728,28.22222222222222
26.0,722,10349450,27.76923076923077
32.0,892,10350342,27.875
29.0,757,10351099,26.103448275862068
25.0,697,10351796,27.88
42.0,1049,10352845,24.976190476190474
19.0,521,10353366,27.42105263157895
49.0,1352,10354718,27.591836734693878
25.0,671,10355389,26.84
36.0,923,10356312,25.63888888888889
20.0,512,10356824,25.6
17.0,401,10357225,23.58823529411765
31.0,711,10357936,22.93548387096774
6.0,133,10358069,22.166666666666668
24.0,638,10358707,26.583333333333332
16.0,360,10359067,22.5
33.0,857,10359924,25.96969696969697
17.0,506,10360430,29.764705882352942
29.0,705,10361135,24.310344827586206
49.0,1456,10362591,29.714285714285715
30.0,728,10363319,24.266666666666666
15.0,403,10363722,26.866666666666667
19.0,529,10364251,27.842105263157894
36.0,964,10365215,26.77777777777778
23.0,534,10365749,23.217391304347824
31.0,816,10366565,26.322580645161292
9.0,239,10366804,26.555555555555557
31.0,903,10367707,29.129032258064516
34.0,1018,10368725,29.941176470588236
31.0,806,10369531,26.0
30.0,857,10370388,28.566666666666666
43.0,1093,10371481,25.41860465116279
27.0,602,10372083,22.296296296296298
40.0,1008,10373091,25.2
39.0,999,10374090,25.615384615384617
34.0,1007,10375097,29.61764705882353
22.0,610,10375707,27.727272727272727
18.0,551,10376258,30.61111111111111
50.0,1390,10377648,27.8
19.0,498,10378146,26.210526315789473
30.0,773,10378919,25.766666666666666
47.0,1462,10380381,31.106382978723403
30.0,697,10381078,23.233333333333334
26.0,643,10381721,24.73076923076923
29.0,689,10382410,23.75862068965517
40.0,1063,10383473,26.575
19.0,468,10383941,24.63157894736842
28.0,672,10384613,24.0
34.0,829,10385442,24.38235294117647
36.0,951,10386393,26.416666666666668
33.0,878,10387271,26.606060606060606
39.0,1098,10388369,28.153846153846153
31.0,894,10389263,28.838709677419356
41.0,1185,10390448,28.902439024390244
27.0,690,10391138,25.555555555555557
27.0,689,10391827,25.51851851851852
32.0,948,10392775,29.625
28.0,867,10393642,30.964285714285715
28.0,835,10394477,29.821428571428573
20.0,504,10394981,25.2
19.0,436,10395417,22.94736842105263
28.0,691,10396108,24.678571428571427
38.0,900,10397008,23.68421052631579
30.0,856,10397864,28.533333333333335
18.0,425,10398289,23.61111111111111
29.0,752,10399041,25.93103448275862
37.0,950,10399991,25.675675675675677
22.0,598,10400589,27.181818181818183
15.0,440,10401029,29.333333333333332
31.0,813,10401842,26.225806451612904
31.0,848,10402690,27.35483870967742
18.0,517,10403207,28.72222222222222
28.0,645,10403852,23.035714285714285
18.0,458,10404310,25.444444444444443
24.0,714,10405024,29.75
30.0,746,10405770,24.866666666666667
17.0,407,10406177,23.941176470588236
36.0,1025,10407202,28.47222222222222
33.0,808,10408010,24.484848484848484
16.0,523,10408533,32.6875
39.0,1060,10409593,27.17948717948718
29.0,804,10410397,27.724137931034484
28.0,816,10411213,29.142857142857142
39.0,1069,10412282,27.41025641025641
25.0,649,10412931,25.96
20.0,524,10413455,26.2
22.0,606,10414061,27.545454545454547
18.0,428,10414489,23.77777777777778
44.0,1148,10415637,26.09090909090909
23.0,553,10416190,24.043478260869566
35.0,999,10417189,28.542857142857144
42.0,1111,10418300,26.452380952380953
23.0,592,10418892,25.73913043478261
30.0,799,10419691,26.633333333333333
44.0,1154,10420845,26.227272727272727
40.0,1144,10421989,28.6
15.0,375,10422364,25.0
39.0,1036,10423400,26.564102564102566
32.0,740,10424140,23.125
35.0,1009,10425149,28.82857142857143
26.0,676,10425825,26.0
23.0,625,10426450,27.17391304347826
38.0,1109,10427559,29.18421052631579
25.0,583,10428142,23.32
19.0,519,10428661,27.31578947368421
24.0,588,10429249,24.5
28.0,792,10430041,28.285714285714285
30.0,821,10430862,27.366666666666667
21.0,557,10431419,26.523809523809526
15.0,368,10431787,24.533333333333335
16.0,390,10432177,24.375
31.0,999,10433176,32.225806451612904
35.0,949,10434125,27.114285714285714
16.0,385,10434510,24.0625
49.0,1425,10435935,29.081632653061224
20.0,482,10436417,24.1
25.0,780,10437197,31.2
27.0,789,10437986,29.22222222222222
26.0,669,10438655,25.73076923076923
27.0,796,10439451,29.48148148148148
28.0,700,10440151,25.0
39.0,894,10441045,22.923076923076923
38.0,1094,10442139,28.789473684210527
18.0,496,10442635,27.555555555555557
26.0,577,10443212,22.192307692307693
33.0,874,10444086,26.484848484848484
24.0,639,10444725,26.625
32.0,825,10445550,25.78125
30.0,822,10446372,27.4
27.0,658,10447030,24.37037037037037
10.0,315,10447345,31.5
29.0,833,10448178,28.724137931034484
24.0,629,10448807,26.208333333333332
36.0,878,10449685,24.38888888888889
22.0,589,10450274,26.772727272727273
29.0,611,10450885,21.06896551724138
30.0,792,10451677,26.4
16.0,447,10452124,27.9375
55.0,1500,10453624,27.272727272727273
30.0,863,10454487,28.766666666666666
19.0,453,10454940,23.842105263157894
27.0,734,10455674,27.185185185185187
22.0,603,10456277,27.40909090909091
21.0,547,10456824,26.047619047619047
34.0,901,10457725,26.5
16.0,340,10458065,21.25
24.0,615,10458680,25.625
20.0,509,10459189,25.45
24.0,646,10459835,26.916666666666668
18.0,448,10460283,24.88888888888889
20.0,480,10460763,24.0
25.0,582,10461345,23.28
35.0,964,10462309,27.542857142857144
24.0,560,10462869,23.333333333333332
26.0,720,10463589,27.692307692307693
17.0,418,10464007,24.58823529411765
19.0,426,10464433,22.42105263157895
15.0,411,10464844,27.4
16.0,368,10465212,23.0
23.0,598,10465810,26.0
36.0,1093,10466903,30.36111111111111
36.0,866,10467769,24.055555555555557
20.0,533,10468302,26.65
28.0,665,10468967,23.75
32.0,935,10469902,29.21875
27.0,701,10470603,25.962962962962962
27.0,689,10471292,25.51851851851852
34.0,913,10472205,26.852941176470587
14.0,364,10472569,26.0
26.0,719,10473288,27.653846153846153
29.0,820,10474108,28.275862068965516
43.0,1201,10475309,27.930232558139537
36.0,1075,10476384,29.86111111111111
29.0,728,10477112,25.103448275862068
12.0,278,10477390,23.166666666666668
45.0,1243,10478633,27.622222222222224
28.0,560,10479193,20.0
37.0,999,10480192,27.0
31.0,698,10480890,22.516129032258064
34.0,878,10481768,25.823529411764707
19.0,453,10482221,23.842105263157894
19.0,518,10482739,27.263157894736842
25.0,698,10483437,27.92
19.0,538,10483975,28.31578947368421
23.0,662,10484637,28.782608695652176
37.0,866,10485503,23.405405405405407
41.0,1073,10486576,26.170731707317074
19.0,530,10487106,27.894736842105264
15.0,340,10487446,22.666666666666668
26.0,622,10488068,23.923076923076923
38.0,980,10489048,25.789473684210527
31.0,856,10489904,27.612903225806452
38.0,947,10490851,24.92105263157895
23.0,541,10491392,23.52173913043478
42.0,1185,10492577,28.214285714285715
30.0,750,10493327,25.0
26.0,751,10494078,28.884615384615383
41.0,1211,10495289,29.536585365853657
30.0,704,10495993,23.466666666666665
25.0,831,10496824,33.24
41.0,1124,10497948,27.414634146341463
40.0,1030,10498978,25.75
28.0,757,10499735,27.035714285714285
22.0,587,10500322,26.681818181818183
24.0,558,10500880,23.25
38.0,1047,10501927,27.55263157894737
16.0,385,10502312,24.0625
29.0,745,10503057,25.689655172413794
14.0,378,10503435,27.0
16.0,325,10503760,20.3125
23.0,633,10504393,27.52173913043478
19.0,558,10504951,29.36842105263158
29.0,827,10505778,28.517241379310345
41.0,1142,10506920,27.853658536585368
27.0,643,10507563,23.814814814814813
24.0,698,10508261,29.083333333333332
21.0,515,10508776,24.523809523809526
51.0,1245,10510021,24.41176470588235
30.0,723,10510744,24.1
40.0,1081,10511825,27.025
28.0,727,10512552,25.964285714285715
26.0,743,10513295,28.576923076923077
27.0,753,10514048,27.88888888888889
18.0,430,10514478,23.88888888888889
26.0,638,10515116,24.53846153846154
28.0,768,10515884,27.428571428571427
42.0,1090,10516974,25.952380952380953
39.0,945,10517919,24.23076923076923
29.0,676,10518595,23.310344827586206
37.0,944,10519539,25.513513513513512
43.0,1198,10520737,27.86046511627907
38.0,984,10521721,25.894736842105264
35.0,1047,10522768,29.914285714285715
42.0,1080,10523848,25.714285714285715
40.0,1071,10524919,26.775
24.0,737,10525656,30.708333333333332
14.0,365,10526021,26.071428571428573
26.0,691,10526712,26.576923076923077
19.0,502,10527214,26.42105263157895
25.0,699,10527913,27.96
32.0,887,10528800,27.71875
18.0,451,10529251,25.055555555555557
24.0,652,10529903,27.166666666666668
14.0,380,10530283,27.142857142857142
12.0,326,10530609,27.166666666666668
32.0,912,10531521,28.5
48.0,1300,10532821,27.083333333333332
25.0,666,10533487,26.64
36.0,843,10534330,23.416666666666668
18.0,476,10534806,26.444444444444443
28.0,693,10535499,24.75
43.0,1078,10536577,25.069767441860463
36.0,949,10537526,26.36111111111111
37.0,1072,10538598,28.972972972972972
52.0,1208,10539806,23.23076923076923
12.0,295,10540101,24.583333333333332
30.0,814,10540915,27.133333333333333
25.0,663,10541578,26.52
18.0,446,10542024,24.77777777777778
30.0,821,10542845,27.366666666666667
22.0,553,10543398,25.136363636363637
42.0,1141,10544539,27.166666666666668
42.0,1195,10545734,28.452380952380953
41.0,1143,10546877,27.878048780487806
24.0,547,10547424,22.791666666666668
35.0,935,10548359,26.714285714285715
33.0,822,10549181,24.90909090909091
22.0,622,10549803,28.272727272727273
15.0,421,10550224,28.066666666666666
52.0,1582,10551806,30.423076923076923
45.0,1141,10552947,25.355555555555554
45.0,1297,10554244,28.822222222222223
13.0,294,10554538,22.615384615384617
42.0,1104,10555642,26.285714285714285
11.0,277,10555919,25.181818181818183
44.0,1217,10557136,27.65909090909091
36.0,1062,10558198,29.5
32.0,847,10559045,26.46875
28.0,746,10559791,26.642857142857142
36.0,861,10560652,23.916666666666668
30.0,810,10561462,27.0
27.0,615,10562077,22.77777777777778
27.0,815,10562892,30.185185185185187
20.0,483,10563375,24.15
28.0,645,10564020,23.035714285714285
33.0,821,10564841,24.87878787878788
26.0,696,10565537,26.76923076923077
29.0,712,10566249,24.551724137931036
26.0,740,10566989,28.46153846153846
46.0,1202,10568191,26.130434782608695
29.0,722,10568913,24.896551724137932
42.0,1079,10569992,25.69047619047619
20.0,528,10570520,26.4
40.0,1110,10571630,27.75
15.0,367,10571997,24.466666666666665
30.0,757,10572754,25.233333333333334
48.0,1233,10573987,25.6875
29.0,654,10574641,22.551724137931036
22.0,603,10575244,27.40909090909091
5.0,108,10575352,21.6
27.0,842,10576194,31.185185185185187
14.0,368,10576562,26.285714285714285
27.0,748,10577310,27.703703703703702
24.0,667,10577977,27.791666666666668
42.0,1254,10579231,29.857142857142858
39.0,1220,10580451,31.28205128205128
17.0,455,10580906,26.764705882352942
26.0,770,10581676,29.615384615384617
22.0,517,10582193,23.5
16.0,334,10582527,20.875
15.0,414,10582941,27.6
52.0,1583,10584524,30.442307692307693
34.0,961,10585485,28.264705882352942
14.0,298,10585783,21.285714285714285
23.0,526,10586309,22.869565217391305
32.0,857,10587166,26.78125
32.0,879,10588045,27.46875
28.0,838,10588883,29.928571428571427
5.0,122,10589005,24.4
33.0,828,10589833,25.09090909090909
33.0,919,10590752,27.848484848484848
27.0,652,10591404,24.14814814814815
19.0,439,10591843,23.105263157894736
22.0,570,10592413,25.90909090909091
34.0,897,10593310,26.38235294117647
26.0,789,10594099,30.346153846153847
41.0,1200,10595299,29.26829268292683
40.0,1254,10596553,31.35
39.0,1012,10597565,25.94871794871795
18.0,446,10598011,24.77777777777778
37.0,1056,10599067,28.54054054054054
31.0,900,10599967,29.032258064516128
29.0,923,10600890,31.82758620689655
33.0,868,10601758,26.303030303030305
41.0,1040,10602798,25.365853658536587
40.0,1037,10603835,25.925
26.0,622,10604457,23.923076923076923
33.0,957,10605414,29.0
25.0,624,10606038,24.96
34.0,927,10606965,27.264705882352942
43.0,1166,10608131,27.11627906976744
21.0,494,10608625,23.523809523809526
33.0,909,10609534,27.545454545454547
31.0,908,10610442,29.29032258064516
28.0,753,10611195,26.892857142857142
31.0,799,10611994,25.774193548387096
36.0,979,10612973,27.194444444444443
40.0,1058,10614031,26.45
7.0,226,10614257,32.285714285714285
34.0,875,10615132,25.735294117647058
41.0,1143,10616275,27.878048780487806
31.0,799,10617074,25.774193548387096
13.0,405,10617479,31.153846153846153
25.0,573,10618052,22.92
22.0,542,10618594,24.636363636363637
42.0,1253,10619847,29.833333333333332
11.0,292,10620139,26.545454545454547
40.0,968,10621107,24.2
30.0,906,10622013,30.2
42.0,1212,10623225,28.857142857142858
7.0,153,10623378,21.857142857142858
22.0,578,10623956,26.272727272727273
41.0,1068,10625024,26.048780487804876
43.0,1159,10626183,26.953488372093023
30.0,751,10626934,25.033333333333335
48.0,1295,10628229,26.979166666666668
50.0,1364,10629593,27.28
22.0,608,10630201,27.636363636363637
4.0,93,10630294,23.25
29.0,772,10631066,26.620689655172413
29.0,759,10631825,26.17241379310345
37.0,1030,10632855,27.83783783783784
14.0,307,10633162,21.928571428571427
24.0,701,10633863,29.208333333333332
30.0,744,10634607,24.8
62.0,1807,10636414,29.14516129032258
25.0,679,10637093,27.16
17.0,418,10637511,24.58823529411765
19.0,492,10638003,25.894736842105264
10.0,237,10638240,23.7
42.0,1034,10639274,24.61904761904762
37.0,1111,10640385,30.027027027027028
24.0,625,10641010,26.041666666666668
20.0,543,10641553,27.15
31.0,729,10642282,23.516129032258064
26.0,623,10642905,23.96153846153846
28.0,648,10643553,23.142857142857142
24.0,545,10644098,22.708333333333332
22.0,577,10644675,26.227272727272727
10.0,312,10644987,31.2
44.0,1252,10646239,28.454545454545453
49.0,1357,10647596,27.693877551020407
33.0,814,10648410,24.666666666666668
34.0,841,10649251,24.735294117647058
41.0,1243,10650494,30.317073170731707
16.0,423,10650917,26.4375
20.0,562,10651479,28.1
37.0,962,10652441,26.0
36.0,966,10653407,26.833333333333332
40.0,1079,10654486,26.975
29.0,866,10655352,29.862068965517242
38.0,1171,10656523,30.81578947368421
30.0,799,10657322,26.633333333333333
27.0,805,10658127,29.814814814814813
22.0,603,10658730,27.40909090909091
39.0,1008,10659738,25.846153846153847
22.0,649,10660387,29.5
27.0,738,10661125,27.333333333333332
34.0,884,10662009,26.0
19.0,518,10662527,27.263157894736842
38.0,1109,10663636,29.18421052631579
32.0,831,10664467,25.96875
18.0,505,10664972,28.055555555555557
35.0,885,10665857,25.285714285714285
24.0,558,10666415,23.25
9.0,258,10666673,28.666666666666668
48.0,1238,10667911,25.791666666666668
27.0,642,10668553,23.77777777777778
28.0,678,10669231,24.214285714285715
15.0,386,10669617,25.733333333333334
20.0,573,10670190,28.65
10.0,342,10670532,34.2
22.0,739,10671271,33.59090909090909
28.0,940,10672211,33.57142857142857
22.0,717,10672928,32.59090909090909
13.0,361,10673289,27.76923076923077
19.0,560,10673849,29.473684210526315
27.0,930,10674779,34.44444444444444
19.0,485,10675264,25.526315789473685
13.0,384,10675648,29.53846153846154
21.0,664,10676312,31.61904761904762
16.0,492,10676804,30.75
25.0,775,10677579,31.0
30.0,986,10678565,32.86666666666667
24.0,651,10679216,27.125
36.0,951,10680167,26.416666666666668
16.0,456,10680623,28.5
29.0,1072,10681695,36.96551724137931
29.0,978,10682673,33.724137931034484
22.0,743,10683416,33.77272727272727
16.0,492,10683908,30.75
23.0,839,10684747,36.47826086956522
17.0,529,10685276,31.11764705882353
16.0,456,10685732,28.5
24.0,727,10686459,30.291666666666668
18.0,564,10687023,31.333333333333332
7.0,162,10687185,23.142857142857142
12.0,329,10687514,27.416666666666668
8.0,226,10687740,28.25
19.0,524,10688264,27.57894736842105
4.0,117,10688381,29.25
10.0,222,10688603,22.2
28.0,891,10689494,31.821428571428573
28.0,851,10690345,30.392857142857142
28.0,880,10691225,31.428571428571427
4.0,112,10691337,28.0
7.0,200,10691537,28.571428571428573
16.0,534,10692071,33.375
20.0,627,10692698,31.35
29.0,776,10693474,26.75862068965517
17.0,444,10693918,26.11764705882353
19.0,589,10694507,31.0
11.0,325,10694832,29.545454545454547
16.0,451,10695283,28.1875
27.0,797,10696080,29.51851851851852
24.0,744,10696824,31.0
18.0,536,10697360,29.77777777777778
33.0,967,10698327,29.303030303030305
20.0,550,10698877,27.5
14.0,433,10699310,30.928571428571427
22.0,722,10700032,32.81818181818182
14.0,409,10700441,29.214285714285715
16.0,466,10700907,29.125
43.0,1327,10702234,30.86046511627907
30.0,1002,10703236,33.4
15.0,484,10703720,32.266666666666666
6.0,201,10703921,33.5
33.0,1097,10705018,33.24242424242424
30.0,998,10706016,33.266666666666666
17.0,454,10706470,26.705882352941178
14.0,397,10706867,28.357142857142858
20.0,593,10707460,29.65
26.0,784,10708244,30.153846153846153
4.0,163,10708407,40.75
25.0,682,10709089,27.28
28.0,760,10709849,27.142857142857142
23.0,660,10710509,28.695652173913043
17.0,552,10711061,32.470588235294116
40.0,1539,10712600,38.475
9.0,276,10712876,30.666666666666668
24.0,706,10713582,29.416666666666668
25.0,806,10714388,32.24
13.0,355,10714743,27.307692307692307
39.0,1057,10715800,27.102564102564102
8.0,296,10716096,37.0
19.0,683,10716779,35.94736842105263
9.0,264,10717043,29.333333333333332
21.0,692,10717735,32.95238095238095
23.0,641,10718376,27.869565217391305
25.0,741,10719117,29.64
24.0,567,10719684,23.625
26.0,794,10720478,30.53846153846154
17.0,421,10720899,24.764705882352942
11.0,305,10721204,27.727272727272727
26.0,903,10722107,34.73076923076923
43.0,1514,10723621,35.2093023255814
23.0,727,10724348,31.608695652173914
6.0,216,10724564,36.0
29.0,864,10725428,29.79310344827586
19.0,607,10726035,31.94736842105263
3.0,83,10726118,27.666666666666668
25.0,689,10726807,27.56
18.0,572,10727379,31.77777777777778
28.0,845,10728224,30.178571428571427
35.0,1216,10729440,34.74285714285714
12.0,341,10729781,28.416666666666668
21.0,611,10730392,29.095238095238095
23.0,739,10731131,32.130434782608695
28.0,856,10731987,30.571428571428573
34.0,985,10732972,28.970588235294116
28.0,821,10733793,29.321428571428573
34.0,1117,10734910,32.85294117647059
13.0,379,10735289,29.153846153846153
8.0,245,10735534,30.625
30.0,803,10736337,26.766666666666666
18.0,508,10736845,28.22222222222222
20.0,515,10737360,25.75
8.0,186,10737546,23.25
4.0,555,10738101,138.75
3.0,496,10738597,165.33333333333334
34.0,1181,10739778,34.73529411764706
17.0,530,10740308,31.176470588235293
2.0,496,10740804,248.0
3.0,507,10741311,169.0
29.0,853,10742164,29.413793103448278
26.0,943,10743107,36.26923076923077
6.0,163,10743270,27.166666666666668
22.0,669,10743939,30.40909090909091
9.0,285,10744224,31.666666666666668
6.0,636,10744860,106.0
17.0,496,10745356,29.176470588235293
32.0,1166,10746522,36.4375
26.0,842,10747364,32.38461538461539
27.0,906,10748270,33.55555555555556
18.0,565,10748835,31.38888888888889
16.0,448,10749283,28.0
1.0,458,10749741,458.0
8.0,213,10749954,26.625
26.0,938,10750892,36.07692307692308
7.0,174,10751066,24.857142857142858
28.0,850,10751916,30.357142857142858
25.0,830,10752746,33.2
20.0,643,10753389,32.15
25.0,788,10754177,31.52
11.0,320,10754497,29.09090909090909
39.0,1378,10755875,35.333333333333336
28.0,871,10756746,31.107142857142858
26.0,842,10757588,32.38461538461539
34.0,1107,10758695,32.55882352941177
35.0,1013,10759708,28.942857142857143
40.0,1249,10760957,31.225
12.0,322,10761279,26.833333333333332
7.0,200,10761479,28.571428571428573
34.0,1062,10762541,31.235294117647058
23.0,723,10763264,31.434782608695652
32.0,994,10764258,31.0625
13.0,401,10764659,30.846153846153847
23.0,707,10765366,30.73913043478261
21.0,604,10765970,28.761904761904763
25.0,743,10766713,29.72
19.0,505,10767218,26.57894736842105
12.0,381,10767599,31.75
7.0,148,10767747,21.142857142857142
19.0,479,10768226,25.210526315789473
23.0,660,10768886,28.695652173913043
18.0,550,10769436,30.555555555555557
23.0,681,10770117,29.608695652173914
24.0,713,10770830,29.708333333333332
17.0,559,10771389,32.88235294117647
36.0,983,10772372,27.305555555555557
26.0,824,10773196,31.692307692307693
24.0,680,10773876,28.333333333333332
10.0,256,10774132,25.6
20.0,589,10774721,29.45
42.0,1473,10776194,35.07142857142857
14.0,376,10776570,26.857142857142858
25.0,877,10777447,35.08
13.0,417,10777864,32.07692307692308
32.0,922,10778786,28.8125
22.0,776,10779562,35.27272727272727
26.0,877,10780439,33.73076923076923
26.0,756,10781195,29.076923076923077
14.0,370,10781565,26.428571428571427
29.0,1020,10782585,35.172413793103445
27.0,853,10783438,31.59259259259259
23.0,650,10784088,28.26086956521739
18.0,617,10784705,34.27777777777778
21.0,595,10785300,28.333333333333332
47.0,1813,10787113,38.57446808510638
40.0,1480,10788593,37.0
39.0,1367,10789960,35.05128205128205
35.0,1293,10791253,36.94285714285714
35.0,1455,10792708,41.57142857142857
16.0,543,10793251,33.9375
51.0,1830,10795081,35.88235294117647
32.0,961,10796042,30.03125
15.0,402,10796444,26.8
35.0,1377,10797821,39.34285714285714
45.0,1491,10799312,33.13333333333333
40.0,1403,10800715,35.075
25.0,840,10801555,33.6
35.0,1164,10802719,33.25714285714286
45.0,1817,10804536,40.37777777777778
22.0,1033,10805569,46.95454545454545
42.0,1597,10807166,38.023809523809526
14.0,590,10807756,42.142857142857146
43.0,1576,10809332,36.651162790697676
35.0,1147,10810479,32.77142857142857
33.0,1168,10811647,35.39393939393939
44.0,1725,10813372,39.20454545454545
21.0,749,10814121,35.666666666666664
24.0,694,10814815,28.916666666666668
31.0,1346,10816161,43.41935483870968
26.0,968,10817129,37.23076923076923
24.0,1116,10818245,46.5
33.0,1201,10819446,36.39393939393939
42.0,1695,10821141,40.357142857142854
22.0,703,10821844,31.954545454545453
38.0,1247,10823091,32.81578947368421
16.0,652,10823743,40.75
7.0,258,10824001,36.857142857142854
14.0,533,10824534,38.07142857142857
30.0,980,10825514,32.666666666666664
16.0,598,10826112,37.375
25.0,1237,10827349,49.48
32.0,1199,10828548,37.46875
29.0,1111,10829659,38.310344827586206
22.0,903,10830562,41.04545454545455
12.0,793,10831355,66.08333333333333
27.0,813,10832168,30.11111111111111
14.0,424,10832592,30.285714285714285
2.0,526,10833118,263.0
43.0,1495,10834613,34.76744186046512
34.0,1254,10835867,36.88235294117647
26.0,1054,10836921,40.53846153846154
5.0,650,10837571,130.0
28.0,1273,10838844,45.464285714285715
42.0,1659,10840503,39.5
42.0,1350,10841853,32.142857142857146
33.0,1323,10843176,40.09090909090909
5.0,564,10843740,112.8
0.0,441,10844181,inf
13.0,487,10844668,37.46153846153846
43.0,1521,10846189,35.372093023255815
19.0,1282,10847471,67.47368421052632
27.0,847,10848318,31.37037037037037
51.0,2031,10850349,39.8235294117647
36.0,1328,10851677,36.888888888888886
31.0,1088,10852765,35.096774193548384
48.0,1805,10854570,37.604166666666664
7.0,628,10855198,89.71428571428571
11.0,765,10855963,69.54545454545455
31.0,1192,10857155,38.45161290322581
26.0,949,10858104,36.5
26.0,916,10859020,35.23076923076923
9.0,723,10859743,80.33333333333333
31.0,1071,10860814,34.54838709677419
37.0,1799,10862613,48.62162162162162
21.0,1017,10863630,48.42857142857143
37.0,1228,10864858,33.189189189189186
25.0,800,10865658,32.0
33.0,1238,10866896,37.515151515151516
31.0,974,10867870,31.419354838709676
1.0,474,10868344,474.0
29.0,1228,10869572,42.3448275862069
5.0,613,10870185,122.6
21.0,1165,10871350,55.476190476190474
34.0,1283,10872633,37.73529411764706
21.0,1140,10873773,54.285714285714285
1.0,499,10874272,499.0
12.0,809,10875081,67.41666666666667
33.0,1333,10876414,40.39393939393939
13.0,912,10877326,70.15384615384616
6.0,744,10878070,124.0
6.0,655,10878725,109.16666666666667
3.0,536,10879261,178.66666666666666
8.0,700,10879961,87.5
33.0,1205,10881166,36.515151515151516
9.0,802,10881968,89.11111111111111
31.0,1109,10883077,35.774193548387096
19.0,1327,10884404,69.84210526315789
28.0,1074,10885478,38.357142857142854
36.0,1394,10886872,38.72222222222222
12.0,778,10887650,64.83333333333333
11.0,840,10888490,76.36363636363636
40.0,1432,10889922,35.8
5.0,641,10890563,128.2
19.0,1264,10891827,66.52631578947368
26.0,986,10892813,37.92307692307692
30.0,1248,10894061,41.6
8.0,672,10894733,84.0
17.0,1146,10895879,67.41176470588235
50.0,1762,10897641,35.24
24.0,1106,10898747,46.083333333333336
28.0,856,10899603,30.571428571428573
19.0,1013,10900616,53.31578947368421
29.0,912,10901528,31.448275862068964
26.0,782,10902310,30.076923076923077
30.0,991,10903301,33.03333333333333
26.0,949,10904250,36.5
48.0,1682,10905932,35.041666666666664
24.0,976,10906908,40.666666666666664
29.0,941,10907849,32.44827586206897
32.0,1079,10908928,33.71875
13.0,451,10909379,34.69230769230769
29.0,998,10910377,34.41379310344828
44.0,1580,10911957,35.90909090909091
20.0,546,10912503,27.3
21.0,717,10913220,34.142857142857146
16.0,1003,10914223,62.6875
29.0,1053,10915276,36.310344827586206
50.0,1494,10916770,29.88
30.0,1128,10917898,37.6
39.0,1154,10919052,29.58974358974359
43.0,1229,10920281,28.58139534883721
30.0,994,10921275,33.13333333333333
21.0,617,10921892,29.38095238095238
2.0,486,10922378,243.0
27.0,1248,10923626,46.22222222222222
38.0,1032,10924658,27.157894736842106
46.0,1862,10926520,40.47826086956522
0.0,441,10926961,inf
24.0,709,10927670,29.541666666666668
4.0,593,10928263,148.25
11.0,381,10928644,34.63636363636363
6.0,242,10928886,40.333333333333336
27.0,863,10929749,31.962962962962962
23.0,737,10930486,32.04347826086956
3.0,108,10930594,36.0
10.0,328,10930922,32.8
13.0,449,10931371,34.53846153846154
28.0,858,10932229,30.642857142857142
0.0,22,10932251,inf
3.0,76,10932327,25.333333333333332
28.0,770,10933097,27.5
14.0,291,10933388,20.785714285714285
20.0,580,10933968,29.0
10.0,414,10934382,41.4
6.0,220,10934602,36.666666666666664
19.0,633,10935235,33.31578947368421
2.0,63,10935298,31.5
15.0,400,10935698,26.666666666666668
3.0,116,10935814,38.666666666666664
16.0,544,10936358,34.0
29.0,1100,10937458,37.93103448275862
12.0,446,10937904,37.166666666666664
1.0,40,10937944,40.0
4.0,155,10938099,38.75
27.0,845,10938944,31.296296296296298
18.0,627,10939571,34.833333333333336
48.0,1370,10940941,28.541666666666668
2.0,60,10941001,30.0
1.0,63,10941064,63.0
24.0,910,10941974,37.916666666666664
33.0,1040,10943014,31.515151515151516
11.0,397,10943411,36.09090909090909
13.0,424,10943835,32.61538461538461
17.0,643,10944478,37.8235294117647
11.0,422,10944900,38.36363636363637
0.0,22,10944922,inf
28.0,943,10945865,33.67857142857143
8.0,298,10946163,37.25
10.0,265,10946428,26.5
58.0,1784,10948212,30.75862068965517
29.0,910,10949122,31.379310344827587
44.0,1574,10950696,35.77272727272727
6.0,174,10950870,29.0
8.0,355,10951225,44.375
17.0,566,10951791,33.294117647058826
27.0,869,10952660,32.18518518518518
2.0,93,10952753,46.5
48.0,1667,10954420,34.729166666666664
2.0,65,10954485,32.5
6.0,189,10954674,31.5
50.0,1549,10956223,30.98
20.0,638,10956861,31.9
5.0,213,10957074,42.6
15.0,868,10957942,57.86666666666667
15.0,477,10958419,31.8
23.0,969,10959388,42.130434782608695
30.0,861,10960249,28.7
8.0,688,10960937,86.0
26.0,796,10961733,30.615384615384617
35.0,960,10962693,27.428571428571427
3.0,507,10963200,169.0
18.0,577,10963777,32.05555555555556
42.0,1324,10965101,31.523809523809526
32.0,1414,10966515,44.1875
10.0,756,10967271,75.6
38.0,1269,10968540,33.39473684210526
29.0,864,10969404,29.79310344827586
40.0,1294,10970698,32.35
19.0,499,10971197,26.263157894736842
39.0,1528,10972725,39.17948717948718
42.0,1398,10974123,33.285714285714285
22.0,753,10974876,34.22727272727273
7.0,641,10975517,91.57142857142857
52.0,1639,10977156,31.51923076923077
15.0,342,10977498,22.8
36.0,1038,10978536,28.833333333333332
28.0,890,10979426,31.785714285714285
24.0,858,10980284,35.75
47.0,1329,10981613,28.27659574468085
39.0,1182,10982795,30.307692307692307
18.0,1081,10983876,60.05555555555556
31.0,903,10984779,29.129032258064516
22.0,511,10985290,23.227272727272727
35.0,1083,10986373,30.942857142857143
29.0,807,10987180,27.82758620689655
23.0,568,10987748,24.695652173913043
44.0,1206,10988954,27.40909090909091
21.0,598,10989552,28.476190476190474
27.0,861,10990413,31.88888888888889
35.0,1040,10991453,29.714285714285715
8.0,266,10991719,33.25
22.0,593,10992312,26.954545454545453
40.0,1086,10993398,27.15
19.0,630,10994028,33.1578947368421
39.0,971,10994999,24.897435897435898
40.0,1135,10996134,28.375
50.0,1540,10997674,30.8
27.0,649,10998323,24.037037037037038
18.0,410,10998733,22.77777777777778
38.0,1064,10999797,28.0
8.0,252,11000049,31.5
40.0,1053,11001102,26.325
9.0,188,11001290,20.88888888888889
20.0,525,11001815,26.25
30.0,756,11002571,25.2
43.0,1164,11003735,27.069767441860463
42.0,1206,11004941,28.714285714285715
21.0,600,11005541,28.571428571428573
17.0,547,11006088,32.1764705882353
20.0,584,11006672,29.2
19.0,543,11007215,28.57894736842105
16.0,430,11007645,26.875
26.0,757,11008402,29.115384615384617
33.0,944,11009346,28.606060606060606
38.0,1067,11010413,28.07894736842105
18.0,516,11010929,28.666666666666668
57.0,1622,11012551,28.45614035087719
27.0,746,11013297,27.62962962962963
17.0,501,11013798,29.470588235294116
40.0,1157,11014955,28.925
22.0,561,11015516,25.5
40.0,1038,11016554,25.95
35.0,1095,11017649,31.285714285714285
35.0,951,11018600,27.17142857142857
20.0,598,11019198,29.9
38.0,1263,11020461,33.23684210526316
26.0,673,11021134,25.884615384615383
34.0,865,11021999,25.441176470588236
17.0,449,11022448,26.41176470588235
22.0,553,11023001,25.136363636363637
43.0,1131,11024132,26.302325581395348
12.0,349,11024481,29.083333333333332
41.0,1098,11025579,26.78048780487805
8.0,227,11025806,28.375
16.0,565,11026371,35.3125
13.0,336,11026707,25.846153846153847
21.0,597,11027304,28.428571428571427
24.0,672,11027976,28.0
2.0,90,11028066,45.0
5.0,174,11028240,34.8
46.0,1416,11029656,30.782608695652176
27.0,792,11030448,29.333333333333332
2.0,68,11030516,34.0
14.0,432,11030948,30.857142857142858
9.0,320,11031268,35.55555555555556
15.0,552,11031820,36.8
23.0,764,11032584,33.21739130434783
21.0,596,11033180,28.38095238095238
21.0,550,11033730,26.19047619047619
11.0,343,11034073,31.181818181818183
15.0,390,11034463,26.0
26.0,807,11035270,31.03846153846154
8.0,271,11035541,33.875
21.0,468,11036009,22.285714285714285
4.0,133,11036142,33.25
24.0,610,11036752,25.416666666666668
7.0,212,11036964,30.285714285714285
6.0,126,11037090,21.0
3.0,86,11037176,28.666666666666668
16.0,458,11037634,28.625
30.0,799,11038433,26.633333333333333
14.0,414,11038847,29.571428571428573
54.0,1448,11040295,26.814814814814813
7.0,258,11040553,36.857142857142854
11.0,329,11040882,29.90909090909091
23.0,639,11041521,27.782608695652176
34.0,961,11042482,28.264705882352942
7.0,211,11042693,30.142857142857142
17.0,579,11043272,34.05882352941177
1.0,24,11043296,24.0
30.0,721,11044017,24.033333333333335
30.0,757,11044774,25.233333333333334
22.0,560,11045334,25.454545454545453
22.0,618,11045952,28.09090909090909
38.0,1060,11047012,27.894736842105264
6.0,225,11047237,37.5
35.0,995,11048232,28.428571428571427
20.0,481,11048713,24.05
40.0,1188,11049901,29.7
27.0,901,11050802,33.370370370370374
18.0,467,11051269,25.944444444444443
27.0,716,11051985,26.51851851851852
34.0,946,11052931,27.823529411764707
26.0,722,11053653,27.76923076923077
38.0,899,11054552,23.657894736842106
33.0,932,11055484,28.242424242424242
33.0,885,11056369,26.818181818181817
36.0,997,11057366,27.694444444444443
27.0,732,11058098,27.11111111111111
36.0,990,11059088,27.5
31.0,889,11059977,28.677419354838708
27.0,768,11060745,28.444444444444443
30.0,926,11061671,30.866666666666667
37.0,955,11062626,25.81081081081081
34.0,896,11063522,26.352941176470587
46.0,1430,11064952,31.08695652173913
36.0,1089,11066041,30.25
45.0,1253,11067294,27.844444444444445
21.0,632,11067926,30.095238095238095
20.0,594,11068520,29.7
30.0,938,11069458,31.266666666666666
15.0,534,11069992,35.6
55.0,1632,11071624,29.672727272727272
35.0,929,11072553,26.542857142857144
5.0,137,11072690,27.4
16.0,537,11073227,33.5625
37.0,1061,11074288,28.675675675675677
41.0,1330,11075618,32.4390243902439
30.0,796,11076414,26.533333333333335
32.0,906,11077320,28.3125
43.0,1162,11078482,27.023255813953487
1.0,38,11078520,38.0
24.0,622,11079142,25.916666666666668
34.0,877,11080019,25.794117647058822
13.0,358,11080377,27.53846153846154
18.0,522,11080899,29.0
26.0,749,11081648,28.807692307692307
25.0,581,11082229,23.24
39.0,916,11083145,23.487179487179485
16.0,474,11083619,29.625
48.0,1163,11084782,24.229166666666668
21.0,594,11085376,28.285714285714285
33.0,964,11086340,29.21212121212121
31.0,813,11087153,26.225806451612904
28.0,830,11087983,29.642857142857142
21.0,565,11088548,26.904761904761905
14.0,389,11088937,27.785714285714285
40.0,1171,11090108,29.275
33.0,831,11090939,25.181818181818183
20.0,747,11091686,37.35
29.0,734,11092420,25.310344827586206
18.0,477,11092897,26.5
36.0,959,11093856,26.63888888888889
33.0,946,11094802,28.666666666666668
12.0,366,11095168,30.5
13.0,360,11095528,27.692307692307693
39.0,1200,11096728,30.76923076923077
3.0,82,11096810,27.333333333333332
15.0,433,11097243,28.866666666666667
35.0,879,11098122,25.114285714285714
1.0,46,11098168,46.0
37.0,1048,11099216,28.324324324324323
6.0,176,11099392,29.333333333333332
0.0,20,11099412,inf
8.0,200,11099612,25.0
27.0,694,11100306,25.703703703703702
25.0,611,11100917,24.44
22.0,451,11101368,20.5
20.0,568,11101936,28.4
37.0,919,11102855,24.83783783783784
31.0,868,11103723,28.0
19.0,603,11104326,31.736842105263158
32.0,881,11105207,27.53125
9.0,210,11105417,23.333333333333332
1.0,52,11105469,52.0
10.0,338,11105807,33.8
12.0,311,11106118,25.916666666666668
17.0,521,11106639,30.647058823529413
26.0,683,11107322,26.26923076923077
42.0,1080,11108402,25.714285714285715
8.0,291,11108693,36.375
7.0,208,11108901,29.714285714285715
4.0,113,11109014,28.25
33.0,1026,11110040,31.09090909090909
28.0,814,11110854,29.071428571428573
52.0,1245,11112099,23.942307692307693
16.0,363,11112462,22.6875
42.0,1393,11113855,33.166666666666664
34.0,889,11114744,26.147058823529413
30.0,879,11115623,29.3
11.0,283,11115906,25.727272727272727
41.0,1097,11117003,26.75609756097561
33.0,959,11117962,29.060606060606062
39.0,1093,11119055,28.025641025641026
36.0,1016,11120071,28.22222222222222
15.0,405,11120476,27.0
28.0,696,11121172,24.857142857142858
21.0,662,11121834,31.523809523809526
21.0,505,11122339,24.047619047619047
29.0,810,11123149,27.93103448275862
32.0,876,11124025,27.375
28.0,853,11124878,30.464285714285715
29.0,862,11125740,29.724137931034484
7.0,186,11125926,26.571428571428573
6.0,184,11126110,30.666666666666668
26.0,827,11126937,31.807692307692307
21.0,617,11127554,29.38095238095238
39.0,1020,11128574,26.153846153846153
15.0,390,11128964,26.0
27.0,673,11129637,24.925925925925927
37.0,1021,11130658,27.594594594594593
37.0,949,11131607,25.64864864864865
24.0,683,11132290,28.458333333333332
17.0,385,11132675,22.647058823529413
36.0,904,11133579,25.11111111111111
33.0,897,11134476,27.181818181818183
22.0,579,11135055,26.318181818181817
35.0,905,11135960,25.857142857142858
27.0,742,11136702,27.48148148148148
31.0,841,11137543,27.129032258064516
44.0,1238,11138781,28.136363636363637
32.0,973,11139754,30.40625
13.0,405,11140159,31.153846153846153
10.0,326,11140485,32.6
10.0,265,11140750,26.5
24.0,582,11141332,24.25
28.0,855,11142187,30.535714285714285
17.0,446,11142633,26.235294117647058
33.0,881,11143514,26.696969696969695
33.0,759,11144273,23.0
37.0,1090,11145363,29.45945945945946
23.0,679,11146042,29.52173913043478
22.0,606,11146648,27.545454545454547
29.0,717,11147365,24.724137931034484
43.0,1253,11148618,29.13953488372093
26.0,690,11149308,26.53846153846154
16.0,460,11149768,28.75
23.0,807,11150575,35.08695652173913
14.0,345,11150920,24.642857142857142
27.0,683,11151603,25.296296296296298
21.0,613,11152216,29.19047619047619
25.0,733,11152949,29.32
33.0,1016,11153965,30.78787878787879
23.0,722,11154687,31.391304347826086
36.0,985,11155672,27.36111111111111
41.0,1104,11156776,26.926829268292682
14.0,385,11157161,27.5
35.0,1249,11158410,35.68571428571428
28.0,695,11159105,24.821428571428573
8.0,287,11159392,35.875
37.0,968,11160360,26.16216216216216
43.0,1197,11161557,27.837209302325583
12.0,211,11161768,17.583333333333332
30.0,905,11162673,30.166666666666668
14.0,387,11163060,27.642857142857142
43.0,1239,11164299,28.813953488372093
29.0,863,11165162,29.75862068965517
38.0,1093,11166255,28.763157894736842
16.0,410,11166665,25.625
21.0,598,11167263,28.476190476190474
20.0,505,11167768,25.25
9.0,220,11167988,24.444444444444443
15.0,393,11168381,26.2
36.0,823,11169204,22.86111111111111
32.0,871,11170075,27.21875
26.0,642,11170717,24.692307692307693
15.0,426,11171143,28.4
28.0,742,11171885,26.5
17.0,465,11172350,27.352941176470587
23.0,651,11173001,28.304347826086957
21.0,578,11173579,27.523809523809526
11.0,336,11173915,30.545454545454547
46.0,1235,11175150,26.847826086956523
37.0,1080,11176230,29.18918918918919
27.0,570,11176800,21.11111111111111
29.0,856,11177656,29.517241379310345
43.0,1212,11178868,28.186046511627907
19.0,560,11179428,29.473684210526315
26.0,838,11180266,32.23076923076923
30.0,714,11180980,23.8
51.0,1260,11182240,24.705882352941178
36.0,1114,11183354,30.944444444444443
39.0,1015,11184369,26.025641025641026
36.0,906,11185275,25.166666666666668
30.0,850,11186125,28.333333333333332
30.0,834,11186959,27.8
33.0,799,11187758,24.21212121212121
28.0,661,11188419,23.607142857142858
16.0,323,11188742,20.1875
16.0,449,11189191,28.0625
18.0,402,11189593,22.333333333333332
23.0,689,11190282,29.956521739130434
24.0,570,11190852,23.75
32.0,739,11191591,23.09375
22.0,593,11192184,26.954545454545453
42.0,1194,11193378,28.428571428571427
30.0,877,11194255,29.233333333333334
21.0,618,11194873,29.428571428571427
34.0,944,11195817,27.764705882352942
25.0,813,11196630,32.52
9.0,248,11196878,27.555555555555557
22.0,535,11197413,24.318181818181817
19.0,535,11197948,28.157894736842106
11.0,332,11198280,30.181818181818183
27.0,725,11199005,26.85185185185185
24.0,686,11199691,28.583333333333332
16.0,397,11200088,24.8125
27.0,775,11200863,28.703703703703702
8.0,225,11201088,28.125
23.0,620,11201708,26.956521739130434
34.0,915,11202623,26.91176470588235
23.0,656,11203279,28.52173913043478
37.0,1058,11204337,28.594594594594593
38.0,929,11205266,24.44736842105263
36.0,1162,11206428,32.27777777777778
22.0,577,11207005,26.227272727272727
35.0,855,11207860,24.428571428571427
9.0,233,11208093,25.88888888888889
34.0,868,11208961,25.529411764705884
20.0,689,11209650,34.45
25.0,640,11210290,25.6
9.0,243,11210533,27.0
13.0,385,11210918,29.615384615384617
39.0,1015,11211933,26.025641025641026
36.0,996,11212929,27.666666666666668
24.0,651,11213580,27.125
29.0,768,11214348,26.482758620689655
47.0,1261,11215609,26.829787234042552
36.0,922,11216531,25.61111111111111
46.0,1364,11217895,29.652173913043477
31.0,973,11218868,31.387096774193548
15.0,415,11219283,27.666666666666668
31.0,882,11220165,28.451612903225808
26.0,767,11220932,29.5
26.0,666,11221598,25.615384615384617
36.0,1087,11222685,30.194444444444443
31.0,849,11223534,27.387096774193548
44.0,1114,11224648,25.318181818181817
45.0,1065,11225713,23.666666666666668
22.0,680,11226393,30.90909090909091
31.0,1050,11227443,33.87096774193548
32.0,866,11228309,27.0625
33.0,845,11229154,25.606060606060606
44.0,1285,11230439,29.204545454545453
34.0,953,11231392,28.029411764705884
34.0,1035,11232427,30.441176470588236
14.0,382,11232809,27.285714285714285
25.0,703,11233512,28.12
15.0,381,11233893,25.4
18.0,527,11234420,29.27777777777778
22.0,640,11235060,29.09090909090909
40.0,1044,11236104,26.1
42.0,1178,11237282,28.047619047619047
35.0,1006,11238288,28.742857142857144
27.0,764,11239052,28.296296296296298
23.0,812,11239864,35.30434782608695
30.0,858,11240722,28.6
27.0,735,11241457,27.22222222222222
28.0,868,11242325,31.0
24.0,656,11242981,27.333333333333332
25.0,605,11243586,24.2
47.0,1260,11244846,26.80851063829787
15.0,404,11245250,26.933333333333334
29.0,814,11246064,28.06896551724138
8.0,279,11246343,34.875
31.0,850,11247193,27.419354838709676
37.0,803,11247996,21.7027027027027
18.0,483,11248479,26.833333333333332
28.0,948,11249427,33.857142857142854
5.0,161,11249588,32.2
12.0,330,11249918,27.5
32.0,947,11250865,29.59375
31.0,732,11251597,23.612903225806452
42.0,1185,11252782,28.214285714285715
31.0,764,11253546,24.64516129032258
53.0,1617,11255163,30.50943396226415
33.0,982,11256145,29.757575757575758
27.0,872,11257017,32.2962962962963
36.0,950,11257967,26.38888888888889
29.0,719,11258686,24.79310344827586
32.0,975,11259661,30.46875
21.0,605,11260266,28.80952380952381
37.0,994,11261260,26.864864864864863
52.0,1559,11262819,29.98076923076923
37.0,1019,11263838,27.54054054054054
27.0,628,11264466,23.25925925925926
32.0,873,11265339,27.28125
30.0,776,11266115,25.866666666666667
9.0,221,11266336,24.555555555555557
27.0,690,11267026,25.555555555555557
34.0,869,11267895,25.558823529411764
19.0,571,11268466,30.05263157894737
25.0,681,11269147,27.24
22.0,475,11269622,21.59090909090909
37.0,967,11270589,26.135135135135137
12.0,318,11270907,26.5
20.0,506,11271413,25.3
10.0,246,11271659,24.6
39.0,924,11272583,23.692307692307693
13.0,422,11273005,32.46153846153846
45.0,1321,11274326,29.355555555555554
6.0,172,11274498,28.666666666666668
28.0,799,11275297,28.535714285714285
25.0,636,11275933,25.44
14.0,369,11276302,26.357142857142858
28.0,783,11277085,27.964285714285715
14.0,373,11277458,26.642857142857142
39.0,988,11278446,25.333333333333332
45.0,1276,11279722,28.355555555555554
25.0,693,11280415,27.72
25.0,654,11281069,26.16
12.0,354,11281423,29.5
35.0,918,11282341,26.228571428571428
55.0,1735,11284076,31.545454545454547
31.0,891,11284967,28.741935483870968
18.0,403,11285370,22.38888888888889
29.0,821,11286191,28.310344827586206
45.0,1224,11287415,27.2
38.0,1089,11288504,28.657894736842106
45.0,1284,11289788,28.533333333333335
43.0,1357,11291145,31.558139534883722
39.0,953,11292098,24.435897435897434
20.0,451,11292549,22.55
26.0,801,11293350,30.807692307692307
37.0,1029,11294379,27.81081081081081
45.0,1153,11295532,25.622222222222224
33.0,918,11296450,27.818181818181817
30.0,903,11297353,30.1
42.0,1311,11298664,31.214285714285715
13.0,288,11298952,22.153846153846153
45.0,1265,11300217,28.11111111111111
19.0,509,11300726,26.789473684210527
19.0,609,11301335,32.05263157894737
6.0,106,11301441,17.666666666666668
19.0,548,11301989,28.842105263157894
40.0,1137,11303126,28.425
45.0,1269,11304395,28.2
49.0,1528,11305923,31.183673469387756
24.0,650,11306573,27.083333333333332
31.0,705,11307278,22.741935483870968
22.0,599,11307877,27.227272727272727
29.0,774,11308651,26.689655172413794
30.0,815,11309466,27.166666666666668
46.0,1448,11310914,31.47826086956522
29.0,755,11311669,26.03448275862069
27.0,666,11312335,24.666666666666668
26.0,717,11313052,27.576923076923077
32.0,911,11313963,28.46875
31.0,873,11314836,28.161290322580644
28.0,904,11315740,32.285714285714285
26.0,686,11316426,26.384615384615383
42.0,1219,11317645,29.023809523809526
5.0,106,11317751,21.2
25.0,726,11318477,29.04
27.0,704,11319181,26.074074074074073
22.0,484,11319665,22.0
33.0,888,11320553,26.90909090909091
3.0,103,11320656,34.333333333333336
2.0,104,11320760,52.0
1.0,41,11320801,41.0
18.0,352,11321153,19.555555555555557
38.0,1004,11322157,26.42105263157895
25.0,660,11322817,26.4
40.0,1139,11323956,28.475
22.0,598,11324554,27.181818181818183
61.0,1650,11326204,27.049180327868854
33.0,749,11326953,22.696969696969695
37.0,877,11327830,23.7027027027027
30.0,928,11328758,30.933333333333334
20.0,703,11329461,35.15
34.0,1197,11330658,35.205882352941174
40.0,1128,11331786,28.2
15.0,365,11332151,24.333333333333332
33.0,819,11332970,24.818181818181817
12.0,398,11333368,33.166666666666664
27.0,708,11334076,26.22222222222222
33.0,967,11335043,29.303030303030305
41.0,1098,11336141,26.78048780487805
13.0,363,11336504,27.923076923076923
42.0,1251,11337755,29.785714285714285
35.0,963,11338718,27.514285714285716
31.0,836,11339554,26.967741935483872
39.0,956,11340510,24.512820512820515
16.0,362,11340872,22.625
29.0,851,11341723,29.344827586206897
22.0,521,11342244,23.681818181818183
32.0,765,11343009,23.90625
24.0,730,11343739,30.416666666666668
47.0,1397,11345136,29.72340425531915
33.0,1039,11346175,31.484848484848484
37.0,954,11347129,25.783783783783782
23.0,573,11347702,24.91304347826087
9.0,242,11347944,26.88888888888889
31.0,822,11348766,26.516129032258064
38.0,936,11349702,24.63157894736842
11.0,284,11349986,25.818181818181817
31.0,908,11350894,29.29032258064516
20.0,583,11351477,29.15
46.0,1163,11352640,25.282608695652176
42.0,1245,11353885,29.642857142857142
20.0,492,11354377,24.6
35.0,929,11355306,26.542857142857144
35.0,953,11356259,27.228571428571428
19.0,503,11356762,26.473684210526315
54.0,1473,11358235,27.27777777777778
34.0,1034,11359269,30.41176470588235
35.0,936,11360205,26.742857142857144
50.0,1262,11361467,25.24
23.0,745,11362212,32.391304347826086
11.0,396,11362608,36.0
41.0,1177,11363785,28.70731707317073
47.0,1300,11365085,27.659574468085108
27.0,694,11365779,25.703703703703702
41.0,1098,11366877,26.78048780487805
38.0,944,11367821,24.842105263157894
9.0,285,11368106,31.666666666666668
33.0,942,11369048,28.545454545454547
34.0,858,11369906,25.235294117647058
54.0,1469,11371375,27.203703703703702
12.0,297,11371672,24.75
26.0,687,11372359,26.423076923076923
33.0,1006,11373365,30.484848484848484
37.0,964,11374329,26.054054054054053
33.0,1051,11375380,31.848484848484848
36.0,987,11376367,27.416666666666668
46.0,1158,11377525,25.17391304347826
45.0,1389,11378914,30.866666666666667
19.0,495,11379409,26.05263157894737
29.0,835,11380244,28.79310344827586
22.0,659,11380903,29.954545454545453
35.0,940,11381843,26.857142857142858
30.0,788,11382631,26.266666666666666
37.0,985,11383616,26.62162162162162
36.0,999,11384615,27.75
18.0,363,11384978,20.166666666666668
38.0,988,11385966,26.0
30.0,749,11386715,24.966666666666665
27.0,711,11387426,26.333333333333332
39.0,1167,11388593,29.923076923076923
24.0,690,11389283,28.75
31.0,828,11390111,26.70967741935484
20.0,624,11390735,31.2
19.0,555,11391290,29.210526315789473
25.0,725,11392015,29.0
26.0,705,11392720,27.115384615384617
30.0,718,11393438,23.933333333333334
28.0,725,11394163,25.892857142857142
30.0,942,11395105,31.4
23.0,687,11395792,29.869565217391305
51.0,1427,11397219,27.980392156862745
41.0,938,11398157,22.878048780487806
19.0,466,11398623,24.526315789473685
14.0,427,11399050,30.5
40.0,1199,11400249,29.975
42.0,1157,11401406,27.547619047619047
27.0,914,11402320,33.851851851851855
61.0,1695,11404015,27.78688524590164
51.0,1338,11405353,26.235294117647058
23.0,566,11405919,24.608695652173914
32.0,919,11406838,28.71875
24.0,679,11407517,28.291666666666668
42.0,1058,11408575,25.19047619047619
30.0,858,11409433,28.6
30.0,852,11410285,28.4
49.0,1409,11411694,28.755102040816325
36.0,968,11412662,26.88888888888889
21.0,619,11413281,29.476190476190474
21.0,536,11413817,25.523809523809526
37.0,963,11414780,26.027027027027028
28.0,787,11415567,28.107142857142858
7.0,170,11415737,24.285714285714285
41.0,1113,11416850,27.146341463414632
8.0,165,11417015,20.625
45.0,1216,11418231,27.022222222222222
23.0,539,11418770,23.434782608695652
14.0,456,11419226,32.57142857142857
38.0,1037,11420263,27.289473684210527
21.0,670,11420933,31.904761904761905
36.0,908,11421841,25.22222222222222
8.0,246,11422087,30.75
45.0,1268,11423355,28.177777777777777
43.0,1140,11424495,26.511627906976745
32.0,864,11425359,27.0
31.0,795,11426154,25.64516129032258
26.0,733,11426887,28.192307692307693
11.0,324,11427211,29.454545454545453
26.0,655,11427866,25.192307692307693
43.0,1174,11429040,27.302325581395348
2.0,55,11429095,27.5
26.0,723,11429818,27.807692307692307
18.0,366,11430184,20.333333333333332
39.0,957,11431141,24.53846153846154
33.0,906,11432047,27.454545454545453
36.0,967,11433014,26.86111111111111
33.0,953,11433967,28.87878787878788
27.0,768,11434735,28.444444444444443
46.0,1341,11436076,29.152173913043477
39.0,958,11437034,24.564102564102566
36.0,994,11438028,27.61111111111111
18.0,636,11438664,35.333333333333336
43.0,1070,11439734,24.88372093023256
38.0,1037,11440771,27.289473684210527
29.0,757,11441528,26.103448275862068
33.0,930,11442458,28.181818181818183
29.0,831,11443289,28.655172413793103
32.0,890,11444179,27.8125
38.0,1063,11445242,27.973684210526315
17.0,529,11445771,31.11764705882353
42.0,1041,11446812,24.785714285714285
32.0,859,11447671,26.84375
22.0,650,11448321,29.545454545454547
45.0,1084,11449405,24.08888888888889
33.0,985,11450390,29.848484848484848
28.0,827,11451217,29.535714285714285
19.0,676,11451893,35.578947368421055
18.0,530,11452423,29.444444444444443
25.0,684,11453107,27.36
36.0,950,11454057,26.38888888888889
37.0,1057,11455114,28.56756756756757
35.0,1012,11456126,28.914285714285715
21.0,468,11456594,22.285714285714285
19.0,512,11457106,26.94736842105263
42.0,1323,11458429,31.5
38.0,1140,11459569,30.0
34.0,1065,11460634,31.323529411764707
37.0,1114,11461748,30.10810810810811
32.0,923,11462671,28.84375
24.0,586,11463257,24.416666666666668
26.0,643,11463900,24.73076923076923
25.0,708,11464608,28.32
35.0,890,11465498,25.428571428571427
28.0,766,11466264,27.357142857142858
40.0,1092,11467356,27.3
31.0,790,11468146,25.483870967741936
31.0,807,11468953,26.032258064516128
35.0,891,11469844,25.457142857142856
39.0,1087,11470931,27.871794871794872
28.0,725,11471656,25.892857142857142
33.0,894,11472550,27.09090909090909
46.0,1193,11473743,25.934782608695652
38.0,1134,11474877,29.842105263157894
41.0,1219,11476096,29.73170731707317
21.0,530,11476626,25.238095238095237
12.0,350,11476976,29.166666666666668
33.0,773,11477749,23.424242424242426
41.0,1131,11478880,27.585365853658537
41.0,1267,11480147,30.902439024390244
27.0,782,11480929,28.962962962962962
35.0,973,11481902,27.8
24.0,623,11482525,25.958333333333332
16.0,384,11482909,24.0
34.0,1080,11483989,31.764705882352942
36.0,1011,11485000,28.083333333333332
28.0,684,11485684,24.428571428571427
52.0,1537,11487221,29.557692307692307
37.0,958,11488179,25.89189189189189
5.0,558,11488737,111.6
1.0,470,11489207,470.0
0.0,441,11489648,inf
1.0,464,11490112,464.0
3.0,525,11490637,175.0
1.0,474,11491111,474.0
3.0,503,11491614,167.66666666666666
0.0,441,11492055,inf
34.0,1071,11493126,31.5
28.0,876,11494002,31.285714285714285
34.0,1102,11495104,32.411764705882355
24.0,660,11495764,27.5
33.0,802,11496566,24.303030303030305
37.0,1249,11497815,33.75675675675676
42.0,1103,11498918,26.261904761904763
21.0,626,11499544,29.80952380952381
28.0,809,11500353,28.892857142857142
26.0,787,11501140,30.26923076923077
46.0,1635,11502775,35.54347826086956
12.0,347,11503122,28.916666666666668
34.0,1076,11504198,31.647058823529413
26.0,717,11504915,27.576923076923077
24.0,644,11505559,26.833333333333332
44.0,1336,11506895,30.363636363636363
26.0,791,11507686,30.423076923076923
41.0,1398,11509084,34.09756097560975
42.0,1428,11510512,34.0
17.0,463,11510975,27.235294117647058
30.0,907,11511882,30.233333333333334
24.0,573,11512455,23.875
31.0,893,11513348,28.806451612903224
22.0,740,11514088,33.63636363636363
26.0,769,11514857,29.576923076923077
46.0,1321,11516178,28.717391304347824
44.0,1243,11517421,28.25
24.0,668,11518089,27.833333333333332
47.0,1559,11519648,33.170212765957444
33.0,960,11520608,29.09090909090909
35.0,1106,11521714,31.6
19.0,543,11522257,28.57894736842105
34.0,958,11523215,28.176470588235293
8.0,274,11523489,34.25
42.0,1344,11524833,32.0
43.0,1254,11526087,29.162790697674417
28.0,813,11526900,29.035714285714285
15.0,339,11527239,22.6
45.0,1284,11528523,28.533333333333335
43.0,1454,11529977,33.81395348837209
36.0,1248,11531225,34.666666666666664
14.0,420,11531645,30.0
49.0,1444,11533089,29.46938775510204
20.0,532,11533621,26.6
47.0,1490,11535111,31.70212765957447
21.0,513,11535624,24.428571428571427
34.0,1101,11536725,32.38235294117647
55.0,1715,11538440,31.181818181818183
26.0,701,11539141,26.96153846153846
40.0,1235,11540376,30.875
33.0,960,11541336,29.09090909090909
37.0,1046,11542382,28.27027027027027
18.0,573,11542955,31.833333333333332
43.0,1334,11544289,31.023255813953487
45.0,1454,11545743,32.31111111111111
22.0,616,11546359,28.0
38.0,1223,11547582,32.18421052631579
36.0,1022,11548604,28.38888888888889
24.0,675,11549279,28.125
31.0,860,11550139,27.741935483870968
34.0,970,11551109,28.529411764705884
30.0,827,11551936,27.566666666666666
27.0,768,11552704,28.444444444444443
41.0,996,11553700,24.29268292682927
31.0,918,11554618,29.612903225806452
29.0,790,11555408,27.24137931034483
43.0,1290,11556698,30.0
44.0,1299,11557997,29.522727272727273
37.0,1145,11559142,30.945945945945947
35.0,1120,11560262,32.0
24.0,893,11561155,37.208333333333336
31.0,974,11562129,31.419354838709676
35.0,1144,11563273,32.68571428571428
29.0,902,11564175,31.103448275862068
30.0,894,11565069,29.8
34.0,1074,11566143,31.58823529411765
37.0,1139,11567282,30.783783783783782
27.0,803,11568085,29.74074074074074
27.0,824,11568909,30.51851851851852
11.0,245,11569154,22.272727272727273
46.0,1468,11570622,31.91304347826087
39.0,1237,11571859,31.71794871794872
58.0,1709,11573568,29.46551724137931
24.0,712,11574280,29.666666666666668
51.0,1790,11576070,35.09803921568628
24.0,637,11576707,26.541666666666668
12.0,315,11577022,26.25
34.0,1047,11578069,30.794117647058822
23.0,708,11578777,30.782608695652176
21.0,571,11579348,27.19047619047619
24.0,705,11580053,29.375
31.0,808,11580861,26.06451612903226
21.0,572,11581433,27.238095238095237
35.0,1122,11582555,32.05714285714286
22.0,642,11583197,29.181818181818183
38.0,1042,11584239,27.42105263157895
28.0,770,11585009,27.5
42.0,1336,11586345,31.80952380952381
39.0,1105,11587450,28.333333333333332
24.0,674,11588124,28.083333333333332
41.0,1161,11589285,28.317073170731707
41.0,1298,11590583,31.658536585365855
38.0,1280,11591863,33.68421052631579
38.0,1295,11593158,34.078947368421055
28.0,874,11594032,31.214285714285715
23.0,681,11594713,29.608695652173914
28.0,771,11595484,27.535714285714285
29.0,996,11596480,34.3448275862069
38.0,1279,11597759,33.6578947368421
46.0,1369,11599128,29.76086956521739
30.0,912,11600040,30.4
47.0,1376,11601416,29.27659574468085
43.0,1423,11602839,33.093023255813954
34.0,1056,11603895,31.058823529411764
34.0,980,11604875,28.823529411764707
37.0,1227,11606102,33.16216216216216
52.0,1695,11607797,32.59615384615385
28.0,755,11608552,26.964285714285715
38.0,1137,11609689,29.92105263157895
29.0,961,11610650,33.13793103448276
33.0,1002,11611652,30.363636363636363
42.0,1282,11612934,30.523809523809526
47.0,1460,11614394,31.06382978723404
40.0,1243,11615637,31.075
42.0,1323,11616960,31.5
24.0,831,11617791,34.625
1.0,43,11617834,43.0
20.0,560,11618394,28.0
24.0,756,11619150,31.5
21.0,613,11619763,29.19047619047619
25.0,683,11620446,27.32
26.0,827,11621273,31.807692307692307
33.0,1054,11622327,31.939393939393938
48.0,1618,11623945,33.708333333333336
13.0,330,11624275,25.384615384615383
40.0,1206,11625481,30.15
40.0,1292,11626773,32.3
36.0,1102,11627875,30.61111111111111
33.0,999,11628874,30.272727272727273
13.0,429,11629303,33.0
35.0,1218,11630521,34.8
30.0,1050,11631571,35.0
28.0,943,11632514,33.67857142857143
51.0,1696,11634210,33.254901960784316
38.0,1238,11635448,32.578947368421055
18.0,544,11635992,30.22222222222222
6.0,199,11636191,33.166666666666664
14.0,375,11636566,26.785714285714285
30.0,909,11637475,30.3
54.0,1856,11639331,34.370370370370374
44.0,1535,11640866,34.88636363636363
44.0,1459,11642325,33.15909090909091
15.0,503,11642828,33.53333333333333
37.0,1334,11644162,36.054054054054056
36.0,1237,11645399,34.361111111111114
42.0,1367,11646766,32.54761904761905
31.0,956,11647722,30.838709677419356
16.0,489,11648211,30.5625
22.0,694,11648905,31.545454545454547
15.0,490,11649395,32.666666666666664
23.0,746,11650141,32.43478260869565
39.0,1353,11651494,34.69230769230769
27.0,856,11652350,31.703703703703702
28.0,975,11653325,34.82142857142857
31.0,976,11654301,31.483870967741936
24.0,709,11655010,29.541666666666668
23.0,746,11655756,32.43478260869565
7.0,209,11655965,29.857142857142858
20.0,563,11656528,28.15
16.0,547,11657075,34.1875
42.0,1331,11658406,31.69047619047619
24.0,815,11659221,33.958333333333336
24.0,678,11659899,28.25
21.0,556,11660455,26.476190476190474
27.0,898,11661353,33.25925925925926
14.0,479,11661832,34.214285714285715
42.0,1262,11663094,30.047619047619047
29.0,881,11663975,30.379310344827587
47.0,1437,11665412,30.574468085106382
39.0,1221,11666633,31.307692307692307
25.0,839,11667472,33.56
31.0,1116,11668588,36.0
50.0,1723,11670311,34.46
31.0,1065,11671376,34.354838709677416
47.0,1544,11672920,32.851063829787236
37.0,1177,11674097,31.81081081081081
36.0,1213,11675310,33.69444444444444
34.0,1064,11676374,31.294117647058822
34.0,1112,11677486,32.705882352941174
56.0,1762,11679248,31.464285714285715
39.0,1250,11680498,32.05128205128205
40.0,1349,11681847,33.725
22.0,786,11682633,35.72727272727273
35.0,1186,11683819,33.885714285714286
23.0,736,11684555,32.0
34.0,1201,11685756,35.3235294117647
20.0,646,11686402,32.3
56.0,1860,11688262,33.214285714285715
36.0,1151,11689413,31.97222222222222
14.0,423,11689836,30.214285714285715
24.0,714,11690550,29.75
18.0,584,11691134,32.44444444444444
26.0,875,11692009,33.65384615384615
31.0,993,11693002,32.03225806451613
44.0,1536,11694538,34.90909090909091
24.0,631,11695169,26.291666666666668
47.0,1521,11696690,32.361702127659576
33.0,974,11697664,29.515151515151516
34.0,1108,11698772,32.588235294117645
50.0,1440,11700212,28.8
43.0,1466,11701678,34.093023255813954
28.0,963,11702641,34.392857142857146
37.0,1289,11703930,34.83783783783784
11.0,385,11704315,35.0
24.0,809,11705124,33.708333333333336
12.0,408,11705532,34.0
28.0,800,11706332,28.571428571428573
24.0,670,11707002,27.916666666666668
44.0,1389,11708391,31.568181818181817
27.0,818,11709209,30.296296296296298
16.0,591,11709800,36.9375
23.0,716,11710516,31.130434782608695
25.0,894,11711410,35.76
46.0,1415,11712825,30.76086956521739
23.0,705,11713530,30.652173913043477
30.0,1018,11714548,33.93333333333333
38.0,1501,11716049,39.5
31.0,1113,11717162,35.903225806451616
49.0,1636,11718798,33.38775510204081
30.0,1065,11719863,35.5
36.0,1047,11720910,29.083333333333332
9.0,307,11721217,34.111111111111114
41.0,1358,11722575,33.1219512195122
23.0,667,11723242,29.0
27.0,831,11724073,30.77777777777778
31.0,1041,11725114,33.58064516129032
18.0,552,11725666,30.666666666666668
52.0,1718,11727384,33.03846153846154
42.0,1322,11728706,31.476190476190474
16.0,504,11729210,31.5
23.0,679,11729889,29.52173913043478
30.0,1130,11731019,37.666666666666664
39.0,1184,11732203,30.358974358974358
19.0,478,11732681,25.157894736842106
19.0,551,11733232,29.0
34.0,975,11734207,28.676470588235293
23.0,687,11734894,29.869565217391305
24.0,699,11735593,29.125
9.0,318,11735911,35.333333333333336
9.0,256,11736167,28.444444444444443
14.0,474,11736641,33.857142857142854
20.0,539,11737180,26.95
15.0,523,11737703,34.86666666666667
19.0,597,11738300,31.42105263157895
42.0,1345,11739645,32.023809523809526
21.0,645,11740290,30.714285714285715
29.0,1072,11741362,36.96551724137931
7.0,259,11741621,37.0
29.0,871,11742492,30.03448275862069
38.0,1164,11743656,30.63157894736842
24.0,684,11744340,28.5
23.0,695,11745035,30.217391304347824
30.0,882,11745917,29.4
43.0,1245,11747162,28.953488372093023
11.0,290,11747452,26.363636363636363
10.0,269,11747721,26.9
29.0,1022,11748743,35.241379310344826
24.0,735,11749478,30.625
21.0,697,11750175,33.19047619047619
12.0,396,11750571,33.0
28.0,995,11751566,35.535714285714285
19.0,581,11752147,30.57894736842105
25.0,927,11753074,37.08
15.0,400,11753474,26.666666666666668
26.0,790,11754264,30.384615384615383
30.0,1013,11755277,33.766666666666666
33.0,1001,11756278,30.333333333333332
19.0,579,11756857,30.473684210526315
37.0,1197,11758054,32.351351351351354
36.0,1171,11759225,32.52777777777778
22.0,672,11759897,30.545454545454547
17.0,615,11760512,36.1764705882353
6.0,200,11760712,33.333333333333336
34.0,1089,11761801,32.029411764705884
21.0,596,11762397,28.38095238095238
36.0,1112,11763509,30.88888888888889
43.0,1451,11764960,33.74418604651163
33.0,1078,11766038,32.666666666666664
15.0,565,11766603,37.666666666666664
27.0,796,11767399,29.48148148148148
29.0,862,11768261,29.724137931034484
12.0,443,11768704,36.916666666666664
24.0,801,11769505,33.375
17.0,512,11770017,30.11764705882353
36.0,1016,11771033,28.22222222222222
33.0,1119,11772152,33.90909090909091
31.0,1046,11773198,33.74193548387097
34.0,1244,11774442,36.588235294117645
49.0,1655,11776097,33.775510204081634
44.0,1194,11777291,27.136363636363637
25.0,649,11777940,25.96
37.0,1012,11778952,27.35135135135135
10.0,264,11779216,26.4
16.0,474,11779690,29.625
25.0,826,11780516,33.04
15.0,506,11781022,33.733333333333334
51.0,1728,11782750,33.88235294117647
24.0,685,11783435,28.541666666666668
37.0,1220,11784655,32.972972972972975
41.0,1365,11786020,33.292682926829265
18.0,594,11786614,33.0
32.0,1087,11787701,33.96875
32.0,1067,11788768,33.34375
38.0,1312,11790080,34.526315789473685
8.0,222,11790302,27.75
35.0,1227,11791529,35.05714285714286
26.0,834,11792363,32.07692307692308
34.0,1097,11793460,32.26470588235294
18.0,623,11794083,34.611111111111114
43.0,1376,11795459,32.0
18.0,536,11795995,29.77777777777778
28.0,864,11796859,30.857142857142858
18.0,516,11797375,28.666666666666668
17.0,455,11797830,26.764705882352942
58.0,1944,11799774,33.51724137931034
31.0,1088,11800862,35.096774193548384
57.0,2055,11802917,36.05263157894737
23.0,640,11803557,27.82608695652174
17.0,458,11804015,26.941176470588236
37.0,1247,11805262,33.7027027027027
40.0,1306,11806568,32.65
41.0,1362,11807930,33.21951219512195
30.0,1029,11808959,34.3
32.0,1005,11809964,31.40625
21.0,569,11810533,27.095238095238095
20.0,552,11811085,27.6
25.0,768,11811853,30.72
38.0,1204,11813057,31.68421052631579
18.0,437,11813494,24.27777777777778
40.0,1269,11814763,31.725
27.0,918,11815681,34.0
8.0,180,11815861,22.5
21.0,690,11816551,32.857142857142854
44.0,1405,11817956,31.931818181818183
29.0,851,11818807,29.344827586206897
22.0,686,11819493,31.181818181818183
19.0,534,11820027,28.105263157894736
44.0,1488,11821515,33.81818181818182
16.0,568,11822083,35.5
29.0,969,11823052,33.41379310344828
20.0,629,11823681,31.45
24.0,791,11824472,32.958333333333336
39.0,1144,11825616,29.333333333333332
22.0,632,11826248,28.727272727272727
33.0,1064,11827312,32.24242424242424
20.0,631,11827943,31.55
13.0,400,11828343,30.76923076923077
10.0,303,11828646,30.3
39.0,1129,11829775,28.94871794871795
30.0,1013,11830788,33.766666666666666
23.0,692,11831480,30.08695652173913
44.0,1304,11832784,29.636363636363637
30.0,1027,11833811,34.233333333333334
19.0,664,11834475,34.94736842105263
29.0,1004,11835479,34.62068965517241
26.0,919,11836398,35.34615384615385
25.0,782,11837180,31.28
36.0,1103,11838283,30.63888888888889
55.0,1836,11840119,33.38181818181818
31.0,825,11840944,26.612903225806452
16.0,413,11841357,25.8125
22.0,586,11841943,26.636363636363637
12.0,351,11842294,29.25
32.0,945,11843239,29.53125
13.0,331,11843570,25.46153846153846
32.0,933,11844503,29.15625
16.0,419,11844922,26.1875
25.0,748,11845670,29.92
29.0,924,11846594,31.862068965517242
51.0,1701,11848295,33.35294117647059
23.0,773,11849068,33.608695652173914
30.0,951,11850019,31.7
16.0,487,11850506,30.4375
34.0,1010,11851516,29.705882352941178
15.0,504,11852020,33.6
22.0,591,11852611,26.863636363636363
41.0,1363,11853974,33.24390243902439
20.0,620,11854594,31.0
24.0,642,11855236,26.75
26.0,816,11856052,31.384615384615383
30.0,986,11857038,32.86666666666667
17.0,549,11857587,32.294117647058826
14.0,383,11857970,27.357142857142858
45.0,1475,11859445,32.77777777777778
34.0,956,11860401,28.11764705882353
43.0,1510,11861911,35.116279069767444
21.0,546,11862457,26.0
32.0,1021,11863478,31.90625
14.0,378,11863856,27.0
24.0,670,11864526,27.916666666666668
24.0,753,11865279,31.375
26.0,739,11866018,28.423076923076923
23.0,709,11866727,30.82608695652174
43.0,1406,11868133,32.69767441860465
37.0,1293,11869426,34.945945945945944
33.0,1047,11870473,31.727272727272727
20.0,606,11871079,30.3
46.0,1371,11872450,29.804347826086957
27.0,862,11873312,31.925925925925927
45.0,1387,11874699,30.822222222222223
16.0,517,11875216,32.3125
38.0,1312,11876528,34.526315789473685
22.0,695,11877223,31.59090909090909
33.0,1056,11878279,32.0
34.0,1173,11879452,34.5
17.0,486,11879938,28.58823529411765
26.0,951,11880889,36.57692307692308
19.0,704,11881593,37.05263157894737
24.0,604,11882197,25.166666666666668
18.0,616,11882813,34.22222222222222
44.0,1573,11884386,35.75
32.0,967,11885353,30.21875
27.0,872,11886225,32.2962962962963
38.0,1257,11887482,33.078947368421055
41.0,1318,11888800,32.146341463414636
44.0,1524,11890324,34.63636363636363
22.0,643,11890967,29.227272727272727
21.0,587,11891554,27.952380952380953
16.0,439,11891993,27.4375
29.0,926,11892919,31.93103448275862
43.0,1468,11894387,34.13953488372093
27.0,872,11895259,32.2962962962963
22.0,742,11896001,33.72727272727273
52.0,2213,11898214,42.55769230769231
22.0,790,11899004,35.90909090909091
24.0,865,11899869,36.041666666666664
23.0,737,11900606,32.04347826086956
6.0,178,11900784,29.666666666666668
10.0,280,11901064,28.0
39.0,1326,11902390,34.0
33.0,1221,11903611,37.0
21.0,635,11904246,30.238095238095237
29.0,1121,11905367,38.6551724137931
37.0,1260,11906627,34.054054054054056
38.0,1185,11907812,31.18421052631579
47.0,1673,11909485,35.59574468085106
44.0,1488,11910973,33.81818181818182
25.0,859,11911832,34.36
38.0,1220,11913052,32.10526315789474
18.0,638,11913690,35.44444444444444
18.0,587,11914277,32.611111111111114
20.0,646,11914923,32.3
25.0,786,11915709,31.44
31.0,1055,11916764,34.03225806451613
31.0,1086,11917850,35.03225806451613
13.0,356,11918206,27.384615384615383
30.0,1119,11919325,37.3
21.0,844,11920169,40.19047619047619
21.0,738,11920907,35.142857142857146
18.0,535,11921442,29.72222222222222
44.0,1679,11923121,38.15909090909091
10.0,286,11923407,28.6
34.0,1214,11924621,35.705882352941174
32.0,1068,11925689,33.375
32.0,974,11926663,30.4375
17.0,540,11927203,31.764705882352942
27.0,928,11928131,34.370370370370374
39.0,1227,11929358,31.46153846153846
30.0,1057,11930415,35.233333333333334
12.0,426,11930841,35.5
14.0,354,11931195,25.285714285714285
24.0,684,11931879,28.5
32.0,1190,11933069,37.1875
14.0,533,11933602,38.07142857142857
42.0,1642,11935244,39.095238095238095
20.0,625,11935869,31.25
24.0,820,11936689,34.166666666666664
35.0,1196,11937885,34.17142857142857
28.0,1017,11938902,36.32142857142857
16.0,494,11939396,30.875
24.0,897,11940293,37.375
49.0,1716,11942009,35.02040816326531
35.0,1169,11943178,33.4
45.0,1524,11944702,33.86666666666667
16.0,527,11945229,32.9375
32.0,1003,11946232,31.34375
8.0,190,11946422,23.75
29.0,920,11947342,31.724137931034484
23.0,803,11948145,34.91304347826087
29.0,970,11949115,33.44827586206897
28.0,1019,11950134,36.392857142857146
31.0,1163,11951297,37.516129032258064
38.0,1298,11952595,34.1578947368421
39.0,1364,11953959,34.97435897435897
4.0,178,11954137,44.5
33.0,1266,11955403,38.36363636363637
28.0,931,11956334,33.25
24.0,816,11957150,34.0
11.0,333,11957483,30.272727272727273
31.0,1205,11958688,38.87096774193548
36.0,1237,11959925,34.361111111111114
4.0,152,11960077,38.0
45.0,1671,11961748,37.13333333333333
17.0,523,11962271,30.764705882352942
22.0,692,11962963,31.454545454545453
51.0,1846,11964809,36.19607843137255
26.0,929,11965738,35.73076923076923
14.0,436,11966174,31.142857142857142
5.0,135,11966309,27.0
18.0,631,11966940,35.05555555555556
26.0,877,11967817,33.73076923076923
31.0,986,11968803,31.806451612903224
13.0,378,11969181,29.076923076923077
23.0,823,11970004,35.78260869565217
43.0,1478,11971482,34.372093023255815
17.0,599,11972081,35.23529411764706
42.0,1423,11973504,33.88095238095238
36.0,1117,11974621,31.02777777777778
13.0,334,11974955,25.692307692307693
11.0,389,11975344,35.36363636363637
35.0,1324,11976668,37.82857142857143
16.0,452,11977120,28.25
19.0,541,11977661,28.473684210526315
24.0,823,11978484,34.291666666666664
13.0,391,11978875,30.076923076923077
10.0,262,11979137,26.2
9.0,262,11979399,29.11111111111111
21.0,773,11980172,36.80952380952381
23.0,844,11981016,36.69565217391305
51.0,1647,11982663,32.294117647058826
36.0,1195,11983858,33.19444444444444
37.0,1124,11984982,30.37837837837838
26.0,830,11985812,31.923076923076923
33.0,1041,11986853,31.545454545454547
25.0,741,11987594,29.64
27.0,988,11988582,36.592592592592595
30.0,1086,11989668,36.2
20.0,581,11990249,29.05
13.0,333,11990582,25.615384615384617
31.0,1040,11991622,33.54838709677419
38.0,1454,11993076,38.26315789473684
19.0,679,11993755,35.73684210526316
22.0,745,11994500,33.86363636363637
11.0,321,11994821,29.181818181818183
11.0,283,11995104,25.727272727272727
16.0,599,11995703,37.4375
25.0,895,11996598,35.8
16.0,516,11997114,32.25
24.0,819,11997933,34.125
40.0,1326,11999259,33.15
7.0,212,11999471,30.285714285714285
20.0,760,12000231,38.0
18.0,528,12000759,29.333333333333332
10.0,370,12001129,37.0
38.0,1156,12002285,30.42105263157895
31.0,1164,12003449,37.54838709677419
51.0,1598,12005047,31.333333333333332
31.0,1261,12006308,40.67741935483871
19.0,533,12006841,28.05263157894737
22.0,798,12007639,36.27272727272727
52.0,1841,12009480,35.40384615384615
23.0,707,12010187,30.73913043478261
28.0,833,12011020,29.75
6.0,242,12011262,40.333333333333336
15.0,518,12011780,34.53333333333333
26.0,841,12012621,32.34615384615385
30.0,803,12013424,26.766666666666666
48.0,1734,12015158,36.125
29.0,821,12015979,28.310344827586206
19.0,642,12016621,33.78947368421053
36.0,1335,12017956,37.083333333333336
31.0,1099,12019055,35.45161290322581
15.0,465,12019520,31.0
29.0,936,12020456,32.275862068965516
30.0,912,12021368,30.4
30.0,1134,12022502,37.8
42.0,1303,12023805,31.023809523809526
14.0,436,12024241,31.142857142857142
10.0,375,12024616,37.5
10.0,388,12025004,38.8
22.0,693,12025697,31.5
21.0,677,12026374,32.23809523809524
37.0,1293,12027667,34.945945945945944
16.0,465,12028132,29.0625
13.0,359,12028491,27.615384615384617
46.0,1636,12030127,35.56521739130435
20.0,666,12030793,33.3
36.0,1269,12032062,35.25
11.0,351,12032413,31.90909090909091
45.0,1601,12034014,35.577777777777776
21.0,616,12034630,29.333333333333332
28.0,870,12035500,31.071428571428573
24.0,802,12036302,33.416666666666664
37.0,1180,12037482,31.89189189189189
19.0,634,12038116,33.36842105263158
20.0,487,12038603,24.35
30.0,1121,12039724,37.36666666666667
29.0,1058,12040782,36.48275862068966
13.0,448,12041230,34.46153846153846
31.0,1064,12042294,34.32258064516129
44.0,1678,12043972,38.13636363636363
35.0,1225,12045197,35.0
25.0,859,12046056,34.36
39.0,1198,12047254,30.71794871794872
47.0,1490,12048744,31.70212765957447
33.0,1093,12049837,33.121212121212125
28.0,952,12050789,34.0
26.0,853,12051642,32.80769230769231
44.0,1396,12053038,31.727272727272727
30.0,920,12053958,30.666666666666668
40.0,1397,12055355,34.925
19.0,677,12056032,35.63157894736842
15.0,515,12056547,34.333333333333336
27.0,833,12057380,30.85185185185185
17.0,500,12057880,29.41176470588235
28.0,930,12058810,33.214285714285715
36.0,1386,12060196,38.5
22.0,695,12060891,31.59090909090909
30.0,893,12061784,29.766666666666666
18.0,607,12062391,33.72222222222222
10.0,313,12062704,31.3
16.0,498,12063202,31.125
18.0,553,12063755,30.72222222222222
48.0,1654,12065409,34.458333333333336
14.0,446,12065855,31.857142857142858
30.0,1182,12067037,39.4
42.0,1645,12068682,39.166666666666664
44.0,1512,12070194,34.36363636363637
8.0,260,12070454,32.5
22.0,748,12071202,34.0
18.0,534,12071736,29.666666666666668
42.0,1400,12073136,33.333333333333336
25.0,817,12073953,32.68
17.0,490,12074443,28.823529411764707
37.0,1155,12075598,31.216216216216218
23.0,760,12076358,33.04347826086956
37.0,1222,12077580,33.027027027027025
20.0,886,12078466,44.3
40.0,1459,12079925,36.475
28.0,830,12080755,29.642857142857142
24.0,664,12081419,27.666666666666668
10.0,335,12081754,33.5
21.0,716,12082470,34.095238095238095
8.0,252,12082722,31.5
16.0,613,12083335,38.3125
18.0,602,12083937,33.44444444444444
19.0,515,12084452,27.105263157894736
42.0,1430,12085882,34.04761904761905
40.0,1384,12087266,34.6
39.0,1423,12088689,36.48717948717949
41.0,1507,12090196,36.75609756097561
26.0,834,12091030,32.07692307692308
27.0,1114,12092144,41.25925925925926
26.0,777,12092921,29.884615384615383
42.0,1472,12094393,35.04761904761905
24.0,732,12095125,30.5
24.0,910,12096035,37.916666666666664
11.0,391,12096426,35.54545454545455
13.0,357,12096783,27.46153846153846
37.0,1298,12098081,35.08108108108108
28.0,941,12099022,33.607142857142854
11.0,282,12099304,25.636363636363637
18.0,643,12099947,35.72222222222222
18.0,541,12100488,30.055555555555557
23.0,737,12101225,32.04347826086956
53.0,1882,12103107,35.509433962264154
21.0,698,12103805,33.23809523809524
29.0,1028,12104833,35.44827586206897
22.0,768,12105601,34.90909090909091
28.0,954,12106555,34.07142857142857
38.0,1309,12107864,34.44736842105263
12.0,374,12108238,31.166666666666668
24.0,962,12109200,40.083333333333336
28.0,953,12110153,34.035714285714285
7.0,270,12110423,38.57142857142857
38.0,1298,12111721,34.1578947368421
31.0,985,12112706,31.774193548387096
15.0,427,12113133,28.466666666666665
32.0,1015,12114148,31.71875
11.0,432,12114580,39.27272727272727
17.0,515,12115095,30.294117647058822
11.0,403,12115498,36.63636363636363
38.0,1323,12116821,34.81578947368421
30.0,924,12117745,30.8
33.0,1214,12118959,36.78787878787879
13.0,444,12119403,34.15384615384615
36.0,1335,12120738,37.083333333333336
22.0,825,12121563,37.5
30.0,1251,12122814,41.7
23.0,784,12123598,34.08695652173913
34.0,1105,12124703,32.5
33.0,1226,12125929,37.15151515151515
2.0,57,12125986,28.5
11.0,462,12126448,42.0
19.0,587,12127035,30.894736842105264
18.0,548,12127583,30.444444444444443
36.0,1520,12129103,42.22222222222222
22.0,753,12129856,34.22727272727273
19.0,637,12130493,33.526315789473685
14.0,416,12130909,29.714285714285715
24.0,901,12131810,37.541666666666664
25.0,845,12132655,33.8
24.0,773,12133428,32.208333333333336
36.0,1223,12134651,33.97222222222222
23.0,811,12135462,35.26086956521739
26.0,814,12136276,31.307692307692307
36.0,1250,12137526,34.72222222222222
30.0,958,12138484,31.933333333333334
35.0,1126,12139610,32.17142857142857
17.0,524,12140134,30.823529411764707
18.0,582,12140716,32.333333333333336
37.0,1261,12141977,34.08108108108108
30.0,1084,12143061,36.13333333333333
24.0,832,12143893,34.666666666666664
23.0,706,12144599,30.695652173913043
40.0,1426,12146025,35.65
25.0,706,12146731,28.24
40.0,1333,12148064,33.325
4.0,137,12148201,34.25
33.0,1270,12149471,38.484848484848484
21.0,723,12150194,34.42857142857143
24.0,867,12151061,36.125
40.0,1402,12152463,35.05
40.0,1479,12153942,36.975
30.0,980,12154922,32.666666666666664
12.0,403,12155325,33.583333333333336
21.0,733,12156058,34.904761904761905
26.0,754,12156812,29.0
23.0,597,12157409,25.956521739130434
25.0,784,12158193,31.36
25.0,946,12159139,37.84
34.0,1162,12160301,34.1764705882353
26.0,846,12161147,32.53846153846154
30.0,969,12162116,32.3
8.0,250,12162366,31.25
33.0,1188,12163554,36.0
29.0,940,12164494,32.41379310344828
20.0,655,12165149,32.75
30.0,886,12166035,29.533333333333335
8.0,223,12166258,27.875
24.0,811,12167069,33.791666666666664
34.0,1139,12168208,33.5
13.0,456,12168664,35.07692307692308
12.0,328,12168992,27.333333333333332
32.0,1180,12170172,36.875
39.0,1229,12171401,31.512820512820515
26.0,850,12172251,32.69230769230769
30.0,961,12173212,32.03333333333333
24.0,766,12173978,31.916666666666668
20.0,668,12174646,33.4
25.0,817,12175463,32.68
36.0,1334,12176797,37.05555555555556
41.0,1448,12178245,35.31707317073171
44.0,1454,12179699,33.04545454545455
12.0,391,12180090,32.583333333333336
13.0,526,12180616,40.46153846153846
15.0,501,12181117,33.4
31.0,1015,12182132,32.74193548387097
43.0,1407,12183539,32.72093023255814
18.0,571,12184110,31.72222222222222
32.0,952,12185062,29.75
12.0,385,12185447,32.083333333333336
11.0,370,12185817,33.63636363636363
26.0,868,12186685,33.38461538461539
24.0,823,12187508,34.291666666666664
21.0,651,12188159,31.0
37.0,1229,12189388,33.21621621621622
24.0,827,12190215,34.458333333333336
45.0,1604,12191819,35.644444444444446
29.0,933,12192752,32.172413793103445
36.0,1217,12193969,33.80555555555556
14.0,391,12194360,27.928571428571427
29.0,932,12195292,32.13793103448276
35.0,1311,12196603,37.457142857142856
15.0,455,12197058,30.333333333333332
9.0,310,12197368,34.44444444444444
38.0,1511,12198879,39.76315789473684
31.0,1156,12200035,37.29032258064516
29.0,953,12200988,32.86206896551724
36.0,1365,12202353,37.916666666666664
43.0,1603,12203956,37.27906976744186
38.0,1173,12205129,30.86842105263158
31.0,1040,12206169,33.54838709677419
31.0,953,12207122,30.741935483870968
18.0,515,12207637,28.61111111111111
31.0,1112,12208749,35.87096774193548
40.0,1565,12210314,39.125
27.0,1025,12211339,37.96296296296296
32.0,1049,12212388,32.78125
38.0,1221,12213609,32.13157894736842
38.0,1361,12214970,35.81578947368421
51.0,1664,12216634,32.627450980392155
34.0,1092,12217726,32.11764705882353
28.0,1029,12218755,36.75
6.0,203,12218958,33.833333333333336
46.0,1834,12220792,39.869565217391305
17.0,624,12221416,36.705882352941174
27.0,979,12222395,36.25925925925926
40.0,1341,12223736,33.525
23.0,697,12224433,30.304347826086957
25.0,693,12225126,27.72
14.0,481,12225607,34.357142857142854
42.0,1555,12227162,37.023809523809526
26.0,981,12228143,37.73076923076923
42.0,1500,12229643,35.714285714285715
28.0,946,12230589,33.785714285714285
32.0,1066,12231655,33.3125
55.0,1819,12233474,33.07272727272727
16.0,488,12233962,30.5
29.0,1135,12235097,39.13793103448276
14.0,562,12235659,40.142857142857146
31.0,961,12236620,31.0
22.0,683,12237303,31.045454545454547
39.0,1946,12239249,49.8974358974359
41.0,2064,12241313,50.34146341463415
18.0,1176,12242489,65.33333333333333
1.0,463,12242952,463.0
39.0,1822,12244774,46.717948717948715
6.0,730,12245504,121.66666666666667
36.0,1542,12247046,42.833333333333336
36.0,1557,12248603,43.25
14.0,441,12249044,31.5
1.0,492,12249536,492.0
43.0,1827,12251363,42.48837209302326
31.0,1186,12252549,38.25806451612903
0.0,441,12252990,inf
19.0,801,12253791,42.1578947368421
2.0,555,12254346,277.5
13.0,471,12254817,36.23076923076923
30.0,1389,12256206,46.3
20.0,830,12257036,41.5
5.0,246,12257282,49.2
15.0,977,12258259,65.13333333333334
41.0,1701,12259960,41.48780487804878
8.0,383,12260343,47.875
3.0,566,12260909,188.66666666666666
20.0,1133,12262042,56.65
1.0,464,12262506,464.0
17.0,711,12263217,41.8235294117647
41.0,1650,12264867,40.24390243902439
10.0,355,12265222,35.5
23.0,1099,12266321,47.78260869565217
18.0,627,12266948,34.833333333333336
3.0,537,12267485,179.0
1.0,478,12267963,478.0
2.0,148,12268111,74.0
23.0,1010,12269121,43.91304347826087
13.0,1054,12270175,81.07692307692308
18.0,732,12270907,40.666666666666664
8.0,342,12271249,42.75
1.0,479,12271728,479.0
32.0,1344,12273072,42.0
20.0,888,12273960,44.4
23.0,913,12274873,39.69565217391305
19.0,745,12275618,39.21052631578947
35.0,1488,12277106,42.51428571428571
20.0,722,12277828,36.1
13.0,513,12278341,39.46153846153846
41.0,1685,12280026,41.09756097560975
23.0,890,12280916,38.69565217391305
4.0,65,12280981,16.25
7.0,211,12281192,30.142857142857142
19.0,749,12281941,39.421052631578945
26.0,1014,12282955,39.0
35.0,1466,12284421,41.885714285714286
26.0,988,12285409,38.0
16.0,579,12285988,36.1875
35.0,1404,12287392,40.114285714285714
30.0,1006,12288398,33.53333333333333
31.0,1259,12289657,40.61290322580645
37.0,1479,12291136,39.972972972972975
3.0,182,12291318,60.666666666666664
46.0,1960,12293278,42.608695652173914
30.0,1129,12294407,37.63333333333333
30.0,1148,12295555,38.266666666666666
32.0,1094,12296649,34.1875
1.0,41,12296690,41.0
48.0,1934,12298624,40.291666666666664
28.0,1028,12299652,36.714285714285715
19.0,741,12300393,39.0
18.0,752,12301145,41.77777777777778
16.0,611,12301756,38.1875
28.0,1069,12302825,38.17857142857143
24.0,981,12303806,40.875
36.0,1305,12305111,36.25
38.0,1550,12306661,40.78947368421053
2.0,67,12306728,33.5
35.0,1394,12308122,39.82857142857143
39.0,1529,12309651,39.205128205128204
35.0,1432,12311083,40.91428571428571
43.0,1871,12312954,43.51162790697674
31.0,1052,12314006,33.935483870967744
2.0,52,12314058,26.0
27.0,1099,12315157,40.7037037037037
9.0,268,12315425,29.77777777777778
34.0,1343,12316768,39.5
38.0,1699,12318467,44.71052631578947
48.0,1927,12320394,40.145833333333336
42.0,1581,12321975,37.642857142857146
37.0,1491,12323466,40.2972972972973
37.0,1509,12324975,40.78378378378378
34.0,1395,12326370,41.029411764705884
24.0,945,12327315,39.375
36.0,1476,12328791,41.0
30.0,1174,12329965,39.13333333333333
41.0,1575,12331540,38.41463414634146
24.0,1042,12332582,43.416666666666664
30.0,1301,12333883,43.36666666666667
22.0,896,12334779,40.72727272727273
32.0,1240,12336019,38.75
23.0,936,12336955,40.69565217391305
38.0,1645,12338600,43.28947368421053
27.0,1086,12339686,40.22222222222222
20.0,765,12340451,38.25
36.0,1417,12341868,39.361111111111114
38.0,1491,12343359,39.23684210526316
26.0,978,12344337,37.61538461538461
21.0,969,12345306,46.142857142857146
32.0,1146,12346452,35.8125
24.0,1048,12347500,43.666666666666664
26.0,1075,12348575,41.34615384615385
35.0,1585,12350160,45.285714285714285
29.0,1130,12351290,38.96551724137931
49.0,2338,12353628,47.714285714285715
36.0,1577,12355205,43.80555555555556
27.0,1145,12356350,42.407407407407405
44.0,1799,12358149,40.88636363636363
38.0,1791,12359940,47.13157894736842
20.0,691,12360631,34.55
24.0,934,12361565,38.916666666666664
27.0,1114,12362679,41.25925925925926
34.0,1298,12363977,38.1764705882353
21.0,963,12364940,45.857142857142854
31.0,1258,12366198,40.58064516129032
24.0,954,12367152,39.75
22.0,966,12368118,43.90909090909091
25.0,1072,12369190,42.88
31.0,1482,12370672,47.806451612903224
18.0,630,12371302,35.0
40.0,1703,12373005,42.575
41.0,1688,12374693,41.170731707317074
19.0,704,12375397,37.05263157894737
29.0,1263,12376660,43.55172413793103
34.0,1301,12377961,38.26470588235294
23.0,904,12378865,39.30434782608695
5.0,169,12379034,33.8
23.0,1110,12380144,48.26086956521739
48.0,2119,12382263,44.145833333333336
44.0,2060,12384323,46.81818181818182
26.0,1124,12385447,43.23076923076923
26.0,1123,12386570,43.19230769230769
11.0,377,12386947,34.27272727272727
11.0,525,12387472,47.72727272727273
27.0,1130,12388602,41.851851851851855
42.0,1823,12390425,43.404761904761905
30.0,1382,12391807,46.06666666666667
12.0,563,12392370,46.916666666666664
17.0,696,12393066,40.94117647058823
17.0,732,12393798,43.05882352941177
11.0,459,12394257,41.72727272727273
39.0,1722,12395979,44.15384615384615
42.0,1814,12397793,43.19047619047619
29.0,1101,12398894,37.96551724137931
25.0,964,12399858,38.56
7.0,375,12400233,53.57142857142857
30.0,1212,12401445,40.4
35.0,1639,12403084,46.82857142857143
26.0,853,12403937,32.80769230769231
24.0,925,12404862,38.541666666666664
30.0,1066,12405928,35.53333333333333
37.0,1651,12407579,44.62162162162162
13.0,514,12408093,39.53846153846154
16.0,634,12408727,39.625
33.0,1459,12410186,44.21212121212121
17.0,748,12410934,44.0
27.0,1093,12412027,40.48148148148148
36.0,1541,12413568,42.80555555555556
21.0,909,12414477,43.285714285714285
15.0,660,12415137,44.0
38.0,1487,12416624,39.13157894736842
19.0,795,12417419,41.8421052631579
16.0,693,12418112,43.3125
14.0,598,12418710,42.714285714285715
16.0,724,12419434,45.25
31.0,1225,12420659,39.516129032258064
20.0,749,12421408,37.45
11.0,596,12422004,54.18181818181818
34.0,1359,12423363,39.970588235294116
9.0,393,12423756,43.666666666666664
17.0,713,12424469,41.94117647058823
30.0,1279,12425748,42.63333333333333
10.0,531,12426279,53.1
31.0,1357,12427636,43.774193548387096
30.0,1141,12428777,38.03333333333333
24.0,913,12429690,38.041666666666664
29.0,1182,12430872,40.758620689655174
22.0,989,12431861,44.95454545454545
17.0,671,12432532,39.470588235294116
15.0,697,12433229,46.46666666666667
21.0,882,12434111,42.0
29.0,1153,12435264,39.758620689655174
7.0,383,12435647,54.714285714285715
27.0,1209,12436856,44.77777777777778
17.0,658,12437514,38.705882352941174
23.0,862,12438376,37.47826086956522
28.0,1121,12439497,40.035714285714285
10.0,370,12439867,37.0
1.0,37,12439904,37.0
23.0,972,12440876,42.26086956521739
23.0,954,12441830,41.47826086956522
22.0,934,12442764,42.45454545454545
23.0,882,12443646,38.34782608695652
28.0,1232,12444878,44.0
34.0,1296,12446174,38.11764705882353
17.0,771,12446945,45.35294117647059
21.0,900,12447845,42.857142857142854
26.0,993,12448838,38.19230769230769
19.0,759,12449597,39.94736842105263
42.0,1865,12451462,44.404761904761905
25.0,973,12452435,38.92
34.0,1395,12453830,41.029411764705884
21.0,810,12454640,38.57142857142857
24.0,1059,12455699,44.125
26.0,1024,12456723,39.38461538461539
20.0,791,12457514,39.55
21.0,859,12458373,40.904761904761905
25.0,1050,12459423,42.0
16.0,640,12460063,40.0
16.0,621,12460684,38.8125
28.0,1198,12461882,42.785714285714285
29.0,1285,12463167,44.310344827586206
19.0,783,12463950,41.21052631578947
16.0,587,12464537,36.6875
12.0,441,12464978,36.75
19.0,826,12465804,43.473684210526315
21.0,830,12466634,39.523809523809526
17.0,651,12467285,38.294117647058826
19.0,842,12468127,44.31578947368421
24.0,842,12468969,35.083333333333336
20.0,817,12469786,40.85
32.0,1430,12471216,44.6875
32.0,1223,12472439,38.21875
27.0,1222,12473661,45.25925925925926
20.0,744,12474405,37.2
1.0,45,12474450,45.0
21.0,779,12475229,37.095238095238095
14.0,583,12475812,41.642857142857146
20.0,796,12476608,39.8
24.0,966,12477574,40.25
31.0,1509,12479083,48.67741935483871
41.0,1959,12481042,47.78048780487805
43.0,1751,12482793,40.72093023255814
16.0,747,12483540,46.6875
48.0,2010,12485550,41.875
25.0,1237,12486787,49.48
14.0,565,12487352,40.357142857142854
14.0,569,12487921,40.642857142857146
37.0,1584,12489505,42.810810810810814
35.0,1459,12490964,41.68571428571428
26.0,1234,12492198,47.46153846153846
19.0,857,12493055,45.10526315789474
29.0,1470,12494525,50.689655172413794
14.0,527,12495052,37.642857142857146
19.0,822,12495874,43.26315789473684
6.0,291,12496165,48.5
7.0,239,12496404,34.142857142857146
13.0,528,12496932,40.61538461538461
22.0,1048,12497980,47.63636363636363
25.0,963,12498943,38.52
14.0,571,12499514,40.785714285714285
22.0,1126,12500640,51.18181818181818
14.0,672,12501312,48.0
32.0,1347,12502659,42.09375
28.0,1122,12503781,40.07142857142857
22.0,966,12504747,43.90909090909091
33.0,1305,12506052,39.54545454545455
28.0,1229,12507281,43.892857142857146
10.0,522,12507803,52.2
28.0,1086,12508889,38.785714285714285
31.0,1293,12510182,41.70967741935484
10.0,501,12510683,50.1
28.0,1264,12511947,45.142857142857146
32.0,1458,12513405,45.5625
37.0,1417,12514822,38.2972972972973
19.0,815,12515637,42.89473684210526
21.0,899,12516536,42.80952380952381
35.0,1644,12518180,46.97142857142857
26.0,1094,12519274,42.07692307692308
20.0,994,12520268,49.7
21.0,849,12521117,40.42857142857143
27.0,1078,12522195,39.925925925925924
21.0,929,12523124,44.23809523809524
32.0,1221,12524345,38.15625
32.0,1519,12525864,47.46875
36.0,1707,12527571,47.416666666666664
28.0,1094,12528665,39.07142857142857
15.0,610,12529275,40.666666666666664
15.0,644,12529919,42.93333333333333
38.0,1653,12531572,43.5
17.0,746,12532318,43.88235294117647
22.0,826,12533144,37.54545454545455
35.0,1690,12534834,48.285714285714285
19.0,799,12535633,42.05263157894737
14.0,565,12536198,40.357142857142854
33.0,1241,12537439,37.60606060606061
27.0,995,12538434,36.851851851851855
44.0,1737,12540171,39.47727272727273
8.0,270,12540441,33.75
20.0,801,12541242,40.05
30.0,1265,12542507,42.166666666666664
24.0,1012,12543519,42.166666666666664
14.0,638,12544157,45.57142857142857
26.0,1040,12545197,40.0
25.0,1171,12546368,46.84
6.0,289,12546657,48.166666666666664
29.0,1171,12547828,40.37931034482759
29.0,1316,12549144,45.37931034482759
24.0,990,12550134,41.25
17.0,697,12550831,41.0
22.0,889,12551720,40.40909090909091
39.0,1904,12553624,48.82051282051282
30.0,1236,12554860,41.2
22.0,1006,12555866,45.72727272727273
8.0,297,12556163,37.125
17.0,595,12556758,35.0
27.0,963,12557721,35.666666666666664
21.0,998,12558719,47.523809523809526
19.0,902,12559621,47.473684210526315
27.0,1151,12560772,42.629629629629626
5.0,209,12560981,41.8
35.0,1487,12562468,42.48571428571429
28.0,1322,12563790,47.214285714285715
24.0,989,12564779,41.208333333333336
28.0,1158,12565937,41.357142857142854
40.0,1449,12567386,36.225
24.0,1145,12568531,47.708333333333336
20.0,788,12569319,39.4
10.0,426,12569745,42.6
41.0,1740,12571485,42.4390243902439
18.0,790,12572275,43.888888888888886
28.0,1248,12573523,44.57142857142857
16.0,618,12574141,38.625
21.0,902,12575043,42.95238095238095
21.0,1014,12576057,48.285714285714285
27.0,1153,12577210,42.7037037037037
37.0,1409,12578619,38.08108108108108
26.0,1159,12579778,44.57692307692308
31.0,1271,12581049,41.0
16.0,596,12581645,37.25
31.0,1379,12583024,44.483870967741936
18.0,824,12583848,45.77777777777778
26.0,973,12584821,37.42307692307692
23.0,863,12585684,37.52173913043478
16.0,723,12586407,45.1875
23.0,952,12587359,41.391304347826086
25.0,1128,12588487,45.12
7.0,342,12588829,48.857142857142854
33.0,1307,12590136,39.60606060606061
18.0,760,12590896,42.22222222222222
45.0,1903,12592799,42.28888888888889
15.0,658,12593457,43.86666666666667
30.0,1053,12594510,35.1
28.0,1084,12595594,38.714285714285715
32.0,1536,12597130,48.0
23.0,810,12597940,35.21739130434783
7.0,305,12598245,43.57142857142857
13.0,456,12598701,35.07692307692308
32.0,1274,12599975,39.8125
22.0,895,12600870,40.68181818181818
14.0,589,12601459,42.07142857142857
29.0,1185,12602644,40.86206896551724
19.0,786,12603430,41.36842105263158
14.0,531,12603961,37.92857142857143
25.0,1030,12604991,41.2
35.0,1517,12606508,43.34285714285714
25.0,1093,12607601,43.72
9.0,370,12607971,41.111111111111114
32.0,1274,12609245,39.8125
21.0,873,12610118,41.57142857142857
21.0,654,12610772,31.142857142857142
24.0,913,12611685,38.041666666666664
15.0,596,12612281,39.733333333333334
24.0,961,12613242,40.041666666666664
8.0,323,12613565,40.375
27.0,1280,12614845,47.407407407407405
20.0,838,12615683,41.9
31.0,1370,12617053,44.193548387096776
20.0,849,12617902,42.45
22.0,923,12618825,41.95454545454545
11.0,506,12619331,46.0
26.0,990,12620321,38.07692307692308
37.0,1603,12621924,43.32432432432432
20.0,898,12622822,44.9
31.0,1214,12624036,39.16129032258065
28.0,1157,12625193,41.32142857142857
28.0,1277,12626470,45.607142857142854
31.0,1420,12627890,45.806451612903224
40.0,1578,12629468,39.45
5.0,233,12629701,46.6
12.0,432,12630133,36.0
31.0,1358,12631491,43.806451612903224
26.0,1021,12632512,39.26923076923077
23.0,818,12633330,35.56521739130435
29.0,1144,12634474,39.44827586206897
11.0,409,12634883,37.18181818181818
23.0,1001,12635884,43.52173913043478
24.0,1011,12636895,42.125
5.0,185,12637080,37.0
26.0,1111,12638191,42.73076923076923
23.0,1088,12639279,47.30434782608695
15.0,556,12639835,37.06666666666667
26.0,1196,12641031,46.0
24.0,892,12641923,37.166666666666664
32.0,1381,12643304,43.15625
24.0,1130,12644434,47.083333333333336
15.0,602,12645036,40.13333333333333
23.0,1012,12646048,44.0
18.0,776,12646824,43.111111111111114
17.0,754,12647578,44.35294117647059
25.0,912,12648490,36.48
60.0,2486,12650976,41.43333333333333
32.0,1418,12652394,44.3125
39.0,1866,12654260,47.84615384615385
15.0,665,12654925,44.333333333333336
23.0,855,12655780,37.17391304347826
9.0,355,12656135,39.44444444444444
16.0,739,12656874,46.1875
28.0,1215,12658089,43.392857142857146
19.0,721,12658810,37.94736842105263
25.0,1098,12659908,43.92
9.0,346,12660254,38.44444444444444
21.0,925,12661179,44.04761904761905
18.0,646,12661825,35.888888888888886
16.0,624,12662449,39.0
30.0,1301,12663750,43.36666666666667
7.0,247,12663997,35.285714285714285
6.0,219,12664216,36.5
28.0,1134,12665350,40.5
28.0,1125,12666475,40.17857142857143
18.0,698,12667173,38.77777777777778
17.0,782,12667955,46.0
35.0,1719,12669674,49.114285714285714
17.0,847,12670521,49.8235294117647
26.0,1114,12671635,42.84615384615385
27.0,1140,12672775,42.22222222222222
24.0,997,12673772,41.541666666666664
24.0,1052,12674824,43.833333333333336
26.0,1069,12675893,41.11538461538461
31.0,1242,12677135,40.064516129032256
34.0,1621,12678756,47.6764705882353
20.0,989,12679745,49.45
54.0,2336,12682081,43.25925925925926
17.0,720,12682801,42.35294117647059
37.0,1600,12684401,43.24324324324324
41.0,1564,12685965,38.146341463414636
36.0,1505,12687470,41.80555555555556
32.0,1199,12688669,37.46875
45.0,1917,12690586,42.6
36.0,1370,12691956,38.05555555555556
28.0,1084,12693040,38.714285714285715
12.0,842,12693882,70.16666666666667
41.0,1719,12695601,41.926829268292686
6.0,619,12696220,103.16666666666667
29.0,1343,12697563,46.310344827586206
13.0,712,12698275,54.76923076923077
6.0,611,12698886,101.83333333333333
17.0,820,12699706,48.23529411764706
22.0,1023,12700729,46.5
5.0,585,12701314,117.0
23.0,1031,12702345,44.82608695652174
18.0,699,12703044,38.833333333333336
29.0,1231,12704275,42.44827586206897
10.0,443,12704718,44.3
12.0,1064,12705782,88.66666666666667
7.0,185,12705967,26.428571428571427
14.0,618,12706585,44.142857142857146
9.0,337,12706922,37.44444444444444
1.0,57,12706979,57.0
13.0,396,12707375,30.46153846153846
2.0,108,12707483,54.0
7.0,201,12707684,28.714285714285715
7.0,309,12707993,44.142857142857146
13.0,452,12708445,34.76923076923077
52.0,1845,12710290,35.48076923076923
25.0,972,12711262,38.88
29.0,1126,12712388,38.827586206896555
27.0,1819,12714207,67.37037037037037
16.0,652,12714859,40.75
39.0,2059,12716918,52.794871794871796
17.0,1200,12718118,70.58823529411765
17.0,1013,12719131,59.588235294117645
24.0,789,12719920,32.875
7.0,860,12720780,122.85714285714286
15.0,739,12721519,49.266666666666666
9.0,824,12722343,91.55555555555556
1.0,469,12722812,469.0
10.0,332,12723144,33.2
25.0,798,12723942,31.92
13.0,1164,12725106,89.53846153846153
24.0,1204,12726310,50.166666666666664
18.0,786,12727096,43.666666666666664
5.0,210,12727306,42.0
21.0,701,12728007,33.38095238095238
6.0,217,12728224,36.166666666666664
4.0,551,12728775,137.75
7.0,811,12729586,115.85714285714286
47.0,2351,12731937,50.02127659574468
34.0,1423,12733360,41.85294117647059
1.0,472,12733832,472.0
42.0,1829,12735661,43.54761904761905
7.0,879,12736540,125.57142857142857
43.0,2889,12739429,67.18604651162791
22.0,827,12740256,37.59090909090909
13.0,1225,12741481,94.23076923076923
35.0,1323,12742804,37.8
6.0,633,12743437,105.5
42.0,1716,12745153,40.857142857142854
25.0,1061,12746214,42.44
25.0,1324,12747538,52.96
40.0,2086,12749624,52.15
25.0,1360,12750984,54.4
15.0,1001,12751985,66.73333333333333
10.0,564,12752549,56.4
10.0,369,12752918,36.9
11.0,464,12753382,42.18181818181818
21.0,776,12754158,36.95238095238095
11.0,396,12754554,36.0
33.0,1266,12755820,38.36363636363637
0.0,441,12756261,inf
12.0,508,12756769,42.333333333333336
13.0,872,12757641,67.07692307692308
35.0,1368,12759009,39.08571428571429
13.0,602,12759611,46.30769230769231
1.0,474,12760085,474.0
18.0,625,12760710,34.72222222222222
26.0,1060,12761770,40.76923076923077
2.0,92,12761862,46.0
33.0,1148,12763010,34.78787878787879
29.0,1052,12764062,36.275862068965516
48.0,1692,12765754,35.25
39.0,1388,12767142,35.58974358974359
7.0,237,12767379,33.857142857142854
31.0,1302,12768681,42.0
32.0,1213,12769894,37.90625
15.0,548,12770442,36.53333333333333
18.0,799,12771241,44.388888888888886
28.0,1309,12772550,46.75
11.0,451,12773001,41.0
38.0,1488,12774489,39.1578947368421
12.0,443,12774932,36.916666666666664
24.0,887,12775819,36.958333333333336
0.0,441,12776260,inf
24.0,862,12777122,35.916666666666664
26.0,1131,12778253,43.5
1.0,468,12778721,468.0
27.0,1019,12779740,37.74074074074074
10.0,445,12780185,44.5
13.0,479,12780664,36.84615384615385
0.0,441,12781105,inf
30.0,1245,12782350,41.5
33.0,1368,12783718,41.45454545454545
12.0,433,12784151,36.083333333333336
28.0,967,12785118,34.535714285714285
20.0,588,12785706,29.4
34.0,1279,12786985,37.61764705882353
31.0,1257,12788242,40.54838709677419
22.0,753,12788995,34.22727272727273
0.0,441,12789436,inf
37.0,1455,12790891,39.32432432432432
20.0,871,12791762,43.55
8.0,229,12791991,28.625
31.0,1061,12793052,34.225806451612904
37.0,1394,12794446,37.67567567567568
33.0,1336,12795782,40.484848484848484
35.0,1247,12797029,35.628571428571426
17.0,665,12797694,39.11764705882353
4.0,585,12798279,146.25
26.0,1079,12799358,41.5
27.0,1065,12800423,39.44444444444444
0.0,441,12800864,inf
39.0,1423,12802287,36.48717948717949
13.0,522,12802809,40.15384615384615
42.0,1426,12804235,33.95238095238095
13.0,499,12804734,38.38461538461539
19.0,650,12805384,34.21052631578947
12.0,492,12805876,41.0
35.0,1375,12807251,39.285714285714285
20.0,668,12807919,33.4
32.0,1084,12809003,33.875
31.0,1285,12810288,41.45161290322581
14.0,445,12810733,31.785714285714285
26.0,912,12811645,35.07692307692308
35.0,1409,12813054,40.25714285714286
20.0,762,12813816,38.1
2.0,512,12814328,256.0
18.0,543,12814871,30.166666666666668
38.0,1354,12816225,35.63157894736842
25.0,942,12817167,37.68
41.0,1384,12818551,33.75609756097561
36.0,1413,12819964,39.25
5.0,680,12820644,136.0
23.0,894,12821538,38.869565217391305
4.0,544,12822082,136.0
32.0,1156,12823238,36.125
45.0,1793,12825031,39.84444444444444
31.0,1176,12826207,37.935483870967744
45.0,1813,12828020,40.28888888888889
33.0,1106,12829126,33.515151515151516
11.0,410,12829536,37.27272727272727
40.0,1521,12831057,38.025
38.0,1265,12832322,33.28947368421053
34.0,1367,12833689,40.205882352941174
38.0,1482,12835171,39.0
29.0,1018,12836189,35.10344827586207
26.0,851,12837040,32.73076923076923
17.0,567,12837607,33.35294117647059
34.0,1337,12838944,39.3235294117647
35.0,1149,12840093,32.82857142857143
56.0,2028,12842121,36.214285714285715
28.0,998,12843119,35.642857142857146
34.0,1239,12844358,36.44117647058823
46.0,1817,12846175,39.5
39.0,1430,12847605,36.666666666666664
25.0,982,12848587,39.28
32.0,1136,12849723,35.5
26.0,961,12850684,36.96153846153846
31.0,1166,12851850,37.61290322580645
42.0,1497,12853347,35.642857142857146
30.0,1196,12854543,39.86666666666667
42.0,1431,12855974,34.07142857142857
37.0,1443,12857417,39.0
38.0,1293,12858710,34.026315789473685
25.0,841,12859551,33.64
25.0,1040,12860591,41.6
31.0,1038,12861629,33.483870967741936
64.0,2078,12863707,32.46875
37.0,1384,12865091,37.4054054054054
54.0,2203,12867294,40.7962962962963
28.0,855,12868149,30.535714285714285
35.0,1249,12869398,35.68571428571428
30.0,1021,12870419,34.03333333333333
37.0,1432,12871851,38.7027027027027
25.0,858,12872709,34.32
47.0,1836,12874545,39.06382978723404
28.0,934,12875479,33.357142857142854
60.0,2396,12877875,39.93333333333333
14.0,467,12878342,33.357142857142854
38.0,1454,12879796,38.26315789473684
57.0,2024,12881820,35.50877192982456
53.0,2008,12883828,37.886792452830186
36.0,1276,12885104,35.44444444444444
30.0,1033,12886137,34.43333333333333
20.0,799,12886936,39.95
42.0,1402,12888338,33.38095238095238
31.0,1212,12889550,39.096774193548384
28.0,1014,12890564,36.214285714285715
41.0,1564,12892128,38.146341463414636
44.0,1500,12893628,34.09090909090909
37.0,1426,12895054,38.54054054054054
54.0,1943,12896997,35.98148148148148
19.0,689,12897686,36.26315789473684
34.0,1263,12898949,37.14705882352941
37.0,1251,12900200,33.810810810810814
34.0,1325,12901525,38.970588235294116
43.0,1637,12903162,38.06976744186046
34.0,1239,12904401,36.44117647058823
35.0,1094,12905495,31.257142857142856
36.0,1334,12906829,37.05555555555556
37.0,1299,12908128,35.108108108108105
15.0,499,12908627,33.266666666666666
30.0,1115,12909742,37.166666666666664
31.0,1062,12910804,34.25806451612903
38.0,1513,12912317,39.81578947368421
42.0,1719,12914036,40.92857142857143
41.0,1275,12915311,31.097560975609756
47.0,1772,12917083,37.702127659574465
31.0,1144,12918227,36.903225806451616
36.0,1271,12919498,35.30555555555556
16.0,523,12920021,32.6875
61.0,2397,12922418,39.295081967213115
49.0,1973,12924391,40.265306122448976
54.0,2153,12926544,39.870370370370374
40.0,1449,12927993,36.225
34.0,1141,12929134,33.55882352941177
41.0,1369,12930503,33.390243902439025
38.0,1418,12931921,37.31578947368421
19.0,785,12932706,41.31578947368421
28.0,1052,12933758,37.57142857142857
31.0,1231,12934989,39.70967741935484
31.0,1154,12936143,37.225806451612904
33.0,1218,12937361,36.90909090909091
52.0,2004,12939365,38.53846153846154
53.0,2207,12941572,41.64150943396226
49.0,2076,12943648,42.36734693877551
31.0,1183,12944831,38.16129032258065
15.0,520,12945351,34.666666666666664
38.0,1303,12946654,34.28947368421053
28.0,1006,12947660,35.92857142857143
50.0,1847,12949507,36.94
45.0,1689,12951196,37.53333333333333
42.0,1633,12952829,38.88095238095238
43.0,1635,12954464,38.02325581395349
37.0,1430,12955894,38.648648648648646
32.0,1200,12957094,37.5
35.0,1204,12958298,34.4
39.0,1371,12959669,35.15384615384615
40.0,1446,12961115,36.15
46.0,1745,12962860,37.93478260869565
19.0,611,12963471,32.1578947368421
28.0,887,12964358,31.678571428571427
20.0,628,12964986,31.4
31.0,1065,12966051,34.354838709677416
40.0,1524,12967575,38.1
37.0,1343,12968918,36.2972972972973
25.0,1007,12969925,40.28
35.0,1298,12971223,37.08571428571429
26.0,907,12972130,34.88461538461539
45.0,1845,12973975,41.0
35.0,1224,12975199,34.97142857142857
58.0,2408,12977607,41.51724137931034
67.0,2268,12979875,33.850746268656714
32.0,1222,12981097,38.1875
13.0,521,12981618,40.07692307692308
35.0,1195,12982813,34.142857142857146
38.0,1428,12984241,37.578947368421055
46.0,1646,12985887,35.78260869565217
40.0,1531,12987418,38.275
47.0,1628,12989046,34.638297872340424
27.0,965,12990011,35.74074074074074
49.0,1785,12991796,36.42857142857143
48.0,1793,12993589,37.354166666666664
17.0,617,12994206,36.294117647058826
36.0,1429,12995635,39.69444444444444
31.0,1081,12996716,34.87096774193548
39.0,1419,12998135,36.38461538461539
41.0,1543,12999678,37.63414634146341
28.0,1140,13000818,40.714285714285715
53.0,1881,13002699,35.490566037735846
44.0,1788,13004487,40.63636363636363
47.0,1728,13006215,36.765957446808514
44.0,1742,13007957,39.59090909090909
41.0,1412,13009369,34.4390243902439
47.0,1767,13011136,37.59574468085106
35.0,1288,13012424,36.8
22.0,701,13013125,31.863636363636363
27.0,965,13014090,35.74074074074074
22.0,771,13014861,35.04545454545455
25.0,909,13015770,36.36
29.0,1088,13016858,37.51724137931034
16.0,599,13017457,37.4375
39.0,1279,13018736,32.794871794871796
14.0,513,13019249,36.642857142857146
40.0,1496,13020745,37.4
44.0,1672,13022417,38.0
40.0,1514,13023931,37.85
35.0,1311,13025242,37.457142857142856
39.0,1487,13026729,38.12820512820513
34.0,1261,13027990,37.088235294117645
7.0,313,13028303,44.714285714285715
39.0,1426,13029729,36.56410256410256
26.0,972,13030701,37.38461538461539
45.0,1829,13032530,40.644444444444446
53.0,2161,13034691,40.77358490566038
21.0,653,13035344,31.095238095238095
42.0,1861,13037205,44.30952380952381
35.0,1285,13038490,36.714285714285715
38.0,1553,13040043,40.86842105263158
39.0,1425,13041468,36.53846153846154
15.0,502,13041970,33.46666666666667
33.0,1257,13043227,38.09090909090909
15.0,560,13043787,37.333333333333336
42.0,1492,13045279,35.523809523809526
17.0,606,13045885,35.64705882352941
19.0,612,13046497,32.21052631578947
16.0,514,13047011,32.125
57.0,1927,13048938,33.80701754385965
25.0,963,13049901,38.52
32.0,1207,13051108,37.71875
37.0,1355,13052463,36.62162162162162
48.0,1602,13054065,33.375
31.0,1318,13055383,42.516129032258064
42.0,1505,13056888,35.833333333333336
60.0,2314,13059202,38.56666666666667
36.0,1407,13060609,39.083333333333336
26.0,834,13061443,32.07692307692308
23.0,821,13062264,35.69565217391305
46.0,1772,13064036,38.52173913043478
24.0,974,13065010,40.583333333333336
25.0,858,13065868,34.32
35.0,1273,13067141,36.371428571428574
42.0,1562,13068703,37.19047619047619
46.0,1857,13070560,40.369565217391305
11.0,315,13070875,28.636363636363637
43.0,1567,13072442,36.44186046511628
34.0,1335,13073777,39.26470588235294
32.0,1138,13074915,35.5625
46.0,1527,13076442,33.19565217391305
35.0,1390,13077832,39.714285714285715
47.0,1866,13079698,39.702127659574465
22.0,772,13080470,35.09090909090909
50.0,1650,13082120,33.0
18.0,596,13082716,33.111111111111114
46.0,1764,13084480,38.34782608695652
40.0,1594,13086074,39.85
40.0,1466,13087540,36.65
42.0,1437,13088977,34.214285714285715
36.0,1219,13090196,33.861111111111114
47.0,1616,13091812,34.38297872340426
27.0,1045,13092857,38.7037037037037
37.0,1347,13094204,36.4054054054054
49.0,1833,13096037,37.40816326530612
40.0,1331,13097368,33.275
32.0,1151,13098519,35.96875
33.0,1288,13099807,39.03030303030303
32.0,1137,13100944,35.53125
28.0,911,13101855,32.535714285714285
40.0,1469,13103324,36.725
44.0,1647,13104971,37.43181818181818
33.0,1021,13105992,30.939393939393938
43.0,1375,13107367,31.976744186046513
23.0,865,13108232,37.608695652173914
39.0,1364,13109596,34.97435897435897
29.0,933,13110529,32.172413793103445
24.0,808,13111337,33.666666666666664
33.0,1082,13112419,32.78787878787879
22.0,806,13113225,36.63636363636363
57.0,1895,13115120,33.24561403508772
57.0,1813,13116933,31.80701754385965
16.0,530,13117463,33.125
50.0,1758,13119221,35.16
40.0,1475,13120696,36.875
33.0,1069,13121765,32.39393939393939
40.0,1257,13123022,31.425
46.0,1470,13124492,31.956521739130434
43.0,1424,13125916,33.116279069767444
25.0,835,13126751,33.4
10.0,302,13127053,30.2
49.0,2045,13129098,41.734693877551024
47.0,1605,13130703,34.148936170212764
33.0,1044,13131747,31.636363636363637
27.0,905,13132652,33.51851851851852
40.0,1527,13134179,38.175
39.0,1382,13135561,35.43589743589744
21.0,841,13136402,40.04761904761905
33.0,1219,13137621,36.93939393939394
27.0,976,13138597,36.148148148148145
26.0,863,13139460,33.19230769230769
21.0,707,13140167,33.666666666666664
37.0,1434,13141601,38.75675675675676
32.0,1067,13142668,33.34375
43.0,1394,13144062,32.41860465116279
29.0,906,13144968,31.24137931034483
32.0,1242,13146210,38.8125
33.0,1246,13147456,37.75757575757576
29.0,954,13148410,32.89655172413793
47.0,1607,13150017,34.191489361702125
52.0,1811,13151828,34.82692307692308
21.0,640,13152468,30.476190476190474
29.0,900,13153368,31.03448275862069
14.0,387,13153755,27.642857142857142
31.0,1083,13154838,34.935483870967744
31.0,1119,13155957,36.096774193548384
24.0,882,13156839,36.75
25.0,787,13157626,31.48
21.0,651,13158277,31.0
11.0,458,13158735,41.63636363636363
34.0,1007,13159742,29.61764705882353
27.0,817,13160559,30.25925925925926
36.0,1048,13161607,29.11111111111111
32.0,963,13162570,30.09375
35.0,1260,13163830,36.0
25.0,825,13164655,33.0
23.0,771,13165426,33.52173913043478
38.0,1344,13166770,35.36842105263158
37.0,1241,13168011,33.54054054054054
45.0,1657,13169668,36.82222222222222
40.0,1284,13170952,32.1
35.0,1389,13172341,39.68571428571428
30.0,1061,13173402,35.36666666666667
8.0,227,13173629,28.375
45.0,1535,13175164,34.111111111111114
17.0,541,13175705,31.823529411764707
23.0,794,13176499,34.52173913043478
20.0,678,13177177,33.9
28.0,944,13178121,33.714285714285715
34.0,1227,13179348,36.088235294117645
49.0,1784,13181132,36.40816326530612
36.0,1284,13182416,35.666666666666664
43.0,1635,13184051,38.02325581395349
30.0,1042,13185093,34.733333333333334
42.0,1340,13186433,31.904761904761905
35.0,1249,13187682,35.68571428571428
35.0,1147,13188829,32.77142857142857
41.0,1555,13190384,37.926829268292686
41.0,1481,13191865,36.1219512195122
33.0,994,13192859,30.12121212121212
43.0,1391,13194250,32.348837209302324
31.0,1083,13195333,34.935483870967744
25.0,809,13196142,32.36
19.0,761,13196903,40.05263157894737
54.0,1947,13198850,36.05555555555556
18.0,531,13199381,29.5
30.0,1013,13200394,33.766666666666666
28.0,996,13201390,35.57142857142857
45.0,1521,13202911,33.8
44.0,1740,13204651,39.54545454545455
12.0,466,13205117,38.833333333333336
22.0,729,13205846,33.13636363636363
33.0,1154,13207000,34.96969696969697
37.0,1236,13208236,33.4054054054054
45.0,1619,13209855,35.977777777777774
48.0,1710,13211565,35.625
32.0,984,13212549,30.75
22.0,628,13213177,28.545454545454547
34.0,1287,13214464,37.85294117647059
41.0,1584,13216048,38.63414634146341
39.0,1335,13217383,34.23076923076923
27.0,975,13218358,36.111111111111114
33.0,979,13219337,29.666666666666668
39.0,1284,13220621,32.92307692307692
32.0,1195,13221816,37.34375
15.0,446,13222262,29.733333333333334
28.0,987,13223249,35.25
41.0,1397,13224646,34.073170731707314
31.0,928,13225574,29.93548387096774
60.0,2263,13227837,37.71666666666667
13.0,406,13228243,31.23076923076923
18.0,594,13228837,33.0
44.0,1450,13230287,32.95454545454545
10.0,344,13230631,34.4
48.0,1707,13232338,35.5625
37.0,1258,13233596,34.0
31.0,1054,13234650,34.0
34.0,1100,13235750,32.35294117647059
38.0,1185,13236935,31.18421052631579
41.0,1472,13238407,35.90243902439025
35.0,1096,13239503,31.314285714285713
26.0,860,13240363,33.07692307692308
49.0,1839,13242202,37.53061224489796
39.0,1545,13243747,39.61538461538461
61.0,2152,13245899,35.278688524590166
32.0,1075,13246974,33.59375
25.0,897,13247871,35.88
39.0,1245,13249116,31.923076923076923
39.0,1293,13250409,33.15384615384615
26.0,871,13251280,33.5
42.0,1541,13252821,36.69047619047619
29.0,936,13253757,32.275862068965516
25.0,856,13254613,34.24
44.0,1424,13256037,32.36363636363637
39.0,1328,13257365,34.05128205128205
40.0,1530,13258895,38.25
50.0,1598,13260493,31.96
11.0,370,13260863,33.63636363636363
50.0,1722,13262585,34.44
22.0,746,13263331,33.90909090909091
4.0,132,13263463,33.0
44.0,1625,13265088,36.93181818181818
27.0,969,13266057,35.888888888888886
51.0,1738,13267795,34.07843137254902
51.0,1873,13269668,36.72549019607843
25.0,798,13270466,31.92
46.0,1701,13272167,36.97826086956522
19.0,738,13272905,38.8421052631579
37.0,1380,13274285,37.2972972972973
42.0,1469,13275754,34.976190476190474
49.0,1626,13277380,33.183673469387756
24.0,789,13278169,32.875
38.0,1287,13279456,33.86842105263158
52.0,1950,13281406,37.5
43.0,1394,13282800,32.41860465116279
24.0,868,13283668,36.166666666666664
36.0,1374,13285042,38.166666666666664
41.0,1265,13286307,30.853658536585368
54.0,1868,13288175,34.592592592592595
39.0,1399,13289574,35.87179487179487
30.0,1095,13290669,36.5
37.0,1244,13291913,33.62162162162162
33.0,1180,13293093,35.75757575757576
19.0,616,13293709,32.421052631578945
60.0,2116,13295825,35.266666666666666
53.0,1760,13297585,33.20754716981132
39.0,1274,13298859,32.666666666666664
21.0,646,13299505,30.761904761904763
27.0,863,13300368,31.962962962962962
30.0,971,13301339,32.36666666666667
38.0,1212,13302551,31.894736842105264
31.0,1153,13303704,37.193548387096776
38.0,1418,13305122,37.31578947368421
23.0,820,13305942,35.65217391304348
27.0,910,13306852,33.7037037037037
42.0,1639,13308491,39.023809523809526
47.0,1580,13310071,33.61702127659574
56.0,2206,13312277,39.392857142857146
40.0,1344,13313621,33.6
45.0,1581,13315202,35.13333333333333
36.0,1248,13316450,34.666666666666664
12.0,370,13316820,30.833333333333332
22.0,702,13317522,31.90909090909091
31.0,1003,13318525,32.354838709677416
36.0,1236,13319761,34.333333333333336
23.0,745,13320506,32.391304347826086
29.0,931,13321437,32.10344827586207
28.0,1154,13322591,41.214285714285715
40.0,1332,13323923,33.3
39.0,1301,13325224,33.35897435897436
53.0,1723,13326947,32.509433962264154
46.0,1657,13328604,36.02173913043478
55.0,2019,13330623,36.70909090909091
35.0,1292,13331915,36.91428571428571
14.0,514,13332429,36.714285714285715
21.0,604,13333033,28.761904761904763
30.0,1044,13334077,34.8
18.0,552,13334629,30.666666666666668
49.0,1733,13336362,35.36734693877551
39.0,1253,13337615,32.12820512820513
34.0,1207,13338822,35.5
30.0,1083,13339905,36.1
46.0,1234,13341139,26.82608695652174
33.0,1086,13342225,32.90909090909091
32.0,1169,13343394,36.53125
35.0,1291,13344685,36.885714285714286
27.0,984,13345669,36.44444444444444
52.0,1856,13347525,35.69230769230769
41.0,1457,13348982,35.53658536585366
38.0,1283,13350265,33.76315789473684
28.0,1101,13351366,39.32142857142857
26.0,1015,13352381,39.03846153846154
1.0,478,13352859,478.0
24.0,817,13353676,34.041666666666664
41.0,1490,13355166,36.34146341463415
52.0,2084,13357250,40.07692307692308
19.0,691,13357941,36.36842105263158
14.0,501,13358442,35.785714285714285
25.0,842,13359284,33.68
17.0,619,13359903,36.411764705882355
5.0,594,13360497,118.8
30.0,1149,13361646,38.3
5.0,664,13362310,132.8
1.0,471,13362781,471.0
1.0,478,13363259,478.0
16.0,606,13363865,37.875
21.0,763,13364628,36.333333333333336
26.0,959,13365587,36.88461538461539
25.0,940,13366527,37.6
23.0,771,13367298,33.52173913043478
12.0,463,13367761,38.583333333333336
24.0,884,13368645,36.833333333333336
25.0,1037,13369682,41.48
34.0,1212,13370894,35.64705882352941
30.0,1100,13371994,36.666666666666664
29.0,1044,13373038,36.0
24.0,1052,13374090,43.833333333333336
2.0,482,13374572,241.0
47.0,1785,13376357,37.97872340425532
29.0,917,13377274,31.620689655172413
27.0,896,13378170,33.18518518518518
33.0,1294,13379464,39.21212121212121
0.0,441,13379905,inf
35.0,1525,13381430,43.57142857142857
28.0,1078,13382508,38.5
27.0,1008,13383516,37.333333333333336
41.0,1629,13385145,39.73170731707317
24.0,981,13386126,40.875
30.0,996,13387122,33.2
30.0,1121,13388243,37.36666666666667
23.0,999,13389242,43.43478260869565
25.0,956,13390198,38.24
20.0,863,13391061,43.15
5.0,663,13391724,132.6
31.0,1104,13392828,35.61290322580645
19.0,889,13393717,46.78947368421053
23.0,881,13394598,38.30434782608695
28.0,1079,13395677,38.535714285714285
17.0,645,13396322,37.94117647058823
47.0,1748,13398070,37.191489361702125
39.0,1279,13399349,32.794871794871796
4.0,616,13399965,154.0
33.0,1340,13401305,40.60606060606061
30.0,1210,13402515,40.333333333333336
0.0,441,13402956,inf
22.0,683,13403639,31.045454545454547
26.0,1032,13404671,39.69230769230769
26.0,814,13405485,31.307692307692307
17.0,567,13406052,33.35294117647059
9.0,370,13406422,41.111111111111114
1.0,479,13406901,479.0
26.0,1073,13407974,41.26923076923077
39.0,1436,13409410,36.82051282051282
25.0,830,13410240,33.2
35.0,1279,13411519,36.542857142857144
13.0,456,13411975,35.07692307692308
3.0,99,13412074,33.0
2.0,136,13412210,68.0
2.0,67,13412277,33.5
9.0,372,13412649,41.333333333333336
28.0,931,13413580,33.25
7.0,296,13413876,42.285714285714285
3.0,100,13413976,33.333333333333336
23.0,844,13414820,36.69565217391305
4.0,96,13414916,24.0
3.0,100,13415016,33.333333333333336
6.0,184,13415200,30.666666666666668
8.0,352,13415552,44.0
8.0,328,13415880,41.0
5.0,219,13416099,43.8
20.0,604,13416703,30.2
10.0,490,13417193,49.0
3.0,103,13417296,34.333333333333336
6.0,243,13417539,40.5
17.0,545,13418084,32.05882352941177
6.0,206,13418290,34.333333333333336
1.0,464,13418754,464.0
5.0,119,13418873,23.8
3.0,126,13418999,42.0
7.0,267,13419266,38.142857142857146
34.0,1097,13420363,32.26470588235294
0.0,441,13420804,inf
13.0,433,13421237,33.30769230769231
5.0,151,13421388,30.2
11.0,360,13421748,32.72727272727273
1.0,469,13422217,469.0
4.0,139,13422356,34.75
12.0,382,13422738,31.833333333333332
0.0,441,13423179,inf
2.0,127,13423306,63.5
10.0,494,13423800,49.4
4.0,213,13424013,53.25
8.0,299,13424312,37.375
8.0,284,13424596,35.5
5.0,234,13424830,46.8
6.0,237,13425067,39.5
3.0,158,13425225,52.666666666666664
4.0,241,13425466,60.25
1.0,47,13425513,47.0
47.0,1474,13426987,31.361702127659573
42.0,1535,13428522,36.54761904761905
28.0,960,13429482,34.285714285714285
31.0,1259,13430741,40.61290322580645
15.0,555,13431296,37.0
26.0,803,13432099,30.884615384615383
34.0,1268,13433367,37.294117647058826
26.0,908,13434275,34.92307692307692
28.0,1172,13435447,41.857142857142854
35.0,1434,13436881,40.97142857142857
26.0,1036,13437917,39.84615384615385
31.0,1279,13439196,41.25806451612903
33.0,1300,13440496,39.39393939393939
30.0,1098,13441594,36.6
26.0,1022,13442616,39.30769230769231
20.0,898,13443514,44.9
36.0,1319,13444833,36.638888888888886
32.0,1089,13445922,34.03125
35.0,1338,13447260,38.22857142857143
26.0,1003,13448263,38.57692307692308
51.0,1772,13450035,34.745098039215684
23.0,826,13450861,35.91304347826087
3.0,527,13451388,175.66666666666666
27.0,925,13452313,34.25925925925926
26.0,1170,13453483,45.0
19.0,679,13454162,35.73684210526316
33.0,1111,13455273,33.666666666666664
29.0,1008,13456281,34.758620689655174
38.0,1374,13457655,36.1578947368421
20.0,705,13458360,35.25
36.0,1268,13459628,35.22222222222222
0.0,441,13460069,inf
1.0,521,13460590,521.0
26.0,835,13461425,32.11538461538461
26.0,1089,13462514,41.88461538461539
27.0,880,13463394,32.592592592592595
15.0,523,13463917,34.86666666666667
19.0,624,13464541,32.8421052631579
12.0,468,13465009,39.0
34.0,1199,13466208,35.26470588235294
18.0,651,13466859,36.166666666666664
28.0,1078,13467937,38.5
16.0,559,13468496,34.9375
23.0,658,13469154,28.608695652173914
12.0,491,13469645,40.916666666666664
24.0,899,13470544,37.458333333333336
27.0,1004,13471548,37.18518518518518
24.0,671,13472219,27.958333333333332
43.0,1490,13473709,34.651162790697676
24.0,961,13474670,40.041666666666664
13.0,477,13475147,36.69230769230769
11.0,438,13475585,39.81818181818182
33.0,1137,13476722,34.45454545454545
11.0,491,13477213,44.63636363636363
28.0,954,13478167,34.07142857142857
22.0,818,13478985,37.18181818181818
15.0,456,13479441,30.4
25.0,1084,13480525,43.36
13.0,489,13481014,37.61538461538461
25.0,882,13481896,35.28
31.0,1224,13483120,39.483870967741936
26.0,905,13484025,34.80769230769231
37.0,1329,13485354,35.91891891891892
0.0,441,13485795,inf
16.0,674,13486469,42.125
18.0,635,13487104,35.27777777777778
29.0,1249,13488353,43.06896551724138
16.0,648,13489001,40.5
12.0,502,13489503,41.833333333333336
3.0,547,13490050,182.33333333333334
0.0,441,13490491,inf
25.0,774,13491265,30.96
23.0,872,13492137,37.91304347826087
12.0,464,13492601,38.666666666666664
23.0,885,13493486,38.47826086956522
15.0,562,13494048,37.46666666666667
12.0,370,13494418,30.833333333333332
31.0,1075,13495493,34.67741935483871
40.0,1460,13496953,36.5
29.0,1072,13498025,36.96551724137931
21.0,749,13498774,35.666666666666664
46.0,1670,13500444,36.30434782608695
55.0,2141,13502585,38.92727272727273
38.0,1545,13504130,40.6578947368421
41.0,1692,13505822,41.26829268292683
30.0,1096,13506918,36.53333333333333
43.0,1684,13508602,39.16279069767442
8.0,257,13508859,32.125
39.0,1441,13510300,36.94871794871795
1.0,502,13510802,502.0
49.0,1927,13512729,39.326530612244895
0.0,441,13513170,inf
56.0,2438,13515608,43.535714285714285
41.0,1640,13517248,40.0
8.0,291,13517539,36.375
14.0,503,13518042,35.92857142857143
32.0,1072,13519114,33.5
43.0,1762,13520876,40.97674418604651
17.0,566,13521442,33.294117647058826
24.0,841,13522283,35.041666666666664
38.0,1478,13523761,38.89473684210526
0.0,441,13524202,inf
2.0,488,13524690,244.0
2.0,506,13525196,253.0
0.0,441,13525637,inf
6.0,618,13526255,103.0
0.0,441,13526696,inf
1.0,465,13527161,465.0
3.0,504,13527665,168.0
1.0,469,13528134,469.0
0.0,21,13528155,inf
0.0,23,13528178,inf
3.0,94,13528272,31.333333333333332
0.0,21,13528293,inf
6.0,235,13528528,39.166666666666664
1.0,66,13528594,66.0
0.0,20,13528614,inf
0.0,441,13529055,inf
7.0,675,13529730,96.42857142857143
1.0,488,13530218,488.0
1.0,464,13530682,464.0
2.0,493,13531175,246.5
0.0,441,13531616,inf
3.0,530,13532146,176.66666666666666
0.0,441,13532587,inf
1.0,468,13533055,468.0
4.0,544,13533599,136.0
3.0,493,13534092,164.33333333333334
2.0,529,13534621,264.5
0.0,441,13535062,inf
1.0,451,13535513,451.0
1.0,474,13535987,474.0
9.0,751,13536738,83.44444444444444
2.0,497,13537235,248.5
1.0,471,13537706,471.0
10.0,708,13538414,70.8
2.0,536,13538950,268.0
5.0,572,13539522,114.4
0.0,441,13539963,inf
3.0,529,13540492,176.33333333333334
4.0,559,13541051,139.75
3.0,535,13541586,178.33333333333334
1.0,472,13542058,472.0
5.0,572,13542630,114.4
1.0,469,13543099,469.0
5.0,598,13543697,119.6
1.0,462,13544159,462.0
3.0,530,13544689,176.66666666666666
6.0,688,13545377,114.66666666666667
4.0,568,13545945,142.0
10.0,672,13546617,67.2
0.0,441,13547058,inf
2.0,481,13547539,240.5
9.0,724,13548263,80.44444444444444
1.0,469,13548732,469.0
4.0,530,13549262,132.5
1.0,467,13549729,467.0
0.0,441,13550170,inf
12.0,815,13550985,67.91666666666667
11.0,859,13551844,78.0909090909091
2.0,477,13552321,238.5
26.0,774,13553095,29.76923076923077
0.0,441,13553536,inf
8.0,269,13553805,33.625
10.0,402,13554207,40.2
12.0,447,13554654,37.25
37.0,1391,13556045,37.5945945945946
31.0,1032,13557077,33.29032258064516
38.0,1506,13558583,39.63157894736842
61.0,2292,13560875,37.57377049180328
44.0,1861,13562736,42.29545454545455
38.0,1185,13563921,31.18421052631579
31.0,1170,13565091,37.74193548387097
43.0,1734,13566825,40.325581395348834
52.0,1786,13568611,34.34615384615385
46.0,1545,13570156,33.58695652173913
38.0,1258,13571414,33.10526315789474
45.0,1727,13573141,38.37777777777778
45.0,1700,13574841,37.77777777777778
31.0,1097,13575938,35.38709677419355
48.0,1739,13577677,36.229166666666664
43.0,1658,13579335,38.55813953488372
54.0,2082,13581417,38.55555555555556
20.0,780,13582197,39.0
23.0,746,13582943,32.43478260869565
36.0,1374,13584317,38.166666666666664
36.0,1225,13585542,34.02777777777778
43.0,1559,13587101,36.25581395348837
68.0,2712,13589813,39.88235294117647
26.0,954,13590767,36.69230769230769
29.0,955,13591722,32.93103448275862
50.0,2010,13593732,40.2
47.0,1635,13595367,34.787234042553195
20.0,676,13596043,33.8
31.0,1075,13597118,34.67741935483871
22.0,791,13597909,35.95454545454545
48.0,1665,13599574,34.6875
50.0,2148,13601722,42.96
29.0,932,13602654,32.13793103448276
26.0,947,13603601,36.42307692307692
41.0,1464,13605065,35.707317073170735
45.0,1765,13606830,39.22222222222222
24.0,747,13607577,31.125
33.0,1173,13608750,35.54545454545455
21.0,785,13609535,37.38095238095238
53.0,2194,13611729,41.39622641509434
36.0,1377,13613106,38.25
30.0,1022,13614128,34.06666666666667
34.0,1134,13615262,33.35294117647059
26.0,752,13616014,28.923076923076923
31.0,1166,13617180,37.61290322580645
63.0,2383,13619563,37.82539682539682
44.0,1633,13621196,37.11363636363637
39.0,1515,13622711,38.84615384615385
50.0,2164,13624875,43.28
44.0,1679,13626554,38.15909090909091
47.0,1708,13628262,36.340425531914896
26.0,920,13629182,35.38461538461539
12.0,477,13629659,39.75
27.0,913,13630572,33.81481481481482
39.0,1518,13632090,38.92307692307692
27.0,989,13633079,36.629629629629626
38.0,1329,13634408,34.973684210526315
21.0,575,13634983,27.38095238095238
34.0,1307,13636290,38.44117647058823
37.0,1267,13637557,34.24324324324324
16.0,529,13638086,33.0625
30.0,932,13639018,31.066666666666666
44.0,1771,13640789,40.25
12.0,407,13641196,33.916666666666664
33.0,1359,13642555,41.18181818181818
31.0,1088,13643643,35.096774193548384
45.0,1748,13645391,38.84444444444444
21.0,694,13646085,33.04761904761905
43.0,1409,13647494,32.76744186046512
44.0,1652,13649146,37.54545454545455
30.0,1128,13650274,37.6
50.0,1863,13652137,37.26
13.0,451,13652588,34.69230769230769
46.0,1833,13654421,39.84782608695652
47.0,1973,13656394,41.97872340425532
58.0,2097,13658491,36.1551724137931
25.0,1016,13659507,40.64
40.0,1522,13661029,38.05
16.0,450,13661479,28.125
6.0,252,13661731,42.0
45.0,1724,13663455,38.31111111111111
36.0,1484,13664939,41.22222222222222
27.0,911,13665850,33.74074074074074
44.0,1816,13667666,41.27272727272727
26.0,1054,13668720,40.53846153846154
28.0,1030,13669750,36.785714285714285
37.0,1304,13671054,35.24324324324324
34.0,1343,13672397,39.5
32.0,1079,13673476,33.71875
29.0,1049,13674525,36.172413793103445
51.0,1882,13676407,36.90196078431372
35.0,1187,13677594,33.91428571428571
25.0,964,13678558,38.56
46.0,1846,13680404,40.130434782608695
27.0,1051,13681455,38.925925925925924
56.0,2180,13683635,38.92857142857143
41.0,1750,13685385,42.68292682926829
43.0,1683,13687068,39.13953488372093
32.0,1208,13688276,37.75
21.0,923,13689199,43.95238095238095
40.0,1256,13690455,31.4
31.0,1039,13691494,33.516129032258064
59.0,2040,13693534,34.57627118644068
44.0,1606,13695140,36.5
48.0,1966,13697106,40.958333333333336
56.0,2333,13699439,41.660714285714285
46.0,1952,13701391,42.43478260869565
38.0,1219,13702610,32.078947368421055
37.0,1177,13703787,31.81081081081081
44.0,1609,13705396,36.56818181818182
30.0,910,13706306,30.333333333333332
18.0,700,13707006,38.888888888888886
52.0,2134,13709140,41.03846153846154
42.0,1577,13710717,37.54761904761905
25.0,855,13711572,34.2
32.0,1318,13712890,41.1875
17.0,582,13713472,34.23529411764706
42.0,1481,13714953,35.26190476190476
45.0,1973,13716926,43.84444444444444
40.0,1336,13718262,33.4
13.0,369,13718631,28.384615384615383
64.0,2679,13721310,41.859375
40.0,1567,13722877,39.175
29.0,1096,13723973,37.793103448275865
43.0,1557,13725530,36.2093023255814
18.0,558,13726088,31.0
49.0,1868,13727956,38.12244897959184
50.0,2105,13730061,42.1
46.0,1910,13731971,41.52173913043478
37.0,1438,13733409,38.86486486486486
21.0,713,13734122,33.95238095238095
26.0,937,13735059,36.03846153846154
40.0,1712,13736771,42.8
25.0,903,13737674,36.12
44.0,1612,13739286,36.63636363636363
54.0,2187,13741473,40.5
30.0,1139,13742612,37.96666666666667
40.0,1276,13743888,31.9
10.0,375,13744263,37.5
41.0,1447,13745710,35.292682926829265
14.0,564,13746274,40.285714285714285
37.0,1270,13747544,34.32432432432432
42.0,1621,13749165,38.595238095238095
46.0,1637,13750802,35.58695652173913
21.0,714,13751516,34.0
45.0,1585,13753101,35.22222222222222
36.0,1310,13754411,36.388888888888886
30.0,1024,13755435,34.13333333333333
59.0,2108,13757543,35.728813559322035
47.0,1495,13759038,31.80851063829787
17.0,556,13759594,32.705882352941174
17.0,578,13760172,34.0
39.0,1460,13761632,37.43589743589744
33.0,1341,13762973,40.63636363636363
8.0,220,13763193,27.5
42.0,1636,13764829,38.95238095238095
45.0,1526,13766355,33.91111111111111
34.0,977,13767332,28.735294117647058
14.0,503,13767835,35.92857142857143
45.0,1521,13769356,33.8
41.0,1710,13771066,41.707317073170735
57.0,2275,13773341,39.91228070175438
44.0,1719,13775060,39.06818181818182
44.0,1551,13776611,35.25
49.0,1772,13778383,36.16326530612245
43.0,1695,13780078,39.41860465116279
18.0,698,13780776,38.77777777777778
48.0,1788,13782564,37.25
24.0,892,13783456,37.166666666666664
31.0,1159,13784615,37.38709677419355
44.0,1804,13786419,41.0
45.0,1671,13788090,37.13333333333333
36.0,1314,13789404,36.5
26.0,937,13790341,36.03846153846154
42.0,1533,13791874,36.5
53.0,2298,13794172,43.35849056603774
47.0,1597,13795769,33.97872340425532
49.0,1985,13797754,40.51020408163265
30.0,1068,13798822,35.6
26.0,929,13799751,35.73076923076923
43.0,1564,13801315,36.372093023255815
39.0,1571,13802886,40.282051282051285
24.0,731,13803617,30.458333333333332
30.0,886,13804503,29.533333333333335
25.0,922,13805425,36.88
18.0,530,13805955,29.444444444444443
33.0,1004,13806959,30.424242424242426
24.0,879,13807838,36.625
47.0,1864,13809702,39.659574468085104
31.0,1011,13810713,32.61290322580645
28.0,1154,13811867,41.214285714285715
35.0,1331,13813198,38.02857142857143
40.0,1397,13814595,34.925
47.0,1695,13816290,36.06382978723404
37.0,1396,13817686,37.729729729729726
26.0,1031,13818717,39.65384615384615
26.0,928,13819645,35.69230769230769
35.0,1248,13820893,35.65714285714286
35.0,1493,13822386,42.65714285714286
18.0,677,13823063,37.611111111111114
37.0,1336,13824399,36.108108108108105
44.0,1596,13825995,36.27272727272727
31.0,1027,13827022,33.12903225806452
22.0,805,13827827,36.59090909090909
25.0,959,13828786,38.36
46.0,1933,13830719,42.02173913043478
47.0,1732,13832451,36.851063829787236
14.0,587,13833038,41.92857142857143
35.0,1373,13834411,39.22857142857143
41.0,1593,13836004,38.853658536585364
45.0,1692,13837696,37.6
28.0,1062,13838758,37.92857142857143
53.0,2104,13840862,39.698113207547166
21.0,700,13841562,33.333333333333336
3.0,155,13841717,51.666666666666664
45.0,1951,13843668,43.355555555555554
49.0,2326,13845994,47.46938775510204
47.0,2278,13848272,48.46808510638298
21.0,1020,13849292,48.57142857142857
50.0,2571,13851863,51.42
18.0,785,13852648,43.611111111111114
18.0,747,13853395,41.5
25.0,1192,13854587,47.68
36.0,1669,13856256,46.361111111111114
38.0,1757,13858013,46.23684210526316
44.0,2048,13860061,46.54545454545455
44.0,1889,13861950,42.93181818181818
37.0,1623,13863573,43.86486486486486
44.0,1949,13865522,44.29545454545455
47.0,2252,13867774,47.91489361702128
23.0,975,13868749,42.391304347826086
41.0,2062,13870811,50.292682926829265
25.0,1081,13871892,43.24
33.0,1210,13873102,36.666666666666664
34.0,1694,13874796,49.8235294117647
12.0,486,13875282,40.5
45.0,1928,13877210,42.84444444444444
24.0,996,13878206,41.5
52.0,2369,13880575,45.55769230769231
47.0,2048,13882623,43.57446808510638
45.0,1809,13884432,40.2
19.0,763,13885195,40.1578947368421
29.0,1501,13886696,51.758620689655174
44.0,2157,13888853,49.02272727272727
24.0,1007,13889860,41.958333333333336
44.0,2037,13891897,46.29545454545455
28.0,1293,13893190,46.17857142857143
48.0,2258,13895448,47.041666666666664
49.0,2519,13897967,51.40816326530612
27.0,1363,13899330,50.48148148148148
40.0,1889,13901219,47.225
27.0,1156,13902375,42.81481481481482
50.0,2030,13904405,40.6
21.0,914,13905319,43.523809523809526
23.0,983,13906302,42.73913043478261
47.0,1876,13908178,39.91489361702128
41.0,1607,13909785,39.19512195121951
22.0,1104,13910889,50.18181818181818
33.0,1149,13912038,34.81818181818182
30.0,1488,13913526,49.6
40.0,2186,13915712,54.65
42.0,2171,13917883,51.69047619047619
42.0,1862,13919745,44.333333333333336
46.0,2166,13921911,47.08695652173913
35.0,1494,13923405,42.68571428571428
48.0,2171,13925576,45.229166666666664
36.0,1778,13927354,49.388888888888886
52.0,2439,13929793,46.90384615384615
35.0,1713,13931506,48.94285714285714
38.0,1515,13933021,39.86842105263158
40.0,1703,13934724,42.575
41.0,1746,13936470,42.58536585365854
33.0,1294,13937764,39.21212121212121
28.0,1240,13939004,44.285714285714285
39.0,1694,13940698,43.43589743589744
36.0,1721,13942419,47.80555555555556
29.0,1311,13943730,45.206896551724135
15.0,676,13944406,45.06666666666667
37.0,1762,13946168,47.62162162162162
42.0,2066,13948234,49.19047619047619
43.0,2290,13950524,53.25581395348837
32.0,1230,13951754,38.4375
28.0,1390,13953144,49.642857142857146
42.0,1956,13955100,46.57142857142857
39.0,1957,13957057,50.17948717948718
37.0,1601,13958658,43.270270270270274
37.0,1480,13960138,40.0
40.0,1830,13961968,45.75
39.0,2043,13964011,52.38461538461539
48.0,2238,13966249,46.625
21.0,902,13967151,42.95238095238095
35.0,1525,13968676,43.57142857142857
50.0,2385,13971061,47.7
19.0,995,13972056,52.36842105263158
37.0,1533,13973589,41.432432432432435
35.0,1616,13975205,46.17142857142857
44.0,1965,13977170,44.65909090909091
26.0,1164,13978334,44.76923076923077
36.0,1850,13980184,51.388888888888886
35.0,1507,13981691,43.05714285714286
27.0,1095,13982786,40.55555555555556
15.0,688,13983474,45.86666666666667
12.0,453,13983927,37.75
44.0,1921,13985848,43.65909090909091
26.0,1010,13986858,38.84615384615385
4.0,198,13987056,49.5
24.0,1266,13988322,52.75
42.0,2022,13990344,48.142857142857146
33.0,1526,13991870,46.24242424242424
38.0,1815,13993685,47.76315789473684
27.0,1301,13994986,48.18518518518518
44.0,1878,13996864,42.68181818181818
44.0,2164,13999028,49.18181818181818
44.0,1990,14001018,45.22727272727273
49.0,2284,14003302,46.61224489795919
26.0,1330,14004632,51.15384615384615
25.0,1241,14005873,49.64
23.0,984,14006857,42.78260869565217
28.0,1377,14008234,49.17857142857143
36.0,1434,14009668,39.833333333333336
53.0,2444,14012112,46.113207547169814
27.0,1106,14013218,40.96296296296296
48.0,2186,14015404,45.541666666666664
27.0,1233,14016637,45.666666666666664
29.0,1409,14018046,48.58620689655172
17.0,717,14018763,42.1764705882353
32.0,1326,14020089,41.4375
33.0,1378,14021467,41.75757575757576
25.0,1080,14022547,43.2
46.0,2010,14024557,43.69565217391305
22.0,1095,14025652,49.77272727272727
44.0,2356,14028008,53.54545454545455
30.0,1257,14029265,41.9
47.0,2415,14031680,51.38297872340426
39.0,1668,14033348,42.76923076923077
33.0,1494,14034842,45.27272727272727
33.0,1359,14036201,41.18181818181818
46.0,1947,14038148,42.32608695652174
27.0,1233,14039381,45.666666666666664
34.0,1612,14040993,47.411764705882355
43.0,2174,14043167,50.55813953488372
18.0,795,14043962,44.166666666666664
31.0,1456,14045418,46.96774193548387
14.0,615,14046033,43.92857142857143
29.0,1199,14047232,41.3448275862069
32.0,1324,14048556,41.375
28.0,1439,14049995,51.392857142857146
26.0,1114,14051109,42.84615384615385
47.0,2083,14053192,44.319148936170215
34.0,1786,14054978,52.529411764705884
24.0,1030,14056008,42.916666666666664
21.0,893,14056901,42.523809523809526
30.0,1571,14058472,52.36666666666667
43.0,1845,14060317,42.906976744186046
46.0,2218,14062535,48.21739130434783
24.0,1098,14063633,45.75
44.0,1973,14065606,44.84090909090909
38.0,1764,14067370,46.421052631578945
44.0,2319,14069689,52.70454545454545
33.0,1347,14071036,40.81818181818182
26.0,1102,14072138,42.38461538461539
24.0,1047,14073185,43.625
41.0,2002,14075187,48.829268292682926
32.0,1631,14076818,50.96875
32.0,1308,14078126,40.875
36.0,1769,14079895,49.138888888888886
22.0,990,14080885,45.0
36.0,1365,14082250,37.916666666666664
36.0,1771,14084021,49.19444444444444
38.0,1597,14085618,42.026315789473685
25.0,1156,14086774,46.24
47.0,2606,14089380,55.4468085106383
30.0,1419,14090799,47.3
36.0,1671,14092470,46.416666666666664
44.0,2025,14094495,46.02272727272727
27.0,1194,14095689,44.22222222222222
43.0,2128,14097817,49.48837209302326
28.0,1288,14099105,46.0
23.0,913,14100018,39.69565217391305
26.0,1014,14101032,39.0
41.0,1957,14102989,47.73170731707317
17.0,589,14103578,34.64705882352941
21.0,819,14104397,39.0
33.0,1629,14106026,49.36363636363637
44.0,2121,14108147,48.20454545454545
36.0,1777,14109924,49.361111111111114
31.0,1337,14111261,43.12903225806452
32.0,1529,14112790,47.78125
21.0,1107,14113897,52.714285714285715
26.0,1170,14115067,45.0
46.0,1890,14116957,41.08695652173913
39.0,1804,14118761,46.256410256410255
25.0,924,14119685,36.96
41.0,1959,14121644,47.78048780487805
43.0,2075,14123719,48.25581395348837
34.0,1394,14125113,41.0
7.0,316,14125429,45.142857142857146
31.0,1388,14126817,44.774193548387096
20.0,830,14127647,41.5
25.0,1122,14128769,44.88
30.0,1376,14130145,45.86666666666667
41.0,2011,14132156,49.048780487804876
26.0,1333,14133489,51.26923076923077
39.0,1836,14135325,47.07692307692308
48.0,2487,14137812,51.8125
45.0,2117,14139929,47.044444444444444
31.0,1368,14141297,44.12903225806452
38.0,1567,14142864,41.23684210526316
37.0,1772,14144636,47.891891891891895
47.0,2074,14146710,44.12765957446808
37.0,1808,14148518,48.86486486486486
25.0,1345,14149863,53.8
39.0,1764,14151627,45.23076923076923
37.0,1758,14153385,47.513513513513516
39.0,1789,14155174,45.87179487179487
40.0,1676,14156850,41.9
40.0,1863,14158713,46.575
42.0,1674,14160387,39.857142857142854
26.0,1224,14161611,47.07692307692308
45.0,2451,14164062,54.46666666666667
41.0,1932,14165994,47.1219512195122
28.0,1097,14167091,39.17857142857143
26.0,1219,14168310,46.88461538461539
48.0,2301,14170611,47.9375
54.0,2260,14172871,41.851851851851855
30.0,1312,14174183,43.733333333333334
46.0,2374,14176557,51.608695652173914
30.0,1411,14177968,47.03333333333333
22.0,1004,14178972,45.63636363636363
39.0,1733,14180705,44.43589743589744
36.0,1394,14182099,38.72222222222222
30.0,1533,14183632,51.1
38.0,1775,14185407,46.71052631578947
28.0,1450,14186857,51.785714285714285
26.0,1163,14188020,44.73076923076923
40.0,1904,14189924,47.6
34.0,1661,14191585,48.85294117647059
41.0,1659,14193244,40.46341463414634
34.0,1486,14194730,43.705882352941174
37.0,1643,14196373,44.4054054054054
28.0,1287,14197660,45.964285714285715
40.0,1806,14199466,45.15
36.0,1660,14201126,46.111111111111114
33.0,1721,14202847,52.15151515151515
25.0,1050,14203897,42.0
45.0,2222,14206119,49.37777777777778
18.0,896,14207015,49.77777777777778
24.0,1203,14208218,50.125
30.0,1333,14209551,44.43333333333333
48.0,2284,14211835,47.583333333333336
22.0,968,14212803,44.0
19.0,1034,14213837,54.421052631578945
47.0,2164,14216001,46.04255319148936
23.0,1096,14217097,47.65217391304348
29.0,1447,14218544,49.89655172413793
45.0,1981,14220525,44.022222222222226
48.0,2281,14222806,47.520833333333336
57.0,2505,14225311,43.94736842105263
18.0,663,14225974,36.833333333333336
31.0,1626,14227600,52.45161290322581
42.0,2259,14229859,53.785714285714285
50.0,2702,14232561,54.04
6.0,301,14232862,50.166666666666664
49.0,2400,14235262,48.97959183673469
19.0,802,14236064,42.21052631578947
28.0,1359,14237423,48.535714285714285
38.0,1621,14239044,42.6578947368421
52.0,2651,14241695,50.98076923076923
34.0,1780,14243475,52.35294117647059
26.0,1152,14244627,44.30769230769231
38.0,1765,14246392,46.44736842105263
23.0,1042,14247434,45.30434782608695
32.0,1482,14248916,46.3125
45.0,2369,14251285,52.644444444444446
35.0,1447,14252732,41.34285714285714
4.0,189,14252921,47.25
25.0,1123,14254044,44.92
30.0,1362,14255406,45.4
28.0,1186,14256592,42.357142857142854
32.0,1575,14258167,49.21875
50.0,2320,14260487,46.4
3.0,128,14260615,42.666666666666664
47.0,2060,14262675,43.829787234042556
26.0,1049,14263724,40.34615384615385
43.0,1840,14265564,42.7906976744186
44.0,1840,14267404,41.81818181818182
22.0,1039,14268443,47.22727272727273
53.0,2103,14270546,39.679245283018865
25.0,1207,14271753,48.28
32.0,1492,14273245,46.625
47.0,2016,14275261,42.8936170212766
41.0,2069,14277330,50.46341463414634
12.0,607,14277937,50.583333333333336
38.0,1743,14279680,45.86842105263158
36.0,1773,14281453,49.25
40.0,1719,14283172,42.975
40.0,2067,14285239,51.675
37.0,1781,14287020,48.13513513513514
33.0,1546,14288566,46.84848484848485
34.0,1680,14290246,49.411764705882355
24.0,1246,14291492,51.916666666666664
45.0,2261,14293753,50.24444444444445
27.0,1212,14294965,44.888888888888886
14.0,735,14295700,52.5
31.0,1547,14297247,49.903225806451616
43.0,2047,14299294,47.604651162790695
40.0,1948,14301242,48.7
31.0,1597,14302839,51.516129032258064
38.0,1731,14304570,45.55263157894737
33.0,1561,14306131,47.303030303030305
51.0,2435,14308566,47.745098039215684
33.0,1416,14309982,42.90909090909091
38.0,1713,14311695,45.078947368421055
44.0,2322,14314017,52.77272727272727
36.0,1574,14315591,43.72222222222222
32.0,1379,14316970,43.09375
22.0,1061,14318031,48.22727272727273
19.0,890,14318921,46.8421052631579
30.0,1161,14320082,38.7
40.0,1730,14321812,43.25
19.0,860,14322672,45.26315789473684
53.0,2317,14324989,43.716981132075475
22.0,896,14325885,40.72727272727273
40.0,1904,14327789,47.6
24.0,1260,14329049,52.5
30.0,1377,14330426,45.9
4.0,162,14330588,40.5
33.0,1510,14332098,45.75757575757576
30.0,1393,14333491,46.43333333333333
31.0,1659,14335150,53.516129032258064
27.0,1342,14336492,49.7037037037037
35.0,1799,14338291,51.4
44.0,2222,14340513,50.5
39.0,1560,14342073,40.0
33.0,1436,14343509,43.515151515151516
20.0,845,14344354,42.25
49.0,2278,14346632,46.48979591836735
32.0,1385,14348017,43.28125
26.0,1335,14349352,51.34615384615385
23.0,1054,14350406,45.82608695652174
44.0,1868,14352274,42.45454545454545
19.0,887,14353161,46.68421052631579
41.0,2099,14355260,51.19512195121951
36.0,1618,14356878,44.94444444444444
18.0,784,14357662,43.55555555555556
26.0,1142,14358804,43.92307692307692
42.0,1987,14360791,47.30952380952381
18.0,739,14361530,41.05555555555556
33.0,1565,14363095,47.42424242424242
27.0,1074,14364169,39.77777777777778
38.0,1639,14365808,43.13157894736842
29.0,1379,14367187,47.55172413793103
17.0,824,14368011,48.470588235294116
55.0,2601,14370612,47.29090909090909
31.0,1290,14371902,41.61290322580645
32.0,1201,14373103,37.53125
37.0,1575,14374678,42.567567567567565
36.0,1715,14376393,47.638888888888886
24.0,1343,14377736,55.958333333333336
29.0,1266,14379002,43.6551724137931
49.0,2553,14381555,52.10204081632653
39.0,1805,14383360,46.282051282051285
35.0,1736,14385096,49.6
27.0,1385,14386481,51.2962962962963
33.0,1383,14387864,41.90909090909091
42.0,1780,14389644,42.38095238095238
42.0,1774,14391418,42.23809523809524
41.0,1904,14393322,46.4390243902439
37.0,1779,14395101,48.08108108108108
20.0,879,14395980,43.95
36.0,1588,14397568,44.111111111111114
33.0,1399,14398967,42.39393939393939
26.0,1201,14400168,46.19230769230769
43.0,1997,14402165,46.44186046511628
27.0,1164,14403329,43.111111111111114
22.0,976,14404305,44.36363636363637
46.0,2132,14406437,46.34782608695652
48.0,2271,14408708,47.3125
46.0,2172,14410880,47.21739130434783
31.0,1475,14412355,47.58064516129032
44.0,2061,14414416,46.84090909090909
32.0,1521,14415937,47.53125
38.0,1757,14417694,46.23684210526316
22.0,952,14418646,43.27272727272727
39.0,1721,14420367,44.12820512820513
35.0,1869,14422236,53.4
42.0,1896,14424132,45.142857142857146
48.0,2200,14426332,45.833333333333336
30.0,1368,14427700,45.6
45.0,1871,14429571,41.577777777777776
14.0,602,14430173,43.0
38.0,1526,14431699,40.1578947368421
41.0,2003,14433702,48.853658536585364
44.0,2145,14435847,48.75
41.0,1750,14437597,42.68292682926829
33.0,1507,14439104,45.666666666666664
42.0,1967,14441071,46.833333333333336
43.0,2064,14443135,48.0
36.0,1759,14444894,48.861111111111114
41.0,1945,14446839,47.4390243902439
28.0,1255,14448094,44.82142857142857
46.0,2190,14450284,47.608695652173914
34.0,1652,14451936,48.588235294117645
34.0,1582,14453518,46.529411764705884
16.0,728,14454246,45.5
46.0,2287,14456533,49.71739130434783
23.0,1153,14457686,50.130434782608695
37.0,1498,14459184,40.486486486486484
9.0,395,14459579,43.888888888888886
53.0,2804,14462383,52.905660377358494
31.0,1454,14463837,46.903225806451616
39.0,1726,14465563,44.256410256410255
36.0,1616,14467179,44.888888888888886
42.0,1868,14469047,44.476190476190474
37.0,1771,14470818,47.86486486486486
14.0,575,14471393,41.07142857142857
4.0,234,14471627,58.5
47.0,2041,14473668,43.42553191489362
34.0,1543,14475211,45.38235294117647
23.0,799,14476010,34.73913043478261
39.0,1460,14477470,37.43589743589744
17.0,739,14478209,43.470588235294116
36.0,1671,14479880,46.416666666666664
40.0,1990,14481870,49.75
4.0,141,14482011,35.25
47.0,2222,14484233,47.276595744680854
36.0,1541,14485774,42.80555555555556
39.0,1645,14487419,42.17948717948718
46.0,2190,14489609,47.608695652173914
40.0,1797,14491406,44.925
33.0,1290,14492696,39.09090909090909
33.0,1472,14494168,44.60606060606061
9.0,469,14494637,52.111111111111114
34.0,1475,14496112,43.38235294117647
33.0,1500,14497612,45.45454545454545
21.0,787,14498399,37.476190476190474
52.0,2396,14500795,46.07692307692308
24.0,1168,14501963,48.666666666666664
29.0,1422,14503385,49.03448275862069
37.0,1618,14505003,43.729729729729726
28.0,1271,14506274,45.392857142857146
30.0,1390,14507664,46.333333333333336
51.0,2428,14510092,47.6078431372549
5.0,196,14510288,39.2
42.0,1677,14511965,39.92857142857143
42.0,2031,14513996,48.357142857142854
46.0,2185,14516181,47.5
41.0,1940,14518121,47.31707317073171
47.0,2010,14520131,42.765957446808514
32.0,1392,14521523,43.5
26.0,1181,14522704,45.42307692307692
24.0,1146,14523850,47.75
29.0,1127,14524977,38.86206896551724
48.0,2205,14527182,45.9375
25.0,1239,14528421,49.56
31.0,1487,14529908,47.96774193548387
23.0,1271,14531179,55.26086956521739
16.0,732,14531911,45.75
28.0,1268,14533179,45.285714285714285
25.0,1213,14534392,48.52
35.0,1689,14536081,48.25714285714286
26.0,1162,14537243,44.69230769230769
32.0,1586,14538829,49.5625
26.0,1256,14540085,48.30769230769231
51.0,2367,14542452,46.411764705882355
51.0,2466,14544918,48.35294117647059
48.0,2185,14547103,45.520833333333336
60.0,3177,14550280,52.95
47.0,2104,14552384,44.765957446808514
29.0,1280,14553664,44.13793103448276
14.0,805,14554469,57.5
24.0,1087,14555556,45.291666666666664
41.0,2109,14557665,51.4390243902439
37.0,1837,14559502,49.648648648648646
25.0,1274,14560776,50.96
31.0,1401,14562177,45.193548387096776
17.0,869,14563046,51.11764705882353
33.0,1519,14564565,46.03030303030303
28.0,1295,14565860,46.25
35.0,1441,14567301,41.17142857142857
36.0,1504,14568805,41.77777777777778
37.0,1667,14570472,45.054054054054056
48.0,2209,14572681,46.020833333333336
40.0,1758,14574439,43.95
36.0,1723,14576162,47.861111111111114
43.0,2120,14578282,49.30232558139535
38.0,1663,14579945,43.76315789473684
52.0,2302,14582247,44.26923076923077
45.0,2006,14584253,44.577777777777776
44.0,1989,14586242,45.20454545454545
24.0,1182,14587424,49.25
28.0,1363,14588787,48.67857142857143
24.0,988,14589775,41.166666666666664
46.0,2249,14592024,48.891304347826086
41.0,2083,14594107,50.80487804878049
49.0,2121,14596228,43.285714285714285
23.0,1103,14597331,47.95652173913044
51.0,2290,14599621,44.90196078431372
30.0,1600,14601221,53.333333333333336
12.0,611,14601832,50.916666666666664
47.0,1900,14603732,40.42553191489362
16.0,908,14604640,56.75
17.0,954,14605594,56.11764705882353
52.0,2443,14608037,46.98076923076923
40.0,1895,14609932,47.375
24.0,890,14610822,37.083333333333336
14.0,655,14611477,46.785714285714285
19.0,672,14612149,35.36842105263158
41.0,1935,14614084,47.19512195121951
40.0,1615,14615699,40.375
22.0,1097,14616796,49.86363636363637
32.0,1658,14618454,51.8125
56.0,2617,14621071,46.732142857142854
22.0,959,14622030,43.59090909090909
44.0,1980,14624010,45.0
14.0,520,14624530,37.142857142857146
42.0,1694,14626224,40.333333333333336
47.0,2303,14628527,49.0
38.0,1743,14630270,45.86842105263158
37.0,1668,14631938,45.08108108108108
29.0,1119,14633057,38.58620689655172
29.0,1210,14634267,41.724137931034484
14.0,750,14635017,53.57142857142857
40.0,1995,14637012,49.875
45.0,1746,14638758,38.8
31.0,1500,14640258,48.38709677419355
37.0,1604,14641862,43.351351351351354
21.0,1026,14642888,48.857142857142854
24.0,1225,14644113,51.041666666666664
31.0,1482,14645595,47.806451612903224
28.0,1351,14646946,48.25
44.0,2169,14649115,49.29545454545455
43.0,1926,14651041,44.7906976744186
35.0,1649,14652690,47.114285714285714
6.0,295,14652985,49.166666666666664
50.0,2137,14655122,42.74
6.0,225,14655347,37.5
39.0,1980,14657327,50.76923076923077
15.0,757,14658084,50.46666666666667
33.0,1569,14659653,47.54545454545455
20.0,731,14660384,36.55
49.0,2627,14663011,53.61224489795919
27.0,1169,14664180,43.2962962962963
30.0,1265,14665445,42.166666666666664
23.0,1226,14666671,53.30434782608695
42.0,2177,14668848,51.833333333333336
41.0,1718,14670566,41.90243902439025
25.0,1117,14671683,44.68
15.0,743,14672426,49.53333333333333
24.0,1165,14673591,48.541666666666664
42.0,1787,14675378,42.54761904761905
24.0,1004,14676382,41.833333333333336
11.0,402,14676784,36.54545454545455
20.0,928,14677712,46.4
31.0,1354,14679066,43.67741935483871
36.0,1722,14680788,47.833333333333336
53.0,2331,14683119,43.9811320754717
18.0,785,14683904,43.611111111111114
33.0,1354,14685258,41.03030303030303
21.0,1170,14686428,55.714285714285715
39.0,1769,14688197,45.35897435897436
18.0,885,14689082,49.166666666666664
42.0,1827,14690909,43.5
31.0,1526,14692435,49.225806451612904
28.0,1342,14693777,47.92857142857143
20.0,898,14694675,44.9
41.0,1673,14696348,40.80487804878049
33.0,1304,14697652,39.515151515151516
27.0,1237,14698889,45.81481481481482
17.0,817,14699706,48.05882352941177
33.0,1508,14701214,45.696969696969695
46.0,1947,14703161,42.32608695652174
55.0,2390,14705551,43.45454545454545
51.0,2242,14707793,43.96078431372549
26.0,1260,14709053,48.46153846153846
48.0,2543,14711596,52.979166666666664
27.0,1131,14712727,41.888888888888886
36.0,1576,14714303,43.77777777777778
54.0,2555,14716858,47.31481481481482
33.0,1585,14718443,48.03030303030303
38.0,1775,14720218,46.71052631578947
50.0,2517,14722735,50.34
16.0,754,14723489,47.125
37.0,1508,14724997,40.75675675675676
23.0,1234,14726231,53.65217391304348
20.0,811,14727042,40.55
53.0,2535,14729577,47.83018867924528
52.0,2695,14732272,51.82692307692308
41.0,1825,14734097,44.51219512195122
18.0,856,14734953,47.55555555555556
32.0,1395,14736348,43.59375
46.0,2009,14738357,43.67391304347826
28.0,1355,14739712,48.392857142857146
43.0,1996,14741708,46.41860465116279
49.0,2317,14744025,47.285714285714285
56.0,2439,14746464,43.55357142857143
44.0,1853,14748317,42.11363636363637
22.0,1027,14749344,46.68181818181818
47.0,2274,14751618,48.38297872340426
52.0,2334,14753952,44.88461538461539
26.0,1214,14755166,46.69230769230769
34.0,1626,14756792,47.8235294117647
47.0,2215,14759007,47.12765957446808
24.0,1038,14760045,43.25
41.0,1765,14761810,43.048780487804876
21.0,891,14762701,42.42857142857143
33.0,1344,14764045,40.72727272727273
32.0,1491,14765536,46.59375
50.0,2084,14767620,41.68
50.0,2262,14769882,45.24
34.0,1523,14771405,44.794117647058826
41.0,1668,14773073,40.68292682926829
36.0,1681,14774754,46.69444444444444
35.0,1142,14775896,32.628571428571426
30.0,1137,14777033,37.9
38.0,1969,14779002,51.81578947368421
35.0,1524,14780526,43.542857142857144
59.0,2493,14783019,42.25423728813559
30.0,1343,14784362,44.766666666666666
39.0,1599,14785961,41.0
44.0,1916,14787877,43.54545454545455
34.0,1501,14789378,44.14705882352941
28.0,1240,14790618,44.285714285714285
45.0,1956,14792574,43.46666666666667
37.0,1610,14794184,43.513513513513516
43.0,1912,14796096,44.46511627906977
25.0,1205,14797301,48.2
42.0,1971,14799272,46.92857142857143
44.0,2130,14801402,48.40909090909091
45.0,2204,14803606,48.977777777777774
23.0,1074,14804680,46.69565217391305
43.0,2082,14806762,48.41860465116279
26.0,1211,14807973,46.57692307692308
45.0,2030,14810003,45.111111111111114
28.0,1233,14811236,44.035714285714285
26.0,1097,14812333,42.19230769230769
30.0,1455,14813788,48.5
60.0,2851,14816639,47.516666666666666
35.0,1604,14818243,45.82857142857143
35.0,1679,14819922,47.97142857142857
17.0,762,14820684,44.8235294117647
28.0,1299,14821983,46.392857142857146
21.0,1016,14822999,48.38095238095238
46.0,2286,14825285,49.69565217391305
9.0,534,14825819,59.333333333333336
26.0,1391,14827210,53.5
27.0,1411,14828621,52.25925925925926
36.0,1749,14830370,48.583333333333336
32.0,1390,14831760,43.4375
45.0,1892,14833652,42.044444444444444
44.0,1967,14835619,44.70454545454545
58.0,2719,14838338,46.87931034482759
18.0,869,14839207,48.27777777777778
32.0,1468,14840675,45.875
35.0,1583,14842258,45.22857142857143
24.0,1208,14843466,50.333333333333336
36.0,1585,14845051,44.02777777777778
19.0,852,14845903,44.8421052631579
48.0,2175,14848078,45.3125
20.0,1093,14849171,54.65
29.0,1357,14850528,46.793103448275865
31.0,1245,14851773,40.16129032258065
35.0,1732,14853505,49.48571428571429
25.0,1146,14854651,45.84
28.0,1269,14855920,45.32142857142857
42.0,1900,14857820,45.23809523809524
42.0,1803,14859623,42.92857142857143
44.0,1840,14861463,41.81818181818182
33.0,1542,14863005,46.72727272727273
60.0,2718,14865723,45.3
28.0,1369,14867092,48.892857142857146
32.0,1333,14868425,41.65625
33.0,1440,14869865,43.63636363636363
54.0,2288,14872153,42.370370370370374
19.0,843,14872996,44.36842105263158
34.0,1496,14874492,44.0
38.0,1482,14875974,39.0
26.0,1142,14877116,43.92307692307692
20.0,779,14877895,38.95
44.0,1579,14879474,35.88636363636363
44.0,2065,14881539,46.93181818181818
19.0,872,14882411,45.89473684210526
9.0,479,14882890,53.22222222222222
40.0,1946,14884836,48.65
20.0,976,14885812,48.8
47.0,2095,14887907,44.57446808510638
38.0,1747,14889654,45.973684210526315
47.0,1894,14891548,40.297872340425535
50.0,2184,14893732,43.68
21.0,904,14894636,43.04761904761905
34.0,1322,14895958,38.88235294117647
40.0,1691,14897649,42.275
23.0,934,14898583,40.608695652173914
31.0,1273,14899856,41.064516129032256
19.0,701,14900557,36.89473684210526
42.0,1731,14902288,41.214285714285715
31.0,1497,14903785,48.29032258064516
37.0,1439,14905224,38.891891891891895
36.0,1597,14906821,44.361111111111114
51.0,2305,14909126,45.19607843137255
19.0,863,14909989,45.421052631578945
31.0,1508,14911497,48.645161290322584
33.0,1284,14912781,38.90909090909091
25.0,941,14913722,37.64
41.0,1680,14915402,40.97560975609756
32.0,1281,14916683,40.03125
22.0,900,14917583,40.90909090909091
25.0,1137,14918720,45.48
33.0,1323,14920043,40.09090909090909
38.0,1666,14921709,43.8421052631579
24.0,1116,14922825,46.5
40.0,1759,14924584,43.975
25.0,1136,14925720,45.44
41.0,1679,14927399,40.951219512195124
46.0,2143,14929542,46.58695652173913
14.0,613,14930155,43.785714285714285
45.0,1641,14931796,36.46666666666667
25.0,1122,14932918,44.88
31.0,1283,14934201,41.38709677419355
34.0,1465,14935666,43.088235294117645
14.0,676,14936342,48.285714285714285
16.0,614,14936956,38.375
28.0,1159,14938115,41.392857142857146
41.0,1577,14939692,38.46341463414634
29.0,1340,14941032,46.206896551724135
35.0,1557,14942589,44.48571428571429
40.0,1632,14944221,40.8
24.0,1147,14945368,47.791666666666664
26.0,1145,14946513,44.03846153846154
44.0,1892,14948405,43.0
38.0,1708,14950113,44.94736842105263
43.0,1809,14951922,42.06976744186046
22.0,898,14952820,40.81818181818182
41.0,1905,14954725,46.46341463414634
26.0,1068,14955793,41.07692307692308
22.0,1046,14956839,47.54545454545455
19.0,817,14957656,43.0
33.0,1473,14959129,44.63636363636363
41.0,1839,14960968,44.853658536585364
26.0,809,14961777,31.115384615384617
47.0,2066,14963843,43.95744680851064
27.0,1372,14965215,50.81481481481482
24.0,902,14966117,37.583333333333336
27.0,936,14967053,34.666666666666664
10.0,476,14967529,47.6
36.0,1537,14969066,42.69444444444444
10.0,335,14969401,33.5
21.0,898,14970299,42.76190476190476
31.0,1207,14971506,38.935483870967744
10.0,522,14972028,52.2
27.0,1140,14973168,42.22222222222222
28.0,1127,14974295,40.25
24.0,935,14975230,38.958333333333336
20.0,884,14976114,44.2
34.0,1511,14977625,44.44117647058823
47.0,1992,14979617,42.38297872340426
22.0,833,14980450,37.86363636363637
46.0,1968,14982418,42.78260869565217
28.0,1366,14983784,48.785714285714285
31.0,1353,14985137,43.645161290322584
44.0,1821,14986958,41.38636363636363
37.0,1615,14988573,43.648648648648646
39.0,1732,14990305,44.41025641025641
35.0,1560,14991865,44.57142857142857
21.0,943,14992808,44.904761904761905
25.0,985,14993793,39.4
25.0,1072,14994865,42.88
59.0,2469,14997334,41.847457627118644
31.0,1306,14998640,42.12903225806452
24.0,1067,14999707,44.458333333333336
45.0,1924,15001631,42.75555555555555
6.0,222,15001853,37.0
22.0,931,15002784,42.31818181818182
20.0,807,15003591,40.35
23.0,873,15004464,37.95652173913044
10.0,389,15004853,38.9
39.0,1722,15006575,44.15384615384615
27.0,1281,15007856,47.44444444444444
35.0,1282,15009138,36.628571428571426
21.0,968,15010106,46.095238095238095
44.0,1861,15011967,42.29545454545455
43.0,1799,15013766,41.83720930232558
23.0,1166,15014932,50.69565217391305
27.0,1182,15016114,43.77777777777778
32.0,1583,15017697,49.46875
32.0,1484,15019181,46.375
14.0,708,15019889,50.57142857142857
22.0,846,15020735,38.45454545454545
45.0,1822,15022557,40.48888888888889
28.0,1059,15023616,37.82142857142857
42.0,1915,15025531,45.595238095238095
50.0,2098,15027629,41.96
22.0,1018,15028647,46.27272727272727
23.0,880,15029527,38.26086956521739
5.0,235,15029762,47.0
31.0,1468,15031230,47.354838709677416
37.0,1619,15032849,43.75675675675676
22.0,1088,15033937,49.45454545454545
19.0,818,15034755,43.05263157894737
28.0,1137,15035892,40.607142857142854
49.0,1951,15037843,39.816326530612244
24.0,1061,15038904,44.208333333333336
64.0,2482,15041386,38.78125
30.0,1218,15042604,40.6
27.0,1109,15043713,41.074074074074076
54.0,2258,15045971,41.81481481481482
43.0,2057,15048028,47.83720930232558
38.0,1522,15049550,40.05263157894737
26.0,1257,15050807,48.34615384615385
30.0,1232,15052039,41.06666666666667
40.0,1595,15053634,39.875
44.0,1954,15055588,44.40909090909091
32.0,1374,15056962,42.9375
17.0,875,15057837,51.470588235294116
29.0,1223,15059060,42.172413793103445
20.0,864,15059924,43.2
29.0,1124,15061048,38.758620689655174
44.0,1998,15063046,45.40909090909091
48.0,2157,15065203,44.9375
43.0,2068,15067271,48.093023255813954
48.0,2106,15069377,43.875
8.0,373,15069750,46.625
39.0,1620,15071370,41.53846153846154
35.0,1474,15072844,42.114285714285714
45.0,2044,15074888,45.422222222222224
26.0,1049,15075937,40.34615384615385
32.0,1479,15077416,46.21875
24.0,1037,15078453,43.208333333333336
27.0,1139,15079592,42.18518518518518
30.0,1426,15081018,47.53333333333333
36.0,1400,15082418,38.888888888888886
33.0,1396,15083814,42.303030303030305
38.0,1581,15085395,41.60526315789474
31.0,1274,15086669,41.096774193548384
46.0,2069,15088738,44.97826086956522
43.0,1704,15090442,39.627906976744185
37.0,1579,15092021,42.67567567567568
32.0,1445,15093466,45.15625
29.0,1214,15094680,41.86206896551724
33.0,1496,15096176,45.333333333333336
26.0,1102,15097278,42.38461538461539
49.0,2077,15099355,42.38775510204081
10.0,290,15099645,29.0
46.0,2002,15101647,43.52173913043478
31.0,1233,15102880,39.774193548387096
48.0,1964,15104844,40.916666666666664
41.0,1647,15106491,40.170731707317074
23.0,977,15107468,42.47826086956522
19.0,981,15108449,51.63157894736842
32.0,1335,15109784,41.71875
25.0,1186,15110970,47.44
18.0,671,15111641,37.27777777777778
35.0,1427,15113068,40.77142857142857
39.0,1593,15114661,40.84615384615385
48.0,2087,15116748,43.479166666666664
1.0,34,15116782,34.0
19.0,724,15117506,38.10526315789474
18.0,825,15118331,45.833333333333336
17.0,603,15118934,35.470588235294116
7.0,280,15119214,40.0
24.0,995,15120209,41.458333333333336
51.0,2084,15122293,40.86274509803921
27.0,1127,15123420,41.74074074074074
22.0,968,15124388,44.0
8.0,446,15124834,55.75
35.0,1593,15126427,45.51428571428571
22.0,987,15127414,44.86363636363637
18.0,771,15128185,42.833333333333336
56.0,2483,15130668,44.339285714285715
9.0,395,15131063,43.888888888888886
39.0,1824,15132887,46.76923076923077
32.0,1368,15134255,42.75
26.0,1000,15135255,38.46153846153846
37.0,1424,15136679,38.486486486486484
35.0,1412,15138091,40.34285714285714
20.0,944,15139035,47.2
28.0,1060,15140095,37.857142857142854
48.0,2123,15142218,44.229166666666664
30.0,1429,15143647,47.63333333333333
36.0,1460,15145107,40.55555555555556
55.0,2434,15147541,44.25454545454546
4.0,179,15147720,44.75
29.0,1166,15148886,40.206896551724135
13.0,509,15149395,39.15384615384615
45.0,1795,15151190,39.888888888888886
7.0,250,15151440,35.714285714285715
15.0,742,15152182,49.46666666666667
46.0,1883,15154065,40.93478260869565
13.0,631,15154696,48.53846153846154
18.0,924,15155620,51.333333333333336
38.0,1721,15157341,45.28947368421053
16.0,622,15157963,38.875
4.0,189,15158152,47.25
21.0,912,15159064,43.42857142857143
22.0,943,15160007,42.86363636363637
42.0,1773,15161780,42.214285714285715
19.0,795,15162575,41.8421052631579
33.0,1244,15163819,37.696969696969695
10.0,525,15164344,52.5
6.0,231,15164575,38.5
29.0,1168,15165743,40.275862068965516
39.0,1651,15167394,42.333333333333336
23.0,942,15168336,40.95652173913044
3.0,133,15168469,44.333333333333336
25.0,934,15169403,37.36
18.0,675,15170078,37.5
22.0,901,15170979,40.95454545454545
31.0,1158,15172137,37.354838709677416
24.0,854,15172991,35.583333333333336
8.0,378,15173369,47.25
4.0,154,15173523,38.5
2.0,116,15173639,58.0
36.0,1404,15175043,39.0
27.0,940,15175983,34.81481481481482
56.0,2199,15178182,39.267857142857146
36.0,1369,15179551,38.02777777777778
37.0,1297,15180848,35.054054054054056
9.0,325,15181173,36.111111111111114
11.0,536,15181709,48.72727272727273
26.0,1013,15182722,38.96153846153846
30.0,1107,15183829,36.9
28.0,1240,15185069,44.285714285714285
6.0,277,15185346,46.166666666666664
20.0,732,15186078,36.6
13.0,577,15186655,44.38461538461539
14.0,541,15187196,38.642857142857146
11.0,483,15187679,43.90909090909091
23.0,1000,15188679,43.47826086956522
25.0,1110,15189789,44.4
21.0,724,15190513,34.476190476190474
30.0,1298,15191811,43.266666666666666
11.0,429,15192240,39.0
29.0,1210,15193450,41.724137931034484
30.0,1162,15194612,38.733333333333334
44.0,1646,15196258,37.40909090909091
40.0,1494,15197752,37.35
29.0,1150,15198902,39.6551724137931
32.0,1175,15200077,36.71875
45.0,1898,15201975,42.17777777777778
0.0,25,15202000,inf
20.0,750,15202750,37.5
12.0,524,15203274,43.666666666666664
16.0,811,15204085,50.6875
22.0,843,15204928,38.31818181818182
21.0,764,15205692,36.38095238095238
1.0,59,15205751,59.0
17.0,825,15206576,48.529411764705884
39.0,1728,15208304,44.30769230769231
1.0,48,15208352,48.0
33.0,1228,15209580,37.21212121212121
23.0,980,15210560,42.608695652173914
25.0,1081,15211641,43.24
14.0,593,15212234,42.357142857142854
30.0,1030,15213264,34.333333333333336
15.0,494,15213758,32.93333333333333
42.0,1726,15215484,41.095238095238095
30.0,1037,15216521,34.56666666666667
37.0,1477,15217998,39.91891891891892
1.0,60,15218058,60.0
26.0,991,15219049,38.11538461538461
45.0,1994,15221043,44.31111111111111
41.0,1673,15222716,40.80487804878049
9.0,336,15223052,37.333333333333336
2.0,61,15223113,30.5
25.0,1013,15224126,40.52
28.0,940,15225066,33.57142857142857
27.0,1088,15226154,40.2962962962963
32.0,1264,15227418,39.5
5.0,226,15227644,45.2
23.0,717,15228361,31.17391304347826
47.0,2049,15230410,43.59574468085106
48.0,2022,15232432,42.125
17.0,592,15233024,34.8235294117647
45.0,1916,15234940,42.577777777777776
26.0,1225,15236165,47.11538461538461
22.0,954,15237119,43.36363636363637
41.0,1490,15238609,36.34146341463415
19.0,745,15239354,39.21052631578947
12.0,596,15239950,49.666666666666664
24.0,965,15240915,40.208333333333336
31.0,1138,15242053,36.70967741935484
28.0,1069,15243122,38.17857142857143
35.0,1417,15244539,40.48571428571429
28.0,954,15245493,34.07142857142857
14.0,462,15245955,33.0
44.0,1758,15247713,39.95454545454545
22.0,836,15248549,38.0
39.0,1330,15249879,34.1025641025641
30.0,1232,15251111,41.06666666666667
7.0,372,15251483,53.142857142857146
3.0,87,15251570,29.0
40.0,1387,15252957,34.675
18.0,637,15253594,35.388888888888886
45.0,1780,15255374,39.55555555555556
1.0,80,15255454,80.0
14.0,417,15255871,29.785714285714285
39.0,1390,15257261,35.64102564102564
47.0,2000,15259261,42.5531914893617
18.0,632,15259893,35.111111111111114
15.0,608,15260501,40.53333333333333
19.0,768,15261269,40.421052631578945
1.0,46,15261315,46.0
33.0,1299,15262614,39.36363636363637
38.0,1388,15264002,36.526315789473685
39.0,1613,15265615,41.35897435897436
14.0,597,15266212,42.642857142857146
39.0,1553,15267765,39.82051282051282
40.0,1487,15269252,37.175
9.0,372,15269624,41.333333333333336
22.0,906,15270530,41.18181818181818
37.0,1539,15272069,41.5945945945946
31.0,1190,15273259,38.38709677419355
16.0,645,15273904,40.3125
47.0,1698,15275602,36.12765957446808
35.0,1508,15277110,43.08571428571429
3.0,134,15277244,44.666666666666664
29.0,1149,15278393,39.62068965517241
35.0,1278,15279671,36.51428571428571
28.0,1067,15280738,38.107142857142854
21.0,813,15281551,38.714285714285715
24.0,979,15282530,40.791666666666664
36.0,1455,15283985,40.416666666666664
23.0,1027,15285012,44.65217391304348
8.0,305,15285317,38.125
28.0,1220,15286537,43.57142857142857
44.0,1891,15288428,42.97727272727273
44.0,1633,15290061,37.11363636363637
24.0,892,15290953,37.166666666666664
22.0,849,15291802,38.59090909090909
24.0,956,15292758,39.833333333333336
41.0,1596,15294354,38.926829268292686
38.0,1757,15296111,46.23684210526316
26.0,1070,15297181,41.15384615384615
45.0,1462,15298643,32.48888888888889
44.0,1858,15300501,42.22727272727273
31.0,1172,15301673,37.806451612903224
12.0,353,15302026,29.416666666666668
2.0,93,15302119,46.5
43.0,1643,15303762,38.2093023255814
19.0,758,15304520,39.89473684210526
8.0,295,15304815,36.875
3.0,133,15304948,44.333333333333336
9.0,408,15305356,45.333333333333336
42.0,1705,15307061,40.595238095238095
22.0,1032,15308093,46.90909090909091
43.0,1782,15309875,41.44186046511628
1.0,67,15309942,67.0
32.0,1283,15311225,40.09375
17.0,667,15311892,39.23529411764706
31.0,1184,15313076,38.193548387096776
39.0,1708,15314784,43.794871794871796
0.0,27,15314811,inf
19.0,777,15315588,40.89473684210526
37.0,1684,15317272,45.513513513513516
39.0,1503,15318775,38.53846153846154
32.0,1231,15320006,38.46875
24.0,979,15320985,40.791666666666664
38.0,1572,15322557,41.36842105263158
7.0,275,15322832,39.285714285714285
18.0,736,15323568,40.888888888888886
39.0,1768,15325336,45.333333333333336
46.0,1636,15326972,35.56521739130435
29.0,1331,15328303,45.89655172413793
21.0,906,15329209,43.142857142857146
44.0,1805,15331014,41.02272727272727
11.0,352,15331366,32.0
28.0,1005,15332371,35.892857142857146
31.0,1350,15333721,43.54838709677419
41.0,1678,15335399,40.926829268292686
34.0,1336,15336735,39.294117647058826
23.0,957,15337692,41.608695652173914
50.0,2029,15339721,40.58
8.0,289,15340010,36.125
35.0,1332,15341342,38.05714285714286
24.0,956,15342298,39.833333333333336
9.0,426,15342724,47.333333333333336
11.0,365,15343089,33.18181818181818
38.0,1507,15344596,39.6578947368421
30.0,1187,15345783,39.56666666666667
33.0,1401,15347184,42.45454545454545
21.0,831,15348015,39.57142857142857
40.0,1600,15349615,40.0
47.0,1725,15351340,36.702127659574465
27.0,919,15352259,34.03703703703704
43.0,1860,15354119,43.25581395348837
42.0,1759,15355878,41.88095238095238
58.0,2398,15358276,41.3448275862069
37.0,1585,15359861,42.83783783783784
31.0,1226,15361087,39.54838709677419
36.0,1422,15362509,39.5
52.0,1991,15364500,38.28846153846154
51.0,2041,15366541,40.01960784313726
24.0,818,15367359,34.083333333333336
16.0,562,15367921,35.125
23.0,860,15368781,37.391304347826086
6.0,225,15369006,37.5
47.0,1587,15370593,33.765957446808514
31.0,1140,15371733,36.774193548387096
44.0,1566,15373299,35.59090909090909
30.0,1307,15374606,43.56666666666667
25.0,1027,15375633,41.08
28.0,1206,15376839,43.07142857142857
41.0,1593,15378432,38.853658536585364
32.0,1089,15379521,34.03125
21.0,794,15380315,37.80952380952381
37.0,1628,15381943,44.0
13.0,366,15382309,28.153846153846153
35.0,1282,15383591,36.628571428571426
32.0,1254,15384845,39.1875
29.0,1154,15385999,39.793103448275865
20.0,675,15386674,33.75
47.0,1726,15388400,36.723404255319146
8.0,184,15388584,23.0
34.0,1495,15390079,43.970588235294116
36.0,1259,15391338,34.97222222222222
34.0,1277,15392615,37.55882352941177
19.0,567,15393182,29.842105263157894
45.0,1496,15394678,33.24444444444445
37.0,1697,15396375,45.86486486486486
31.0,1254,15397629,40.45161290322581
16.0,591,15398220,36.9375
40.0,1626,15399846,40.65
20.0,933,15400779,46.65
21.0,948,15401727,45.142857142857146
20.0,688,15402415,34.4
34.0,1288,15403703,37.88235294117647
44.0,1757,15405460,39.93181818181818
25.0,912,15406372,36.48
36.0,1545,15407917,42.916666666666664
38.0,1547,15409464,40.71052631578947
24.0,1002,15410466,41.75
59.0,2497,15412963,42.32203389830509
39.0,1463,15414426,37.51282051282051
44.0,1976,15416402,44.90909090909091
40.0,1824,15418226,45.6
14.0,566,15418792,40.42857142857143
36.0,1387,15420179,38.52777777777778
6.0,256,15420435,42.666666666666664
46.0,1561,15421996,33.93478260869565
20.0,649,15422645,32.45
0.0,27,15422672,inf
25.0,775,15423447,31.0
28.0,1197,15424644,42.75
40.0,1783,15426427,44.575
25.0,950,15427377,38.0
21.0,909,15428286,43.285714285714285
35.0,1357,15429643,38.77142857142857
13.0,559,15430202,43.0
45.0,1848,15432050,41.06666666666667
28.0,1214,15433264,43.357142857142854
38.0,1626,15434890,42.78947368421053
23.0,853,15435743,37.08695652173913
4.0,105,15435848,26.25
15.0,555,15436403,37.0
23.0,1073,15437476,46.65217391304348
37.0,1476,15438952,39.891891891891895
40.0,1697,15440649,42.425
54.0,2313,15442962,42.833333333333336
37.0,1328,15444290,35.891891891891895
43.0,1885,15446175,43.83720930232558
30.0,1060,15447235,35.333333333333336
39.0,1622,15448857,41.58974358974359
35.0,1376,15450233,39.31428571428572
24.0,899,15451132,37.458333333333336
25.0,1026,15452158,41.04
27.0,1094,15453252,40.51851851851852
50.0,2206,15455458,44.12
26.0,886,15456344,34.07692307692308
25.0,1043,15457387,41.72
6.0,297,15457684,49.5
23.0,831,15458515,36.130434782608695
48.0,1929,15460444,40.1875
45.0,1545,15461989,34.333333333333336
16.0,636,15462625,39.75
11.0,399,15463024,36.27272727272727
46.0,1874,15464898,40.73913043478261
51.0,2092,15466990,41.01960784313726
60.0,2323,15469313,38.71666666666667
20.0,727,15470040,36.35
23.0,885,15470925,38.47826086956522
41.0,1694,15472619,41.31707317073171
48.0,1949,15474568,40.604166666666664
29.0,1103,15475671,38.03448275862069
25.0,916,15476587,36.64
41.0,1656,15478243,40.390243902439025
11.0,521,15478764,47.36363636363637
28.0,1025,15479789,36.607142857142854
28.0,1146,15480935,40.92857142857143
50.0,1974,15482909,39.48
25.0,1253,15484162,50.12
57.0,2216,15486378,38.87719298245614
35.0,1244,15487622,35.542857142857144
44.0,1707,15489329,38.79545454545455
36.0,1290,15490619,35.833333333333336
5.0,247,15490866,49.4
23.0,978,15491844,42.52173913043478
36.0,1310,15493154,36.388888888888886
27.0,1100,15494254,40.74074074074074
39.0,1596,15495850,40.92307692307692
26.0,943,15496793,36.26923076923077
28.0,1194,15497987,42.642857142857146
57.0,2301,15500288,40.36842105263158
58.0,2047,15502335,35.293103448275865
44.0,1708,15504043,38.81818181818182
6.0,260,15504303,43.333333333333336
14.0,471,15504774,33.642857142857146
23.0,806,15505580,35.04347826086956
28.0,907,15506487,32.392857142857146
31.0,1317,15507804,42.483870967741936
46.0,1797,15509601,39.06521739130435
54.0,2080,15511681,38.51851851851852
25.0,1028,15512709,41.12
32.0,1357,15514066,42.40625
16.0,640,15514706,40.0
20.0,683,15515389,34.15
26.0,916,15516305,35.23076923076923
21.0,923,15517228,43.95238095238095
44.0,1661,15518889,37.75
47.0,1773,15520662,37.723404255319146
16.0,652,15521314,40.75
21.0,696,15522010,33.142857142857146
52.0,2110,15524120,40.57692307692308
47.0,1732,15525852,36.851063829787236
0.0,32,15525884,inf
40.0,1453,15527337,36.325
24.0,906,15528243,37.75
30.0,1205,15529448,40.166666666666664
45.0,1639,15531087,36.422222222222224
28.0,939,15532026,33.535714285714285
35.0,1259,15533285,35.97142857142857
60.0,2412,15535697,40.2
30.0,1242,15536939,41.4
33.0,1318,15538257,39.93939393939394
24.0,948,15539205,39.5
19.0,763,15539968,40.1578947368421
46.0,1732,15541700,37.65217391304348
29.0,1163,15542863,40.10344827586207
57.0,2284,15545147,40.07017543859649
30.0,1064,15546211,35.46666666666667
23.0,897,15547108,39.0
13.0,550,15547658,42.30769230769231
37.0,1245,15548903,33.648648648648646
8.0,311,15549214,38.875
59.0,2170,15551384,36.779661016949156
38.0,1275,15552659,33.55263157894737
23.0,879,15553538,38.21739130434783
22.0,838,15554376,38.09090909090909
57.0,2116,15556492,37.12280701754386
24.0,972,15557464,40.5
36.0,1397,15558861,38.80555555555556
40.0,1444,15560305,36.1
45.0,1854,15562159,41.2
50.0,2023,15564182,40.46
37.0,1331,15565513,35.972972972972975
7.0,233,15565746,33.285714285714285
12.0,479,15566225,39.916666666666664
37.0,1373,15567598,37.108108108108105
20.0,816,15568414,40.8
14.0,621,15569035,44.357142857142854
17.0,721,15569756,42.411764705882355
34.0,1073,15570829,31.558823529411764
23.0,890,15571719,38.69565217391305
59.0,2427,15574146,41.13559322033898
22.0,819,15574965,37.22727272727273
38.0,1450,15576415,38.1578947368421
23.0,905,15577320,39.34782608695652
18.0,539,15577859,29.944444444444443
43.0,1575,15579434,36.627906976744185
27.0,1090,15580524,40.370370370370374
42.0,1496,15582020,35.61904761904762
24.0,908,15582928,37.833333333333336
40.0,1439,15584367,35.975
21.0,743,15585110,35.38095238095238
25.0,799,15585909,31.96
21.0,964,15586873,45.904761904761905
28.0,1212,15588085,43.285714285714285
14.0,545,15588630,38.92857142857143
30.0,1006,15589636,33.53333333333333
45.0,1624,15591260,36.08888888888889
26.0,1036,15592296,39.84615384615385
53.0,2135,15594431,40.283018867924525
50.0,2088,15596519,41.76
37.0,1254,15597773,33.891891891891895
27.0,910,15598683,33.7037037037037
32.0,1223,15599906,38.21875
30.0,1086,15600992,36.2
47.0,1708,15602700,36.340425531914896
28.0,1176,15603876,42.0
29.0,987,15604863,34.03448275862069
32.0,1237,15606100,38.65625
15.0,472,15606572,31.466666666666665
37.0,1497,15608069,40.45945945945946
32.0,1215,15609284,37.96875
25.0,1005,15610289,40.2
28.0,1029,15611318,36.75
30.0,1202,15612520,40.06666666666667
28.0,899,15613419,32.107142857142854
31.0,1075,15614494,34.67741935483871
32.0,1272,15615766,39.75
31.0,1161,15616927,37.45161290322581
27.0,1066,15617993,39.48148148148148
45.0,1527,15619520,33.93333333333333
38.0,1377,15620897,36.23684210526316
36.0,1395,15622292,38.75
25.0,1076,15623368,43.04
31.0,1175,15624543,37.903225806451616
30.0,1241,15625784,41.36666666666667
22.0,940,15626724,42.72727272727273
5.0,217,15626941,43.4
21.0,771,15627712,36.714285714285715
22.0,717,15628429,32.59090909090909
28.0,1012,15629441,36.142857142857146
11.0,449,15629890,40.81818181818182
23.0,765,15630655,33.26086956521739
53.0,2201,15632856,41.528301886792455
31.0,1210,15634066,39.03225806451613
22.0,796,15634862,36.18181818181818
28.0,1205,15636067,43.035714285714285
23.0,942,15637009,40.95652173913044
29.0,918,15637927,31.655172413793103
3.0,231,15638158,77.0
25.0,936,15639094,37.44
15.0,624,15639718,41.6
47.0,1840,15641558,39.148936170212764
41.0,1542,15643100,37.609756097560975
24.0,1003,15644103,41.791666666666664
38.0,1634,15645737,43.0
42.0,1677,15647414,39.92857142857143
40.0,1575,15648989,39.375
42.0,1557,15650546,37.07142857142857
18.0,635,15651181,35.27777777777778
19.0,726,15651907,38.21052631578947
55.0,2083,15653990,37.872727272727275
52.0,2126,15656116,40.88461538461539
15.0,567,15656683,37.8
46.0,1835,15658518,39.891304347826086
22.0,827,15659345,37.59090909090909
37.0,1359,15660704,36.729729729729726
50.0,1802,15662506,36.04
18.0,900,15663406,50.0
29.0,1332,15664738,45.93103448275862
44.0,1747,15666485,39.70454545454545
23.0,1015,15667500,44.130434782608695
26.0,929,15668429,35.73076923076923
34.0,1276,15669705,37.529411764705884
36.0,1352,15671057,37.55555555555556
34.0,1374,15672431,40.411764705882355
27.0,1157,15673588,42.851851851851855
33.0,1232,15674820,37.333333333333336
37.0,1387,15676207,37.486486486486484
31.0,1038,15677245,33.483870967741936
25.0,973,15678218,38.92
10.0,403,15678621,40.3
53.0,2237,15680858,42.20754716981132
38.0,1578,15682436,41.526315789473685
43.0,1526,15683962,35.48837209302326
24.0,953,15684915,39.708333333333336
25.0,941,15685856,37.64
25.0,808,15686664,32.32
33.0,1326,15687990,40.18181818181818
51.0,2030,15690020,39.80392156862745
15.0,682,15690702,45.46666666666667
41.0,1736,15692438,42.34146341463415
18.0,694,15693132,38.55555555555556
23.0,859,15693991,37.34782608695652
25.0,802,15694793,32.08
28.0,926,15695719,33.07142857142857
41.0,1426,15697145,34.78048780487805
24.0,934,15698079,38.916666666666664
23.0,819,15698898,35.608695652173914
3.0,138,15699036,46.0
23.0,906,15699942,39.391304347826086
38.0,1439,15701381,37.86842105263158
9.0,403,15701784,44.77777777777778
35.0,1462,15703246,41.77142857142857
29.0,1071,15704317,36.93103448275862
27.0,898,15705215,33.25925925925926
39.0,1499,15706714,38.43589743589744
24.0,924,15707638,38.5
33.0,1155,15708793,35.0
13.0,502,15709295,38.61538461538461
41.0,1605,15710900,39.146341463414636
14.0,552,15711452,39.42857142857143
42.0,1416,15712868,33.714285714285715
16.0,685,15713553,42.8125
18.0,728,15714281,40.44444444444444
20.0,879,15715160,43.95
2.0,158,15715318,79.0
31.0,1271,15716589,41.0
18.0,596,15717185,33.111111111111114
38.0,1499,15718684,39.44736842105263
12.0,614,15719298,51.166666666666664
35.0,1338,15720636,38.22857142857143
41.0,1683,15722319,41.048780487804876
34.0,1291,15723610,37.970588235294116
18.0,742,15724352,41.22222222222222
46.0,1576,15725928,34.26086956521739
22.0,972,15726900,44.18181818181818
7.0,323,15727223,46.142857142857146
14.0,482,15727705,34.42857142857143
40.0,1666,15729371,41.65
32.0,1383,15730754,43.21875
18.0,687,15731441,38.166666666666664
19.0,621,15732062,32.68421052631579
42.0,1634,15733696,38.904761904761905
25.0,1043,15734739,41.72
26.0,1005,15735744,38.65384615384615
50.0,1866,15737610,37.32
34.0,1323,15738933,38.911764705882355
20.0,807,15739740,40.35
24.0,1041,15740781,43.375
26.0,1088,15741869,41.84615384615385
3.0,131,15742000,43.666666666666664
26.0,973,15742973,37.42307692307692
34.0,1151,15744124,33.85294117647059
20.0,810,15744934,40.5
3.0,206,15745140,68.66666666666667
34.0,1415,15746555,41.61764705882353
30.0,1177,15747732,39.233333333333334
30.0,1203,15748935,40.1
40.0,1475,15750410,36.875
28.0,1010,15751420,36.07142857142857
39.0,1404,15752824,36.0
10.0,424,15753248,42.4
34.0,1351,15754599,39.73529411764706
14.0,624,15755223,44.57142857142857
28.0,1008,15756231,36.0
38.0,1407,15757638,37.026315789473685
44.0,1613,15759251,36.65909090909091
24.0,934,15760185,38.916666666666664
63.0,2161,15762346,34.301587301587304
8.0,345,15762691,43.125
25.0,1058,15763749,42.32
24.0,911,15764660,37.958333333333336
41.0,1526,15766186,37.21951219512195
7.0,326,15766512,46.57142857142857
29.0,1177,15767689,40.58620689655172
50.0,1964,15769653,39.28
43.0,1753,15771406,40.76744186046512
26.0,986,15772392,37.92307692307692
7.0,288,15772680,41.142857142857146
34.0,1437,15774117,42.26470588235294
39.0,1487,15775604,38.12820512820513
9.0,295,15775899,32.77777777777778
13.0,565,15776464,43.46153846153846
13.0,473,15776937,36.38461538461539
34.0,1386,15778323,40.76470588235294
18.0,760,15779083,42.22222222222222
4.0,123,15779206,30.75
25.0,1001,15780207,40.04
26.0,775,15780982,29.807692307692307
48.0,1979,15782961,41.229166666666664
32.0,1132,15784093,35.375
26.0,959,15785052,36.88461538461539
36.0,1245,15786297,34.583333333333336
35.0,1343,15787640,38.371428571428574
46.0,1877,15789517,40.80434782608695
22.0,828,15790345,37.63636363636363
28.0,918,15791263,32.785714285714285
36.0,1563,15792826,43.416666666666664
26.0,744,15793570,28.615384615384617
19.0,674,15794244,35.473684210526315
32.0,1380,15795624,43.125
51.0,1929,15797553,37.8235294117647
24.0,976,15798529,40.666666666666664
22.0,968,15799497,44.0
32.0,1369,15800866,42.78125
30.0,1128,15801994,37.6
37.0,1413,15803407,38.189189189189186
36.0,1347,15804754,37.416666666666664
26.0,1003,15805757,38.57692307692308
26.0,1055,15806812,40.57692307692308
23.0,953,15807765,41.43478260869565
30.0,1101,15808866,36.7
53.0,2226,15811092,42.0
19.0,764,15811856,40.21052631578947
19.0,651,15812507,34.26315789473684
39.0,1486,15813993,38.1025641025641
31.0,1257,15815250,40.54838709677419
4.0,154,15815404,38.5
28.0,1100,15816504,39.285714285714285
28.0,1114,15817618,39.785714285714285
53.0,1874,15819492,35.35849056603774
7.0,292,15819784,41.714285714285715
45.0,1657,15821441,36.82222222222222
18.0,735,15822176,40.833333333333336
48.0,1798,15823974,37.458333333333336
21.0,892,15824866,42.476190476190474
11.0,466,15825332,42.36363636363637
13.0,465,15825797,35.76923076923077
46.0,1744,15827541,37.91304347826087
27.0,942,15828483,34.888888888888886
9.0,365,15828848,40.55555555555556
26.0,925,15829773,35.57692307692308
40.0,1646,15831419,41.15
10.0,383,15831802,38.3
58.0,2124,15833926,36.62068965517241
19.0,609,15834535,32.05263157894737
36.0,1186,15835721,32.94444444444444
26.0,1061,15836782,40.80769230769231
59.0,2221,15839003,37.644067796610166
36.0,1251,15840254,34.75
57.0,2203,15842457,38.64912280701754
26.0,1078,15843535,41.46153846153846
29.0,1032,15844567,35.58620689655172
31.0,1034,15845601,33.354838709677416
31.0,1178,15846779,38.0
4.0,184,15846963,46.0
25.0,963,15847926,38.52
26.0,925,15848851,35.57692307692308
25.0,847,15849698,33.88
49.0,1780,15851478,36.326530612244895
28.0,1095,15852573,39.107142857142854
22.0,852,15853425,38.72727272727273
43.0,1668,15855093,38.7906976744186
41.0,1522,15856615,37.1219512195122
23.0,775,15857390,33.69565217391305
38.0,1313,15858703,34.55263157894737
46.0,1641,15860344,35.67391304347826
42.0,1661,15862005,39.54761904761905
26.0,1040,15863045,40.0
40.0,1540,15864585,38.5
24.0,910,15865495,37.916666666666664
20.0,870,15866365,43.5
20.0,761,15867126,38.05
6.0,270,15867396,45.0
49.0,1810,15869206,36.93877551020408
19.0,823,15870029,43.31578947368421
23.0,921,15870950,40.04347826086956
13.0,532,15871482,40.92307692307692
30.0,1161,15872643,38.7
30.0,1235,15873878,41.166666666666664
40.0,1602,15875480,40.05
42.0,1445,15876925,34.404761904761905
26.0,998,15877923,38.38461538461539
12.0,480,15878403,40.0
0.0,30,15878433,inf
28.0,1062,15879495,37.92857142857143
27.0,973,15880468,36.03703703703704
31.0,1211,15881679,39.064516129032256
40.0,1656,15883335,41.4
12.0,368,15883703,30.666666666666668
16.0,545,15884248,34.0625
26.0,952,15885200,36.61538461538461
1.0,24,15885224,24.0
28.0,1017,15886241,36.32142857142857
45.0,1824,15888065,40.53333333333333
28.0,1011,15889076,36.107142857142854
46.0,1737,15890813,37.76086956521739
5.0,323,15891136,64.6
20.0,713,15891849,35.65
23.0,884,15892733,38.43478260869565
14.0,525,15893258,37.5
22.0,771,15894029,35.04545454545455
24.0,801,15894830,33.375
32.0,1215,15896045,37.96875
26.0,908,15896953,34.92307692307692
42.0,1440,15898393,34.285714285714285
19.0,856,15899249,45.05263157894737
22.0,699,15899948,31.772727272727273
27.0,1008,15900956,37.333333333333336
30.0,1020,15901976,34.0
40.0,1666,15903642,41.65
25.0,861,15904503,34.44
41.0,1612,15906115,39.31707317073171
41.0,1569,15907684,38.26829268292683
24.0,868,15908552,36.166666666666664
23.0,1000,15909552,43.47826086956522
31.0,1027,15910579,33.12903225806452
24.0,818,15911397,34.083333333333336
11.0,432,15911829,39.27272727272727
17.0,685,15912514,40.294117647058826
28.0,1033,15913547,36.892857142857146
24.0,1073,15914620,44.708333333333336
32.0,1371,15915991,42.84375
21.0,794,15916785,37.80952380952381
42.0,1772,15918557,42.19047619047619
33.0,1252,15919809,37.93939393939394
33.0,1325,15921134,40.15151515151515
11.0,408,15921542,37.09090909090909
24.0,934,15922476,38.916666666666664
25.0,867,15923343,34.68
24.0,852,15924195,35.5
59.0,2058,15926253,34.88135593220339
47.0,1878,15928131,39.95744680851064
40.0,1517,15929648,37.925
26.0,1055,15930703,40.57692307692308
18.0,620,15931323,34.44444444444444
33.0,1355,15932678,41.06060606060606
37.0,1407,15934085,38.027027027027025
0.0,29,15934114,inf
42.0,1720,15935834,40.95238095238095
36.0,1161,15936995,32.25
14.0,562,15937557,40.142857142857146
37.0,1593,15939150,43.054054054054056
21.0,800,15939950,38.095238095238095
3.0,127,15940077,42.333333333333336
53.0,1964,15942041,37.056603773584904
12.0,572,15942613,47.666666666666664
20.0,957,15943570,47.85
22.0,1003,15944573,45.59090909090909
29.0,1158,15945731,39.93103448275862
20.0,808,15946539,40.4
52.0,2099,15948638,40.36538461538461
31.0,1423,15950061,45.903225806451616
35.0,1436,15951497,41.02857142857143
31.0,1292,15952789,41.67741935483871
29.0,1268,15954057,43.724137931034484
26.0,1006,15955063,38.69230769230769
35.0,1438,15956501,41.08571428571429
24.0,1046,15957547,43.583333333333336
35.0,1450,15958997,41.42857142857143
32.0,1532,15960529,47.875
26.0,1064,15961593,40.92307692307692
27.0,988,15962581,36.592592592592595
38.0,1529,15964110,40.23684210526316
39.0,1843,15965953,47.256410256410255
23.0,962,15966915,41.82608695652174
42.0,1968,15968883,46.857142857142854
40.0,1562,15970445,39.05
47.0,2005,15972450,42.659574468085104
36.0,1511,15973961,41.97222222222222
27.0,1273,15975234,47.148148148148145
43.0,1772,15977006,41.2093023255814
33.0,1333,15978339,40.39393939393939
32.0,1208,15979547,37.75
2.0,123,15979670,61.5
48.0,1999,15981669,41.645833333333336
24.0,959,15982628,39.958333333333336
37.0,1560,15984188,42.16216216216216
52.0,2316,15986504,44.53846153846154
28.0,1311,15987815,46.82142857142857
39.0,1761,15989576,45.15384615384615
17.0,847,15990423,49.8235294117647
34.0,1501,15991924,44.14705882352941
17.0,651,15992575,38.294117647058826
31.0,1393,15993968,44.935483870967744
43.0,1815,15995783,42.2093023255814
52.0,2369,15998152,45.55769230769231
26.0,960,15999112,36.92307692307692
8.0,402,15999514,50.25
47.0,2121,16001635,45.12765957446808
7.0,283,16001918,40.42857142857143
37.0,1332,16003250,36.0
25.0,1014,16004264,40.56
16.0,694,16004958,43.375
22.0,783,16005741,35.59090909090909
39.0,1758,16007499,45.07692307692308
33.0,1212,16008711,36.72727272727273
40.0,1518,16010229,37.95
6.0,314,16010543,52.333333333333336
43.0,2070,16012613,48.13953488372093
45.0,2008,16014621,44.62222222222222
18.0,793,16015414,44.05555555555556
37.0,1609,16017023,43.486486486486484
26.0,1180,16018203,45.38461538461539
55.0,2258,16020461,41.054545454545455
56.0,2220,16022681,39.642857142857146
58.0,2405,16025086,41.46551724137931
4.0,244,16025330,61.0
39.0,1772,16027102,45.43589743589744
31.0,1294,16028396,41.74193548387097
20.0,894,16029290,44.7
50.0,2190,16031480,43.8
2.0,119,16031599,59.5
25.0,1029,16032628,41.16
51.0,2183,16034811,42.80392156862745
32.0,1472,16036283,46.0
18.0,891,16037174,49.5
3.0,111,16037285,37.0
6.0,247,16037532,41.166666666666664
50.0,2090,16039622,41.8
57.0,2586,16042208,45.36842105263158
2.0,60,16042268,30.0
3.0,109,16042377,36.333333333333336
42.0,1564,16043941,37.23809523809524
33.0,1148,16045089,34.78787878787879
31.0,1258,16046347,40.58064516129032
20.0,1018,16047365,50.9
39.0,1625,16048990,41.666666666666664
14.0,642,16049632,45.857142857142854
35.0,1308,16050940,37.371428571428574
47.0,2067,16053007,43.97872340425532
42.0,1608,16054615,38.285714285714285
41.0,1654,16056269,40.34146341463415
37.0,1526,16057795,41.24324324324324
50.0,2264,16060059,45.28
33.0,1340,16061399,40.60606060606061
7.0,422,16061821,60.285714285714285
26.0,1039,16062860,39.96153846153846
11.0,476,16063336,43.27272727272727
1.0,26,16063362,26.0
27.0,1162,16064524,43.03703703703704
43.0,1731,16066255,40.25581395348837
34.0,1386,16067641,40.76470588235294
37.0,1570,16069211,42.432432432432435
11.0,461,16069672,41.90909090909091
37.0,1503,16071175,40.62162162162162
48.0,1851,16073026,38.5625
26.0,878,16073904,33.76923076923077
22.0,921,16074825,41.86363636363637
15.0,645,16075470,43.0
17.0,729,16076199,42.88235294117647
15.0,629,16076828,41.93333333333333
3.0,130,16076958,43.333333333333336
37.0,1627,16078585,43.972972972972975
24.0,1082,16079667,45.083333333333336
39.0,1617,16081284,41.46153846153846
33.0,1198,16082482,36.303030303030305
43.0,1451,16083933,33.74418604651163
28.0,873,16084806,31.178571428571427
58.0,1991,16086797,34.327586206896555
37.0,1122,16087919,30.324324324324323
42.0,1531,16089450,36.45238095238095
37.0,1149,16090599,31.054054054054053
54.0,1837,16092436,34.01851851851852
25.0,882,16093318,35.28
35.0,1123,16094441,32.08571428571429
31.0,1061,16095502,34.225806451612904
24.0,753,16096255,31.375
11.0,413,16096668,37.54545454545455
17.0,581,16097249,34.1764705882353
27.0,965,16098214,35.74074074074074
21.0,638,16098852,30.38095238095238
23.0,634,16099486,27.565217391304348
31.0,1211,16100697,39.064516129032256
15.0,540,16101237,36.0
34.0,997,16102234,29.323529411764707
19.0,513,16102747,27.0
21.0,660,16103407,31.428571428571427
11.0,319,16103726,29.0
12.0,492,16104218,41.0
24.0,698,16104916,29.083333333333332
23.0,777,16105693,33.78260869565217
28.0,911,16106604,32.535714285714285
33.0,1123,16107727,34.03030303030303
36.0,1132,16108859,31.444444444444443
6.0,153,16109012,25.5
46.0,1571,16110583,34.15217391304348
26.0,762,16111345,29.307692307692307
35.0,1081,16112426,30.885714285714286
35.0,1294,16113720,36.97142857142857
9.0,263,16113983,29.22222222222222
44.0,1605,16115588,36.47727272727273
41.0,1375,16116963,33.53658536585366
47.0,1804,16118767,38.38297872340426
27.0,872,16119639,32.2962962962963
39.0,1109,16120748,28.435897435897434
7.0,199,16120947,28.428571428571427
40.0,1518,16122465,37.95
41.0,1347,16123812,32.853658536585364
34.0,1245,16125057,36.61764705882353
1.0,25,16125082,25.0
21.0,714,16125796,34.0
48.0,1883,16127679,39.229166666666664
6.0,403,16128082,67.16666666666667
16.0,367,16128449,22.9375
1.0,41,16128490,41.0
32.0,1046,16129536,32.6875
46.0,1458,16130994,31.695652173913043
26.0,1010,16132004,38.84615384615385
36.0,1238,16133242,34.388888888888886
38.0,1335,16134577,35.13157894736842
35.0,1361,16135938,38.885714285714286
33.0,1167,16137105,35.36363636363637
31.0,984,16138089,31.741935483870968
54.0,1844,16139933,34.148148148148145
13.0,422,16140355,32.46153846153846
22.0,864,16141219,39.27272727272727
27.0,861,16142080,31.88888888888889
20.0,664,16142744,33.2
29.0,1178,16143922,40.62068965517241
40.0,1634,16145556,40.85
44.0,1371,16146927,31.15909090909091
46.0,1527,16148454,33.19565217391305
36.0,1295,16149749,35.97222222222222
22.0,663,16150412,30.136363636363637
7.0,190,16150602,27.142857142857142
25.0,831,16151433,33.24
30.0,992,16152425,33.06666666666667
47.0,1563,16153988,33.255319148936174
18.0,588,16154576,32.666666666666664
28.0,813,16155389,29.035714285714285
25.0,851,16156240,34.04
32.0,1130,16157370,35.3125
19.0,814,16158184,42.8421052631579
37.0,1451,16159635,39.21621621621622
31.0,1336,16160971,43.096774193548384
41.0,1716,16162687,41.853658536585364
41.0,1738,16164425,42.390243902439025
42.0,1507,16165932,35.88095238095238
20.0,709,16166641,35.45
38.0,1524,16168165,40.10526315789474
50.0,1729,16169894,34.58
31.0,1079,16170973,34.806451612903224
42.0,1429,16172402,34.023809523809526
36.0,1318,16173720,36.611111111111114
39.0,1235,16174955,31.666666666666668
43.0,1431,16176386,33.27906976744186
22.0,802,16177188,36.45454545454545
25.0,696,16177884,27.84
18.0,538,16178422,29.88888888888889
15.0,489,16178911,32.6
21.0,801,16179712,38.142857142857146
39.0,1440,16181152,36.92307692307692
40.0,1153,16182305,28.825
33.0,1263,16183568,38.27272727272727
13.0,564,16184132,43.38461538461539
49.0,1773,16185905,36.183673469387756
47.0,1609,16187514,34.234042553191486
29.0,790,16188304,27.24137931034483
16.0,515,16188819,32.1875
58.0,2226,16191045,38.37931034482759
41.0,1522,16192567,37.1219512195122
30.0,1216,16193783,40.53333333333333
25.0,939,16194722,37.56
37.0,1340,16196062,36.21621621621622
53.0,1996,16198058,37.660377358490564
36.0,1428,16199486,39.666666666666664
37.0,1167,16200653,31.54054054054054
51.0,1618,16202271,31.725490196078432
8.0,206,16202477,25.75
2.0,98,16202575,49.0
37.0,1456,16204031,39.351351351351354
4.0,151,16204182,37.75
47.0,1804,16205986,38.38297872340426
36.0,1239,16207225,34.416666666666664
35.0,1072,16208297,30.62857142857143
3.0,506,16208803,168.66666666666666
58.0,1863,16210666,32.12068965517241
25.0,909,16211575,36.36
18.0,664,16212239,36.888888888888886
42.0,1563,16213802,37.214285714285715
53.0,1805,16215607,34.056603773584904
46.0,1775,16217382,38.58695652173913
40.0,1377,16218759,34.425
43.0,1557,16220316,36.2093023255814
43.0,1030,16221346,23.953488372093023
36.0,1390,16222736,38.611111111111114
51.0,1561,16224297,30.607843137254903
35.0,1314,16225611,37.542857142857144
36.0,1193,16226804,33.138888888888886
36.0,1218,16228022,33.833333333333336
21.0,690,16228712,32.857142857142854
55.0,2202,16230914,40.03636363636364
38.0,1310,16232224,34.473684210526315
35.0,1145,16233369,32.714285714285715
31.0,1223,16234592,39.45161290322581
37.0,1349,16235941,36.45945945945946
43.0,1623,16237564,37.74418604651163
55.0,2044,16239608,37.163636363636364
44.0,1775,16241383,40.34090909090909
31.0,1260,16242643,40.645161290322584
21.0,579,16243222,27.571428571428573
17.0,526,16243748,30.941176470588236
47.0,2010,16245758,42.765957446808514
50.0,1806,16247564,36.12
51.0,1709,16249273,33.509803921568626
21.0,774,16250047,36.857142857142854
26.0,807,16250854,31.03846153846154
48.0,1722,16252576,35.875
38.0,1299,16253875,34.18421052631579
38.0,1299,16255174,34.18421052631579
35.0,1115,16256289,31.857142857142858
13.0,494,16256783,38.0
45.0,1654,16258437,36.75555555555555
38.0,1049,16259486,27.605263157894736
27.0,865,16260351,32.03703703703704
17.0,577,16260928,33.94117647058823
38.0,1332,16262260,35.05263157894737
40.0,1592,16263852,39.8
30.0,965,16264817,32.166666666666664
10.0,303,16265120,30.3
24.0,698,16265818,29.083333333333332
36.0,1180,16266998,32.77777777777778
45.0,1723,16268721,38.28888888888889
44.0,1409,16270130,32.02272727272727
15.0,556,16270686,37.06666666666667
7.0,246,16270932,35.142857142857146
5.0,615,16271547,123.0
38.0,1568,16273115,41.26315789473684
18.0,633,16273748,35.166666666666664
56.0,1975,16275723,35.267857142857146
29.0,946,16276669,32.62068965517241
29.0,1057,16277726,36.44827586206897
16.0,564,16278290,35.25
40.0,1408,16279698,35.2
37.0,1430,16281128,38.648648648648646
23.0,913,16282041,39.69565217391305
18.0,493,16282534,27.38888888888889
52.0,1633,16284167,31.403846153846153
48.0,1759,16285926,36.645833333333336
22.0,627,16286553,28.5
23.0,723,16287276,31.434782608695652
35.0,1107,16288383,31.62857142857143
37.0,1145,16289528,30.945945945945947
34.0,1166,16290694,34.294117647058826
20.0,1024,16291718,51.2
36.0,1258,16292976,34.94444444444444
33.0,1171,16294147,35.484848484848484
10.0,727,16294874,72.7
38.0,1308,16296182,34.421052631578945
42.0,1610,16297792,38.333333333333336
33.0,1226,16299018,37.15151515151515
44.0,1693,16300711,38.47727272727273
33.0,1058,16301769,32.06060606060606
35.0,1242,16303011,35.48571428571429
36.0,1166,16304177,32.388888888888886
42.0,1599,16305776,38.07142857142857
39.0,1179,16306955,30.23076923076923
33.0,1080,16308035,32.72727272727273
24.0,1119,16309154,46.625
29.0,1088,16310242,37.51724137931034
38.0,1261,16311503,33.18421052631579
40.0,1744,16313247,43.6
36.0,1459,16314706,40.52777777777778
42.0,1480,16316186,35.23809523809524
0.0,441,16316627,inf
27.0,776,16317403,28.74074074074074
42.0,1550,16318953,36.904761904761905
23.0,953,16319906,41.43478260869565
18.0,637,16320543,35.388888888888886
52.0,1718,16322261,33.03846153846154
32.0,1059,16323320,33.09375
36.0,1120,16324440,31.11111111111111
25.0,1049,16325489,41.96
8.0,763,16326252,95.375
44.0,1653,16327905,37.56818181818182
20.0,657,16328562,32.85
35.0,1224,16329786,34.97142857142857
21.0,741,16330527,35.285714285714285
30.0,835,16331362,27.833333333333332
31.0,1018,16332380,32.83870967741935
25.0,944,16333324,37.76
46.0,1475,16334799,32.06521739130435
28.0,813,16335612,29.035714285714285
50.0,1639,16337251,32.78
44.0,1547,16338798,35.15909090909091
28.0,1180,16339978,42.142857142857146
28.0,915,16340893,32.67857142857143
39.0,1428,16342321,36.61538461538461
26.0,964,16343285,37.07692307692308
29.0,943,16344228,32.51724137931034
34.0,1866,16346094,54.88235294117647
40.0,1520,16347614,38.0
34.0,1294,16348908,38.05882352941177
41.0,1371,16350279,33.4390243902439
25.0,941,16351220,37.64
42.0,1538,16352758,36.61904761904762
35.0,1245,16354003,35.57142857142857
28.0,983,16354986,35.107142857142854
51.0,1812,16356798,35.529411764705884
22.0,905,16357703,41.13636363636363
41.0,1406,16359109,34.292682926829265
43.0,1504,16360613,34.97674418604651
35.0,1223,16361836,34.94285714285714
42.0,1115,16362951,26.547619047619047
24.0,961,16363912,40.041666666666664
41.0,1287,16365199,31.390243902439025
37.0,1184,16366383,32.0
1.0,452,16366835,452.0
42.0,1562,16368397,37.19047619047619
40.0,1350,16369747,33.75
22.0,716,16370463,32.54545454545455
45.0,1601,16372064,35.577777777777776
29.0,824,16372888,28.413793103448278
49.0,1577,16374465,32.183673469387756
21.0,617,16375082,29.38095238095238
43.0,1439,16376521,33.46511627906977
28.0,940,16377461,33.57142857142857
39.0,1418,16378879,36.35897435897436
14.0,419,16379298,29.928571428571427
29.0,920,16380218,31.724137931034484
38.0,1496,16381714,39.36842105263158
41.0,1525,16383239,37.19512195121951
39.0,1258,16384497,32.256410256410255
39.0,1270,16385767,32.56410256410256
33.0,1378,16387145,41.75757575757576
36.0,1306,16388451,36.27777777777778
32.0,1045,16389496,32.65625
28.0,1071,16390567,38.25
21.0,739,16391306,35.19047619047619
35.0,1106,16392412,31.6
36.0,1173,16393585,32.583333333333336
17.0,950,16394535,55.88235294117647
40.0,1133,16395668,28.325
22.0,764,16396432,34.72727272727273
12.0,429,16396861,35.75
40.0,1341,16398202,33.525
56.0,1995,16400197,35.625
31.0,985,16401182,31.774193548387096
30.0,1007,16402189,33.56666666666667
34.0,1189,16403378,34.970588235294116
23.0,685,16404063,29.782608695652176
32.0,1172,16405235,36.625
34.0,1409,16406644,41.44117647058823
31.0,1173,16407817,37.83870967741935
53.0,1686,16409503,31.81132075471698
36.0,1172,16410675,32.55555555555556
37.0,1095,16411770,29.594594594594593
48.0,1749,16413519,36.4375
49.0,1676,16415195,34.204081632653065
22.0,912,16416107,41.45454545454545
35.0,1240,16417347,35.42857142857143
38.0,1365,16418712,35.921052631578945
41.0,1579,16420291,38.51219512195122
51.0,1557,16421848,30.529411764705884
50.0,1707,16423555,34.14
48.0,1641,16425196,34.1875
14.0,811,16426007,57.92857142857143
47.0,1870,16427877,39.787234042553195
39.0,1197,16429074,30.692307692307693
43.0,1398,16430472,32.51162790697674
11.0,228,16430700,20.727272727272727
24.0,825,16431525,34.375
54.0,1795,16433320,33.24074074074074
3.0,516,16433836,172.0
42.0,1546,16435382,36.80952380952381
29.0,1132,16436514,39.03448275862069
24.0,683,16437197,28.458333333333332
30.0,917,16438114,30.566666666666666
39.0,1186,16439300,30.41025641025641
22.0,650,16439950,29.545454545454547
32.0,1202,16441152,37.5625
36.0,1374,16442526,38.166666666666664
26.0,740,16443266,28.46153846153846
37.0,1189,16444455,32.13513513513514
7.0,268,16444723,38.285714285714285
38.0,1263,16445986,33.23684210526316
15.0,629,16446615,41.93333333333333
9.0,337,16446952,37.44444444444444
41.0,1172,16448124,28.585365853658537
22.0,658,16448782,29.90909090909091
30.0,747,16449529,24.9
38.0,1033,16450562,27.18421052631579
43.0,1453,16452015,33.7906976744186
38.0,1270,16453285,33.421052631578945
50.0,1712,16454997,34.24
34.0,1111,16456108,32.6764705882353
29.0,851,16456959,29.344827586206897
37.0,1122,16458081,30.324324324324323
47.0,1617,16459698,34.40425531914894
36.0,1099,16460797,30.52777777777778
36.0,1000,16461797,27.77777777777778
36.0,1049,16462846,29.13888888888889
31.0,1063,16463909,34.29032258064516
44.0,1638,16465547,37.22727272727273
29.0,821,16466368,28.310344827586206
38.0,1410,16467778,37.10526315789474
13.0,784,16468562,60.30769230769231
18.0,904,16469466,50.22222222222222
41.0,1005,16470471,24.51219512195122
20.0,515,16470986,25.75
37.0,1261,16472247,34.08108108108108
41.0,1256,16473503,30.634146341463413
29.0,917,16474420,31.620689655172413
38.0,1193,16475613,31.394736842105264
40.0,1278,16476891,31.95
25.0,695,16477586,27.8
35.0,876,16478462,25.02857142857143
47.0,1377,16479839,29.29787234042553
48.0,1454,16481293,30.291666666666668
38.0,1231,16482524,32.39473684210526
44.0,1260,16483784,28.636363636363637
29.0,775,16484559,26.724137931034484
23.0,610,16485169,26.52173913043478
36.0,1181,16486350,32.80555555555556
38.0,1033,16487383,27.18421052631579
40.0,1150,16488533,28.75
38.0,1107,16489640,29.13157894736842
28.0,982,16490622,35.07142857142857
47.0,1590,16492212,33.829787234042556
28.0,839,16493051,29.964285714285715
31.0,775,16493826,25.0
37.0,1217,16495043,32.891891891891895
42.0,1390,16496433,33.095238095238095
32.0,954,16497387,29.8125
47.0,1443,16498830,30.70212765957447
28.0,923,16499753,32.964285714285715
46.0,1396,16501149,30.347826086956523
52.0,1802,16502951,34.65384615384615
35.0,822,16503773,23.485714285714284
49.0,1378,16505151,28.122448979591837
20.0,538,16505689,26.9
32.0,815,16506504,25.46875
43.0,1209,16507713,28.11627906976744
46.0,1266,16508979,27.52173913043478
18.0,581,16509560,32.27777777777778
3.0,508,16510068,169.33333333333334
45.0,1395,16511463,31.0
17.0,1008,16512471,59.294117647058826
31.0,1027,16513498,33.12903225806452
53.0,1679,16515177,31.67924528301887
30.0,808,16515985,26.933333333333334
38.0,1366,16517351,35.94736842105263
49.0,1559,16518910,31.816326530612244
55.0,1739,16520649,31.618181818181817
38.0,1185,16521834,31.18421052631579
36.0,938,16522772,26.055555555555557
23.0,646,16523418,28.08695652173913
44.0,1282,16524700,29.136363636363637
37.0,1187,16525887,32.08108108108108
23.0,1068,16526955,46.43478260869565
37.0,1164,16528119,31.45945945945946
38.0,1127,16529246,29.657894736842106
45.0,1359,16530605,30.2
19.0,950,16531555,50.0
53.0,1552,16533107,29.28301886792453
37.0,1129,16534236,30.513513513513512
40.0,1239,16535475,30.975
15.0,420,16535895,28.0
37.0,993,16536888,26.83783783783784
22.0,507,16537395,23.045454545454547
35.0,1203,16538598,34.371428571428574
30.0,974,16539572,32.46666666666667
40.0,1096,16540668,27.4
16.0,431,16541099,26.9375
35.0,1126,16542225,32.17142857142857
35.0,1089,16543314,31.114285714285714
35.0,1085,16544399,31.0
3.0,535,16544934,178.33333333333334
44.0,1474,16546408,33.5
40.0,1109,16547517,27.725
43.0,1089,16548606,25.325581395348838
23.0,950,16549556,41.30434782608695
32.0,906,16550462,28.3125
16.0,627,16551089,39.1875
27.0,815,16551904,30.185185185185187
26.0,757,16552661,29.115384615384617
26.0,821,16553482,31.576923076923077
36.0,989,16554471,27.47222222222222
54.0,1674,16556145,31.0
49.0,1375,16557520,28.06122448979592
20.0,572,16558092,28.6
30.0,707,16558799,23.566666666666666
30.0,879,16559678,29.3
35.0,1145,16560823,32.714285714285715
56.0,1413,16562236,25.232142857142858
39.0,1342,16563578,34.41025641025641
47.0,1173,16564751,24.95744680851064
36.0,1108,16565859,30.77777777777778
53.0,1701,16567560,32.094339622641506
44.0,1164,16568724,26.454545454545453
44.0,1466,16570190,33.31818181818182
34.0,970,16571160,28.529411764705884
39.0,1053,16572213,27.0
33.0,931,16573144,28.21212121212121
13.0,426,16573570,32.76923076923077
35.0,1036,16574606,29.6
16.0,457,16575063,28.5625
27.0,791,16575854,29.296296296296298
19.0,854,16576708,44.94736842105263
46.0,1932,16578640,42.0
30.0,936,16579576,31.2
35.0,1214,16580790,34.68571428571428
46.0,1225,16582015,26.630434782608695
23.0,661,16582676,28.73913043478261
49.0,1250,16583926,25.510204081632654
20.0,474,16584400,23.7
26.0,717,16585117,27.576923076923077
35.0,1023,16586140,29.228571428571428
36.0,1225,16587365,34.02777777777778
38.0,1045,16588410,27.5
35.0,1045,16589455,29.857142857142858
25.0,746,16590201,29.84
18.0,517,16590718,28.72222222222222
14.0,388,16591106,27.714285714285715
35.0,963,16592069,27.514285714285716
26.0,912,16592981,35.07692307692308
18.0,421,16593402,23.38888888888889
3.0,81,16593483,27.0
29.0,872,16594355,30.06896551724138
33.0,1091,16595446,33.06060606060606
36.0,1109,16596555,30.805555555555557
45.0,1537,16598092,34.15555555555556
0.0,26,16598118,inf
27.0,704,16598822,26.074074074074073
28.0,863,16599685,30.821428571428573
0.0,74,16599759,inf
30.0,941,16600700,31.366666666666667
45.0,1284,16601984,28.533333333333335
16.0,414,16602398,25.875
28.0,738,16603136,26.357142857142858
40.0,1097,16604233,27.425
11.0,330,16604563,30.0
8.0,236,16604799,29.5
34.0,1029,16605828,30.264705882352942
46.0,1261,16607089,27.41304347826087
41.0,1311,16608400,31.975609756097562
21.0,636,16609036,30.285714285714285
34.0,914,16609950,26.88235294117647
2.0,89,16610039,44.5
21.0,525,16610564,25.0
31.0,867,16611431,27.967741935483872
37.0,1044,16612475,28.216216216216218
8.0,242,16612717,30.25
35.0,1055,16613772,30.142857142857142
49.0,1394,16615166,28.448979591836736
10.0,594,16615760,59.4
31.0,902,16616662,29.096774193548388
29.0,754,16617416,26.0
39.0,1238,16618654,31.743589743589745
24.0,738,16619392,30.75
32.0,940,16620332,29.375
41.0,1306,16621638,31.853658536585368
12.0,378,16622016,31.5
39.0,1207,16623223,30.94871794871795
36.0,1028,16624251,28.555555555555557
13.0,502,16624753,38.61538461538461
46.0,1502,16626255,32.65217391304348
51.0,1365,16627620,26.764705882352942
45.0,1136,16628756,25.244444444444444
15.0,421,16629177,28.066666666666666
25.0,936,16630113,37.44
36.0,1261,16631374,35.02777777777778
36.0,1123,16632497,31.194444444444443
9.0,326,16632823,36.22222222222222
51.0,1447,16634270,28.372549019607842
27.0,841,16635111,31.14814814814815
47.0,1450,16636561,30.851063829787233
35.0,1144,16637705,32.68571428571428
44.0,1331,16639036,30.25
10.0,264,16639300,26.4
39.0,1136,16640436,29.128205128205128
35.0,1034,16641470,29.542857142857144
28.0,937,16642407,33.464285714285715
26.0,816,16643223,31.384615384615383
33.0,981,16644204,29.727272727272727
45.0,1490,16645694,33.111111111111114
34.0,908,16646602,26.705882352941178
30.0,1060,16647662,35.333333333333336
36.0,938,16648600,26.055555555555557
41.0,1277,16649877,31.146341463414632
18.0,420,16650297,23.333333333333332
28.0,802,16651099,28.642857142857142
42.0,1187,16652286,28.261904761904763
1.0,25,16652311,25.0
34.0,885,16653196,26.029411764705884
43.0,1277,16654473,29.697674418604652
29.0,841,16655314,29.0
29.0,684,16655998,23.586206896551722
38.0,1237,16657235,32.55263157894737
37.0,1155,16658390,31.216216216216218
1.0,26,16658416,26.0
1.0,76,16658492,76.0
22.0,541,16659033,24.59090909090909
32.0,980,16660013,30.625
41.0,1317,16661330,32.1219512195122
16.0,461,16661791,28.8125
24.0,561,16662352,23.375
18.0,507,16662859,28.166666666666668
34.0,1053,16663912,30.970588235294116
47.0,1375,16665287,29.25531914893617
44.0,1173,16666460,26.65909090909091
41.0,1323,16667783,32.26829268292683
39.0,1208,16668991,30.974358974358974
53.0,1632,16670623,30.79245283018868
5.0,266,16670889,53.2
29.0,825,16671714,28.448275862068964
8.0,276,16671990,34.5
16.0,420,16672410,26.25
30.0,825,16673235,27.5
29.0,921,16674156,31.75862068965517
35.0,1034,16675190,29.542857142857144
23.0,777,16675967,33.78260869565217
13.0,352,16676319,27.076923076923077
50.0,1506,16677825,30.12
10.0,418,16678243,41.8
41.0,1280,16679523,31.21951219512195
37.0,1152,16680675,31.135135135135137
42.0,1128,16681803,26.857142857142858
26.0,889,16682692,34.19230769230769
23.0,719,16683411,31.26086956521739
23.0,674,16684085,29.304347826086957
47.0,1697,16685782,36.1063829787234
31.0,880,16686662,28.387096774193548
33.0,941,16687603,28.515151515151516
26.0,771,16688374,29.653846153846153
17.0,488,16688862,28.705882352941178
18.0,639,16689501,35.5
28.0,1026,16690527,36.642857142857146
23.0,753,16691280,32.73913043478261
46.0,1159,16692439,25.195652173913043
52.0,1452,16693891,27.923076923076923
46.0,1286,16695177,27.956521739130434
19.0,519,16695696,27.31578947368421
23.0,714,16696410,31.043478260869566
29.0,838,16697248,28.896551724137932
31.0,1062,16698310,34.25806451612903
40.0,1070,16699380,26.75
36.0,1132,16700512,31.444444444444443
29.0,745,16701257,25.689655172413794
46.0,1481,16702738,32.19565217391305
45.0,1282,16704020,28.488888888888887
24.0,677,16704697,28.208333333333332
32.0,959,16705656,29.96875
14.0,326,16705982,23.285714285714285
50.0,1608,16707590,32.16
31.0,866,16708456,27.93548387096774
31.0,968,16709424,31.225806451612904
31.0,818,16710242,26.387096774193548
25.0,776,16711018,31.04
41.0,1163,16712181,28.365853658536587
26.0,805,16712986,30.96153846153846
23.0,613,16713599,26.652173913043477
21.0,640,16714239,30.476190476190474
43.0,1283,16715522,29.837209302325583
39.0,1318,16716840,33.794871794871796
43.0,1200,16718040,27.906976744186046
28.0,1018,16719058,36.357142857142854
51.0,1537,16720595,30.137254901960784
46.0,1478,16722073,32.130434782608695
34.0,1015,16723088,29.852941176470587
36.0,1072,16724160,29.77777777777778
41.0,1306,16725466,31.853658536585368
25.0,733,16726199,29.32
30.0,809,16727008,26.966666666666665
43.0,1154,16728162,26.837209302325583
36.0,1039,16729201,28.86111111111111
0.0,32,16729233,inf
34.0,981,16730214,28.852941176470587
38.0,1094,16731308,28.789473684210527
21.0,681,16731989,32.42857142857143
26.0,773,16732762,29.73076923076923
44.0,1269,16734031,28.84090909090909
40.0,1305,16735336,32.625
6.0,245,16735581,40.833333333333336
37.0,1300,16736881,35.13513513513514
36.0,1006,16737887,27.944444444444443
36.0,1073,16738960,29.805555555555557
38.0,1189,16740149,31.289473684210527
1.0,94,16740243,94.0
41.0,1138,16741381,27.75609756097561
34.0,1109,16742490,32.61764705882353
39.0,1279,16743769,32.794871794871796
24.0,757,16744526,31.541666666666668
32.0,1175,16745701,36.71875
39.0,1069,16746770,27.41025641025641
23.0,838,16747608,36.43478260869565
18.0,504,16748112,28.0
17.0,438,16748550,25.764705882352942
52.0,1465,16750015,28.173076923076923
30.0,1090,16751105,36.333333333333336
15.0,1016,16752121,67.73333333333333
40.0,1497,16753618,37.425
6.0,285,16753903,47.5
14.0,871,16754774,62.214285714285715
10.0,787,16755561,78.7
21.0,1036,16756597,49.333333333333336
4.0,193,16756790,48.25
21.0,926,16757716,44.095238095238095
2.0,144,16757860,72.0
29.0,1545,16759405,53.275862068965516
9.0,689,16760094,76.55555555555556
7.0,591,16760685,84.42857142857143
1.0,453,16761138,453.0
20.0,585,16761723,29.25
23.0,699,16762422,30.391304347826086
0.0,32,16762454,inf
4.0,507,16762961,126.75
19.0,1168,16764129,61.473684210526315
24.0,1362,16765491,56.75
6.0,225,16765716,37.5
8.0,413,16766129,51.625
30.0,1160,16767289,38.666666666666664
33.0,1581,16768870,47.90909090909091
11.0,731,16769601,66.45454545454545
14.0,473,16770074,33.785714285714285
17.0,576,16770650,33.88235294117647
13.0,900,16771550,69.23076923076923
31.0,1196,16772746,38.58064516129032
11.0,659,16773405,59.90909090909091
23.0,1053,16774458,45.78260869565217
4.0,180,16774638,45.0
6.0,578,16775216,96.33333333333333
13.0,451,16775667,34.69230769230769
6.0,298,16775965,49.666666666666664
7.0,242,16776207,34.57142857142857
3.0,210,16776417,70.0
22.0,934,16777351,42.45454545454545
24.0,790,16778141,32.916666666666664
11.0,775,16778916,70.45454545454545
27.0,910,16779826,33.7037037037037
4.0,203,16780029,50.75
21.0,842,16780871,40.095238095238095
9.0,252,16781123,28.0
13.0,842,16781965,64.76923076923077
1.0,82,16782047,82.0
2.0,549,16782596,274.5
9.0,685,16783281,76.11111111111111
17.0,1102,16784383,64.82352941176471
22.0,828,16785211,37.63636363636363
13.0,433,16785644,33.30769230769231
16.0,558,16786202,34.875
14.0,1022,16787224,73.0
6.0,691,16787915,115.16666666666667
29.0,993,16788908,34.241379310344826
9.0,734,16789642,81.55555555555556
13.0,822,16790464,63.23076923076923
4.0,162,16790626,40.5
8.0,673,16791299,84.125
23.0,878,16792177,38.17391304347826
25.0,1079,16793256,43.16
35.0,1229,16794485,35.114285714285714
6.0,237,16794722,39.5
1.0,57,16794779,57.0
49.0,1730,16796509,35.30612244897959
6.0,611,16797120,101.83333333333333
31.0,976,16798096,31.483870967741936
1.0,152,16798248,152.0
23.0,769,16799017,33.43478260869565
9.0,808,16799825,89.77777777777777
27.0,1020,16800845,37.77777777777778
8.0,761,16801606,95.125
11.0,927,16802533,84.27272727272727
12.0,372,16802905,31.0
5.0,212,16803117,42.4
1.0,101,16803218,101.0
8.0,777,16803995,97.125
42.0,1609,16805604,38.30952380952381
12.0,451,16806055,37.583333333333336
39.0,1503,16807558,38.53846153846154
11.0,882,16808440,80.18181818181819
3.0,551,16808991,183.66666666666666
16.0,570,16809561,35.625
32.0,1166,16810727,36.4375
1.0,470,16811197,470.0
41.0,1806,16813003,44.048780487804876
16.0,1016,16814019,63.5
27.0,1442,16815461,53.407407407407405
39.0,1408,16816869,36.1025641025641
1.0,495,16817364,495.0
23.0,1175,16818539,51.08695652173913
32.0,1163,16819702,36.34375
1.0,455,16820157,455.0
4.0,103,16820260,25.75
14.0,486,16820746,34.714285714285715
6.0,196,16820942,32.666666666666664
3.0,101,16821043,33.666666666666664
5.0,221,16821264,44.2
1.0,507,16821771,507.0
7.0,566,16822337,80.85714285714286
5.0,209,16822546,41.8
0.0,441,16822987,inf
1.0,458,16823445,458.0
7.0,180,16823625,25.714285714285715
12.0,548,16824173,45.666666666666664
1.0,491,16824664,491.0
2.0,124,16824788,62.0
2.0,520,16825308,260.0
4.0,208,16825516,52.0
9.0,476,16825992,52.888888888888886
2.0,504,16826496,252.0
7.0,244,16826740,34.857142857142854
4.0,522,16827262,130.5
7.0,601,16827863,85.85714285714286
8.0,361,16828224,45.125
7.0,190,16828414,27.142857142857142
11.0,775,16829189,70.45454545454545
2.0,548,16829737,274.0
17.0,1280,16831017,75.29411764705883
11.0,473,16831490,43.0
8.0,371,16831861,46.375
5.0,152,16832013,30.4
7.0,237,16832250,33.857142857142854
0.0,24,16832274,inf
5.0,339,16832613,67.8
5.0,596,16833209,119.2
7.0,220,16833429,31.428571428571427
6.0,251,16833680,41.833333333333336
3.0,184,16833864,61.333333333333336
10.0,513,16834377,51.3
4.0,578,16834955,144.5
5.0,178,16835133,35.6
13.0,342,16835475,26.307692307692307
10.0,807,16836282,80.7
6.0,299,16836581,49.833333333333336
3.0,127,16836708,42.333333333333336
0.0,441,16837149,inf
2.0,126,16837275,63.0
11.0,851,16838126,77.36363636363636
7.0,298,16838424,42.57142857142857
9.0,307,16838731,34.111111111111114
15.0,676,16839407,45.06666666666667
5.0,187,16839594,37.4
2.0,502,16840096,251.0
1.0,108,16840204,108.0
8.0,722,16840926,90.25
8.0,314,16841240,39.25
1.0,146,16841386,146.0
4.0,110,16841496,27.5
2.0,474,16841970,237.0
6.0,542,16842512,90.33333333333333
11.0,827,16843339,75.18181818181819
3.0,127,16843466,42.333333333333336
4.0,564,16844030,141.0
0.0,121,16844151,inf
15.0,948,16845099,63.2
21.0,1009,16846108,48.04761904761905
7.0,353,16846461,50.42857142857143
2.0,331,16846792,165.5
8.0,258,16847050,32.25
0.0,69,16847119,inf
2.0,78,16847197,39.0
5.0,266,16847463,53.2
2.0,114,16847577,57.0
1.0,131,16847708,131.0
3.0,151,16847859,50.333333333333336
12.0,368,16848227,30.666666666666668
0.0,39,16848266,inf
2.0,107,16848373,53.5
4.0,270,16848643,67.5
12.0,523,16849166,43.583333333333336
7.0,278,16849444,39.714285714285715
8.0,281,16849725,35.125
15.0,1174,16850899,78.26666666666667
3.0,521,16851420,173.66666666666666
20.0,861,16852281,43.05
5.0,574,16852855,114.8
3.0,504,16853359,168.0
0.0,441,16853800,inf
23.0,2143,16855943,93.17391304347827
17.0,1305,16857248,76.76470588235294
26.0,1530,16858778,58.84615384615385
19.0,945,16859723,49.73684210526316
3.0,500,16860223,166.66666666666666
1.0,486,16860709,486.0
9.0,773,16861482,85.88888888888889
5.0,699,16862181,139.8
11.0,868,16863049,78.9090909090909
16.0,1288,16864337,80.5
11.0,798,16865135,72.54545454545455
3.0,481,16865616,160.33333333333334
14.0,1075,16866691,76.78571428571429
19.0,739,16867430,38.89473684210526
2.0,514,16867944,257.0
11.0,1309,16869253,119.0
28.0,1402,16870655,50.07142857142857
4.0,526,16871181,131.5
1.0,459,16871640,459.0
12.0,837,16872477,69.75
27.0,1325,16873802,49.074074074074076
16.0,931,16874733,58.1875
4.0,588,16875321,147.0
7.0,850,16876171,121.42857142857143
1.0,449,16876620,449.0
1.0,474,16877094,474.0
23.0,757,16877851,32.91304347826087
19.0,620,16878471,32.63157894736842
23.0,1510,16879981,65.65217391304348
0.0,441,16880422,inf
4.0,531,16880953,132.75
2.0,504,16881457,252.0
5.0,572,16882029,114.4
14.0,530,16882559,37.857142857142854
38.0,1752,16884311,46.10526315789474
36.0,1230,16885541,34.166666666666664
34.0,1103,16886644,32.44117647058823
40.0,1643,16888287,41.075
30.0,1529,16889816,50.96666666666667
49.0,1690,16891506,34.48979591836735
31.0,1456,16892962,46.96774193548387
18.0,809,16893771,44.94444444444444
18.0,648,16894419,36.0
28.0,1128,16895547,40.285714285714285
15.0,655,16896202,43.666666666666664
2.0,482,16896684,241.0
8.0,194,16896878,24.25
24.0,1068,16897946,44.5
1.0,26,16897972,26.0
5.0,211,16898183,42.2
15.0,586,16898769,39.06666666666667
11.0,564,16899333,51.27272727272727
4.0,203,16899536,50.75
8.0,361,16899897,45.125
18.0,630,16900527,35.0
14.0,379,16900906,27.071428571428573
5.0,151,16901057,30.2
17.0,824,16901881,48.470588235294116
6.0,296,16902177,49.333333333333336
18.0,1113,16903290,61.833333333333336
6.0,257,16903547,42.833333333333336
4.0,139,16903686,34.75
22.0,677,16904363,30.772727272727273
13.0,539,16904902,41.46153846153846
10.0,367,16905269,36.7
0.0,441,16905710,inf
11.0,525,16906235,47.72727272727273
6.0,144,16906379,24.0
2.0,71,16906450,35.5
9.0,812,16907262,90.22222222222223
5.0,696,16907958,139.2
1.0,468,16908426,468.0
9.0,682,16909108,75.77777777777777
18.0,659,16909767,36.611111111111114
12.0,497,16910264,41.416666666666664
3.0,127,16910391,42.333333333333336
10.0,419,16910810,41.9
10.0,474,16911284,47.4
9.0,344,16911628,38.22222222222222
26.0,1036,16912664,39.84615384615385
3.0,74,16912738,24.666666666666668
18.0,625,16913363,34.72222222222222
8.0,333,16913696,41.625
6.0,342,16914038,57.0
5.0,137,16914175,27.4
6.0,608,16914783,101.33333333333333
13.0,488,16915271,37.53846153846154
17.0,612,16915883,36.0
9.0,715,16916598,79.44444444444444
20.0,652,16917250,32.6
18.0,790,16918040,43.888888888888886
14.0,633,16918673,45.214285714285715
20.0,722,16919395,36.1
8.0,413,16919808,51.625
6.0,575,16920383,95.83333333333333
14.0,573,16920956,40.92857142857143
5.0,603,16921559,120.6
4.0,219,16921778,54.75
11.0,425,16922203,38.63636363636363
7.0,677,16922880,96.71428571428571
3.0,592,16923472,197.33333333333334
22.0,935,16924407,42.5
12.0,464,16924871,38.666666666666664
5.0,221,16925092,44.2
8.0,221,16925313,27.625
7.0,558,16925871,79.71428571428571
13.0,588,16926459,45.23076923076923
12.0,770,16927229,64.16666666666667
1.0,445,16927674,445.0
2.0,75,16927749,37.5
2.0,44,16927793,22.0
11.0,238,16928031,21.636363636363637
14.0,890,16928921,63.57142857142857
4.0,125,16929046,31.25
2.0,517,16929563,258.5
16.0,508,16930071,31.75
16.0,626,16930697,39.125
17.0,933,16931630,54.88235294117647
13.0,798,16932428,61.38461538461539
8.0,374,16932802,46.75
6.0,585,16933387,97.5
12.0,842,16934229,70.16666666666667
9.0,365,16934594,40.55555555555556
3.0,524,16935118,174.66666666666666
7.0,701,16935819,100.14285714285714
6.0,690,16936509,115.0
12.0,263,16936772,21.916666666666668
14.0,598,16937370,42.714285714285715
4.0,595,16937965,148.75
11.0,790,16938755,71.81818181818181
7.0,383,16939138,54.714285714285715
15.0,690,16939828,46.0
16.0,566,16940394,35.375
12.0,505,16940899,42.083333333333336
0.0,37,16940936,inf
15.0,694,16941630,46.266666666666666
8.0,733,16942363,91.625
22.0,1178,16943541,53.54545454545455
11.0,477,16944018,43.36363636363637
5.0,593,16944611,118.6
11.0,531,16945142,48.27272727272727
3.0,549,16945691,183.0
3.0,502,16946193,167.33333333333334
2.0,83,16946276,41.5
0.0,441,16946717,inf
30.0,1116,16947833,37.2
11.0,746,16948579,67.81818181818181
13.0,483,16949062,37.15384615384615
7.0,660,16949722,94.28571428571429
7.0,158,16949880,22.571428571428573
5.0,601,16950481,120.2
4.0,212,16950693,53.0
7.0,253,16950946,36.142857142857146
9.0,666,16951612,74.0
16.0,677,16952289,42.3125
7.0,340,16952629,48.57142857142857
28.0,1723,16954352,61.535714285714285
2.0,514,16954866,257.0
19.0,1236,16956102,65.05263157894737
16.0,1045,16957147,65.3125
4.0,209,16957356,52.25
8.0,317,16957673,39.625
5.0,170,16957843,34.0
2.0,102,16957945,51.0
11.0,318,16958263,28.90909090909091
1.0,22,16958285,22.0
39.0,1918,16960203,49.17948717948718
44.0,1809,16962012,41.11363636363637
29.0,983,16962995,33.89655172413793
42.0,1365,16964360,32.5
2.0,84,16964444,42.0
28.0,1128,16965572,40.285714285714285
26.0,1020,16966592,39.23076923076923
26.0,891,16967483,34.26923076923077
17.0,449,16967932,26.41176470588235
41.0,1493,16969425,36.41463414634146
40.0,1835,16971260,45.875
42.0,1777,16973037,42.30952380952381
15.0,540,16973577,36.0
27.0,880,16974457,32.592592592592595
23.0,899,16975356,39.08695652173913
11.0,222,16975578,20.181818181818183
44.0,1280,16976858,29.09090909090909
18.0,635,16977493,35.27777777777778
7.0,244,16977737,34.857142857142854
27.0,791,16978528,29.296296296296298
9.0,229,16978757,25.444444444444443
8.0,318,16979075,39.75
25.0,1281,16980356,51.24
13.0,377,16980733,29.0
22.0,625,16981358,28.40909090909091
34.0,1403,16982761,41.26470588235294
7.0,312,16983073,44.57142857142857
7.0,365,16983438,52.142857142857146
19.0,698,16984136,36.73684210526316
37.0,2032,16986168,54.91891891891892
21.0,891,16987059,42.42857142857143
9.0,351,16987410,39.0
14.0,554,16987964,39.57142857142857
7.0,278,16988242,39.714285714285715
45.0,1357,16989599,30.155555555555555
13.0,609,16990208,46.84615384615385
33.0,1081,16991289,32.75757575757576
10.0,296,16991585,29.6
25.0,962,16992547,38.48
19.0,469,16993016,24.68421052631579
45.0,1866,16994882,41.46666666666667
14.0,328,16995210,23.428571428571427
12.0,288,16995498,24.0
8.0,338,16995836,42.25
22.0,633,16996469,28.772727272727273
2.0,160,16996629,80.0
15.0,389,16997018,25.933333333333334
23.0,1059,16998077,46.04347826086956
19.0,793,16998870,41.73684210526316
28.0,1256,17000126,44.857142857142854
5.0,199,17000325,39.8
59.0,1750,17002075,29.661016949152543
8.0,405,17002480,50.625
21.0,851,17003331,40.523809523809526
35.0,1764,17005095,50.4
37.0,1230,17006325,33.24324324324324
41.0,1479,17007804,36.073170731707314
43.0,1594,17009398,37.06976744186046
21.0,769,17010167,36.61904761904762
8.0,253,17010420,31.625
20.0,766,17011186,38.3
16.0,750,17011936,46.875
26.0,792,17012728,30.46153846153846
33.0,1321,17014049,40.03030303030303
41.0,1847,17015896,45.048780487804876
26.0,1365,17017261,52.5
45.0,1888,17019149,41.955555555555556
24.0,756,17019905,31.5
39.0,1336,17021241,34.256410256410255
36.0,1396,17022637,38.77777777777778
17.0,668,17023305,39.294117647058826
38.0,1740,17025045,45.78947368421053
37.0,1387,17026432,37.486486486486484
60.0,2311,17028743,38.516666666666666
30.0,1169,17029912,38.96666666666667
12.0,532,17030444,44.333333333333336
19.0,829,17031273,43.63157894736842
6.0,269,17031542,44.833333333333336
20.0,571,17032113,28.55
16.0,522,17032635,32.625
23.0,1012,17033647,44.0
48.0,1790,17035437,37.291666666666664
23.0,1384,17036821,60.17391304347826
56.0,1993,17038814,35.589285714285715
29.0,961,17039775,33.13793103448276
43.0,1159,17040934,26.953488372093023
28.0,937,17041871,33.464285714285715
33.0,1356,17043227,41.09090909090909
34.0,1252,17044479,36.8235294117647
22.0,782,17045261,35.54545454545455
42.0,1845,17047106,43.92857142857143
50.0,1872,17048978,37.44
23.0,688,17049666,29.91304347826087
28.0,885,17050551,31.607142857142858
36.0,1414,17051965,39.27777777777778
18.0,594,17052559,33.0
33.0,1243,17053802,37.666666666666664
26.0,1064,17054866,40.92307692307692
18.0,571,17055437,31.72222222222222
38.0,1576,17057013,41.473684210526315
40.0,1455,17058468,36.375
20.0,840,17059308,42.0
20.0,890,17060198,44.5
11.0,373,17060571,33.90909090909091
30.0,1148,17061719,38.266666666666666
20.0,861,17062580,43.05
36.0,1303,17063883,36.19444444444444
36.0,1517,17065400,42.138888888888886
41.0,1473,17066873,35.926829268292686
23.0,989,17067862,43.0
43.0,1595,17069457,37.093023255813954
25.0,703,17070160,28.12
46.0,1783,17071943,38.76086956521739
24.0,1157,17073100,48.208333333333336
42.0,1307,17074407,31.11904761904762
4.0,90,17074497,22.5
42.0,1679,17076176,39.976190476190474
26.0,695,17076871,26.73076923076923
17.0,528,17077399,31.058823529411764
31.0,1355,17078754,43.70967741935484
24.0,851,17079605,35.458333333333336
53.0,2001,17081606,37.75471698113208
31.0,1244,17082850,40.12903225806452
23.0,948,17083798,41.21739130434783
36.0,1083,17084881,30.083333333333332
2.0,58,17084939,29.0
39.0,1327,17086266,34.02564102564103
26.0,992,17087258,38.15384615384615
42.0,1396,17088654,33.23809523809524
16.0,790,17089444,49.375
38.0,1580,17091024,41.578947368421055
31.0,1376,17092400,44.38709677419355
24.0,862,17093262,35.916666666666664
26.0,1164,17094426,44.76923076923077
28.0,936,17095362,33.42857142857143
48.0,1543,17096905,32.145833333333336
16.0,490,17097395,30.625
26.0,1488,17098883,57.23076923076923
36.0,1322,17100205,36.72222222222222
18.0,703,17100908,39.05555555555556
13.0,474,17101382,36.46153846153846
35.0,1542,17102924,44.05714285714286
32.0,1238,17104162,38.6875
45.0,1920,17106082,42.666666666666664
29.0,836,17106918,28.82758620689655
12.0,495,17107413,41.25
37.0,1228,17108641,33.189189189189186
19.0,886,17109527,46.63157894736842
47.0,1828,17111355,38.8936170212766
26.0,1148,17112503,44.15384615384615
18.0,823,17113326,45.72222222222222
26.0,1221,17114547,46.96153846153846
26.0,1091,17115638,41.96153846153846
44.0,1472,17117110,33.45454545454545
58.0,1807,17118917,31.155172413793103
34.0,1161,17120078,34.14705882352941
18.0,940,17121018,52.22222222222222
25.0,924,17121942,36.96
43.0,1468,17123410,34.13953488372093
9.0,266,17123676,29.555555555555557
18.0,534,17124210,29.666666666666668
17.0,606,17124816,35.64705882352941
18.0,613,17125429,34.05555555555556
47.0,1532,17126961,32.59574468085106
9.0,306,17127267,34.0
21.0,647,17127914,30.80952380952381
38.0,1133,17129047,29.81578947368421
27.0,949,17129996,35.148148148148145
44.0,1637,17131633,37.20454545454545
18.0,715,17132348,39.72222222222222
26.0,929,17133277,35.73076923076923
19.0,743,17134020,39.10526315789474
32.0,1228,17135248,38.375
16.0,486,17135734,30.375
26.0,1251,17136985,48.11538461538461
31.0,1482,17138467,47.806451612903224
35.0,1587,17140054,45.34285714285714
10.0,429,17140483,42.9
40.0,1822,17142305,45.55
25.0,1031,17143336,41.24
37.0,2196,17145532,59.351351351351354
39.0,1382,17146914,35.43589743589744
16.0,637,17147551,39.8125
42.0,1442,17148993,34.333333333333336
38.0,1364,17150357,35.89473684210526
38.0,1386,17151743,36.473684210526315
19.0,597,17152340,31.42105263157895
23.0,988,17153328,42.95652173913044
22.0,938,17154266,42.63636363636363
38.0,1117,17155383,29.394736842105264
33.0,1152,17156535,34.90909090909091
37.0,1513,17158048,40.891891891891895
33.0,1175,17159223,35.60606060606061
29.0,923,17160146,31.82758620689655
22.0,1288,17161434,58.54545454545455
24.0,825,17162259,34.375
37.0,982,17163241,26.54054054054054
16.0,843,17164084,52.6875
32.0,1382,17165466,43.1875
28.0,767,17166233,27.392857142857142
11.0,1051,17167284,95.54545454545455
37.0,1386,17168670,37.45945945945946
21.0,629,17169299,29.952380952380953
52.0,1673,17170972,32.17307692307692
37.0,1555,17172527,42.027027027027025
9.0,260,17172787,28.88888888888889
9.0,331,17173118,36.77777777777778
25.0,1141,17174259,45.64
25.0,663,17174922,26.52
54.0,1745,17176667,32.31481481481482
34.0,1133,17177800,33.3235294117647
49.0,1875,17179675,38.265306122448976
30.0,1060,17180735,35.333333333333336
12.0,519,17181254,43.25
41.0,1763,17183017,43.0
17.0,742,17183759,43.64705882352941
41.0,1795,17185554,43.78048780487805
10.0,457,17186011,45.7
21.0,1063,17187074,50.61904761904762
22.0,1306,17188380,59.36363636363637
28.0,1103,17189483,39.392857142857146
40.0,1487,17190970,37.175
19.0,656,17191626,34.526315789473685
14.0,451,17192077,32.214285714285715
27.0,885,17192962,32.77777777777778
45.0,1630,17194592,36.22222222222222
20.0,722,17195314,36.1
35.0,1870,17197184,53.42857142857143
15.0,387,17197571,25.8
40.0,1425,17198996,35.625
26.0,1298,17200294,49.92307692307692
2.0,61,17200355,30.5
31.0,1156,17201511,37.29032258064516
29.0,1105,17202616,38.10344827586207
50.0,2041,17204657,40.82
38.0,1364,17206021,35.89473684210526
12.0,498,17206519,41.5
14.0,452,17206971,32.285714285714285
25.0,1032,17208003,41.28
38.0,1665,17209668,43.81578947368421
22.0,1006,17210674,45.72727272727273
25.0,997,17211671,39.88
43.0,1746,17213417,40.604651162790695
42.0,1639,17215056,39.023809523809526
22.0,1016,17216072,46.18181818181818
25.0,1172,17217244,46.88
24.0,977,17218221,40.708333333333336
44.0,1634,17219855,37.13636363636363
38.0,2274,17222129,59.8421052631579
36.0,1479,17223608,41.083333333333336
37.0,1344,17224952,36.32432432432432
40.0,1517,17226469,37.925
34.0,1151,17227620,33.85294117647059
14.0,492,17228112,35.142857142857146
19.0,762,17228874,40.10526315789474
32.0,1086,17229960,33.9375
41.0,1462,17231422,35.65853658536585
58.0,2042,17233464,35.206896551724135
33.0,1028,17234492,31.151515151515152
40.0,1226,17235718,30.65
42.0,1816,17237534,43.23809523809524
9.0,263,17237797,29.22222222222222
29.0,1314,17239111,45.310344827586206
29.0,1075,17240186,37.06896551724138
9.0,334,17240520,37.111111111111114
20.0,1108,17241628,55.4
25.0,744,17242372,29.76
36.0,1254,17243626,34.833333333333336
57.0,2120,17245746,37.19298245614035
35.0,1490,17247236,42.57142857142857
13.0,233,17247469,17.923076923076923
47.0,1935,17249404,41.170212765957444
31.0,1240,17250644,40.0
48.0,2372,17253016,49.416666666666664
6.0,641,17253657,106.83333333333333
31.0,1154,17254811,37.225806451612904
12.0,403,17255214,33.583333333333336
34.0,1294,17256508,38.05882352941177
42.0,1310,17257818,31.19047619047619
45.0,1435,17259253,31.88888888888889
36.0,1044,17260297,29.0
52.0,2018,17262315,38.80769230769231
19.0,706,17263021,37.1578947368421
35.0,1562,17264583,44.628571428571426
34.0,1361,17265944,40.029411764705884
22.0,707,17266651,32.13636363636363
15.0,709,17267360,47.266666666666666
53.0,2267,17269627,42.77358490566038
38.0,1476,17271103,38.8421052631579
37.0,1485,17272588,40.13513513513514
28.0,975,17273563,34.82142857142857
31.0,1502,17275065,48.45161290322581
31.0,1157,17276222,37.32258064516129
30.0,1097,17277319,36.56666666666667
32.0,953,17278272,29.78125
24.0,1030,17279302,42.916666666666664
31.0,1442,17280744,46.516129032258064
31.0,1114,17281858,35.935483870967744
38.0,1211,17283069,31.86842105263158
29.0,833,17283902,28.724137931034484
51.0,1914,17285816,37.529411764705884
27.0,1038,17286854,38.44444444444444
29.0,1077,17287931,37.13793103448276
15.0,668,17288599,44.53333333333333
34.0,1131,17289730,33.26470588235294
43.0,1743,17291473,40.53488372093023
32.0,1161,17292634,36.28125
46.0,1606,17294240,34.91304347826087
25.0,819,17295059,32.76
25.0,1216,17296275,48.64
31.0,1163,17297438,37.516129032258064
34.0,1778,17299216,52.294117647058826
30.0,1288,17300504,42.93333333333333
14.0,617,17301121,44.07142857142857
25.0,1303,17302424,52.12
35.0,1354,17303778,38.68571428571428
24.0,855,17304633,35.625
42.0,1522,17306155,36.23809523809524
46.0,1961,17308116,42.630434782608695
60.0,2197,17310313,36.61666666666667
26.0,1015,17311328,39.03846153846154
19.0,665,17311993,35.0
12.0,491,17312484,40.916666666666664
35.0,1539,17314023,43.97142857142857
28.0,855,17314878,30.535714285714285
34.0,1178,17316056,34.64705882352941
38.0,1528,17317584,40.21052631578947
15.0,579,17318163,38.6
38.0,1567,17319730,41.23684210526316
33.0,1084,17320814,32.84848484848485
42.0,1599,17322413,38.07142857142857
26.0,969,17323382,37.26923076923077
47.0,1989,17325371,42.319148936170215
12.0,303,17325674,25.25
45.0,1690,17327364,37.55555555555556
35.0,1472,17328836,42.05714285714286
20.0,640,17329476,32.0
14.0,404,17329880,28.857142857142858
7.0,286,17330166,40.857142857142854
50.0,2085,17332251,41.7
36.0,1185,17333436,32.916666666666664
25.0,821,17334257,32.84
18.0,736,17334993,40.888888888888886
36.0,1450,17336443,40.27777777777778
52.0,1832,17338275,35.23076923076923
35.0,1061,17339336,30.314285714285713
36.0,1039,17340375,28.86111111111111
53.0,1931,17342306,36.43396226415094
29.0,1227,17343533,42.310344827586206
45.0,1590,17345123,35.333333333333336
52.0,2021,17347144,38.86538461538461
30.0,1436,17348580,47.86666666666667
21.0,737,17349317,35.095238095238095
25.0,767,17350084,30.68
25.0,1022,17351106,40.88
23.0,890,17351996,38.69565217391305
19.0,571,17352567,30.05263157894737
7.0,711,17353278,101.57142857142857
26.0,843,17354121,32.42307692307692
37.0,1388,17355509,37.513513513513516
43.0,1647,17357156,38.30232558139535
26.0,1079,17358235,41.5
23.0,645,17358880,28.043478260869566
10.0,340,17359220,34.0
23.0,844,17360064,36.69565217391305
26.0,1048,17361112,40.30769230769231
19.0,632,17361744,33.26315789473684
46.0,1644,17363388,35.73913043478261
22.0,1136,17364524,51.63636363636363
22.0,658,17365182,29.90909090909091
40.0,1592,17366774,39.8
25.0,1089,17367863,43.56
52.0,2511,17370374,48.28846153846154
44.0,1877,17372251,42.65909090909091
42.0,1579,17373830,37.595238095238095
44.0,1603,17375433,36.43181818181818
24.0,1267,17376700,52.791666666666664
39.0,1509,17378209,38.69230769230769
9.0,312,17378521,34.666666666666664
42.0,1693,17380214,40.30952380952381
24.0,806,17381020,33.583333333333336
35.0,1130,17382150,32.285714285714285
44.0,1410,17383560,32.04545454545455
24.0,769,17384329,32.041666666666664
26.0,986,17385315,37.92307692307692
39.0,2063,17387378,52.8974358974359
57.0,2148,17389526,37.68421052631579
6.0,639,17390165,106.5
20.0,755,17390920,37.75
48.0,1546,17392466,32.208333333333336
32.0,1458,17393924,45.5625
21.0,1043,17394967,49.666666666666664
45.0,1625,17396592,36.111111111111114
34.0,1063,17397655,31.264705882352942
31.0,1283,17398938,41.38709677419355
29.0,967,17399905,33.3448275862069
20.0,645,17400550,32.25
54.0,1975,17402525,36.574074074074076
32.0,1339,17403864,41.84375
18.0,515,17404379,28.61111111111111
24.0,904,17405283,37.666666666666664
14.0,424,17405707,30.285714285714285
9.0,269,17405976,29.88888888888889
17.0,639,17406615,37.588235294117645
22.0,858,17407473,39.0
40.0,1516,17408989,37.9
11.0,504,17409493,45.81818181818182
46.0,1647,17411140,35.80434782608695
15.0,378,17411518,25.2
24.0,826,17412344,34.416666666666664
14.0,682,17413026,48.714285714285715
59.0,2054,17415080,34.813559322033896
40.0,1875,17416955,46.875
33.0,1396,17418351,42.303030303030305
39.0,1467,17419818,37.61538461538461
25.0,955,17420773,38.2
29.0,1272,17422045,43.86206896551724
36.0,1045,17423090,29.02777777777778
35.0,2157,17425247,61.628571428571426
44.0,1571,17426818,35.70454545454545
7.0,293,17427111,41.857142857142854
25.0,844,17427955,33.76
32.0,1462,17429417,45.6875
19.0,1157,17430574,60.89473684210526
34.0,1430,17432004,42.05882352941177
16.0,945,17432949,59.0625
21.0,730,17433679,34.76190476190476
19.0,682,17434361,35.89473684210526
15.0,530,17434891,35.333333333333336
30.0,1363,17436254,45.43333333333333
39.0,1419,17437673,36.38461538461539
3.0,121,17437794,40.333333333333336
29.0,847,17438641,29.20689655172414
16.0,650,17439291,40.625
27.0,1130,17440421,41.851851851851855
33.0,1318,17441739,39.93939393939394
27.0,1120,17442859,41.48148148148148
29.0,1090,17443949,37.58620689655172
45.0,1991,17445940,44.24444444444445
27.0,1119,17447059,41.44444444444444
38.0,1818,17448877,47.8421052631579
44.0,1364,17450241,31.0
41.0,1649,17451890,40.21951219512195
27.0,927,17452817,34.333333333333336
20.0,675,17453492,33.75
21.0,969,17454461,46.142857142857146
42.0,1753,17456214,41.73809523809524
31.0,1481,17457695,47.774193548387096
45.0,1701,17459396,37.8
27.0,716,17460112,26.51851851851852
31.0,1079,17461191,34.806451612903224
32.0,1117,17462308,34.90625
41.0,1660,17463968,40.48780487804878
23.0,1084,17465052,47.130434782608695
18.0,540,17465592,30.0
23.0,966,17466558,42.0
25.0,868,17467426,34.72
21.0,889,17468315,42.333333333333336
38.0,1814,17470129,47.73684210526316
34.0,1290,17471419,37.94117647058823
24.0,898,17472317,37.416666666666664
10.0,483,17472800,48.3
12.0,423,17473223,35.25
30.0,927,17474150,30.9
37.0,1355,17475505,36.62162162162162
19.0,684,17476189,36.0
18.0,582,17476771,32.333333333333336
30.0,1030,17477801,34.333333333333336
22.0,904,17478705,41.09090909090909
19.0,977,17479682,51.421052631578945
26.0,1300,17480982,50.0
22.0,915,17481897,41.59090909090909
26.0,981,17482878,37.73076923076923
45.0,1671,17484549,37.13333333333333
26.0,880,17485429,33.84615384615385
26.0,826,17486255,31.76923076923077
32.0,1163,17487418,36.34375
29.0,1517,17488935,52.310344827586206
19.0,688,17489623,36.21052631578947
25.0,900,17490523,36.0
48.0,1734,17492257,36.125
20.0,1238,17493495,61.9
28.0,1191,17494686,42.535714285714285
37.0,1767,17496453,47.75675675675676
41.0,1475,17497928,35.97560975609756
16.0,472,17498400,29.5
4.0,153,17498553,38.25
9.0,276,17498829,30.666666666666668
58.0,1582,17500411,27.275862068965516
43.0,1677,17502088,39.0
37.0,2082,17504170,56.270270270270274
24.0,1113,17505283,46.375
31.0,1009,17506292,32.54838709677419
31.0,1268,17507560,40.903225806451616
27.0,955,17508515,35.370370370370374
18.0,652,17509167,36.22222222222222
27.0,1034,17510201,38.2962962962963
18.0,642,17510843,35.666666666666664
11.0,449,17511292,40.81818181818182
30.0,1130,17512422,37.666666666666664
11.0,716,17513138,65.0909090909091
18.0,982,17514120,54.55555555555556
29.0,1154,17515274,39.793103448275865
27.0,1192,17516466,44.148148148148145
35.0,1445,17517911,41.285714285714285
31.0,1106,17519017,35.67741935483871
49.0,1778,17520795,36.285714285714285
53.0,2117,17522912,39.943396226415096
46.0,1660,17524572,36.08695652173913
42.0,1679,17526251,39.976190476190474
28.0,1527,17527778,54.535714285714285
14.0,794,17528572,56.714285714285715
36.0,1762,17530334,48.94444444444444
25.0,763,17531097,30.52
25.0,1068,17532165,42.72
25.0,1053,17533218,42.12
40.0,1807,17535025,45.175
18.0,1053,17536078,58.5
27.0,1126,17537204,41.7037037037037
45.0,1952,17539156,43.37777777777778
29.0,901,17540057,31.06896551724138
30.0,1474,17541531,49.13333333333333
35.0,1447,17542978,41.34285714285714
46.0,2338,17545316,50.82608695652174
10.0,340,17545656,34.0
18.0,901,17546557,50.05555555555556
40.0,1619,17548176,40.475
19.0,796,17548972,41.89473684210526
44.0,1698,17550670,38.59090909090909
32.0,1408,17552078,44.0
24.0,802,17552880,33.416666666666664
33.0,1031,17553911,31.242424242424242
42.0,1538,17555449,36.61904761904762
24.0,1196,17556645,49.833333333333336
13.0,506,17557151,38.92307692307692
25.0,1160,17558311,46.4
42.0,1403,17559714,33.404761904761905
33.0,1793,17561507,54.333333333333336
6.0,642,17562149,107.0
57.0,2515,17564664,44.12280701754386
48.0,2185,17566849,45.520833333333336
39.0,1674,17568523,42.92307692307692
26.0,1506,17570029,57.92307692307692
4.0,207,17570236,51.75
23.0,1448,17571684,62.95652173913044
24.0,803,17572487,33.458333333333336
15.0,530,17573017,35.333333333333336
17.0,682,17573699,40.11764705882353
25.0,1478,17575177,59.12
39.0,1569,17576746,40.23076923076923
17.0,1149,17577895,67.58823529411765
51.0,1987,17579882,38.96078431372549
36.0,1341,17581223,37.25
26.0,926,17582149,35.61538461538461
19.0,1004,17583153,52.8421052631579
26.0,677,17583830,26.03846153846154
22.0,918,17584748,41.72727272727273
52.0,2000,17586748,38.46153846153846
42.0,1807,17588555,43.023809523809526
14.0,607,17589162,43.357142857142854
48.0,1760,17590922,36.666666666666664
24.0,1370,17592292,57.083333333333336
30.0,1729,17594021,57.63333333333333
27.0,1220,17595241,45.18518518518518
26.0,1213,17596454,46.65384615384615
16.0,555,17597009,34.6875
21.0,876,17597885,41.714285714285715
39.0,1642,17599527,42.1025641025641
20.0,743,17600270,37.15
37.0,1118,17601388,30.216216216216218
33.0,1509,17602897,45.72727272727273
38.0,1769,17604666,46.55263157894737
39.0,1510,17606176,38.717948717948715
29.0,1259,17607435,43.41379310344828
12.0,968,17608403,80.66666666666667
20.0,738,17609141,36.9
15.0,725,17609866,48.333333333333336
22.0,1008,17610874,45.81818181818182
17.0,642,17611516,37.76470588235294
23.0,1009,17612525,43.869565217391305
40.0,1877,17614402,46.925
28.0,1302,17615704,46.5
29.0,1544,17617248,53.241379310344826
30.0,1487,17618735,49.56666666666667
18.0,651,17619386,36.166666666666664
22.0,1075,17620461,48.86363636363637
17.0,1040,17621501,61.1764705882353
21.0,898,17622399,42.76190476190476
10.0,1091,17623490,109.1
27.0,1184,17624674,43.851851851851855
34.0,1741,17626415,51.205882352941174
39.0,1593,17628008,40.84615384615385
25.0,1059,17629067,42.36
36.0,1701,17630768,47.25
8.0,423,17631191,52.875
38.0,1828,17633019,48.10526315789474
39.0,1910,17634929,48.97435897435897
36.0,1945,17636874,54.02777777777778
8.0,265,17637139,33.125
19.0,919,17638058,48.36842105263158
28.0,1609,17639667,57.464285714285715
3.0,201,17639868,67.0
8.0,325,17640193,40.625
26.0,1276,17641469,49.07692307692308
9.0,308,17641777,34.22222222222222
25.0,1049,17642826,41.96
24.0,905,17643731,37.708333333333336
16.0,630,17644361,39.375
7.0,320,17644681,45.714285714285715
29.0,1239,17645920,42.724137931034484
41.0,1617,17647537,39.4390243902439
10.0,370,17647907,37.0
25.0,1042,17648949,41.68
10.0,334,17649283,33.4
19.0,952,17650235,50.10526315789474
27.0,1124,17651359,41.629629629629626
43.0,1609,17652968,37.41860465116279
8.0,955,17653923,119.375
18.0,999,17654922,55.5
18.0,1244,17656166,69.11111111111111
12.0,777,17656943,64.75
14.0,882,17657825,63.0
11.0,660,17658485,60.0
31.0,1637,17660122,52.806451612903224
34.0,1441,17661563,42.38235294117647
4.0,673,17662236,168.25
10.0,541,17662777,54.1
8.0,813,17663590,101.625
31.0,1476,17665066,47.61290322580645
26.0,1589,17666655,61.11538461538461
11.0,378,17667033,34.36363636363637
21.0,721,17667754,34.333333333333336
16.0,594,17668348,37.125
24.0,1208,17669556,50.333333333333336
0.0,441,17669997,inf
3.0,541,17670538,180.33333333333334
10.0,504,17671042,50.4
9.0,849,17671891,94.33333333333333
38.0,1965,17673856,51.71052631578947
30.0,1446,17675302,48.2
0.0,441,17675743,inf
32.0,1462,17677205,45.6875
17.0,805,17678010,47.35294117647059
30.0,1781,17679791,59.36666666666667
0.0,441,17680232,inf
3.0,568,17680800,189.33333333333334
1.0,453,17681253,453.0
0.0,441,17681694,inf
11.0,883,17682577,80.27272727272727
12.0,848,17683425,70.66666666666667
13.0,832,17684257,64.0
1.0,456,17684713,456.0
10.0,849,17685562,84.9
0.0,441,17686003,inf
1.0,531,17686534,531.0
6.0,646,17687180,107.66666666666667
16.0,1158,17688338,72.375
0.0,441,17688779,inf
18.0,604,17689383,33.55555555555556
18.0,950,17690333,52.77777777777778
2.0,547,17690880,273.5
0.0,441,17691321,inf
6.0,678,17691999,113.0
2.0,102,17692101,51.0
22.0,1154,17693255,52.45454545454545
12.0,954,17694209,79.5
9.0,825,17695034,91.66666666666667
3.0,563,17695597,187.66666666666666
0.0,71,17695668,inf
13.0,489,17696157,37.61538461538461
0.0,441,17696598,inf
7.0,629,17697227,89.85714285714286
6.0,166,17697393,27.666666666666668
5.0,683,17698076,136.6
29.0,1557,17699633,53.689655172413794
6.0,738,17700371,123.0
8.0,713,17701084,89.125
38.0,2144,17703228,56.421052631578945
5.0,704,17703932,140.8
10.0,493,17704425,49.3
0.0,441,17704866,inf
4.0,625,17705491,156.25
0.0,441,17705932,inf
1.0,478,17706410,478.0
13.0,898,17707308,69.07692307692308
1.0,481,17707789,481.0
9.0,740,17708529,82.22222222222223
6.0,593,17709122,98.83333333333333
2.0,490,17709612,245.0
11.0,906,17710518,82.36363636363636
22.0,890,17711408,40.45454545454545
2.0,491,17711899,245.5
0.0,441,17712340,inf
27.0,970,17713310,35.925925925925924
0.0,441,17713751,inf
6.0,535,17714286,89.16666666666667
4.0,553,17714839,138.25
19.0,763,17715602,40.1578947368421
5.0,581,17716183,116.2
9.0,772,17716955,85.77777777777777
1.0,450,17717405,450.0
9.0,835,17718240,92.77777777777777
3.0,491,17718731,163.66666666666666
9.0,794,17719525,88.22222222222223
1.0,467,17719992,467.0
1.0,458,17720450,458.0
3.0,600,17721050,200.0
5.0,611,17721661,122.2
0.0,441,17722102,inf
31.0,1102,17723204,35.54838709677419
5.0,566,17723770,113.2
19.0,567,17724337,29.842105263157894
5.0,591,17724928,118.2
11.0,848,17725776,77.0909090909091
18.0,1140,17726916,63.333333333333336
0.0,441,17727357,inf
5.0,613,17727970,122.6
3.0,557,17728527,185.66666666666666
22.0,888,17729415,40.36363636363637
31.0,1004,17730419,32.38709677419355
9.0,845,17731264,93.88888888888889
42.0,1649,17732913,39.26190476190476
9.0,318,17733231,35.333333333333336
8.0,735,17733966,91.875
7.0,684,17734650,97.71428571428571
4.0,120,17734770,30.0
21.0,575,17735345,27.38095238095238
0.0,441,17735786,inf
25.0,1326,17737112,53.04
38.0,1721,17738833,45.28947368421053
12.0,349,17739182,29.083333333333332
20.0,662,17739844,33.1
15.0,705,17740549,47.0
14.0,909,17741458,64.92857142857143
18.0,565,17742023,31.38888888888889
17.0,649,17742672,38.1764705882353
21.0,869,17743541,41.38095238095238
9.0,350,17743891,38.888888888888886
13.0,887,17744778,68.23076923076923
10.0,356,17745134,35.6
17.0,640,17745774,37.64705882352941
7.0,181,17745955,25.857142857142858
12.0,959,17746914,79.91666666666667
11.0,948,17747862,86.18181818181819
3.0,556,17748418,185.33333333333334
20.0,764,17749182,38.2
25.0,862,17750044,34.48
7.0,159,17750203,22.714285714285715
8.0,438,17750641,54.75
8.0,249,17750890,31.125
18.0,709,17751599,39.388888888888886
8.0,810,17752409,101.25
7.0,144,17752553,20.571428571428573
10.0,919,17753472,91.9
9.0,306,17753778,34.0
4.0,73,17753851,18.25
24.0,1006,17754857,41.916666666666664
26.0,976,17755833,37.53846153846154
17.0,664,17756497,39.05882352941177
15.0,528,17757025,35.2
10.0,418,17757443,41.8
6.0,143,17757586,23.833333333333332
38.0,1483,17759069,39.026315789473685
28.0,1366,17760435,48.785714285714285
23.0,889,17761324,38.65217391304348
19.0,646,17761970,34.0
9.0,253,17762223,28.11111111111111
4.0,110,17762333,27.5
2.0,505,17762838,252.5
11.0,457,17763295,41.54545454545455
33.0,1154,17764449,34.96969696969697
20.0,801,17765250,40.05
6.0,257,17765507,42.833333333333336
0.0,441,17765948,inf
5.0,635,17766583,127.0
6.0,267,17766850,44.5
1.0,20,17766870,20.0
30.0,960,17767830,32.0
5.0,600,17768430,120.0
10.0,280,17768710,28.0
7.0,370,17769080,52.857142857142854
20.0,783,17769863,39.15
4.0,167,17770030,41.75
25.0,881,17770911,35.24
15.0,704,17771615,46.93333333333333
15.0,519,17772134,34.6
27.0,860,17772994,31.85185185185185
26.0,654,17773648,25.153846153846153
7.0,192,17773840,27.428571428571427
8.0,344,17774184,43.0
15.0,518,17774702,34.53333333333333
1.0,27,17774729,27.0
18.0,1127,17775856,62.611111111111114
16.0,639,17776495,39.9375
16.0,554,17777049,34.625
22.0,1292,17778341,58.72727272727273
8.0,350,17778691,43.75
10.0,790,17779481,79.0
15.0,521,17780002,34.733333333333334
4.0,152,17780154,38.0
18.0,706,17780860,39.22222222222222
25.0,980,17781840,39.2
30.0,783,17782623,26.1
33.0,1310,17783933,39.696969696969695
20.0,647,17784580,32.35
3.0,152,17784732,50.666666666666664
10.0,457,17785189,45.7
18.0,592,17785781,32.888888888888886
24.0,859,17786640,35.791666666666664
42.0,1775,17788415,42.26190476190476
9.0,350,17788765,38.888888888888886
8.0,284,17789049,35.5
18.0,639,17789688,35.5
9.0,348,17790036,38.666666666666664
6.0,271,17790307,45.166666666666664
18.0,1030,17791337,57.22222222222222
0.0,19,17791356,inf
12.0,455,17791811,37.916666666666664
4.0,154,17791965,38.5
29.0,1024,17792989,35.310344827586206
26.0,829,17793818,31.884615384615383
14.0,574,17794392,41.0
16.0,741,17795133,46.3125
8.0,307,17795440,38.375
25.0,863,17796303,34.52
4.0,573,17796876,143.25
5.0,618,17797494,123.6
34.0,1016,17798510,29.88235294117647
6.0,650,17799160,108.33333333333333
10.0,303,17799463,30.3
13.0,887,17800350,68.23076923076923
13.0,541,17800891,41.61538461538461
16.0,487,17801378,30.4375
20.0,751,17802129,37.55
13.0,470,17802599,36.15384615384615
12.0,455,17803054,37.916666666666664
10.0,328,17803382,32.8
28.0,978,17804360,34.92857142857143
2.0,60,17804420,30.0
22.0,763,17805183,34.68181818181818
11.0,491,17805674,44.63636363636363
11.0,521,17806195,47.36363636363637
33.0,1211,17807406,36.696969696969695
13.0,451,17807857,34.69230769230769
24.0,933,17808790,38.875
24.0,820,17809610,34.166666666666664
13.0,405,17810015,31.153846153846153
29.0,985,17811000,33.96551724137931
18.0,598,17811598,33.22222222222222
22.0,736,17812334,33.45454545454545
26.0,914,17813248,35.15384615384615
23.0,881,17814129,38.30434782608695
16.0,581,17814710,36.3125
13.0,382,17815092,29.384615384615383
32.0,1025,17816117,32.03125
13.0,558,17816675,42.92307692307692
21.0,752,17817427,35.80952380952381
34.0,1074,17818501,31.58823529411765
9.0,346,17818847,38.44444444444444
4.0,160,17819007,40.0
17.0,674,17819681,39.64705882352941
14.0,567,17820248,40.5
12.0,497,17820745,41.416666666666664
21.0,694,17821439,33.04761904761905
6.0,304,17821743,50.666666666666664
19.0,871,17822614,45.8421052631579
14.0,460,17823074,32.857142857142854
33.0,1092,17824166,33.09090909090909
20.0,827,17824993,41.35
11.0,580,17825573,52.72727272727273
12.0,327,17825900,27.25
30.0,1048,17826948,34.93333333333333
9.0,340,17827288,37.77777777777778
4.0,183,17827471,45.75
33.0,1110,17828581,33.63636363636363
3.0,131,17828712,43.666666666666664
18.0,631,17829343,35.05555555555556
19.0,691,17830034,36.36842105263158
1.0,58,17830092,58.0
6.0,218,17830310,36.333333333333336
25.0,1000,17831310,40.0
12.0,368,17831678,30.666666666666668
11.0,443,17832121,40.27272727272727
24.0,845,17832966,35.208333333333336
14.0,407,17833373,29.071428571428573
21.0,683,17834056,32.523809523809526
15.0,520,17834576,34.666666666666664
7.0,235,17834811,33.57142857142857
16.0,621,17835432,38.8125
8.0,333,17835765,41.625
5.0,181,17835946,36.2
38.0,1367,17837313,35.973684210526315
25.0,834,17838147,33.36
2.0,150,17838297,75.0
27.0,919,17839216,34.03703703703704
10.0,486,17839702,48.6
16.0,698,17840400,43.625
24.0,790,17841190,32.916666666666664
26.0,831,17842021,31.96153846153846
9.0,336,17842357,37.333333333333336
15.0,664,17843021,44.266666666666666
0.0,18,17843039,inf
19.0,595,17843634,31.31578947368421
14.0,456,17844090,32.57142857142857
16.0,642,17844732,40.125
23.0,772,17845504,33.56521739130435
33.0,1164,17846668,35.27272727272727
10.0,337,17847005,33.7
6.0,226,17847231,37.666666666666664
20.0,804,17848035,40.2
35.0,1155,17849190,33.0
28.0,1054,17850244,37.642857142857146
13.0,418,17850662,32.15384615384615
11.0,354,17851016,32.18181818181818
19.0,651,17851667,34.26315789473684
11.0,376,17852043,34.18181818181818
29.0,1162,17853205,40.06896551724138
29.0,1076,17854281,37.10344827586207
20.0,643,17854924,32.15
9.0,341,17855265,37.888888888888886
19.0,646,17855911,34.0
16.0,569,17856480,35.5625
13.0,557,17857037,42.84615384615385
7.0,275,17857312,39.285714285714285
15.0,522,17857834,34.8
40.0,1316,17859150,32.9
17.0,659,17859809,38.76470588235294
24.0,856,17860665,35.666666666666664
30.0,1067,17861732,35.56666666666667
19.0,787,17862519,41.421052631578945
23.0,739,17863258,32.130434782608695
3.0,142,17863400,47.333333333333336
30.0,1142,17864542,38.06666666666667
19.0,600,17865142,31.57894736842105
22.0,805,17865947,36.59090909090909
5.0,215,17866162,43.0
12.0,490,17866652,40.833333333333336
28.0,1116,17867768,39.857142857142854
14.0,475,17868243,33.92857142857143
14.0,436,17868679,31.142857142857142
8.0,273,17868952,34.125
15.0,527,17869479,35.13333333333333
29.0,971,17870450,33.48275862068966
24.0,868,17871318,36.166666666666664
29.0,1078,17872396,37.172413793103445
20.0,800,17873196,40.0
0.0,26,17873222,inf
0.0,19,17873241,inf
9.0,426,17873667,47.333333333333336
25.0,879,17874546,35.16
30.0,999,17875545,33.3
18.0,726,17876271,40.333333333333336
2.0,87,17876358,43.5
8.0,349,17876707,43.625
31.0,1012,17877719,32.645161290322584
23.0,961,17878680,41.78260869565217
21.0,776,17879456,36.95238095238095
3.0,79,17879535,26.333333333333332
28.0,941,17880476,33.607142857142854
18.0,585,17881061,32.5
38.0,1262,17882323,33.21052631578947
21.0,772,17883095,36.76190476190476
25.0,874,17883969,34.96
21.0,690,17884659,32.857142857142854
28.0,865,17885524,30.892857142857142
10.0,348,17885872,34.8
19.0,652,17886524,34.31578947368421
9.0,298,17886822,33.111111111111114
40.0,1448,17888270,36.2
31.0,1310,17889580,42.25806451612903
14.0,508,17890088,36.285714285714285
16.0,605,17890693,37.8125
32.0,974,17891667,30.4375
32.0,1072,17892739,33.5
11.0,408,17893147,37.09090909090909
16.0,713,17893860,44.5625
19.0,512,17894372,26.94736842105263
12.0,518,17894890,43.166666666666664
21.0,786,17895676,37.42857142857143
15.0,533,17896209,35.53333333333333
19.0,674,17896883,35.473684210526315
6.0,132,17897015,22.0
22.0,829,17897844,37.68181818181818
37.0,1298,17899142,35.08108108108108
11.0,422,17899564,38.36363636363637
8.0,182,17899746,22.75
10.0,398,17900144,39.8
11.0,420,17900564,38.18181818181818
19.0,694,17901258,36.526315789473685
30.0,1078,17902336,35.93333333333333
14.0,415,17902751,29.642857142857142
16.0,565,17903316,35.3125
26.0,817,17904133,31.423076923076923
10.0,288,17904421,28.8
27.0,1017,17905438,37.666666666666664
0.0,51,17905489,inf
5.0,257,17905746,51.4
13.0,569,17906315,43.76923076923077
23.0,759,17907074,33.0
8.0,251,17907325,31.375
24.0,906,17908231,37.75
5.0,190,17908421,38.0
1.0,74,17908495,74.0
8.0,370,17908865,46.25
12.0,386,17909251,32.166666666666664
13.0,540,17909791,41.53846153846154
5.0,180,17909971,36.0
13.0,521,17910492,40.07692307692308
11.0,459,17910951,41.72727272727273
36.0,1361,17912312,37.80555555555556
28.0,1014,17913326,36.214285714285715
19.0,606,17913932,31.894736842105264
4.0,100,17914032,25.0
5.0,183,17914215,36.6
15.0,580,17914795,38.666666666666664
13.0,429,17915224,33.0
38.0,1313,17916537,34.55263157894737
16.0,532,17917069,33.25
8.0,303,17917372,37.875
2.0,122,17917494,61.0
16.0,432,17917926,27.0
38.0,1274,17919200,33.526315789473685
21.0,820,17920020,39.04761904761905
9.0,332,17920352,36.888888888888886
17.0,697,17921049,41.0
21.0,842,17921891,40.095238095238095
8.0,352,17922243,44.0
20.0,864,17923107,43.2
23.0,805,17923912,35.0
21.0,871,17924783,41.476190476190474
4.0,226,17925009,56.5
9.0,351,17925360,39.0
13.0,444,17925804,34.15384615384615
15.0,497,17926301,33.13333333333333
20.0,708,17927009,35.4
7.0,321,17927330,45.857142857142854
20.0,658,17927988,32.9
10.0,381,17928369,38.1
2.0,168,17928537,84.0
13.0,548,17929085,42.15384615384615
6.0,259,17929344,43.166666666666664
28.0,1029,17930373,36.75
11.0,342,17930715,31.09090909090909
21.0,753,17931468,35.857142857142854
24.0,997,17932465,41.541666666666664
21.0,869,17933334,41.38095238095238
15.0,474,17933808,31.6
8.0,316,17934124,39.5
12.0,375,17934499,31.25
24.0,870,17935369,36.25
2.0,100,17935469,50.0
31.0,1184,17936653,38.193548387096776
9.0,298,17936951,33.111111111111114
15.0,638,17937589,42.53333333333333
29.0,1072,17938661,36.96551724137931
2.0,61,17938722,30.5
29.0,1087,17939809,37.48275862068966
24.0,838,17940647,34.916666666666664
14.0,514,17941161,36.714285714285715
23.0,961,17942122,41.78260869565217
8.0,289,17942411,36.125
14.0,581,17942992,41.5
11.0,408,17943400,37.09090909090909
12.0,384,17943784,32.0
9.0,368,17944152,40.888888888888886
11.0,483,17944635,43.90909090909091
9.0,326,17944961,36.22222222222222
18.0,713,17945674,39.611111111111114
17.0,629,17946303,37.0
5.0,219,17946522,43.8
32.0,1280,17947802,40.0
33.0,1268,17949070,38.42424242424242
33.0,1299,17950369,39.36363636363637
9.0,373,17950742,41.44444444444444
6.0,214,17950956,35.666666666666664
15.0,531,17951487,35.4
25.0,888,17952375,35.52
17.0,569,17952944,33.470588235294116
27.0,1113,17954057,41.22222222222222
25.0,1002,17955059,40.08
7.0,198,17955257,28.285714285714285
16.0,642,17955899,40.125
10.0,438,17956337,43.8
15.0,518,17956855,34.53333333333333
14.0,577,17957432,41.214285714285715
20.0,731,17958163,36.55
12.0,460,17958623,38.333333333333336
13.0,403,17959026,31.0
16.0,726,17959752,45.375
5.0,131,17959883,26.2
13.0,448,17960331,34.46153846153846
3.0,102,17960433,34.0
12.0,502,17960935,41.833333333333336
28.0,1117,17962052,39.892857142857146
12.0,487,17962539,40.583333333333336
11.0,428,17962967,38.90909090909091
20.0,763,17963730,38.15
5.0,279,17964009,55.8
5.0,87,17964096,17.4
25.0,1127,17965223,45.08
46.0,2071,17967294,45.02173913043478
9.0,438,17967732,48.666666666666664
15.0,616,17968348,41.06666666666667
12.0,519,17968867,43.25
33.0,1204,17970071,36.484848484848484
18.0,616,17970687,34.22222222222222
27.0,933,17971620,34.55555555555556
22.0,947,17972567,43.04545454545455
15.0,487,17973054,32.46666666666667
30.0,1124,17974178,37.46666666666667
27.0,937,17975115,34.7037037037037
19.0,623,17975738,32.78947368421053
26.0,914,17976652,35.15384615384615
11.0,443,17977095,40.27272727272727
12.0,361,17977456,30.083333333333332
23.0,897,17978353,39.0
16.0,628,17978981,39.25
16.0,584,17979565,36.5
33.0,1232,17980797,37.333333333333336
19.0,660,17981457,34.73684210526316
20.0,658,17982115,32.9
13.0,480,17982595,36.92307692307692
3.0,541,17983136,180.33333333333334
15.0,549,17983685,36.6
14.0,632,17984317,45.142857142857146
7.0,216,17984533,30.857142857142858
7.0,268,17984801,38.285714285714285
26.0,1070,17985871,41.15384615384615
9.0,358,17986229,39.77777777777778
17.0,597,17986826,35.11764705882353
26.0,995,17987821,38.26923076923077
17.0,602,17988423,35.411764705882355
24.0,764,17989187,31.833333333333332
10.0,341,17989528,34.1
0.0,441,17989969,inf
21.0,845,17990814,40.23809523809524
17.0,679,17991493,39.94117647058823
19.0,648,17992141,34.10526315789474
10.0,325,17992466,32.5
10.0,416,17992882,41.6
17.0,612,17993494,36.0
33.0,1091,17994585,33.06060606060606
28.0,1176,17995761,42.0
28.0,985,17996746,35.17857142857143
17.0,618,17997364,36.35294117647059
9.0,338,17997702,37.55555555555556
26.0,1113,17998815,42.80769230769231
12.0,393,17999208,32.75
32.0,1142,18000350,35.6875
31.0,1088,18001438,35.096774193548384
21.0,671,18002109,31.952380952380953
20.0,777,18002886,38.85
6.0,229,18003115,38.166666666666664
21.0,593,18003708,28.238095238095237
10.0,317,18004025,31.7
18.0,643,18004668,35.72222222222222
19.0,745,18005413,39.21052631578947
23.0,809,18006222,35.17391304347826
24.0,903,18007125,37.625
3.0,91,18007216,30.333333333333332
32.0,1333,18008549,41.65625
39.0,1341,18009890,34.38461538461539
0.0,96,18009986,inf
17.0,679,18010665,39.94117647058823
7.0,284,18010949,40.57142857142857
14.0,600,18011549,42.857142857142854
11.0,324,18011873,29.454545454545453
12.0,460,18012333,38.333333333333336
23.0,806,18013139,35.04347826086956
20.0,748,18013887,37.4
6.0,125,18014012,20.833333333333332
6.0,262,18014274,43.666666666666664
12.0,462,18014736,38.5
16.0,579,18015315,36.1875
12.0,492,18015807,41.0
14.0,498,18016305,35.57142857142857
27.0,846,18017151,31.333333333333332
31.0,1205,18018356,38.87096774193548
9.0,275,18018631,30.555555555555557
21.0,631,18019262,30.047619047619047
7.0,371,18019633,53.0
13.0,548,18020181,42.15384615384615
7.0,241,18020422,34.42857142857143
10.0,310,18020732,31.0
21.0,953,18021685,45.38095238095238
24.0,913,18022598,38.041666666666664
19.0,669,18023267,35.21052631578947
8.0,250,18023517,31.25
20.0,699,18024216,34.95
32.0,1089,18025305,34.03125
12.0,448,18025753,37.333333333333336
16.0,511,18026264,31.9375
28.0,1084,18027348,38.714285714285715
32.0,1332,18028680,41.625
28.0,1060,18029740,37.857142857142854
5.0,231,18029971,46.2
12.0,358,18030329,29.833333333333332
8.0,288,18030617,36.0
22.0,862,18031479,39.18181818181818
36.0,1340,18032819,37.22222222222222
22.0,883,18033702,40.13636363636363
20.0,842,18034544,42.1
4.0,154,18034698,38.5
19.0,579,18035277,30.473684210526315
4.0,159,18035436,39.75
25.0,769,18036205,30.76
23.0,783,18036988,34.04347826086956
31.0,1356,18038344,43.74193548387097
21.0,833,18039177,39.666666666666664
24.0,931,18040108,38.791666666666664
17.0,617,18040725,36.294117647058826
11.0,311,18041036,28.272727272727273
28.0,924,18041960,33.0
26.0,1103,18043063,42.42307692307692
9.0,289,18043352,32.111111111111114
20.0,661,18044013,33.05
13.0,532,18044545,40.92307692307692
7.0,270,18044815,38.57142857142857
13.0,468,18045283,36.0
21.0,677,18045960,32.23809523809524
8.0,220,18046180,27.5
29.0,984,18047164,33.93103448275862
19.0,750,18047914,39.473684210526315
21.0,736,18048650,35.04761904761905
15.0,454,18049104,30.266666666666666
20.0,801,18049905,40.05
7.0,269,18050174,38.42857142857143
14.0,499,18050673,35.642857142857146
8.0,428,18051101,53.5
10.0,313,18051414,31.3
15.0,468,18051882,31.2
4.0,242,18052124,60.5
30.0,1192,18053316,39.733333333333334
20.0,604,18053920,30.2
30.0,1080,18055000,36.0
39.0,1497,18056497,38.38461538461539
22.0,667,18057164,30.318181818181817
19.0,662,18057826,34.8421052631579
12.0,418,18058244,34.833333333333336
7.0,336,18058580,48.0
25.0,1011,18059591,40.44
22.0,770,18060361,35.0
10.0,317,18060678,31.7
21.0,863,18061541,41.095238095238095
13.0,588,18062129,45.23076923076923
18.0,618,18062747,34.333333333333336
7.0,219,18062966,31.285714285714285
0.0,23,18062989,inf
12.0,390,18063379,32.5
9.0,296,18063675,32.888888888888886
8.0,336,18064011,42.0
18.0,618,18064629,34.333333333333336
22.0,748,18065377,34.0
0.0,90,18065467,inf
15.0,604,18066071,40.266666666666666
13.0,498,18066569,38.30769230769231
29.0,1138,18067707,39.241379310344826
33.0,1110,18068817,33.63636363636363
9.0,389,18069206,43.22222222222222
35.0,1436,18070642,41.02857142857143
32.0,1252,18071894,39.125
13.0,463,18072357,35.61538461538461
4.0,151,18072508,37.75
6.0,272,18072780,45.333333333333336
5.0,91,18072871,18.2
22.0,993,18073864,45.13636363636363
8.0,304,18074168,38.0
25.0,797,18074965,31.88
13.0,379,18075344,29.153846153846153
10.0,397,18075741,39.7
15.0,632,18076373,42.13333333333333
13.0,422,18076795,32.46153846153846
13.0,480,18077275,36.92307692307692
13.0,502,18077777,38.61538461538461
15.0,614,18078391,40.93333333333333
9.0,348,18078739,38.666666666666664
26.0,965,18079704,37.11538461538461
27.0,1027,18080731,38.03703703703704
10.0,816,18081547,81.6
9.0,326,18081873,36.22222222222222
26.0,1146,18083019,44.07692307692308
8.0,329,18083348,41.125
29.0,1200,18084548,41.37931034482759
23.0,1037,18085585,45.08695652173913
23.0,815,18086400,35.43478260869565
4.0,194,18086594,48.5
7.0,378,18086972,54.0
19.0,772,18087744,40.63157894736842
19.0,741,18088485,39.0
19.0,736,18089221,38.73684210526316
13.0,443,18089664,34.07692307692308
0.0,19,18089683,inf
24.0,900,18090583,37.5
13.0,551,18091134,42.38461538461539
7.0,725,18091859,103.57142857142857
18.0,732,18092591,40.666666666666664
8.0,806,18093397,100.75
21.0,818,18094215,38.95238095238095
17.0,692,18094907,40.705882352941174
28.0,979,18095886,34.964285714285715
8.0,333,18096219,41.625
35.0,1386,18097605,39.6
26.0,1070,18098675,41.15384615384615
9.0,198,18098873,22.0
20.0,756,18099629,37.8
1.0,97,18099726,97.0
14.0,538,18100264,38.42857142857143
21.0,761,18101025,36.23809523809524
35.0,1280,18102305,36.57142857142857
16.0,694,18102999,43.375
12.0,451,18103450,37.583333333333336
9.0,287,18103737,31.88888888888889
0.0,441,18104178,inf
18.0,684,18104862,38.0
14.0,525,18105387,37.5
0.0,441,18105828,inf
8.0,275,18106103,34.375
5.0,210,18106313,42.0
5.0,191,18106504,38.2
14.0,530,18107034,37.857142857142854
21.0,1029,18108063,49.0
9.0,337,18108400,37.44444444444444
8.0,270,18108670,33.75
14.0,612,18109282,43.714285714285715
10.0,399,18109681,39.9
13.0,478,18110159,36.76923076923077
26.0,872,18111031,33.53846153846154
7.0,277,18111308,39.57142857142857
17.0,598,18111906,35.1764705882353
21.0,698,18112604,33.23809523809524
8.0,305,18112909,38.125
13.0,407,18113316,31.307692307692307
22.0,833,18114149,37.86363636363637
14.0,522,18114671,37.285714285714285
19.0,600,18115271,31.57894736842105
16.0,569,18115840,35.5625
10.0,460,18116300,46.0
35.0,1515,18117815,43.285714285714285
19.0,788,18118603,41.473684210526315
19.0,684,18119287,36.0
2.0,51,18119338,25.5
1.0,42,18119380,42.0
4.0,211,18119591,52.75
17.0,628,18120219,36.94117647058823
30.0,1193,18121412,39.766666666666666
13.0,458,18121870,35.23076923076923
8.0,714,18122584,89.25
22.0,765,18123349,34.77272727272727
10.0,334,18123683,33.4
1.0,30,18123713,30.0
25.0,873,18124586,34.92
8.0,280,18124866,35.0
17.0,612,18125478,36.0
28.0,1031,18126509,36.82142857142857
17.0,563,18127072,33.11764705882353
25.0,1050,18128122,42.0
9.0,444,18128566,49.333333333333336
25.0,911,18129477,36.44
7.0,276,18129753,39.42857142857143
29.0,1240,18130993,42.758620689655174
19.0,759,18131752,39.94736842105263
12.0,942,18132694,78.5
24.0,898,18133592,37.416666666666664
22.0,783,18134375,35.59090909090909
6.0,191,18134566,31.833333333333332
27.0,1012,18135578,37.48148148148148
21.0,852,18136430,40.57142857142857
18.0,796,18137226,44.22222222222222
7.0,202,18137428,28.857142857142858
4.0,180,18137608,45.0
12.0,608,18138216,50.666666666666664
27.0,1101,18139317,40.77777777777778
31.0,1180,18140497,38.064516129032256
13.0,511,18141008,39.30769230769231
9.0,346,18141354,38.44444444444444
20.0,749,18142103,37.45
23.0,763,18142866,33.17391304347826
8.0,373,18143239,46.625
9.0,295,18143534,32.77777777777778
40.0,1627,18145161,40.675
17.0,1061,18146222,62.411764705882355
8.0,345,18146567,43.125
16.0,703,18147270,43.9375
28.0,1048,18148318,37.42857142857143
22.0,898,18149216,40.81818181818182
6.0,144,18149360,24.0
19.0,709,18150069,37.31578947368421
35.0,1191,18151260,34.02857142857143
12.0,419,18151679,34.916666666666664
16.0,826,18152505,51.625
14.0,500,18153005,35.714285714285715
19.0,720,18153725,37.89473684210526
12.0,904,18154629,75.33333333333333
11.0,511,18155140,46.45454545454545
10.0,370,18155510,37.0
8.0,500,18156010,62.5
24.0,801,18156811,33.375
21.0,739,18157550,35.19047619047619
13.0,448,18157998,34.46153846153846
7.0,260,18158258,37.142857142857146
34.0,1181,18159439,34.73529411764706
20.0,830,18160269,41.5
8.0,300,18160569,37.5
24.0,816,18161385,34.0
12.0,466,18161851,38.833333333333336
13.0,538,18162389,41.38461538461539
24.0,1485,18163874,61.875
25.0,715,18164589,28.6
7.0,295,18164884,42.142857142857146
18.0,621,18165505,34.5
17.0,875,18166380,51.470588235294116
16.0,1089,18167469,68.0625
8.0,693,18168162,86.625
13.0,427,18168589,32.84615384615385
21.0,752,18169341,35.80952380952381
24.0,783,18170124,32.625
17.0,632,18170756,37.1764705882353
2.0,84,18170840,42.0
27.0,1246,18172086,46.148148148148145
15.0,627,18172713,41.8
15.0,560,18173273,37.333333333333336
3.0,514,18173787,171.33333333333334
35.0,1322,18175109,37.77142857142857
23.0,932,18176041,40.52173913043478
15.0,590,18176631,39.333333333333336
9.0,245,18176876,27.22222222222222
11.0,325,18177201,29.545454545454547
9.0,730,18177931,81.11111111111111
11.0,341,18178272,31.0
14.0,670,18178942,47.857142857142854
25.0,984,18179926,39.36
2.0,482,18180408,241.0
12.0,548,18180956,45.666666666666664
21.0,728,18181684,34.666666666666664
11.0,455,18182139,41.36363636363637
37.0,1347,18183486,36.4054054054054
9.0,372,18183858,41.333333333333336
3.0,64,18183922,21.333333333333332
1.0,453,18184375,453.0
21.0,854,18185229,40.666666666666664
22.0,1224,18186453,55.63636363636363
14.0,468,18186921,33.42857142857143
7.0,653,18187574,93.28571428571429
47.0,1901,18189475,40.4468085106383
17.0,591,18190066,34.76470588235294
31.0,1113,18191179,35.903225806451616
32.0,1420,18192599,44.375
17.0,722,18193321,42.470588235294116
14.0,582,18193903,41.57142857142857
22.0,862,18194765,39.18181818181818
17.0,685,18195450,40.294117647058826
13.0,581,18196031,44.69230769230769
26.0,920,18196951,35.38461538461539
13.0,483,18197434,37.15384615384615
19.0,775,18198209,40.78947368421053
21.0,729,18198938,34.714285714285715
34.0,1302,18200240,38.294117647058826
10.0,299,18200539,29.9
7.0,275,18200814,39.285714285714285
25.0,765,18201579,30.6
16.0,557,18202136,34.8125
16.0,593,18202729,37.0625
15.0,504,18203233,33.6
16.0,456,18203689,28.5
31.0,1066,18204755,34.38709677419355
28.0,1077,18205832,38.464285714285715
25.0,1110,18206942,44.4
16.0,518,18207460,32.375
6.0,245,18207705,40.833333333333336
18.0,755,18208460,41.94444444444444
8.0,221,18208681,27.625
15.0,444,18209125,29.6
29.0,1082,18210207,37.310344827586206
21.0,748,18210955,35.61904761904762
0.0,441,18211396,inf
30.0,1133,18212529,37.766666666666666
7.0,760,18213289,108.57142857142857
26.0,996,18214285,38.30769230769231
11.0,419,18214704,38.09090909090909
14.0,551,18215255,39.357142857142854
14.0,669,18215924,47.785714285714285
8.0,336,18216260,42.0
11.0,400,18216660,36.36363636363637
13.0,981,18217641,75.46153846153847
19.0,890,18218531,46.8421052631579
29.0,1061,18219592,36.58620689655172
2.0,473,18220065,236.5
3.0,535,18220600,178.33333333333334
15.0,427,18221027,28.466666666666665
23.0,885,18221912,38.47826086956522
27.0,1117,18223029,41.370370370370374
10.0,366,18223395,36.6
18.0,708,18224103,39.333333333333336
36.0,1293,18225396,35.916666666666664
30.0,843,18226239,28.1
16.0,605,18226844,37.8125
33.0,1243,18228087,37.666666666666664
24.0,912,18228999,38.0
22.0,692,18229691,31.454545454545453
15.0,617,18230308,41.13333333333333
15.0,620,18230928,41.333333333333336
29.0,1029,18231957,35.48275862068966
4.0,151,18232108,37.75
20.0,671,18232779,33.55
0.0,18,18232797,inf
7.0,248,18233045,35.42857142857143
7.0,256,18233301,36.57142857142857
19.0,756,18234057,39.78947368421053
9.0,313,18234370,34.77777777777778
4.0,135,18234505,33.75
11.0,264,18234769,24.0
19.0,665,18235434,35.0
17.0,503,18235937,29.58823529411765
6.0,580,18236517,96.66666666666667
11.0,313,18236830,28.454545454545453
10.0,279,18237109,27.9
15.0,852,18237961,56.8
14.0,437,18238398,31.214285714285715
7.0,225,18238623,32.142857142857146
7.0,211,18238834,30.142857142857142
7.0,164,18238998,23.428571428571427
25.0,956,18239954,38.24
19.0,638,18240592,33.578947368421055
23.0,633,18241225,27.52173913043478
13.0,494,18241719,38.0
16.0,544,18242263,34.0
6.0,305,18242568,50.833333333333336
6.0,207,18242775,34.5
13.0,506,18243281,38.92307692307692
4.0,549,18243830,137.25
26.0,670,18244500,25.76923076923077
9.0,301,18244801,33.44444444444444
10.0,337,18245138,33.7
15.0,581,18245719,38.733333333333334
14.0,541,18246260,38.642857142857146
22.0,717,18246977,32.59090909090909
23.0,757,18247734,32.91304347826087
7.0,198,18247932,28.285714285714285
17.0,598,18248530,35.1764705882353
9.0,250,18248780,27.77777777777778
24.0,858,18249638,35.75
5.0,176,18249814,35.2
21.0,691,18250505,32.904761904761905
8.0,308,18250813,38.5
21.0,788,18251601,37.523809523809526
7.0,221,18251822,31.571428571428573
39.0,1330,18253152,34.1025641025641
15.0,586,18253738,39.06666666666667
17.0,594,18254332,34.94117647058823
21.0,663,18254995,31.571428571428573
6.0,196,18255191,32.666666666666664
16.0,550,18255741,34.375
19.0,615,18256356,32.36842105263158
17.0,571,18256927,33.588235294117645
6.0,276,18257203,46.0
13.0,363,18257566,27.923076923076923
9.0,315,18257881,35.0
27.0,1006,18258887,37.25925925925926
12.0,463,18259350,38.583333333333336
17.0,670,18260020,39.411764705882355
7.0,706,18260726,100.85714285714286
27.0,1080,18261806,40.0
14.0,400,18262206,28.571428571428573
18.0,431,18262637,23.944444444444443
9.0,153,18262790,17.0
14.0,601,18263391,42.92857142857143
14.0,553,18263944,39.5
25.0,853,18264797,34.12
15.0,608,18265405,40.53333333333333
20.0,645,18266050,32.25
5.0,230,18266280,46.0
13.0,457,18266737,35.15384615384615
11.0,782,18267519,71.0909090909091
12.0,382,18267901,31.833333333333332
13.0,326,18268227,25.076923076923077
4.0,551,18268778,137.75
18.0,538,18269316,29.88888888888889
7.0,262,18269578,37.42857142857143
11.0,487,18270065,44.27272727272727
8.0,276,18270341,34.5
10.0,430,18270771,43.0
18.0,510,18271281,28.333333333333332
11.0,316,18271597,28.727272727272727
6.0,336,18271933,56.0
17.0,536,18272469,31.529411764705884
8.0,286,18272755,35.75
14.0,546,18273301,39.0
14.0,564,18273865,40.285714285714285
9.0,272,18274137,30.22222222222222
1.0,37,18274174,37.0
16.0,623,18274797,38.9375
10.0,317,18275114,31.7
31.0,1169,18276283,37.70967741935484
14.0,495,18276778,35.357142857142854
8.0,326,18277104,40.75
5.0,248,18277352,49.6
3.0,73,18277425,24.333333333333332
11.0,416,18277841,37.81818181818182
26.0,945,18278786,36.34615384615385
16.0,496,18279282,31.0
6.0,165,18279447,27.5
22.0,793,18280240,36.04545454545455
17.0,611,18280851,35.94117647058823
13.0,602,18281453,46.30769230769231
6.0,700,18282153,116.66666666666667
6.0,941,18283094,156.83333333333334
7.0,768,18283862,109.71428571428571
7.0,946,18284808,135.14285714285714
4.0,647,18285455,161.75
4.0,701,18286156,175.25
11.0,472,18286628,42.90909090909091
7.0,502,18287130,71.71428571428571
6.0,345,18287475,57.5
4.0,359,18287834,89.75
6.0,1055,18288889,175.83333333333334
5.0,1033,18289922,206.6
0.0,17,18289939,inf
3.0,241,18290180,80.33333333333333
1.0,92,18290272,92.0
1.0,45,18290317,45.0
1.0,196,18290513,196.0
0.0,19,18290532,inf
4.0,296,18290828,74.0
0.0,19,18290847,inf
2.0,33,18290880,16.5
1.0,135,18291015,135.0
1.0,73,18291088,73.0
2.0,344,18291432,172.0
3.0,77,18291509,25.666666666666668
2.0,385,18291894,192.5
3.0,327,18292221,109.0
1.0,597,18292818,597.0
1.0,190,18293008,190.0
2.0,105,18293113,52.5
0.0,19,18293132,inf
2.0,92,18293224,46.0
1.0,176,18293400,176.0
2.0,186,18293586,93.0
0.0,77,18293663,inf
0.0,19,18293682,inf
2.0,187,18293869,93.5
0.0,26,18293895,inf
3.0,181,18294076,60.333333333333336
1.0,169,18294245,169.0
1.0,134,18294379,134.0
2.0,222,18294601,111.0
11.0,1228,18295829,111.63636363636364
1.0,583,18296412,583.0
4.0,733,18297145,183.25
6.0,878,18298023,146.33333333333334
2.0,617,18298640,308.5
0.0,441,18299081,inf
3.0,555,18299636,185.0
0.0,441,18300077,inf
1.0,542,18300619,542.0
0.0,441,18301060,inf
5.0,465,18301525,93.0
0.0,441,18301966,inf
7.0,822,18302788,117.42857142857143
2.0,199,18302987,99.5
1.0,462,18303449,462.0
8.0,1056,18304505,132.0
8.0,808,18305313,101.0
1.0,549,18305862,549.0
1.0,556,18306418,556.0
0.0,441,18306859,inf
2.0,742,18307601,371.0
1.0,558,18308159,558.0
2.0,613,18308772,306.5
1.0,521,18309293,521.0
3.0,624,18309917,208.0
6.0,758,18310675,126.33333333333333
3.0,672,18311347,224.0
0.0,441,18311788,inf
5.0,704,18312492,140.8
6.0,1007,18313499,167.83333333333334
0.0,441,18313940,inf
3.0,874,18314814,291.3333333333333
7.0,734,18315548,104.85714285714286
2.0,496,18316044,248.0
0.0,441,18316485,inf
3.0,597,18317082,199.0
2.0,611,18317693,305.5
1.0,490,18318183,490.0
0.0,441,18318624,inf
1.0,469,18319093,469.0
8.0,621,18319714,77.625
14.0,631,18320345,45.07142857142857
15.0,1330,18321675,88.66666666666667
6.0,749,18322424,124.83333333333333
11.0,572,18322996,52.0
8.0,565,18323561,70.625
11.0,757,18324318,68.81818181818181
5.0,347,18324665,69.4
7.0,699,18325364,99.85714285714286
5.0,287,18325651,57.4
9.0,865,18326516,96.11111111111111
6.0,303,18326819,50.5
0.0,441,18327260,inf
8.0,961,18328221,120.125
14.0,982,18329203,70.14285714285714
5.0,239,18329442,47.8
6.0,380,18329822,63.333333333333336
5.0,480,18330302,96.0
6.0,366,18330668,61.0
6.0,240,18330908,40.0
14.0,1222,18332130,87.28571428571429
7.0,470,18332600,67.14285714285714
5.0,362,18332962,72.4
1.0,174,18333136,174.0
1.0,129,18333265,129.0
9.0,406,18333671,45.111111111111114
12.0,797,18334468,66.41666666666667
6.0,411,18334879,68.5
7.0,309,18335188,44.142857142857146
10.0,370,18335558,37.0
2.0,291,18335849,145.5
14.0,1382,18337231,98.71428571428571
8.0,1356,18338587,169.5
9.0,1097,18339684,121.88888888888889
12.0,908,18340592,75.66666666666667
9.0,642,18341234,71.33333333333333
11.0,756,18341990,68.72727272727273
0.0,441,18342431,inf
6.0,706,18343137,117.66666666666667
10.0,777,18343914,77.7
13.0,668,18344582,51.38461538461539
8.0,770,18345352,96.25
8.0,1033,18346385,129.125
13.0,597,18346982,45.92307692307692
9.0,1325,18348307,147.22222222222223
10.0,455,18348762,45.5
14.0,1358,18350120,97.0
5.0,646,18350766,129.2
9.0,719,18351485,79.88888888888889
13.0,597,18352082,45.92307692307692
5.0,796,18352878,159.2
9.0,1033,18353911,114.77777777777777
10.0,1015,18354926,101.5
17.0,1053,18355979,61.94117647058823
6.0,1042,18357021,173.66666666666666
4.0,311,18357332,77.75
3.0,225,18357557,75.0
6.0,894,18358451,149.0
5.0,688,18359139,137.6
24.0,1260,18360399,52.5
14.0,1134,18361533,81.0
25.0,1328,18362861,53.12
12.0,1374,18364235,114.5
5.0,665,18364900,133.0
4.0,914,18365814,228.5
11.0,591,18366405,53.72727272727273
10.0,729,18367134,72.9
6.0,877,18368011,146.16666666666666
18.0,1277,18369288,70.94444444444444
4.0,535,18369823,133.75
19.0,1301,18371124,68.47368421052632
15.0,1411,18372535,94.06666666666666
6.0,856,18373391,142.66666666666666
5.0,743,18374134,148.6
17.0,1078,18375212,63.411764705882355
7.0,661,18375873,94.42857142857143
16.0,417,18376290,26.0625
3.0,526,18376816,175.33333333333334
9.0,220,18377036,24.444444444444443
28.0,798,18377834,28.5
20.0,518,18378352,25.9
26.0,714,18379066,27.46153846153846
5.0,115,18379181,23.0
5.0,164,18379345,32.8
12.0,393,18379738,32.75
11.0,265,18380003,24.09090909090909
26.0,849,18380852,32.65384615384615
11.0,768,18381620,69.81818181818181
20.0,557,18382177,27.85
9.0,232,18382409,25.77777777777778
15.0,439,18382848,29.266666666666666
16.0,778,18383626,48.625
7.0,269,18383895,38.42857142857143
32.0,1060,18384955,33.125
29.0,878,18385833,30.275862068965516
27.0,971,18386804,35.96296296296296
21.0,587,18387391,27.952380952380953
19.0,420,18387811,22.105263157894736
1.0,470,18388281,470.0
7.0,275,18388556,39.285714285714285
32.0,967,18389523,30.21875
22.0,666,18390189,30.272727272727273
18.0,631,18390820,35.05555555555556
16.0,455,18391275,28.4375
10.0,305,18391580,30.5
16.0,505,18392085,31.5625
6.0,146,18392231,24.333333333333332
15.0,323,18392554,21.533333333333335
6.0,130,18392684,21.666666666666668
3.0,531,18393215,177.0
26.0,860,18394075,33.07692307692308
1.0,23,18394098,23.0
11.0,303,18394401,27.545454545454547
8.0,276,18394677,34.5
8.0,676,18395353,84.5
10.0,204,18395557,20.4
15.0,473,18396030,31.533333333333335
22.0,548,18396578,24.90909090909091
22.0,668,18397246,30.363636363636363
6.0,130,18397376,21.666666666666668
10.0,405,18397781,40.5
9.0,223,18398004,24.77777777777778
10.0,306,18398310,30.6
19.0,427,18398737,22.473684210526315
3.0,556,18399293,185.33333333333334
9.0,362,18399655,40.22222222222222
23.0,588,18400243,25.565217391304348
36.0,1072,18401315,29.77777777777778
10.0,256,18401571,25.6
23.0,680,18402251,29.565217391304348
26.0,774,18403025,29.76923076923077
27.0,874,18403899,32.370370370370374
6.0,192,18404091,32.0
22.0,796,18404887,36.18181818181818
3.0,534,18405421,178.0
28.0,933,18406354,33.32142857142857
4.0,85,18406439,21.25
18.0,494,18406933,27.444444444444443
27.0,747,18407680,27.666666666666668
20.0,578,18408258,28.9
1.0,507,18408765,507.0
17.0,480,18409245,28.235294117647058
20.0,651,18409896,32.55
19.0,626,18410522,32.94736842105263
32.0,874,18411396,27.3125
21.0,606,18412002,28.857142857142858
7.0,235,18412237,33.57142857142857
18.0,1069,18413306,59.388888888888886
25.0,764,18414070,30.56
0.0,441,18414511,inf
17.0,493,18415004,29.0
14.0,272,18415276,19.428571428571427
7.0,303,18415579,43.285714285714285
25.0,627,18416206,25.08
4.0,78,18416284,19.5
27.0,659,18416943,24.40740740740741
11.0,307,18417250,27.90909090909091
10.0,209,18417459,20.9
13.0,368,18417827,28.307692307692307
9.0,294,18418121,32.666666666666664
26.0,733,18418854,28.192307692307693
28.0,889,18419743,31.75
10.0,337,18420080,33.7
21.0,714,18420794,34.0
27.0,799,18421593,29.59259259259259
4.0,134,18421727,33.5
14.0,371,18422098,26.5
30.0,794,18422892,26.466666666666665
21.0,640,18423532,30.476190476190474
15.0,369,18423901,24.6
22.0,690,18424591,31.363636363636363
14.0,338,18424929,24.142857142857142
22.0,636,18425565,28.90909090909091
32.0,1018,18426583,31.8125
3.0,56,18426639,18.666666666666668
21.0,735,18427374,35.0
7.0,199,18427573,28.428571428571427
13.0,463,18428036,35.61538461538461
9.0,263,18428299,29.22222222222222
4.0,103,18428402,25.75
10.0,297,18428699,29.7
21.0,558,18429257,26.571428571428573
39.0,979,18430236,25.102564102564102
20.0,519,18430755,25.95
13.0,329,18431084,25.307692307692307
15.0,317,18431401,21.133333333333333
22.0,640,18432041,29.09090909090909
33.0,1074,18433115,32.54545454545455
28.0,880,18433995,31.428571428571427
10.0,331,18434326,33.1
10.0,320,18434646,32.0
24.0,679,18435325,28.291666666666668
5.0,165,18435490,33.0
26.0,804,18436294,30.923076923076923
1.0,61,18436355,61.0
6.0,176,18436531,29.333333333333332
26.0,713,18437244,27.423076923076923
19.0,477,18437721,25.105263157894736
29.0,832,18438553,28.689655172413794
12.0,317,18438870,26.416666666666668
21.0,690,18439560,32.857142857142854
4.0,131,18439691,32.75
21.0,474,18440165,22.571428571428573
15.0,413,18440578,27.533333333333335
8.0,261,18440839,32.625
35.0,976,18441815,27.885714285714286
20.0,746,18442561,37.3
9.0,296,18442857,32.888888888888886
28.0,781,18443638,27.892857142857142
23.0,597,18444235,25.956521739130434
17.0,449,18444684,26.41176470588235
17.0,518,18445202,30.470588235294116
17.0,401,18445603,23.58823529411765
23.0,702,18446305,30.52173913043478
13.0,359,18446664,27.615384615384617
10.0,262,18446926,26.2
13.0,502,18447428,38.61538461538461
9.0,287,18447715,31.88888888888889
11.0,271,18447986,24.636363636363637
6.0,247,18448233,41.166666666666664
9.0,283,18448516,31.444444444444443
23.0,622,18449138,27.043478260869566
20.0,537,18449675,26.85
26.0,771,18450446,29.653846153846153
15.0,419,18450865,27.933333333333334
25.0,696,18451561,27.84
25.0,609,18452170,24.36
25.0,684,18452854,27.36
17.0,400,18453254,23.529411764705884
16.0,515,18453769,32.1875
10.0,235,18454004,23.5
7.0,240,18454244,34.285714285714285
6.0,320,18454564,53.333333333333336
17.0,401,18454965,23.58823529411765
5.0,209,18455174,41.8
8.0,186,18455360,23.25
23.0,741,18456101,32.21739130434783
29.0,849,18456950,29.275862068965516
19.0,474,18457424,24.94736842105263
26.0,686,18458110,26.384615384615383
27.0,922,18459032,34.148148148148145
25.0,685,18459717,27.4
10.0,271,18459988,27.1
7.0,227,18460215,32.42857142857143
37.0,972,18461187,26.27027027027027
8.0,182,18461369,22.75
23.0,643,18462012,27.956521739130434
12.0,265,18462277,22.083333333333332
37.0,1059,18463336,28.62162162162162
24.0,716,18464052,29.833333333333332
20.0,471,18464523,23.55
26.0,755,18465278,29.03846153846154
29.0,721,18465999,24.862068965517242
7.0,264,18466263,37.714285714285715
20.0,487,18466750,24.35
24.0,634,18467384,26.416666666666668
6.0,159,18467543,26.5
26.0,731,18468274,28.115384615384617
28.0,886,18469160,31.642857142857142
11.0,382,18469542,34.72727272727273
16.0,534,18470076,33.375
25.0,696,18470772,27.84
13.0,312,18471084,24.0
16.0,439,18471523,27.4375
17.0,403,18471926,23.705882352941178
32.0,932,18472858,29.125
29.0,862,18473720,29.724137931034484
31.0,856,18474576,27.612903225806452
5.0,89,18474665,17.8
3.0,76,18474741,25.333333333333332
16.0,642,18475383,40.125
22.0,595,18475978,27.045454545454547
20.0,566,18476544,28.3
9.0,304,18476848,33.77777777777778
14.0,339,18477187,24.214285714285715
20.0,524,18477711,26.2
18.0,431,18478142,23.944444444444443
7.0,181,18478323,25.857142857142858
6.0,247,18478570,41.166666666666664
17.0,641,18479211,37.705882352941174
9.0,309,18479520,34.333333333333336
18.0,682,18480202,37.888888888888886
17.0,403,18480605,23.705882352941178
31.0,1119,18481724,36.096774193548384
11.0,266,18481990,24.181818181818183
30.0,893,18482883,29.766666666666666
22.0,657,18483540,29.863636363636363
21.0,579,18484119,27.571428571428573
11.0,411,18484530,37.36363636363637
9.0,237,18484767,26.333333333333332
22.0,593,18485360,26.954545454545453
15.0,519,18485879,34.6
26.0,730,18486609,28.076923076923077
10.0,228,18486837,22.8
14.0,559,18487396,39.92857142857143
12.0,380,18487776,31.666666666666668
14.0,447,18488223,31.928571428571427
17.0,413,18488636,24.294117647058822
5.0,224,18488860,44.8
13.0,278,18489138,21.384615384615383
3.0,80,18489218,26.666666666666668
8.0,194,18489412,24.25
21.0,526,18489938,25.047619047619047
28.0,835,18490773,29.821428571428573
5.0,124,18490897,24.8
17.0,742,18491639,43.64705882352941
26.0,878,18492517,33.76923076923077
13.0,415,18492932,31.923076923076923
20.0,704,18493636,35.2
35.0,1124,18494760,32.114285714285714
20.0,669,18495429,33.45
6.0,115,18495544,19.166666666666668
7.0,193,18495737,27.571428571428573
24.0,827,18496564,34.458333333333336
23.0,815,18497379,35.43478260869565
21.0,574,18497953,27.333333333333332
23.0,780,18498733,33.91304347826087
23.0,579,18499312,25.17391304347826
13.0,402,18499714,30.923076923076923
2.0,40,18499754,20.0
17.0,494,18500248,29.058823529411764
20.0,616,18500864,30.8
6.0,145,18501009,24.166666666666668
8.0,267,18501276,33.375
5.0,159,18501435,31.8
19.0,490,18501925,25.789473684210527
9.0,316,18502241,35.111111111111114
8.0,286,18502527,35.75
25.0,613,18503140,24.52
26.0,647,18503787,24.884615384615383
19.0,558,18504345,29.36842105263158
8.0,307,18504652,38.375
11.0,438,18505090,39.81818181818182
11.0,398,18505488,36.18181818181818
11.0,273,18505761,24.818181818181817
15.0,480,18506241,32.0
8.0,303,18506544,37.875
17.0,568,18507112,33.411764705882355
21.0,573,18507685,27.285714285714285
7.0,169,18507854,24.142857142857142
26.0,665,18508519,25.576923076923077
11.0,416,18508935,37.81818181818182
7.0,186,18509121,26.571428571428573
14.0,420,18509541,30.0
5.0,196,18509737,39.2
23.0,741,18510478,32.21739130434783
19.0,536,18511014,28.210526315789473
32.0,1082,18512096,33.8125
51.0,1559,18513655,30.568627450980394
18.0,572,18514227,31.77777777777778
22.0,595,18514822,27.045454545454547
7.0,235,18515057,33.57142857142857
32.0,895,18515952,27.96875
13.0,393,18516345,30.23076923076923
9.0,254,18516599,28.22222222222222
10.0,263,18516862,26.3
9.0,309,18517171,34.333333333333336
10.0,396,18517567,39.6
28.0,804,18518371,28.714285714285715
27.0,709,18519080,26.25925925925926
13.0,390,18519470,30.0
23.0,591,18520061,25.695652173913043
21.0,609,18520670,29.0
11.0,347,18521017,31.545454545454547
22.0,636,18521653,28.90909090909091
22.0,694,18522347,31.545454545454547
17.0,448,18522795,26.352941176470587
13.0,390,18523185,30.0
26.0,707,18523892,27.192307692307693
10.0,254,18524146,25.4
18.0,468,18524614,26.0
13.0,313,18524927,24.076923076923077
19.0,452,18525379,23.789473684210527
31.0,713,18526092,23.0
11.0,245,18526337,22.272727272727273
9.0,182,18526519,20.22222222222222
17.0,531,18527050,31.235294117647058
10.0,300,18527350,30.0
12.0,232,18527582,19.333333333333332
32.0,841,18528423,26.28125
8.0,158,18528581,19.75
9.0,272,18528853,30.22222222222222
17.0,570,18529423,33.529411764705884
23.0,624,18530047,27.130434782608695
31.0,852,18530899,27.483870967741936
13.0,292,18531191,22.46153846153846
39.0,1190,18532381,30.512820512820515
6.0,206,18532587,34.333333333333336
10.0,310,18532897,31.0
13.0,356,18533253,27.384615384615383
15.0,289,18533542,19.266666666666666
10.0,262,18533804,26.2
15.0,319,18534123,21.266666666666666
8.0,157,18534280,19.625
5.0,216,18534496,43.2
16.0,378,18534874,23.625
3.0,71,18534945,23.666666666666668
2.0,483,18535428,241.5
3.0,81,18535509,27.0
16.0,337,18535846,21.0625
5.0,153,18535999,30.6
18.0,479,18536478,26.61111111111111
29.0,837,18537315,28.862068965517242
20.0,397,18537712,19.85
5.0,110,18537822,22.0
14.0,396,18538218,28.285714285714285
1.0,452,18538670,452.0
8.0,190,18538860,23.75
29.0,638,18539498,22.0
9.0,166,18539664,18.444444444444443
10.0,245,18539909,24.5
26.0,593,18540502,22.807692307692307
16.0,361,18540863,22.5625
14.0,262,18541125,18.714285714285715
8.0,224,18541349,28.0
10.0,213,18541562,21.3
7.0,112,18541674,16.0
2.0,474,18542148,237.0
10.0,366,18542514,36.6
0.0,441,18542955,inf
14.0,325,18543280,23.214285714285715
16.0,367,18543647,22.9375
11.0,373,18544020,33.90909090909091
4.0,134,18544154,33.5
10.0,300,18544454,30.0
22.0,544,18544998,24.727272727272727
27.0,650,18545648,24.074074074074073
1.0,456,18546104,456.0
19.0,423,18546527,22.263157894736842
16.0,433,18546960,27.0625
22.0,670,18547630,30.454545454545453
17.0,393,18548023,23.11764705882353
12.0,278,18548301,23.166666666666668
10.0,327,18548628,32.7
20.0,415,18549043,20.75
17.0,368,18549411,21.647058823529413
12.0,340,18549751,28.333333333333332
0.0,441,18550192,inf
7.0,141,18550333,20.142857142857142
1.0,477,18550810,477.0
8.0,182,18550992,22.75
19.0,447,18551439,23.526315789473685
20.0,475,18551914,23.75
17.0,500,18552414,29.41176470588235
26.0,678,18553092,26.076923076923077
22.0,539,18553631,24.5
20.0,480,18554111,24.0
23.0,725,18554836,31.52173913043478
14.0,305,18555141,21.785714285714285
22.0,561,18555702,25.5
9.0,190,18555892,21.11111111111111
9.0,186,18556078,20.666666666666668
27.0,653,18556731,24.185185185185187
5.0,226,18556957,45.2
3.0,63,18557020,21.0
14.0,375,18557395,26.785714285714285
20.0,562,18557957,28.1
9.0,237,18558194,26.333333333333332
11.0,254,18558448,23.09090909090909
0.0,24,18558472,inf
0.0,51,18558523,inf
1.0,76,18558599,76.0
10.0,231,18558830,23.1
15.0,345,18559175,23.0
29.0,728,18559903,25.103448275862068
17.0,379,18560282,22.294117647058822
10.0,231,18560513,23.1
1.0,458,18560971,458.0
23.0,512,18561483,22.26086956521739
17.0,377,18561860,22.176470588235293
21.0,476,18562336,22.666666666666668
27.0,733,18563069,27.14814814814815
1.0,479,18563548,479.0
9.0,205,18563753,22.77777777777778
7.0,144,18563897,20.571428571428573
5.0,155,18564052,31.0
5.0,164,18564216,32.8
6.0,126,18564342,21.0
10.0,346,18564688,34.6
1.0,28,18564716,28.0
8.0,259,18564975,32.375
23.0,581,18565556,25.26086956521739
4.0,135,18565691,33.75
26.0,719,18566410,27.653846153846153
12.0,323,18566733,26.916666666666668
23.0,500,18567233,21.73913043478261
14.0,297,18567530,21.214285714285715
13.0,305,18567835,23.46153846153846
7.0,250,18568085,35.714285714285715
1.0,44,18568129,44.0
0.0,441,18568570,inf
11.0,263,18568833,23.90909090909091
4.0,119,18568952,29.75
13.0,344,18569296,26.46153846153846
19.0,508,18569804,26.736842105263158
9.0,138,18569942,15.333333333333334
3.0,65,18570007,21.666666666666668
26.0,700,18570707,26.923076923076923
22.0,515,18571222,23.40909090909091
16.0,383,18571605,23.9375
21.0,675,18572280,32.142857142857146
15.0,320,18572600,21.333333333333332
5.0,88,18572688,17.6
1.0,458,18573146,458.0
6.0,126,18573272,21.0
12.0,234,18573506,19.5
24.0,487,18573993,20.291666666666668
17.0,409,18574402,24.058823529411764
8.0,175,18574577,21.875
15.0,391,18574968,26.066666666666666
13.0,295,18575263,22.692307692307693
6.0,112,18575375,18.666666666666668
25.0,599,18575974,23.96
17.0,389,18576363,22.88235294117647
15.0,344,18576707,22.933333333333334
5.0,260,18576967,52.0
4.0,103,18577070,25.75
9.0,260,18577330,28.88888888888889
17.0,324,18577654,19.058823529411764
7.0,136,18577790,19.428571428571427
13.0,260,18578050,20.0
2.0,107,18578157,53.5
24.0,474,18578631,19.75
8.0,150,18578781,18.75
13.0,308,18579089,23.692307692307693
9.0,190,18579279,21.11111111111111
5.0,222,18579501,44.4
12.0,239,18579740,19.916666666666668
12.0,248,18579988,20.666666666666668
35.0,693,18580681,19.8
12.0,330,18581011,27.5
17.0,526,18581537,30.941176470588236
5.0,240,18581777,48.0
3.0,57,18581834,19.0
16.0,356,18582190,22.25
13.0,414,18582604,31.846153846153847
8.0,321,18582925,40.125
28.0,826,18583751,29.5
9.0,206,18583957,22.88888888888889
4.0,145,18584102,36.25
2.0,468,18584570,234.0
10.0,310,18584880,31.0
12.0,248,18585128,20.666666666666668
31.0,967,18586095,31.193548387096776
17.0,397,18586492,23.352941176470587
15.0,363,18586855,24.2
32.0,716,18587571,22.375
20.0,445,18588016,22.25
24.0,687,18588703,28.625
4.0,105,18588808,26.25
10.0,225,18589033,22.5
9.0,259,18589292,28.77777777777778
19.0,401,18589693,21.105263157894736
12.0,288,18589981,24.0
21.0,498,18590479,23.714285714285715
23.0,547,18591026,23.782608695652176
24.0,591,18591617,24.625
5.0,140,18591757,28.0
2.0,473,18592230,236.5
19.0,495,18592725,26.05263157894737
3.0,480,18593205,160.0
8.0,223,18593428,27.875
4.0,121,18593549,30.25
20.0,410,18593959,20.5
16.0,392,18594351,24.5
15.0,428,18594779,28.533333333333335
9.0,250,18595029,27.77777777777778
15.0,304,18595333,20.266666666666666
9.0,258,18595591,28.666666666666668
10.0,162,18595753,16.2
4.0,113,18595866,28.25
13.0,425,18596291,32.69230769230769
13.0,374,18596665,28.76923076923077
1.0,25,18596690,25.0
8.0,318,18597008,39.75
5.0,162,18597170,32.4
16.0,424,18597594,26.5
19.0,459,18598053,24.157894736842106
12.0,300,18598353,25.0
2.0,72,18598425,36.0
9.0,275,18598700,30.555555555555557
9.0,270,18598970,30.0
0.0,18,18598988,inf
12.0,325,18599313,27.083333333333332
14.0,326,18599639,23.285714285714285
1.0,51,18599690,51.0
35.0,844,18600534,24.114285714285714
33.0,771,18601305,23.363636363636363
13.0,546,18601851,42.0
7.0,172,18602023,24.571428571428573
24.0,763,18602786,31.791666666666668
6.0,192,18602978,32.0
27.0,772,18603750,28.59259259259259
12.0,201,18603951,16.75
17.0,448,18604399,26.352941176470587
17.0,304,18604703,17.88235294117647
5.0,210,18604913,42.0
1.0,31,18604944,31.0
23.0,545,18605489,23.695652173913043
30.0,770,18606259,25.666666666666668
21.0,504,18606763,24.0
14.0,386,18607149,27.571428571428573
18.0,390,18607539,21.666666666666668
9.0,204,18607743,22.666666666666668
3.0,87,18607830,29.0
5.0,79,18607909,15.8
14.0,372,18608281,26.571428571428573
30.0,949,18609230,31.633333333333333
21.0,492,18609722,23.428571428571427
21.0,593,18610315,28.238095238095237
3.0,133,18610448,44.333333333333336
11.0,277,18610725,25.181818181818183
14.0,335,18611060,23.928571428571427
7.0,185,18611245,26.428571428571427
17.0,471,18611716,27.705882352941178
20.0,682,18612398,34.1
9.0,259,18612657,28.77777777777778
14.0,279,18612936,19.928571428571427
1.0,21,18612957,21.0
8.0,190,18613147,23.75
10.0,327,18613474,32.7
19.0,457,18613931,24.05263157894737
10.0,204,18614135,20.4
18.0,478,18614613,26.555555555555557
22.0,527,18615140,23.954545454545453
0.0,441,18615581,inf
13.0,281,18615862,21.615384615384617
10.0,307,18616169,30.7
34.0,950,18617119,27.941176470588236
20.0,494,18617613,24.7
19.0,455,18618068,23.94736842105263
12.0,331,18618399,27.583333333333332
18.0,449,18618848,24.944444444444443
23.0,551,18619399,23.956521739130434
5.0,106,18619505,21.2
7.0,99,18619604,14.142857142857142
8.0,179,18619783,22.375
21.0,485,18620268,23.095238095238095
19.0,441,18620709,23.210526315789473
22.0,573,18621282,26.045454545454547
17.0,469,18621751,27.58823529411765
0.0,441,18622192,inf
4.0,139,18622331,34.75
2.0,473,18622804,236.5
3.0,487,18623291,162.33333333333334
12.0,253,18623544,21.083333333333332
8.0,157,18623701,19.625
18.0,583,18624284,32.388888888888886
13.0,346,18624630,26.615384615384617
18.0,376,18625006,20.88888888888889
9.0,256,18625262,28.444444444444443
31.0,829,18626091,26.741935483870968
8.0,204,18626295,25.5
22.0,545,18626840,24.772727272727273
16.0,296,18627136,18.5
10.0,185,18627321,18.5
25.0,564,18627885,22.56
10.0,262,18628147,26.2
26.0,662,18628809,25.46153846153846
27.0,677,18629486,25.074074074074073
9.0,256,18629742,28.444444444444443
13.0,450,18630192,34.61538461538461
1.0,454,18630646,454.0
11.0,340,18630986,30.90909090909091
23.0,660,18631646,28.695652173913043
10.0,277,18631923,27.7
29.0,693,18632616,23.896551724137932
19.0,474,18633090,24.94736842105263
22.0,552,18633642,25.09090909090909
29.0,784,18634426,27.03448275862069
9.0,203,18634629,22.555555555555557
18.0,454,18635083,25.22222222222222
10.0,229,18635312,22.9
22.0,552,18635864,25.09090909090909
21.0,490,18636354,23.333333333333332
26.0,744,18637098,28.615384615384617
0.0,87,18637185,inf
16.0,380,18637565,23.75
3.0,64,18637629,21.333333333333332
8.0,283,18637912,35.375
29.0,836,18638748,28.82758620689655
2.0,31,18638779,15.5
32.0,966,18639745,30.1875
13.0,362,18640107,27.846153846153847
22.0,584,18640691,26.545454545454547
2.0,503,18641194,251.5
10.0,265,18641459,26.5
10.0,195,18641654,19.5
14.0,280,18641934,20.0
15.0,439,18642373,29.266666666666666
17.0,396,18642769,23.294117647058822
10.0,258,18643027,25.8
6.0,155,18643182,25.833333333333332
2.0,41,18643223,20.5
15.0,583,18643806,38.86666666666667
2.0,487,18644293,243.5
21.0,480,18644773,22.857142857142858
20.0,554,18645327,27.7
23.0,491,18645818,21.347826086956523
8.0,223,18646041,27.875
9.0,403,18646444,44.77777777777778
8.0,193,18646637,24.125
17.0,348,18646985,20.470588235294116
3.0,82,18647067,27.333333333333332
21.0,506,18647573,24.095238095238095
21.0,600,18648173,28.571428571428573
4.0,179,18648352,44.75
33.0,944,18649296,28.606060606060606
0.0,85,18649381,inf
35.0,922,18650303,26.34285714285714
0.0,84,18650387,inf
11.0,226,18650613,20.545454545454547
31.0,830,18651443,26.774193548387096
21.0,483,18651926,23.0
21.0,630,18652556,30.0
14.0,390,18652946,27.857142857142858
29.0,719,18653665,24.79310344827586
22.0,447,18654112,20.318181818181817
4.0,222,18654334,55.5
28.0,686,18655020,24.5
0.0,90,18655110,inf
5.0,122,18655232,24.4
1.0,25,18655257,25.0
7.0,174,18655431,24.857142857142858
18.0,513,18655944,28.5
26.0,758,18656702,29.153846153846153
5.0,194,18656896,38.8
4.0,105,18657001,26.25
15.0,367,18657368,24.466666666666665
6.0,173,18657541,28.833333333333332
8.0,210,18657751,26.25
11.0,287,18658038,26.09090909090909
15.0,375,18658413,25.0
2.0,60,18658473,30.0
11.0,268,18658741,24.363636363636363
15.0,240,18658981,16.0
5.0,136,18659117,27.2
19.0,448,18659565,23.57894736842105
17.0,493,18660058,29.0
2.0,506,18660564,253.0
12.0,263,18660827,21.916666666666668
19.0,451,18661278,23.736842105263158
7.0,156,18661434,22.285714285714285
15.0,286,18661720,19.066666666666666
8.0,166,18661886,20.75
14.0,320,18662206,22.857142857142858
16.0,374,18662580,23.375
8.0,190,18662770,23.75
30.0,834,18663604,27.8
23.0,755,18664359,32.82608695652174
14.0,390,18664749,27.857142857142858
2.0,458,18665207,229.0
7.0,187,18665394,26.714285714285715
19.0,480,18665874,25.263157894736842
27.0,824,18666698,30.51851851851852
11.0,232,18666930,21.09090909090909
2.0,72,18667002,36.0
2.0,46,18667048,23.0
2.0,68,18667116,34.0
5.0,121,18667237,24.2
25.0,602,18667839,24.08
10.0,189,18668028,18.9
26.0,617,18668645,23.73076923076923
20.0,352,18668997,17.6
3.0,83,18669080,27.666666666666668
1.0,448,18669528,448.0
25.0,664,18670192,26.56
1.0,54,18670246,54.0
3.0,94,18670340,31.333333333333332
10.0,177,18670517,17.7
26.0,652,18671169,25.076923076923077
21.0,421,18671590,20.047619047619047
1.0,456,18672046,456.0
21.0,599,18672645,28.523809523809526
22.0,505,18673150,22.954545454545453
5.0,225,18673375,45.0
5.0,146,18673521,29.2
7.0,162,18673683,23.142857142857142
7.0,173,18673856,24.714285714285715
23.0,663,18674519,28.82608695652174
13.0,340,18674859,26.153846153846153
22.0,384,18675243,17.454545454545453
0.0,441,18675684,inf
0.0,23,18675707,inf
14.0,394,18676101,28.142857142857142
3.0,52,18676153,17.333333333333332
27.0,607,18676760,22.48148148148148
12.0,347,18677107,28.916666666666668
28.0,807,18677914,28.821428571428573
5.0,195,18678109,39.0
4.0,65,18678174,16.25
12.0,247,18678421,20.583333333333332
6.0,190,18678611,31.666666666666668
5.0,156,18678767,31.2
15.0,466,18679233,31.066666666666666
25.0,613,18679846,24.52
21.0,621,18680467,29.571428571428573
16.0,425,18680892,26.5625
4.0,100,18680992,25.0
6.0,153,18681145,25.5
12.0,331,18681476,27.583333333333332
19.0,563,18682039,29.63157894736842
6.0,176,18682215,29.333333333333332
10.0,233,18682448,23.3
5.0,187,18682635,37.4
6.0,187,18682822,31.166666666666668
7.0,184,18683006,26.285714285714285
16.0,432,18683438,27.0
26.0,619,18684057,23.807692307692307
24.0,694,18684751,28.916666666666668
19.0,418,18685169,22.0
27.0,618,18685787,22.88888888888889
1.0,26,18685813,26.0
11.0,325,18686138,29.545454545454547
19.0,387,18686525,20.36842105263158
2.0,94,18686619,47.0
26.0,605,18687224,23.26923076923077
31.0,938,18688162,30.258064516129032
23.0,606,18688768,26.347826086956523
11.0,271,18689039,24.636363636363637
12.0,258,18689297,21.5
22.0,485,18689782,22.045454545454547
14.0,334,18690116,23.857142857142858
10.0,315,18690431,31.5
18.0,392,18690823,21.77777777777778
8.0,200,18691023,25.0
23.0,639,18691662,27.782608695652176
3.0,526,18692188,175.33333333333334
12.0,274,18692462,22.833333333333332
12.0,244,18692706,20.333333333333332
18.0,414,18693120,23.0
21.0,477,18693597,22.714285714285715
18.0,515,18694112,28.61111111111111
7.0,138,18694250,19.714285714285715
25.0,507,18694757,20.28
23.0,635,18695392,27.608695652173914
3.0,82,18695474,27.333333333333332
18.0,418,18695892,23.22222222222222
25.0,582,18696474,23.28
0.0,441,18696915,inf
2.0,66,18696981,33.0
2.0,40,18697021,20.0
26.0,694,18697715,26.692307692307693
24.0,597,18698312,24.875
27.0,760,18699072,28.14814814814815
0.0,87,18699159,inf
7.0,161,18699320,23.0
14.0,302,18699622,21.571428571428573
18.0,426,18700048,23.666666666666668
22.0,452,18700500,20.545454545454547
19.0,597,18701097,31.42105263157895
2.0,77,18701174,38.5
20.0,498,18701672,24.9
18.0,408,18702080,22.666666666666668
17.0,344,18702424,20.235294117647058
14.0,299,18702723,21.357142857142858
26.0,717,18703440,27.576923076923077
31.0,756,18704196,24.387096774193548
1.0,451,18704647,451.0
15.0,319,18704966,21.266666666666666
12.0,254,18705220,21.166666666666668
16.0,518,18705738,32.375
13.0,405,18706143,31.153846153846153
8.0,227,18706370,28.375
13.0,343,18706713,26.384615384615383
0.0,51,18706764,inf
1.0,450,18707214,450.0
1.0,50,18707264,50.0
29.0,722,18707986,24.896551724137932
21.0,528,18708514,25.142857142857142
9.0,231,18708745,25.666666666666668
5.0,104,18708849,20.8
1.0,452,18709301,452.0
7.0,151,18709452,21.571428571428573
8.0,142,18709594,17.75
16.0,449,18710043,28.0625
16.0,338,18710381,21.125
4.0,162,18710543,40.5
19.0,642,18711185,33.78947368421053
1.0,450,18711635,450.0
1.0,498,18712133,498.0
10.0,199,18712332,19.9
18.0,405,18712737,22.5
10.0,231,18712968,23.1
12.0,292,18713260,24.333333333333332
19.0,489,18713749,25.736842105263158
30.0,766,18714515,25.533333333333335
18.0,533,18715048,29.61111111111111
17.0,411,18715459,24.176470588235293
11.0,324,18715783,29.454545454545453
6.0,167,18715950,27.833333333333332
2.0,482,18716432,241.0
15.0,399,18716831,26.6
16.0,390,18717221,24.375
10.0,257,18717478,25.7
9.0,184,18717662,20.444444444444443
11.0,227,18717889,20.636363636363637
8.0,225,18718114,28.125
11.0,311,18718425,28.272727272727273
18.0,372,18718797,20.666666666666668
10.0,206,18719003,20.6
22.0,493,18719496,22.40909090909091
8.0,208,18719704,26.0
18.0,463,18720167,25.72222222222222
19.0,383,18720550,20.157894736842106
11.0,229,18720779,20.818181818181817
13.0,379,18721158,29.153846153846153
9.0,236,18721394,26.22222222222222
22.0,494,18721888,22.454545454545453
15.0,396,18722284,26.4
5.0,208,18722492,41.6
29.0,715,18723207,24.655172413793103
28.0,604,18723811,21.571428571428573
10.0,190,18724001,19.0
15.0,384,18724385,25.6
5.0,187,18724572,37.4
10.0,270,18724842,27.0
32.0,841,18725683,26.28125
1.0,58,18725741,58.0
9.0,172,18725913,19.11111111111111
11.0,239,18726152,21.727272727272727
16.0,536,18726688,33.5
1.0,452,18727140,452.0
24.0,568,18727708,23.666666666666668
30.0,814,18728522,27.133333333333333
11.0,274,18728796,24.90909090909091
16.0,270,18729066,16.875
1.0,22,18729088,22.0
12.0,340,18729428,28.333333333333332
14.0,253,18729681,18.071428571428573
22.0,542,18730223,24.636363636363637
5.0,121,18730344,24.2
5.0,158,18730502,31.6
5.0,106,18730608,21.2
13.0,342,18730950,26.307692307692307
2.0,461,18731411,230.5
14.0,332,18731743,23.714285714285715
9.0,205,18731948,22.77777777777778
9.0,284,18732232,31.555555555555557
11.0,244,18732476,22.181818181818183
5.0,112,18732588,22.4
22.0,605,18733193,27.5
6.0,158,18733351,26.333333333333332
8.0,350,18733701,43.75
11.0,367,18734068,33.36363636363637
8.0,240,18734308,30.0
14.0,479,18734787,34.214285714285715
1.0,456,18735243,456.0
0.0,90,18735333,inf
17.0,354,18735687,20.823529411764707
17.0,359,18736046,21.11764705882353
9.0,145,18736191,16.11111111111111
22.0,695,18736886,31.59090909090909
10.0,207,18737093,20.7
25.0,626,18737719,25.04
2.0,40,18737759,20.0
3.0,86,18737845,28.666666666666668
27.0,554,18738399,20.51851851851852
17.0,392,18738791,23.058823529411764
8.0,167,18738958,20.875
33.0,1026,18739984,31.09090909090909
3.0,62,18740046,20.666666666666668
7.0,144,18740190,20.571428571428573
14.0,380,18740570,27.142857142857142
10.0,199,18740769,19.9
9.0,261,18741030,29.0
0.0,441,18741471,inf
11.0,271,18741742,24.636363636363637
0.0,441,18742183,inf
17.0,449,18742632,26.41176470588235
9.0,170,18742802,18.88888888888889
23.0,591,18743393,25.695652173913043
13.0,342,18743735,26.307692307692307
26.0,861,18744596,33.11538461538461
27.0,796,18745392,29.48148148148148
10.0,309,18745701,30.9
15.0,318,18746019,21.2
8.0,315,18746334,39.375
6.0,123,18746457,20.5
5.0,70,18746527,14.0
4.0,102,18746629,25.5
9.0,198,18746827,22.0
12.0,380,18747207,31.666666666666668
16.0,454,18747661,28.375
9.0,268,18747929,29.77777777777778
12.0,357,18748286,29.75
26.0,627,18748913,24.115384615384617
19.0,395,18749308,20.789473684210527
6.0,112,18749420,18.666666666666668
16.0,417,18749837,26.0625
17.0,443,18750280,26.058823529411764
1.0,452,18750732,452.0
24.0,550,18751282,22.916666666666668
25.0,666,18751948,26.64
1.0,28,18751976,28.0
2.0,69,18752045,34.5
9.0,288,18752333,32.0
21.0,455,18752788,21.666666666666668
5.0,172,18752960,34.4
32.0,919,18753879,28.71875
19.0,483,18754362,25.42105263157895
13.0,343,18754705,26.384615384615383
27.0,581,18755286,21.51851851851852
5.0,149,18755435,29.8
4.0,167,18755602,41.75
13.0,305,18755907,23.46153846153846
7.0,187,18756094,26.714285714285715
26.0,554,18756648,21.307692307692307
1.0,465,18757113,465.0
30.0,789,18757902,26.3
7.0,209,18758111,29.857142857142858
1.0,28,18758139,28.0
9.0,194,18758333,21.555555555555557
15.0,451,18758784,30.066666666666666
2.0,52,18758836,26.0
9.0,361,18759197,40.111111111111114
11.0,466,18759663,42.36363636363637
12.0,355,18760018,29.583333333333332
13.0,491,18760509,37.76923076923077
11.0,368,18760877,33.45454545454545
31.0,1009,18761886,32.54838709677419
12.0,424,18762310,35.333333333333336
22.0,906,18763216,41.18181818181818
19.0,756,18763972,39.78947368421053
1.0,456,18764428,456.0
10.0,411,18764839,41.1
17.0,731,18765570,43.0
12.0,816,18766386,68.0
20.0,741,18767127,37.05
16.0,952,18768079,59.5
23.0,1001,18769080,43.52173913043478
13.0,632,18769712,48.61538461538461
21.0,671,18770383,31.952380952380953
1.0,25,18770408,25.0
7.0,155,18770563,22.142857142857142
2.0,495,18771058,247.5
29.0,830,18771888,28.620689655172413
20.0,652,18772540,32.6
21.0,892,18773432,42.476190476190474
12.0,476,18773908,39.666666666666664
18.0,607,18774515,33.72222222222222
21.0,778,18775293,37.04761904761905
19.0,526,18775819,27.68421052631579
0.0,87,18775906,inf
10.0,206,18776112,20.6
17.0,968,18777080,56.94117647058823
14.0,434,18777514,31.0
10.0,368,18777882,36.8
0.0,441,18778323,inf
26.0,887,18779210,34.11538461538461
19.0,743,18779953,39.10526315789474
20.0,640,18780593,32.0
14.0,829,18781422,59.214285714285715
5.0,206,18781628,41.2
5.0,165,18781793,33.0
18.0,654,18782447,36.333333333333336
29.0,1143,18783590,39.41379310344828
14.0,445,18784035,31.785714285714285
30.0,1367,18785402,45.56666666666667
16.0,525,18785927,32.8125
15.0,391,18786318,26.066666666666666
10.0,406,18786724,40.6
9.0,303,18787027,33.666666666666664
0.0,441,18787468,inf
8.0,339,18787807,42.375
21.0,744,18788551,35.42857142857143
23.0,823,18789374,35.78260869565217
13.0,954,18790328,73.38461538461539
14.0,469,18790797,33.5
21.0,711,18791508,33.857142857142854
16.0,576,18792084,36.0
1.0,46,18792130,46.0
12.0,394,18792524,32.833333333333336
5.0,304,18792828,60.8
10.0,232,18793060,23.2
1.0,457,18793517,457.0
11.0,423,18793940,38.45454545454545
18.0,603,18794543,33.5
10.0,323,18794866,32.3
19.0,767,18795633,40.36842105263158
17.0,370,18796003,21.764705882352942
12.0,450,18796453,37.5
12.0,405,18796858,33.75
19.0,712,18797570,37.473684210526315
10.0,394,18797964,39.4
5.0,267,18798231,53.4
13.0,424,18798655,32.61538461538461
14.0,419,18799074,29.928571428571427
18.0,502,18799576,27.88888888888889
1.0,454,18800030,454.0
5.0,136,18800166,27.2
14.0,494,18800660,35.285714285714285
15.0,425,18801085,28.333333333333332
9.0,318,18801403,35.333333333333336
1.0,472,18801875,472.0
13.0,388,18802263,29.846153846153847
17.0,687,18802950,40.411764705882355
7.0,234,18803184,33.42857142857143
9.0,323,18803507,35.888888888888886
1.0,451,18803958,451.0
21.0,877,18804835,41.76190476190476
22.0,743,18805578,33.77272727272727
16.0,636,18806214,39.75
9.0,261,18806475,29.0
13.0,568,18807043,43.69230769230769
3.0,495,18807538,165.0
5.0,228,18807766,45.6
14.0,445,18808211,31.785714285714285
2.0,534,18808745,267.0
2.0,66,18808811,33.0
37.0,1308,18810119,35.351351351351354
9.0,311,18810430,34.55555555555556
4.0,99,18810529,24.75
5.0,236,18810765,47.2
5.0,225,18810990,45.0
12.0,743,18811733,61.916666666666664
19.0,562,18812295,29.57894736842105
4.0,166,18812461,41.5
11.0,343,18812804,31.181818181818183
11.0,440,18813244,40.0
14.0,911,18814155,65.07142857142857
11.0,452,18814607,41.09090909090909
2.0,485,18815092,242.5
12.0,432,18815524,36.0
11.0,388,18815912,35.27272727272727
12.0,447,18816359,37.25
3.0,565,18816924,188.33333333333334
13.0,507,18817431,39.0
0.0,441,18817872,inf
23.0,923,18818795,40.130434782608695
23.0,750,18819545,32.608695652173914
28.0,840,18820385,30.0
20.0,1293,18821678,64.65
11.0,368,18822046,33.45454545454545
6.0,117,18822163,19.5
19.0,1082,18823245,56.94736842105263
16.0,514,18823759,32.125
13.0,373,18824132,28.692307692307693
1.0,460,18824592,460.0
2.0,491,18825083,245.5
12.0,445,18825528,37.083333333333336
4.0,136,18825664,34.0
15.0,680,18826344,45.333333333333336
7.0,152,18826496,21.714285714285715
9.0,232,18826728,25.77777777777778
11.0,507,18827235,46.09090909090909
15.0,534,18827769,35.6
4.0,135,18827904,33.75
2.0,32,18827936,16.0
4.0,134,18828070,33.5
36.0,1388,18829458,38.55555555555556
9.0,409,18829867,45.44444444444444
21.0,802,18830669,38.19047619047619
26.0,1118,18831787,43.0
7.0,757,18832544,108.14285714285714
22.0,1224,18833768,55.63636363636363
20.0,715,18834483,35.75
3.0,151,18834634,50.333333333333336
28.0,976,18835610,34.857142857142854
7.0,232,18835842,33.142857142857146
9.0,226,18836068,25.11111111111111
14.0,893,18836961,63.785714285714285
16.0,591,18837552,36.9375
9.0,313,18837865,34.77777777777778
6.0,254,18838119,42.333333333333336
7.0,242,18838361,34.57142857142857
23.0,770,18839131,33.47826086956522
4.0,152,18839283,38.0
29.0,1045,18840328,36.03448275862069
19.0,782,18841110,41.1578947368421
11.0,534,18841644,48.54545454545455
17.0,656,18842300,38.588235294117645
1.0,476,18842776,476.0
25.0,1094,18843870,43.76
14.0,538,18844408,38.42857142857143
12.0,328,18844736,27.333333333333332
15.0,495,18845231,33.0
30.0,1201,18846432,40.03333333333333
0.0,441,18846873,inf
8.0,343,18847216,42.875
28.0,965,18848181,34.464285714285715
13.0,414,18848595,31.846153846153847
9.0,220,18848815,24.444444444444443
17.0,544,18849359,32.0
14.0,580,18849939,41.42857142857143
19.0,1010,18850949,53.1578947368421
8.0,278,18851227,34.75
36.0,1371,18852598,38.083333333333336
27.0,1054,18853652,39.03703703703704
18.0,691,18854343,38.388888888888886
0.0,21,18854364,inf
13.0,745,18855109,57.30769230769231
0.0,441,18855550,inf
12.0,452,18856002,37.666666666666664
5.0,171,18856173,34.2
17.0,576,18856749,33.88235294117647
18.0,675,18857424,37.5
11.0,815,18858239,74.0909090909091
22.0,674,18858913,30.636363636363637
10.0,453,18859366,45.3
25.0,797,18860163,31.88
16.0,499,18860662,31.1875
3.0,117,18860779,39.0
12.0,410,18861189,34.166666666666664
22.0,808,18861997,36.72727272727273
5.0,192,18862189,38.4
2.0,89,18862278,44.5
26.0,941,18863219,36.19230769230769
12.0,381,18863600,31.75
17.0,452,18864052,26.58823529411765
6.0,153,18864205,25.5
21.0,710,18864915,33.80952380952381
5.0,254,18865169,50.8
4.0,136,18865305,34.0
7.0,174,18865479,24.857142857142858
5.0,194,18865673,38.8
23.0,780,18866453,33.91304347826087
40.0,1373,18867826,34.325
14.0,649,18868475,46.357142857142854
17.0,483,18868958,28.41176470588235
15.0,474,18869432,31.6
17.0,577,18870009,33.94117647058823
3.0,109,18870118,36.333333333333336
26.0,869,18870987,33.42307692307692
6.0,184,18871171,30.666666666666668
11.0,569,18871740,51.72727272727273
12.0,395,18872135,32.916666666666664
3.0,54,18872189,18.0
4.0,176,18872365,44.0
16.0,595,18872960,37.1875
22.0,1080,18874040,49.09090909090909
5.0,225,18874265,45.0
20.0,727,18874992,36.35
5.0,271,18875263,54.2
5.0,548,18875811,109.6
28.0,955,18876766,34.107142857142854
27.0,966,18877732,35.77777777777778
4.0,220,18877952,55.0
19.0,983,18878935,51.73684210526316
18.0,1074,18880009,59.666666666666664
1.0,459,18880468,459.0
18.0,625,18881093,34.72222222222222
13.0,517,18881610,39.76923076923077
11.0,959,18882569,87.18181818181819
23.0,670,18883239,29.130434782608695
7.0,276,18883515,39.42857142857143
12.0,514,18884029,42.833333333333336
18.0,599,18884628,33.27777777777778
0.0,441,18885069,inf
20.0,566,18885635,28.3
25.0,846,18886481,33.84
15.0,615,18887096,41.0
25.0,1008,18888104,40.32
17.0,438,18888542,25.764705882352942
20.0,683,18889225,34.15
1.0,461,18889686,461.0
14.0,507,18890193,36.214285714285715
15.0,605,18890798,40.333333333333336
20.0,657,18891455,32.85
1.0,458,18891913,458.0
17.0,726,18892639,42.705882352941174
13.0,443,18893082,34.07692307692308
15.0,564,18893646,37.6
10.0,412,18894058,41.2
1.0,56,18894114,56.0
15.0,448,18894562,29.866666666666667
17.0,615,18895177,36.1764705882353
3.0,55,18895232,18.333333333333332
21.0,827,18896059,39.38095238095238
19.0,646,18896705,34.0
8.0,398,18897103,49.75
18.0,600,18897703,33.333333333333336
3.0,141,18897844,47.0
11.0,387,18898231,35.18181818181818
7.0,171,18898402,24.428571428571427
10.0,486,18898888,48.6
2.0,104,18898992,52.0
19.0,527,18899519,27.736842105263158
4.0,283,18899802,70.75
5.0,174,18899976,34.8
15.0,571,18900547,38.06666666666667
19.0,622,18901169,32.73684210526316
4.0,203,18901372,50.75
7.0,214,18901586,30.571428571428573
8.0,317,18901903,39.625
26.0,992,18902895,38.15384615384615
16.0,686,18903581,42.875
0.0,441,18904022,inf
12.0,445,18904467,37.083333333333336
22.0,1047,18905514,47.59090909090909
7.0,222,18905736,31.714285714285715
20.0,681,18906417,34.05
31.0,994,18907411,32.064516129032256
34.0,1304,18908715,38.35294117647059
12.0,505,18909220,42.083333333333336
14.0,610,18909830,43.57142857142857
3.0,474,18910304,158.0
11.0,333,18910637,30.272727272727273
7.0,387,18911024,55.285714285714285
3.0,530,18911554,176.66666666666666
9.0,318,18911872,35.333333333333336
0.0,441,18912313,inf
13.0,388,18912701,29.846153846153847
15.0,554,18913255,36.93333333333333
4.0,245,18913500,61.25
18.0,558,18914058,31.0
24.0,913,18914971,38.041666666666664
1.0,24,18914995,24.0
2.0,74,18915069,37.0
2.0,121,18915190,60.5
22.0,1019,18916209,46.31818181818182
12.0,275,18916484,22.916666666666668
0.0,20,18916504,inf
14.0,504,18917008,36.0
8.0,267,18917275,33.375
8.0,202,18917477,25.25
9.0,286,18917763,31.77777777777778
22.0,940,18918703,42.72727272727273
18.0,575,18919278,31.944444444444443
8.0,225,18919503,28.125
26.0,897,18920400,34.5
12.0,551,18920951,45.916666666666664
18.0,601,18921552,33.388888888888886
27.0,981,18922533,36.333333333333336
8.0,232,18922765,29.0
11.0,495,18923260,45.0
22.0,820,18924080,37.27272727272727
2.0,60,18924140,30.0
23.0,810,18924950,35.21739130434783
18.0,580,18925530,32.22222222222222
13.0,398,18925928,30.615384615384617
21.0,639,18926567,30.428571428571427
18.0,717,18927284,39.833333333333336
13.0,476,18927760,36.61538461538461
12.0,574,18928334,47.833333333333336
3.0,511,18928845,170.33333333333334
8.0,207,18929052,25.875
18.0,545,18929597,30.27777777777778
10.0,557,18930154,55.7
12.0,467,18930621,38.916666666666664
20.0,757,18931378,37.85
12.0,664,18932042,55.333333333333336
3.0,81,18932123,27.0
15.0,368,18932491,24.533333333333335
10.0,378,18932869,37.8
8.0,210,18933079,26.25
25.0,997,18934076,39.88
15.0,652,18934728,43.46666666666667
28.0,1113,18935841,39.75
13.0,660,18936501,50.76923076923077
1.0,73,18936574,73.0
19.0,911,18937485,47.94736842105263
8.0,150,18937635,18.75
1.0,83,18937718,83.0
3.0,119,18937837,39.666666666666664
16.0,440,18938277,27.5
7.0,167,18938444,23.857142857142858
14.0,471,18938915,33.642857142857146
8.0,313,18939228,39.125
0.0,54,18939282,inf
15.0,352,18939634,23.466666666666665
19.0,530,18940164,27.894736842105264
18.0,628,18940792,34.888888888888886
5.0,135,18940927,27.0
13.0,341,18941268,26.23076923076923
4.0,187,18941455,46.75
3.0,189,18941644,63.0
8.0,178,18941822,22.25
17.0,431,18942253,25.352941176470587
5.0,106,18942359,21.2
0.0,51,18942410,inf
10.0,305,18942715,30.5
0.0,43,18942758,inf
8.0,278,18943036,34.75
21.0,678,18943714,32.285714285714285
6.0,191,18943905,31.833333333333332
8.0,170,18944075,21.25
21.0,649,18944724,30.904761904761905
2.0,85,18944809,42.5
7.0,267,18945076,38.142857142857146
5.0,222,18945298,44.4
21.0,530,18945828,25.238095238095237
11.0,374,18946202,34.0
6.0,146,18946348,24.333333333333332
22.0,718,18947066,32.63636363636363
19.0,568,18947634,29.894736842105264
15.0,462,18948096,30.8
15.0,396,18948492,26.4
18.0,509,18949001,28.27777777777778
20.0,795,18949796,39.75
10.0,433,18950229,43.3
2.0,31,18950260,15.5
0.0,23,18950283,inf
19.0,717,18951000,37.73684210526316
34.0,1304,18952304,38.35294117647059
7.0,205,18952509,29.285714285714285
19.0,582,18953091,30.63157894736842
1.0,46,18953137,46.0
5.0,115,18953252,23.0
1.0,60,18953312,60.0
12.0,486,18953798,40.5
5.0,181,18953979,36.2
2.0,49,18954028,24.5
8.0,272,18954300,34.0
3.0,89,18954389,29.666666666666668
24.0,799,18955188,33.291666666666664
23.0,694,18955882,30.17391304347826
12.0,462,18956344,38.5
8.0,262,18956606,32.75
3.0,128,18956734,42.666666666666664
8.0,282,18957016,35.25
4.0,93,18957109,23.25
28.0,1105,18958214,39.464285714285715
22.0,768,18958982,34.90909090909091
2.0,35,18959017,17.5
34.0,1083,18960100,31.852941176470587
19.0,680,18960780,35.78947368421053
7.0,260,18961040,37.142857142857146
0.0,441,18961481,inf
16.0,655,18962136,40.9375
7.0,308,18962444,44.0
27.0,905,18963349,33.51851851851852
16.0,536,18963885,33.5
6.0,229,18964114,38.166666666666664
17.0,626,18964740,36.8235294117647
7.0,270,18965010,38.57142857142857
30.0,1031,18966041,34.36666666666667
18.0,519,18966560,28.833333333333332
11.0,400,18966960,36.36363636363637
2.0,103,18967063,51.5
6.0,178,18967241,29.666666666666668
6.0,213,18967454,35.5
3.0,105,18967559,35.0
2.0,43,18967602,21.5
2.0,75,18967677,37.5
31.0,1092,18968769,35.225806451612904
7.0,339,18969108,48.42857142857143
5.0,257,18969365,51.4
6.0,222,18969587,37.0
3.0,66,18969653,22.0
8.0,254,18969907,31.75
1.0,86,18969993,86.0
1.0,32,18970025,32.0
5.0,214,18970239,42.8
9.0,365,18970604,40.55555555555556
14.0,487,18971091,34.785714285714285
1.0,36,18971127,36.0
1.0,21,18971148,21.0
8.0,235,18971383,29.375
17.0,506,18971889,29.764705882352942
8.0,286,18972175,35.75
14.0,427,18972602,30.5
2.0,106,18972708,53.0
22.0,596,18973304,27.09090909090909
4.0,113,18973417,28.25
14.0,517,18973934,36.92857142857143
13.0,539,18974473,41.46153846153846
29.0,977,18975450,33.689655172413794
28.0,930,18976380,33.214285714285715
11.0,325,18976705,29.545454545454547
22.0,684,18977389,31.09090909090909
7.0,258,18977647,36.857142857142854
2.0,122,18977769,61.0
12.0,431,18978200,35.916666666666664
2.0,155,18978355,77.5
4.0,151,18978506,37.75
11.0,286,18978792,26.0
3.0,115,18978907,38.333333333333336
2.0,49,18978956,24.5
15.0,602,18979558,40.13333333333333
31.0,990,18980548,31.93548387096774
3.0,103,18980651,34.333333333333336
5.0,121,18980772,24.2
8.0,322,18981094,40.25
0.0,25,18981119,inf
8.0,311,18981430,38.875
3.0,161,18981591,53.666666666666664
0.0,441,18982032,inf
9.0,319,18982351,35.44444444444444
2.0,60,18982411,30.0
23.0,591,18983002,25.695652173913043
9.0,364,18983366,40.44444444444444
24.0,618,18983984,25.75
21.0,536,18984520,25.523809523809526
7.0,262,18984782,37.42857142857143
8.0,262,18985044,32.75
17.0,565,18985609,33.23529411764706
8.0,231,18985840,28.875
6.0,251,18986091,41.833333333333336
2.0,133,18986224,66.5
18.0,581,18986805,32.27777777777778
18.0,643,18987448,35.72222222222222
3.0,143,18987591,47.666666666666664
2.0,48,18987639,24.0
8.0,209,18987848,26.125
14.0,386,18988234,27.571428571428573
21.0,682,18988916,32.476190476190474
11.0,415,18989331,37.72727272727273
14.0,359,18989690,25.642857142857142
8.0,255,18989945,31.875
21.0,815,18990760,38.80952380952381
9.0,375,18991135,41.666666666666664
15.0,451,18991586,30.066666666666666
8.0,288,18991874,36.0
26.0,834,18992708,32.07692307692308
8.0,387,18993095,48.375
23.0,764,18993859,33.21739130434783
33.0,1359,18995218,41.18181818181818
2.0,113,18995331,56.5
27.0,714,18996045,26.444444444444443
7.0,102,18996147,14.571428571428571
5.0,183,18996330,36.6
6.0,239,18996569,39.833333333333336
20.0,618,18997187,30.9
10.0,309,18997496,30.9
25.0,946,18998442,37.84
7.0,336,18998778,48.0
12.0,347,18999125,28.916666666666668
10.0,250,18999375,25.0
21.0,809,19000184,38.523809523809526
14.0,446,19000630,31.857142857142858
32.0,1225,19001855,38.28125
4.0,187,19002042,46.75
9.0,267,19002309,29.666666666666668
24.0,833,19003142,34.708333333333336
8.0,284,19003426,35.5
7.0,236,19003662,33.714285714285715
25.0,722,19004384,28.88
13.0,424,19004808,32.61538461538461
14.0,464,19005272,33.142857142857146
13.0,368,19005640,28.307692307692307
9.0,302,19005942,33.55555555555556
25.0,700,19006642,28.0
6.0,169,19006811,28.166666666666668
7.0,228,19007039,32.57142857142857
17.0,500,19007539,29.41176470588235
7.0,201,19007740,28.714285714285715
11.0,336,19008076,30.545454545454547
11.0,283,19008359,25.727272727272727
5.0,247,19008606,49.4
11.0,344,19008950,31.272727272727273
32.0,1032,19009982,32.25
4.0,102,19010084,25.5
6.0,170,19010254,28.333333333333332
14.0,469,19010723,33.5
16.0,453,19011176,28.3125
17.0,496,19011672,29.176470588235293
5.0,160,19011832,32.0
5.0,108,19011940,21.6
30.0,1026,19012966,34.2
15.0,530,19013496,35.333333333333336
19.0,574,19014070,30.210526315789473
10.0,331,19014401,33.1
8.0,257,19014658,32.125
7.0,123,19014781,17.571428571428573
17.0,709,19015490,41.705882352941174
6.0,208,19015698,34.666666666666664
7.0,331,19016029,47.285714285714285
11.0,396,19016425,36.0
18.0,644,19017069,35.77777777777778
7.0,213,19017282,30.428571428571427
8.0,280,19017562,35.0
7.0,195,19017757,27.857142857142858
18.0,590,19018347,32.77777777777778
6.0,235,19018582,39.166666666666664
5.0,130,19018712,26.0
0.0,19,19018731,inf
22.0,777,19019508,35.31818181818182
7.0,303,19019811,43.285714285714285
3.0,45,19019856,15.0
20.0,634,19020490,31.7
2.0,63,19020553,31.5
9.0,259,19020812,28.77777777777778
17.0,353,19021165,20.764705882352942
13.0,369,19021534,28.384615384615383
11.0,351,19021885,31.90909090909091
7.0,261,19022146,37.285714285714285
3.0,172,19022318,57.333333333333336
5.0,204,19022522,40.8
18.0,534,19023056,29.666666666666668
18.0,628,19023684,34.888888888888886
2.0,39,19023723,19.5
5.0,69,19023792,13.8
11.0,252,19024044,22.90909090909091
17.0,604,19024648,35.529411764705884
12.0,415,19025063,34.583333333333336
25.0,920,19025983,36.8
13.0,423,19026406,32.53846153846154
7.0,270,19026676,38.57142857142857
10.0,308,19026984,30.8
5.0,231,19027215,46.2
5.0,172,19027387,34.4
2.0,113,19027500,56.5
2.0,25,19027525,12.5
19.0,672,19028197,35.36842105263158
1.0,451,19028648,451.0
17.0,519,19029167,30.529411764705884
13.0,481,19029648,37.0
23.0,747,19030395,32.47826086956522
12.0,523,19030918,43.583333333333336
18.0,548,19031466,30.444444444444443
1.0,450,19031916,450.0
17.0,434,19032350,25.529411764705884
22.0,686,19033036,31.181818181818183
20.0,827,19033863,41.35
26.0,836,19034699,32.15384615384615
20.0,698,19035397,34.9
13.0,445,19035842,34.23076923076923
28.0,731,19036573,26.107142857142858
2.0,507,19037080,253.5
11.0,353,19037433,32.09090909090909
1.0,24,19037457,24.0
6.0,250,19037707,41.666666666666664
2.0,210,19037917,105.0
11.0,493,19038410,44.81818181818182
10.0,279,19038689,27.9
28.0,963,19039652,34.392857142857146
5.0,217,19039869,43.4
18.0,587,19040456,32.611111111111114
9.0,391,19040847,43.44444444444444
4.0,93,19040940,23.25
18.0,499,19041439,27.72222222222222
19.0,551,19041990,29.0
10.0,341,19042331,34.1
0.0,55,19042386,inf
13.0,527,19042913,40.53846153846154
29.0,923,19043836,31.82758620689655
9.0,362,19044198,40.22222222222222
17.0,646,19044844,38.0
10.0,354,19045198,35.4
12.0,405,19045603,33.75
29.0,1020,19046623,35.172413793103445
23.0,877,19047500,38.130434782608695
24.0,872,19048372,36.333333333333336
11.0,261,19048633,23.727272727272727
16.0,394,19049027,24.625
3.0,56,19049083,18.666666666666668
1.0,80,19049163,80.0
21.0,747,19049910,35.57142857142857
4.0,78,19049988,19.5
28.0,1189,19051177,42.464285714285715
23.0,786,19051963,34.17391304347826
28.0,1085,19053048,38.75
11.0,400,19053448,36.36363636363637
20.0,791,19054239,39.55
12.0,383,19054622,31.916666666666668
4.0,163,19054785,40.75
1.0,457,19055242,457.0
19.0,822,19056064,43.26315789473684
6.0,200,19056264,33.333333333333336
1.0,444,19056708,444.0
28.0,894,19057602,31.928571428571427
27.0,930,19058532,34.44444444444444
16.0,440,19058972,27.5
12.0,464,19059436,38.666666666666664
20.0,790,19060226,39.5
18.0,625,19060851,34.72222222222222
2.0,141,19060992,70.5
5.0,225,19061217,45.0
9.0,221,19061438,24.555555555555557
11.0,459,19061897,41.72727272727273
13.0,446,19062343,34.30769230769231
3.0,574,19062917,191.33333333333334
27.0,1097,19064014,40.629629629629626
5.0,358,19064372,71.6
22.0,777,19065149,35.31818181818182
8.0,413,19065562,51.625
23.0,936,19066498,40.69565217391305
2.0,85,19066583,42.5
26.0,899,19067482,34.57692307692308
3.0,163,19067645,54.333333333333336
8.0,444,19068089,55.5
8.0,150,19068239,18.75
20.0,1205,19069444,60.25
8.0,188,19069632,23.5
8.0,263,19069895,32.875
3.0,480,19070375,160.0
9.0,224,19070599,24.88888888888889
22.0,730,19071329,33.18181818181818
5.0,228,19071557,45.6
6.0,146,19071703,24.333333333333332
24.0,990,19072693,41.25
10.0,318,19073011,31.8
12.0,361,19073372,30.083333333333332
20.0,583,19073955,29.15
21.0,561,19074516,26.714285714285715
8.0,319,19074835,39.875
22.0,926,19075761,42.09090909090909
8.0,393,19076154,49.125
23.0,788,19076942,34.26086956521739
17.0,555,19077497,32.64705882352941
15.0,445,19077942,29.666666666666668
17.0,584,19078526,34.35294117647059
9.0,396,19078922,44.0
36.0,1553,19080475,43.138888888888886
11.0,284,19080759,25.818181818181817
4.0,108,19080867,27.0
1.0,451,19081318,451.0
8.0,350,19081668,43.75
38.0,1471,19083139,38.71052631578947
8.0,352,19083491,44.0
14.0,507,19083998,36.214285714285715
25.0,928,19084926,37.12
2.0,481,19085407,240.5
7.0,353,19085760,50.42857142857143
13.0,344,19086104,26.46153846153846
17.0,817,19086921,48.05882352941177
6.0,172,19087093,28.666666666666668
0.0,441,19087534,inf
20.0,953,19088487,47.65
16.0,618,19089105,38.625
15.0,472,19089577,31.466666666666665
17.0,664,19090241,39.05882352941177
19.0,775,19091016,40.78947368421053
1.0,33,19091049,33.0
21.0,934,19091983,44.476190476190474
6.0,197,19092180,32.833333333333336
20.0,616,19092796,30.8
4.0,208,19093004,52.0
23.0,682,19093686,29.652173913043477
2.0,149,19093835,74.5
12.0,317,19094152,26.416666666666668
18.0,605,19094757,33.611111111111114
14.0,349,19095106,24.928571428571427
2.0,503,19095609,251.5
23.0,662,19096271,28.782608695652176
12.0,457,19096728,38.083333333333336
6.0,197,19096925,32.833333333333336
19.0,607,19097532,31.94736842105263
10.0,482,19098014,48.2
2.0,144,19098158,72.0
14.0,507,19098665,36.214285714285715
4.0,144,19098809,36.0
5.0,228,19099037,45.6
10.0,295,19099332,29.5
21.0,556,19099888,26.476190476190474
6.0,148,19100036,24.666666666666668
2.0,20,19100056,10.0
6.0,202,19100258,33.666666666666664
29.0,1208,19101466,41.6551724137931
4.0,96,19101562,24.0
8.0,229,19101791,28.625
23.0,610,19102401,26.52173913043478
11.0,346,19102747,31.454545454545453
13.0,425,19103172,32.69230769230769
9.0,254,19103426,28.22222222222222
14.0,577,19104003,41.214285714285715
15.0,593,19104596,39.53333333333333
14.0,626,19105222,44.714285714285715
17.0,777,19105999,45.705882352941174
12.0,502,19106501,41.833333333333336
0.0,441,19106942,inf
6.0,203,19107145,33.833333333333336
22.0,698,19107843,31.727272727272727
12.0,394,19108237,32.833333333333336
2.0,123,19108360,61.5
18.0,648,19109008,36.0
16.0,515,19109523,32.1875
10.0,387,19109910,38.7
19.0,565,19110475,29.736842105263158
19.0,647,19111122,34.05263157894737
22.0,620,19111742,28.181818181818183
17.0,517,19112259,30.41176470588235
21.0,843,19113102,40.142857142857146
0.0,441,19113543,inf
15.0,471,19114014,31.4
10.0,354,19114368,35.4
9.0,405,19114773,45.0
7.0,286,19115059,40.857142857142854
23.0,671,19115730,29.17391304347826
6.0,232,19115962,38.666666666666664
20.0,731,19116693,36.55
18.0,743,19117436,41.27777777777778
9.0,479,19117915,53.22222222222222
9.0,184,19118099,20.444444444444443
20.0,607,19118706,30.35
8.0,289,19118995,36.125
18.0,771,19119766,42.833333333333336
28.0,1252,19121018,44.714285714285715
6.0,170,19121188,28.333333333333332
20.0,444,19121632,22.2
27.0,907,19122539,33.592592592592595
19.0,628,19123167,33.05263157894737
23.0,730,19123897,31.73913043478261
8.0,496,19124393,62.0
2.0,37,19124430,18.5
15.0,530,19124960,35.333333333333336
11.0,397,19125357,36.09090909090909
4.0,143,19125500,35.75
8.0,217,19125717,27.125
12.0,453,19126170,37.75
10.0,343,19126513,34.3
6.0,137,19126650,22.833333333333332
11.0,347,19126997,31.545454545454547
26.0,1009,19128006,38.80769230769231
23.0,703,19128709,30.565217391304348
1.0,15,19128724,15.0
3.0,174,19128898,58.0
17.0,513,19129411,30.176470588235293
19.0,656,19130067,34.526315789473685
12.0,368,19130435,30.666666666666668
2.0,500,19130935,250.0
23.0,1079,19132014,46.91304347826087
11.0,367,19132381,33.36363636363637
9.0,391,19132772,43.44444444444444
7.0,341,19133113,48.714285714285715
20.0,724,19133837,36.2
8.0,275,19134112,34.375
3.0,493,19134605,164.33333333333334
24.0,640,19135245,26.666666666666668
4.0,80,19135325,20.0
12.0,396,19135721,33.0
23.0,1347,19137068,58.56521739130435
13.0,348,19137416,26.76923076923077
29.0,1038,19138454,35.793103448275865
14.0,378,19138832,27.0
13.0,357,19139189,27.46153846153846
12.0,404,19139593,33.666666666666664
11.0,478,19140071,43.45454545454545
2.0,87,19140158,43.5
6.0,228,19140386,38.0
5.0,219,19140605,43.8
15.0,619,19141224,41.266666666666666
15.0,590,19141814,39.333333333333336
21.0,615,19142429,29.285714285714285
10.0,377,19142806,37.7
7.0,272,19143078,38.857142857142854
4.0,157,19143235,39.25
16.0,518,19143753,32.375
18.0,583,19144336,32.388888888888886
8.0,331,19144667,41.375
21.0,639,19145306,30.428571428571427
15.0,445,19145751,29.666666666666668
25.0,824,19146575,32.96
16.0,515,19147090,32.1875
4.0,164,19147254,41.0
4.0,244,19147498,61.0
3.0,54,19147552,18.0
17.0,400,19147952,23.529411764705884
5.0,117,19148069,23.4
6.0,299,19148368,49.833333333333336
10.0,274,19148642,27.4
3.0,114,19148756,38.0
16.0,683,19149439,42.6875
6.0,162,19149601,27.0
15.0,624,19150225,41.6
14.0,432,19150657,30.857142857142858
22.0,757,19151414,34.40909090909091
7.0,225,19151639,32.142857142857146
13.0,522,19152161,40.15384615384615
8.0,488,19152649,61.0
18.0,654,19153303,36.333333333333336
15.0,532,19153835,35.46666666666667
6.0,245,19154080,40.833333333333336
18.0,729,19154809,40.5
24.0,789,19155598,32.875
31.0,1114,19156712,35.935483870967744
10.0,765,19157477,76.5
23.0,937,19158414,40.73913043478261
3.0,50,19158464,16.666666666666668
2.0,89,19158553,44.5
33.0,1352,19159905,40.96969696969697
21.0,677,19160582,32.23809523809524
16.0,580,19161162,36.25
10.0,369,19161531,36.9
2.0,130,19161661,65.0
10.0,260,19161921,26.0
14.0,598,19162519,42.714285714285715
4.0,121,19162640,30.25
7.0,300,19162940,42.857142857142854
24.0,997,19163937,41.541666666666664
10.0,451,19164388,45.1
7.0,281,19164669,40.142857142857146
25.0,789,19165458,31.56
23.0,882,19166340,38.34782608695652
34.0,1143,19167483,33.61764705882353
10.0,464,19167947,46.4
21.0,578,19168525,27.523809523809526
13.0,628,19169153,48.30769230769231
22.0,708,19169861,32.18181818181818
10.0,297,19170158,29.7
18.0,524,19170682,29.11111111111111
7.0,349,19171031,49.857142857142854
18.0,692,19171723,38.44444444444444
1.0,26,19171749,26.0
13.0,391,19172140,30.076923076923077
8.0,507,19172647,63.375
10.0,408,19173055,40.8
1.0,81,19173136,81.0
18.0,694,19173830,38.55555555555556
7.0,300,19174130,42.857142857142854
17.0,543,19174673,31.941176470588236
4.0,150,19174823,37.5
2.0,78,19174901,39.0
16.0,503,19175404,31.4375
12.0,351,19175755,29.25
16.0,549,19176304,34.3125
15.0,547,19176851,36.46666666666667
6.0,198,19177049,33.0
4.0,138,19177187,34.5
16.0,524,19177711,32.75
10.0,296,19178007,29.6
14.0,472,19178479,33.714285714285715
18.0,615,19179094,34.166666666666664
13.0,622,19179716,47.84615384615385
21.0,542,19180258,25.80952380952381
22.0,764,19181022,34.72727272727273
9.0,387,19181409,43.0
17.0,764,19182173,44.94117647058823
16.0,684,19182857,42.75
10.0,518,19183375,51.8
19.0,648,19184023,34.10526315789474
5.0,98,19184121,19.6
8.0,398,19184519,49.75
20.0,640,19185159,32.0
18.0,510,19185669,28.333333333333332
18.0,528,19186197,29.333333333333332
11.0,419,19186616,38.09090909090909
11.0,339,19186955,30.818181818181817
17.0,572,19187527,33.64705882352941
5.0,222,19187749,44.4
1.0,472,19188221,472.0
18.0,681,19188902,37.833333333333336
12.0,315,19189217,26.25
0.0,441,19189658,inf
8.0,228,19189886,28.5
17.0,479,19190365,28.176470588235293
0.0,57,19190422,inf
12.0,419,19190841,34.916666666666664
4.0,116,19190957,29.0
13.0,386,19191343,29.692307692307693
17.0,611,19191954,35.94117647058823
5.0,201,19192155,40.2
4.0,97,19192252,24.25
8.0,262,19192514,32.75
5.0,224,19192738,44.8
10.0,297,19193035,29.7
3.0,557,19193592,185.66666666666666
14.0,528,19194120,37.714285714285715
10.0,331,19194451,33.1
9.0,316,19194767,35.111111111111114
23.0,927,19195694,40.30434782608695
30.0,1088,19196782,36.266666666666666
19.0,702,19197484,36.94736842105263
11.0,476,19197960,43.27272727272727
14.0,400,19198360,28.571428571428573
29.0,905,19199265,31.20689655172414
10.0,447,19199712,44.7
24.0,939,19200651,39.125
16.0,608,19201259,38.0
18.0,869,19202128,48.27777777777778
7.0,231,19202359,33.0
15.0,533,19202892,35.53333333333333
18.0,562,19203454,31.22222222222222
17.0,659,19204113,38.76470588235294
23.0,789,19204902,34.30434782608695
20.0,872,19205774,43.6
14.0,456,19206230,32.57142857142857
16.0,474,19206704,29.625
21.0,731,19207435,34.80952380952381
13.0,306,19207741,23.53846153846154
2.0,475,19208216,237.5
8.0,300,19208516,37.5
15.0,440,19208956,29.333333333333332
11.0,296,19209252,26.90909090909091
8.0,261,19209513,32.625
1.0,475,19209988,475.0
9.0,288,19210276,32.0
21.0,720,19210996,34.285714285714285
9.0,243,19211239,27.0
11.0,326,19211565,29.636363636363637
12.0,476,19212041,39.666666666666664
24.0,873,19212914,36.375
0.0,56,19212970,inf
5.0,241,19213211,48.2
15.0,543,19213754,36.2
5.0,128,19213882,25.6
25.0,984,19214866,39.36
32.0,978,19215844,30.5625
22.0,646,19216490,29.363636363636363
23.0,622,19217112,27.043478260869566
18.0,612,19217724,34.0
26.0,894,19218618,34.38461538461539
10.0,392,19219010,39.2
12.0,445,19219455,37.083333333333336
27.0,938,19220393,34.74074074074074
7.0,180,19220573,25.714285714285715
7.0,242,19220815,34.57142857142857
12.0,461,19221276,38.416666666666664
0.0,441,19221717,inf
5.0,143,19221860,28.6
14.0,630,19222490,45.0
13.0,317,19222807,24.384615384615383
25.0,810,19223617,32.4
22.0,715,19224332,32.5
16.0,542,19224874,33.875
3.0,492,19225366,164.0
6.0,147,19225513,24.5
6.0,194,19225707,32.333333333333336
12.0,389,19226096,32.416666666666664
4.0,107,19226203,26.75
3.0,80,19226283,26.666666666666668
1.0,167,19226450,167.0
16.0,703,19227153,43.9375
7.0,339,19227492,48.42857142857143
28.0,1139,19228631,40.67857142857143
3.0,167,19228798,55.666666666666664
5.0,171,19228969,34.2
27.0,1021,19229990,37.81481481481482
16.0,494,19230484,30.875
3.0,98,19230582,32.666666666666664
7.0,287,19230869,41.0
25.0,951,19231820,38.04
1.0,73,19231893,73.0
10.0,446,19232339,44.6
11.0,447,19232786,40.63636363636363
9.0,301,19233087,33.44444444444444
6.0,136,19233223,22.666666666666668
4.0,171,19233394,42.75
2.0,46,19233440,23.0
5.0,112,19233552,22.4
13.0,479,19234031,36.84615384615385
8.0,338,19234369,42.25
21.0,990,19235359,47.142857142857146
20.0,652,19236011,32.6
10.0,307,19236318,30.7
17.0,575,19236893,33.8235294117647
18.0,757,19237650,42.05555555555556
8.0,388,19238038,48.5
20.0,708,19238746,35.4
16.0,643,19239389,40.1875
14.0,429,19239818,30.642857142857142
10.0,359,19240177,35.9
23.0,801,19240978,34.82608695652174
23.0,1071,19242049,46.56521739130435
10.0,258,19242307,25.8
12.0,364,19242671,30.333333333333332
3.0,96,19242767,32.0
7.0,255,19243022,36.42857142857143
17.0,508,19243530,29.88235294117647
17.0,763,19244293,44.88235294117647
11.0,429,19244722,39.0
7.0,246,19244968,35.142857142857146
2.0,19,19244987,9.5
23.0,756,19245743,32.869565217391305
29.0,976,19246719,33.6551724137931
3.0,109,19246828,36.333333333333336
39.0,1529,19248357,39.205128205128204
4.0,104,19248461,26.0
0.0,441,19248902,inf
18.0,627,19249529,34.833333333333336
3.0,83,19249612,27.666666666666668
2.0,75,19249687,37.5
11.0,314,19250001,28.545454545454547
12.0,472,19250473,39.333333333333336
21.0,880,19251353,41.904761904761905
12.0,440,19251793,36.666666666666664
12.0,241,19252034,20.083333333333332
7.0,331,19252365,47.285714285714285
22.0,709,19253074,32.22727272727273
14.0,458,19253532,32.714285714285715
16.0,566,19254098,35.375
24.0,623,19254721,25.958333333333332
14.0,643,19255364,45.92857142857143
9.0,311,19255675,34.55555555555556
0.0,441,19256116,inf
11.0,400,19256516,36.36363636363637
12.0,434,19256950,36.166666666666664
27.0,1012,19257962,37.48148148148148
17.0,650,19258612,38.23529411764706
0.0,24,19258636,inf
20.0,558,19259194,27.9
24.0,816,19260010,34.0
19.0,606,19260616,31.894736842105264
14.0,494,19261110,35.285714285714285
18.0,790,19261900,43.888888888888886
3.0,503,19262403,167.66666666666666
9.0,407,19262810,45.22222222222222
13.0,447,19263257,34.38461538461539
32.0,1361,19264618,42.53125
23.0,762,19265380,33.130434782608695
3.0,115,19265495,38.333333333333336
25.0,728,19266223,29.12
26.0,1456,19267679,56.0
7.0,160,19267839,22.857142857142858
26.0,858,19268697,33.0
22.0,609,19269306,27.681818181818183
8.0,290,19269596,36.25
10.0,516,19270112,51.6
24.0,784,19270896,32.666666666666664
9.0,337,19271233,37.44444444444444
1.0,455,19271688,455.0
22.0,624,19272312,28.363636363636363
31.0,1215,19273527,39.193548387096776
18.0,873,19274400,48.5
11.0,426,19274826,38.72727272727273
5.0,151,19274977,30.2
23.0,590,19275567,25.652173913043477
7.0,163,19275730,23.285714285714285
1.0,457,19276187,457.0
11.0,350,19276537,31.818181818181817
11.0,587,19277124,53.36363636363637
12.0,464,19277588,38.666666666666664
14.0,724,19278312,51.714285714285715
23.0,850,19279162,36.95652173913044
5.0,288,19279450,57.6
13.0,470,19279920,36.15384615384615
14.0,543,19280463,38.785714285714285
15.0,328,19280791,21.866666666666667
4.0,222,19281013,55.5
21.0,689,19281702,32.80952380952381
22.0,748,19282450,34.0
5.0,323,19282773,64.6
15.0,474,19283247,31.6
18.0,579,19283826,32.166666666666664
10.0,416,19284242,41.6
21.0,743,19284985,35.38095238095238
21.0,715,19285700,34.04761904761905
16.0,641,19286341,40.0625
17.0,613,19286954,36.05882352941177
32.0,1085,19288039,33.90625
23.0,843,19288882,36.65217391304348
25.0,747,19289629,29.88
9.0,341,19289970,37.888888888888886
7.0,272,19290242,38.857142857142854
18.0,633,19290875,35.166666666666664
1.0,455,19291330,455.0
20.0,702,19292032,35.1
23.0,761,19292793,33.08695652173913
7.0,381,19293174,54.42857142857143
3.0,496,19293670,165.33333333333334
23.0,739,19294409,32.130434782608695
1.0,23,19294432,23.0
8.0,410,19294842,51.25
32.0,1200,19296042,37.5
33.0,1241,19297283,37.60606060606061
16.0,452,19297735,28.25
10.0,319,19298054,31.9
9.0,299,19298353,33.22222222222222
7.0,267,19298620,38.142857142857146
7.0,167,19298787,23.857142857142858
21.0,645,19299432,30.714285714285715
8.0,453,19299885,56.625
8.0,227,19300112,28.375
12.0,472,19300584,39.333333333333336
18.0,519,19301103,28.833333333333332
15.0,544,19301647,36.266666666666666
7.0,170,19301817,24.285714285714285
25.0,656,19302473,26.24
9.0,233,19302706,25.88888888888889
4.0,144,19302850,36.0
12.0,310,19303160,25.833333333333332
8.0,297,19303457,37.125
7.0,347,19303804,49.57142857142857
19.0,714,19304518,37.578947368421055
12.0,429,19304947,35.75
21.0,821,19305768,39.095238095238095
14.0,476,19306244,34.0
4.0,83,19306327,20.75
10.0,298,19306625,29.8
9.0,278,19306903,30.88888888888889
25.0,860,19307763,34.4
7.0,273,19308036,39.0
12.0,486,19308522,40.5
19.0,903,19309425,47.526315789473685
4.0,86,19309511,21.5
11.0,463,19309974,42.09090909090909
8.0,226,19310200,28.25
10.0,267,19310467,26.7
22.0,655,19311122,29.772727272727273
15.0,489,19311611,32.6
12.0,411,19312022,34.25
26.0,930,19312952,35.76923076923077
12.0,427,19313379,35.583333333333336
7.0,174,19313553,24.857142857142858
9.0,302,19313855,33.55555555555556
17.0,571,19314426,33.588235294117645
16.0,539,19314965,33.6875
15.0,501,19315466,33.4
23.0,613,19316079,26.652173913043477
3.0,46,19316125,15.333333333333334
20.0,625,19316750,31.25
7.0,186,19316936,26.571428571428573
7.0,205,19317141,29.285714285714285
8.0,260,19317401,32.5
14.0,387,19317788,27.642857142857142
10.0,361,19318149,36.1
12.0,456,19318605,38.0
17.0,473,19319078,27.823529411764707
21.0,579,19319657,27.571428571428573
14.0,556,19320213,39.714285714285715
21.0,605,19320818,28.80952380952381
2.0,130,19320948,65.0
1.0,113,19321061,113.0
0.0,441,19321502,inf
1.0,66,19321568,66.0
3.0,227,19321795,75.66666666666667
1.0,85,19321880,85.0
3.0,214,19322094,71.33333333333333
0.0,441,19322535,inf
10.0,253,19322788,25.3
3.0,258,19323046,86.0
3.0,166,19323212,55.333333333333336
14.0,585,19323797,41.785714285714285
3.0,279,19324076,93.0
7.0,190,19324266,27.142857142857142
1.0,454,19324720,454.0
0.0,441,19325161,inf
3.0,128,19325289,42.666666666666664
9.0,426,19325715,47.333333333333336
6.0,176,19325891,29.333333333333332
5.0,238,19326129,47.6
4.0,166,19326295,41.5
7.0,326,19326621,46.57142857142857
11.0,474,19327095,43.09090909090909
1.0,447,19327542,447.0
5.0,663,19328205,132.6
14.0,795,19329000,56.785714285714285
12.0,1050,19330050,87.5
7.0,656,19330706,93.71428571428571
31.0,1104,19331810,35.61290322580645
0.0,441,19332251,inf
25.0,788,19333039,31.52
11.0,374,19333413,34.0
11.0,445,19333858,40.45454545454545
0.0,441,19334299,inf
9.0,274,19334573,30.444444444444443
8.0,286,19334859,35.75
21.0,836,19335695,39.80952380952381
7.0,284,19335979,40.57142857142857
18.0,656,19336635,36.44444444444444
15.0,1182,19337817,78.8
27.0,1143,19338960,42.333333333333336
5.0,382,19339342,76.4
15.0,591,19339933,39.4
10.0,460,19340393,46.0
10.0,909,19341302,90.9
0.0,48,19341350,inf
1.0,108,19341458,108.0
6.0,196,19341654,32.666666666666664
7.0,174,19341828,24.857142857142858
11.0,873,19342701,79.36363636363636
7.0,283,19342984,40.42857142857143
11.0,374,19343358,34.0
17.0,602,19343960,35.411764705882355
6.0,286,19344246,47.666666666666664
5.0,130,19344376,26.0
32.0,1450,19345826,45.3125
20.0,1040,19346866,52.0
14.0,598,19347464,42.714285714285715
7.0,317,19347781,45.285714285714285
5.0,176,19347957,35.2
13.0,415,19348372,31.923076923076923
26.0,819,19349191,31.5
7.0,283,19349474,40.42857142857143
22.0,915,19350389,41.59090909090909
28.0,1175,19351564,41.964285714285715
5.0,255,19351819,51.0
10.0,475,19352294,47.5
6.0,200,19352494,33.333333333333336
16.0,733,19353227,45.8125
19.0,564,19353791,29.68421052631579
9.0,880,19354671,97.77777777777777
19.0,743,19355414,39.10526315789474
14.0,556,19355970,39.714285714285715
10.0,740,19356710,74.0
5.0,207,19356917,41.4
4.0,179,19357096,44.75
6.0,270,19357366,45.0
15.0,784,19358150,52.266666666666666
11.0,387,19358537,35.18181818181818
4.0,154,19358691,38.5
12.0,402,19359093,33.5
9.0,218,19359311,24.22222222222222
13.0,339,19359650,26.076923076923077
12.0,556,19360206,46.333333333333336
5.0,84,19360290,16.8
13.0,424,19360714,32.61538461538461
5.0,103,19360817,20.6
4.0,233,19361050,58.25
8.0,294,19361344,36.75
20.0,863,19362207,43.15
16.0,491,19362698,30.6875
18.0,595,19363293,33.05555555555556
13.0,653,19363946,50.23076923076923
3.0,565,19364511,188.33333333333334
14.0,965,19365476,68.92857142857143
21.0,735,19366211,35.0
27.0,910,19367121,33.7037037037037
19.0,1002,19368123,52.73684210526316
6.0,316,19368439,52.666666666666664
4.0,247,19368686,61.75
22.0,1289,19369975,58.59090909090909
20.0,738,19370713,36.9
16.0,557,19371270,34.8125
16.0,523,19371793,32.6875
3.0,597,19372390,199.0
14.0,637,19373027,45.5
9.0,337,19373364,37.44444444444444
22.0,1361,19374725,61.86363636363637
22.0,986,19375711,44.81818181818182
17.0,703,19376414,41.35294117647059
6.0,634,19377048,105.66666666666667
8.0,205,19377253,25.625
2.0,512,19377765,256.0
1.0,456,19378221,456.0
7.0,651,19378872,93.0
7.0,312,19379184,44.57142857142857
25.0,1295,19380479,51.8
4.0,206,19380685,51.5
11.0,423,19381108,38.45454545454545
3.0,480,19381588,160.0
8.0,353,19381941,44.125
8.0,229,19382170,28.625
2.0,64,19382234,32.0
8.0,249,19382483,31.125
3.0,124,19382607,41.333333333333336
7.0,618,19383225,88.28571428571429
10.0,214,19383439,21.4
8.0,289,19383728,36.125
8.0,234,19383962,29.25
16.0,625,19384587,39.0625
12.0,352,19384939,29.333333333333332
7.0,241,19385180,34.42857142857143
9.0,311,19385491,34.55555555555556
10.0,270,19385761,27.0
10.0,380,19386141,38.0
13.0,349,19386490,26.846153846153847
19.0,511,19387001,26.894736842105264
6.0,240,19387241,40.0
22.0,827,19388068,37.59090909090909
4.0,116,19388184,29.0
11.0,254,19388438,23.09090909090909
3.0,103,19388541,34.333333333333336
8.0,304,19388845,38.0
1.0,467,19389312,467.0
6.0,297,19389609,49.5
2.0,87,19389696,43.5
4.0,137,19389833,34.25
11.0,449,19390282,40.81818181818182
8.0,388,19390670,48.5
8.0,227,19390897,28.375
19.0,773,19391670,40.68421052631579
20.0,619,19392289,30.95
17.0,773,19393062,45.470588235294116
22.0,816,19393878,37.09090909090909
14.0,451,19394329,32.214285714285715
23.0,803,19395132,34.91304347826087
21.0,785,19395917,37.38095238095238
5.0,558,19396475,111.6
10.0,213,19396688,21.3
12.0,393,19397081,32.75
17.0,495,19397576,29.11764705882353
13.0,496,19398072,38.15384615384615
23.0,1226,19399298,53.30434782608695
12.0,414,19399712,34.5
15.0,493,19400205,32.86666666666667
19.0,790,19400995,41.578947368421055
8.0,381,19401376,47.625
4.0,174,19401550,43.5
10.0,324,19401874,32.4
14.0,416,19402290,29.714285714285715
24.0,684,19402974,28.5
4.0,134,19403108,33.5
8.0,152,19403260,19.0
5.0,319,19403579,63.8
5.0,187,19403766,37.4
13.0,570,19404336,43.84615384615385
25.0,736,19405072,29.44
10.0,461,19405533,46.1
8.0,247,19405780,30.875
17.0,506,19406286,29.764705882352942
17.0,748,19407034,44.0
21.0,717,19407751,34.142857142857146
19.0,556,19408307,29.263157894736842
4.0,143,19408450,35.75
11.0,455,19408905,41.36363636363637
12.0,454,19409359,37.833333333333336
8.0,197,19409556,24.625
5.0,185,19409741,37.0
9.0,294,19410035,32.666666666666664
20.0,766,19410801,38.3
12.0,397,19411198,33.083333333333336
20.0,811,19412009,40.55
21.0,742,19412751,35.333333333333336
20.0,884,19413635,44.2
7.0,319,19413954,45.57142857142857
18.0,580,19414534,32.22222222222222
9.0,405,19414939,45.0
3.0,70,19415009,23.333333333333332
30.0,924,19415933,30.8
6.0,180,19416113,30.0
10.0,166,19416279,16.6
12.0,409,19416688,34.083333333333336
4.0,130,19416818,32.5
11.0,344,19417162,31.272727272727273
8.0,262,19417424,32.75
13.0,451,19417875,34.69230769230769
5.0,259,19418134,51.8
10.0,393,19418527,39.3
16.0,526,19419053,32.875
8.0,277,19419330,34.625
4.0,206,19419536,51.5
11.0,341,19419877,31.0
14.0,429,19420306,30.642857142857142
7.0,195,19420501,27.857142857142858
8.0,218,19420719,27.25
14.0,420,19421139,30.0
7.0,157,19421296,22.428571428571427
6.0,190,19421486,31.666666666666668
16.0,709,19422195,44.3125
8.0,607,19422802,75.875
24.0,775,19423577,32.291666666666664
3.0,70,19423647,23.333333333333332
12.0,370,19424017,30.833333333333332
10.0,864,19424881,86.4
1.0,462,19425343,462.0
16.0,671,19426014,41.9375
10.0,345,19426359,34.5
6.0,204,19426563,34.0
7.0,220,19426783,31.428571428571427
6.0,251,19427034,41.833333333333336
20.0,487,19427521,24.35
20.0,792,19428313,39.6
8.0,262,19428575,32.75
6.0,716,19429291,119.33333333333333
8.0,232,19429523,29.0
11.0,484,19430007,44.0
15.0,521,19430528,34.733333333333334
8.0,247,19430775,30.875
6.0,203,19430978,33.833333333333336
7.0,194,19431172,27.714285714285715
8.0,303,19431475,37.875
16.0,926,19432401,57.875
12.0,500,19432901,41.666666666666664
21.0,687,19433588,32.714285714285715
22.0,759,19434347,34.5
5.0,193,19434540,38.6
12.0,476,19435016,39.666666666666664
13.0,479,19435495,36.84615384615385
18.0,667,19436162,37.05555555555556
11.0,798,19436960,72.54545454545455
8.0,277,19437237,34.625
23.0,860,19438097,37.391304347826086
1.0,455,19438552,455.0
16.0,640,19439192,40.0
10.0,258,19439450,25.8
3.0,97,19439547,32.333333333333336
18.0,489,19440036,27.166666666666668
12.0,434,19440470,36.166666666666664
13.0,571,19441041,43.92307692307692
13.0,310,19441351,23.846153846153847
15.0,468,19441819,31.2
12.0,529,19442348,44.083333333333336
8.0,218,19442566,27.25
5.0,147,19442713,29.4
18.0,704,19443417,39.111111111111114
0.0,441,19443858,inf
26.0,1072,19444930,41.23076923076923
16.0,547,19445477,34.1875
8.0,302,19445779,37.75
18.0,630,19446409,35.0
12.0,493,19446902,41.083333333333336
18.0,549,19447451,30.5
27.0,895,19448346,33.148148148148145
8.0,212,19448558,26.5
24.0,818,19449376,34.083333333333336
8.0,219,19449595,27.375
10.0,353,19449948,35.3
1.0,454,19450402,454.0
14.0,428,19450830,30.571428571428573
9.0,251,19451081,27.88888888888889
16.0,402,19451483,25.125
7.0,166,19451649,23.714285714285715
9.0,729,19452378,81.0
2.0,46,19452424,23.0
9.0,289,19452713,32.111111111111114
5.0,214,19452927,42.8
14.0,472,19453399,33.714285714285715
8.0,263,19453662,32.875
13.0,361,19454023,27.76923076923077
8.0,317,19454340,39.625
12.0,386,19454726,32.166666666666664
10.0,414,19455140,41.4
17.0,652,19455792,38.35294117647059
6.0,221,19456013,36.833333333333336
31.0,945,19456958,30.483870967741936
6.0,181,19457139,30.166666666666668
19.0,602,19457741,31.68421052631579
11.0,411,19458152,37.36363636363637
10.0,313,19458465,31.3
8.0,304,19458769,38.0
12.0,338,19459107,28.166666666666668
25.0,738,19459845,29.52
8.0,302,19460147,37.75
16.0,626,19460773,39.125
8.0,275,19461048,34.375
21.0,924,19461972,44.0
22.0,751,19462723,34.13636363636363
17.0,644,19463367,37.88235294117647
16.0,743,19464110,46.4375
10.0,292,19464402,29.2
12.0,447,19464849,37.25
29.0,1308,19466157,45.10344827586207
4.0,142,19466299,35.5
10.0,357,19466656,35.7
28.0,1007,19467663,35.964285714285715
6.0,147,19467810,24.5
5.0,241,19468051,48.2
4.0,186,19468237,46.5
16.0,468,19468705,29.25
7.0,272,19468977,38.857142857142854
21.0,818,19469795,38.95238095238095
9.0,296,19470091,32.888888888888886
12.0,391,19470482,32.583333333333336
4.0,114,19470596,28.5
8.0,255,19470851,31.875
3.0,166,19471017,55.333333333333336
7.0,154,19471171,22.0
8.0,348,19471519,43.5
10.0,365,19471884,36.5
10.0,387,19472271,38.7
8.0,276,19472547,34.5
8.0,263,19472810,32.875
5.0,101,19472911,20.2
16.0,376,19473287,23.5
5.0,282,19473569,56.4
23.0,690,19474259,30.0
8.0,631,19474890,78.875
6.0,709,19475599,118.16666666666667
7.0,703,19476302,100.42857142857143
7.0,732,19477034,104.57142857142857
0.0,441,19477475,inf
14.0,596,19478071,42.57142857142857
5.0,224,19478295,44.8
1.0,461,19478756,461.0
20.0,815,19479571,40.75
9.0,311,19479882,34.55555555555556
2.0,518,19480400,259.0
5.0,585,19480985,117.0
8.0,650,19481635,81.25
27.0,1006,19482641,37.25925925925926
5.0,587,19483228,117.4
6.0,620,19483848,103.33333333333333
8.0,176,19484024,22.0
21.0,941,19484965,44.80952380952381
3.0,488,19485453,162.66666666666666
26.0,1115,19486568,42.88461538461539
5.0,262,19486830,52.4
13.0,740,19487570,56.92307692307692
0.0,441,19488011,inf
9.0,810,19488821,90.0
11.0,783,19489604,71.18181818181819
10.0,401,19490005,40.1
7.0,249,19490254,35.57142857142857
0.0,441,19490695,inf
9.0,320,19491015,35.55555555555556
12.0,459,19491474,38.25
10.0,799,19492273,79.9
2.0,501,19492774,250.5
11.0,849,19493623,77.18181818181819
2.0,505,19494128,252.5
8.0,420,19494548,52.5
0.0,441,19494989,inf
8.0,705,19495694,88.125
4.0,539,19496233,134.75
4.0,186,19496419,46.5
16.0,654,19497073,40.875
11.0,846,19497919,76.9090909090909
3.0,569,19498488,189.66666666666666
6.0,677,19499165,112.83333333333333
19.0,572,19499737,30.105263157894736
4.0,107,19499844,26.75
26.0,863,19500707,33.19230769230769
11.0,406,19501113,36.90909090909091
15.0,407,19501520,27.133333333333333
14.0,373,19501893,26.642857142857142
18.0,632,19502525,35.111111111111114
19.0,626,19503151,32.94736842105263
22.0,703,19503854,31.954545454545453
22.0,597,19504451,27.136363636363637
17.0,739,19505190,43.470588235294116
4.0,106,19505296,26.5
18.0,592,19505888,32.888888888888886
9.0,195,19506083,21.666666666666668
12.0,363,19506446,30.25
8.0,279,19506725,34.875
3.0,80,19506805,26.666666666666668
2.0,103,19506908,51.5
0.0,441,19507349,inf
11.0,276,19507625,25.09090909090909
7.0,209,19507834,29.857142857142858
1.0,61,19507895,61.0
5.0,184,19508079,36.8
5.0,252,19508331,50.4
5.0,169,19508500,33.8
5.0,122,19508622,24.4
4.0,127,19508749,31.75
0.0,441,19509190,inf
3.0,91,19509281,30.333333333333332
2.0,147,19509428,73.5
1.0,81,19509509,81.0
4.0,143,19509652,35.75
6.0,211,19509863,35.166666666666664
5.0,182,19510045,36.4
8.0,278,19510323,34.75
2.0,129,19510452,64.5
10.0,283,19510735,28.3
10.0,332,19511067,33.2
3.0,127,19511194,42.333333333333336
0.0,441,19511635,inf
1.0,65,19511700,65.0
11.0,408,19512108,37.09090909090909
0.0,441,19512549,inf
2.0,64,19512613,32.0
2.0,127,19512740,63.5
0.0,441,19513181,inf
3.0,526,19513707,175.33333333333334
8.0,298,19514005,37.25
0.0,441,19514446,inf
1.0,65,19514511,65.0
21.0,671,19515182,31.952380952380953
7.0,173,19515355,24.714285714285715
5.0,212,19515567,42.4
2.0,195,19515762,97.5
0.0,441,19516203,inf
1.0,102,19516305,102.0
5.0,225,19516530,45.0
4.0,120,19516650,30.0
6.0,215,19516865,35.833333333333336
2.0,79,19516944,39.5
2.0,91,19517035,45.5
3.0,176,19517211,58.666666666666664
2.0,143,19517354,71.5
6.0,266,19517620,44.333333333333336
6.0,635,19518255,105.83333333333333
2.0,467,19518722,233.5
4.0,630,19519352,157.5
5.0,575,19519927,115.0
0.0,441,19520368,inf
0.0,441,19520809,inf
3.0,486,19521295,162.0
34.0,949,19522244,27.91176470588235
23.0,690,19522934,30.0
10.0,389,19523323,38.9
0.0,441,19523764,inf
12.0,300,19524064,25.0
16.0,439,19524503,27.4375
7.0,201,19524704,28.714285714285715
29.0,702,19525406,24.20689655172414
27.0,838,19526244,31.037037037037038
16.0,584,19526828,36.5
9.0,188,19527016,20.88888888888889
15.0,492,19527508,32.8
16.0,472,19527980,29.5
13.0,731,19528711,56.23076923076923
17.0,574,19529285,33.76470588235294
11.0,327,19529612,29.727272727272727
27.0,783,19530395,29.0
22.0,612,19531007,27.818181818181817
7.0,201,19531208,28.714285714285715
14.0,478,19531686,34.142857142857146
10.0,199,19531885,19.9
15.0,520,19532405,34.666666666666664
13.0,405,19532810,31.153846153846153
14.0,549,19533359,39.214285714285715
18.0,525,19533884,29.166666666666668
13.0,356,19534240,27.384615384615383
13.0,457,19534697,35.15384615384615
3.0,180,19534877,60.0
22.0,721,19535598,32.77272727272727
8.0,293,19535891,36.625
17.0,542,19536433,31.88235294117647
5.0,229,19536662,45.8
26.0,660,19537322,25.384615384615383
1.0,450,19537772,450.0
26.0,702,19538474,27.0
26.0,790,19539264,30.384615384615383
18.0,363,19539627,20.166666666666668
5.0,666,19540293,133.2
10.0,410,19540703,41.0
12.0,673,19541376,56.083333333333336
23.0,801,19542177,34.82608695652174
20.0,447,19542624,22.35
10.0,232,19542856,23.2
14.0,505,19543361,36.07142857142857
22.0,788,19544149,35.81818181818182
15.0,544,19544693,36.266666666666666
13.0,411,19545104,31.615384615384617
26.0,647,19545751,24.884615384615383
0.0,441,19546192,inf
23.0,839,19547031,36.47826086956522
9.0,360,19547391,40.0
2.0,169,19547560,84.5
25.0,709,19548269,28.36
16.0,492,19548761,30.75
30.0,949,19549710,31.633333333333333
19.0,419,19550129,22.05263157894737
21.0,517,19550646,24.61904761904762
15.0,360,19551006,24.0
0.0,441,19551447,inf
19.0,555,19552002,29.210526315789473
3.0,119,19552121,39.666666666666664
12.0,192,19552313,16.0
21.0,778,19553091,37.04761904761905
1.0,55,19553146,55.0
11.0,294,19553440,26.727272727272727
21.0,517,19553957,24.61904761904762
12.0,406,19554363,33.833333333333336
18.0,413,19554776,22.944444444444443
13.0,285,19555061,21.923076923076923
19.0,624,19555685,32.8421052631579
15.0,465,19556150,31.0
14.0,337,19556487,24.071428571428573
5.0,540,19557027,108.0
4.0,129,19557156,32.25
18.0,380,19557536,21.11111111111111
14.0,642,19558178,45.857142857142854
24.0,743,19558921,30.958333333333332
11.0,295,19559216,26.818181818181817
17.0,484,19559700,28.470588235294116
3.0,61,19559761,20.333333333333332
19.0,725,19560486,38.1578947368421
6.0,161,19560647,26.833333333333332
30.0,986,19561633,32.86666666666667
0.0,441,19562074,inf
10.0,296,19562370,29.6
9.0,300,19562670,33.333333333333336
23.0,674,19563344,29.304347826086957
8.0,216,19563560,27.0
1.0,24,19563584,24.0
1.0,447,19564031,447.0
16.0,311,19564342,19.4375
6.0,310,19564652,51.666666666666664
15.0,286,19564938,19.066666666666666
18.0,509,19565447,28.27777777777778
29.0,804,19566251,27.724137931034484
21.0,616,19566867,29.333333333333332
11.0,235,19567102,21.363636363636363
10.0,245,19567347,24.5
12.0,836,19568183,69.66666666666667
7.0,664,19568847,94.85714285714286
7.0,394,19569241,56.285714285714285
8.0,608,19569849,76.0
1.0,43,19569892,43.0
22.0,661,19570553,30.045454545454547
14.0,280,19570833,20.0
13.0,489,19571322,37.61538461538461
7.0,347,19571669,49.57142857142857
1.0,474,19572143,474.0
7.0,159,19572302,22.714285714285715
16.0,396,19572698,24.75
5.0,109,19572807,21.8
12.0,386,19573193,32.166666666666664
7.0,200,19573393,28.571428571428573
14.0,389,19573782,27.785714285714285
1.0,52,19573834,52.0
2.0,166,19574000,83.0
9.0,129,19574129,14.333333333333334
1.0,22,19574151,22.0
1.0,473,19574624,473.0
9.0,311,19574935,34.55555555555556
6.0,144,19575079,24.0
0.0,441,19575520,inf
6.0,107,19575627,17.833333333333332
5.0,85,19575712,17.0
0.0,441,19576153,inf
3.0,65,19576218,21.666666666666668
2.0,56,19576274,28.0
11.0,292,19576566,26.545454545454547
1.0,37,19576603,37.0
5.0,170,19576773,34.0
13.0,279,19577052,21.46153846153846
9.0,251,19577303,27.88888888888889
5.0,171,19577474,34.2
10.0,213,19577687,21.3
7.0,171,19577858,24.428571428571427
16.0,377,19578235,23.5625
15.0,410,19578645,27.333333333333332
1.0,27,19578672,27.0
4.0,142,19578814,35.5
6.0,136,19578950,22.666666666666668
6.0,136,19579086,22.666666666666668
10.0,183,19579269,18.3
13.0,354,19579623,27.23076923076923
2.0,90,19579713,45.0
1.0,45,19579758,45.0
6.0,73,19579831,12.166666666666666
4.0,73,19579904,18.25
0.0,56,19579960,inf
5.0,117,19580077,23.4
6.0,113,19580190,18.833333333333332
9.0,239,19580429,26.555555555555557
8.0,423,19580852,52.875
0.0,20,19580872,inf
10.0,319,19581191,31.9
1.0,24,19581215,24.0
20.0,504,19581719,25.2
9.0,214,19581933,23.77777777777778
3.0,199,19582132,66.33333333333333
0.0,21,19582153,inf
11.0,244,19582397,22.181818181818183
14.0,308,19582705,22.0
10.0,193,19582898,19.3
9.0,198,19583096,22.0
16.0,451,19583547,28.1875
2.0,65,19583612,32.5
6.0,146,19583758,24.333333333333332
5.0,178,19583936,35.6
8.0,201,19584137,25.125
3.0,203,19584340,67.66666666666667
20.0,597,19584937,29.85
16.0,425,19585362,26.5625
16.0,508,19585870,31.75
12.0,814,19586684,67.83333333333333
4.0,494,19587178,123.5
18.0,450,19587628,25.0
10.0,277,19587905,27.7
12.0,579,19588484,48.25
13.0,320,19588804,24.615384615384617
3.0,533,19589337,177.66666666666666
4.0,79,19589416,19.75
3.0,578,19589994,192.66666666666666
12.0,634,19590628,52.833333333333336
7.0,341,19590969,48.714285714285715
14.0,525,19591494,37.5
4.0,558,19592052,139.5
13.0,333,19592385,25.615384615384617
3.0,563,19592948,187.66666666666666
8.0,114,19593062,14.25
3.0,35,19593097,11.666666666666666
3.0,189,19593286,63.0
1.0,478,19593764,478.0
4.0,205,19593969,51.25
17.0,348,19594317,20.470588235294116
4.0,202,19594519,50.5
5.0,224,19594743,44.8
5.0,136,19594879,27.2
2.0,171,19595050,85.5
8.0,326,19595376,40.75
8.0,285,19595661,35.625
7.0,673,19596334,96.14285714285714
13.0,536,19596870,41.23076923076923
5.0,339,19597209,67.8
9.0,320,19597529,35.55555555555556
7.0,567,19598096,81.0
12.0,288,19598384,24.0
13.0,254,19598638,19.53846153846154
19.0,493,19599131,25.94736842105263
3.0,242,19599373,80.66666666666667
12.0,266,19599639,22.166666666666668
2.0,98,19599737,49.0
21.0,540,19600277,25.714285714285715
4.0,513,19600790,128.25
7.0,270,19601060,38.57142857142857
1.0,458,19601518,458.0
10.0,394,19601912,39.4
18.0,544,19602456,30.22222222222222
13.0,777,19603233,59.76923076923077
19.0,464,19603697,24.42105263157895
14.0,439,19604136,31.357142857142858
7.0,547,19604683,78.14285714285714
10.0,295,19604978,29.5
6.0,489,19605467,81.5
1.0,474,19605941,474.0
20.0,531,19606472,26.55
10.0,678,19607150,67.8
2.0,167,19607317,83.5
16.0,390,19607707,24.375
15.0,365,19608072,24.333333333333332
9.0,699,19608771,77.66666666666667
14.0,310,19609081,22.142857142857142
3.0,589,19609670,196.33333333333334
6.0,147,19609817,24.5
14.0,748,19610565,53.42857142857143
20.0,780,19611345,39.0
2.0,481,19611826,240.5
5.0,179,19612005,35.8
9.0,590,19612595,65.55555555555556
4.0,301,19612896,75.25
13.0,368,19613264,28.307692307692307
8.0,319,19613583,39.875
2.0,84,19613667,42.0
8.0,387,19614054,48.375
13.0,339,19614393,26.076923076923077
3.0,515,19614908,171.66666666666666
7.0,275,19615183,39.285714285714285
7.0,262,19615445,37.42857142857143
15.0,831,19616276,55.4
7.0,189,19616465,27.0
20.0,454,19616919,22.7
6.0,250,19617169,41.666666666666664
0.0,441,19617610,inf
8.0,324,19617934,40.5
7.0,171,19618105,24.428571428571427
8.0,304,19618409,38.0
12.0,298,19618707,24.833333333333332
10.0,242,19618949,24.2
16.0,403,19619352,25.1875
6.0,653,19620005,108.83333333333333
20.0,553,19620558,27.65
19.0,465,19621023,24.473684210526315
13.0,414,19621437,31.846153846153847
9.0,714,19622151,79.33333333333333
21.0,437,19622588,20.80952380952381
27.0,636,19623224,23.555555555555557
4.0,113,19623337,28.25
13.0,387,19623724,29.76923076923077
8.0,232,19623956,29.0
5.0,119,19624075,23.8
10.0,270,19624345,27.0
4.0,277,19624622,69.25
6.0,601,19625223,100.16666666666667
5.0,217,19625440,43.4
29.0,787,19626227,27.137931034482758
17.0,447,19626674,26.294117647058822
6.0,540,19627214,90.0
6.0,134,19627348,22.333333333333332
1.0,562,19627910,562.0
9.0,680,19628590,75.55555555555556
12.0,376,19628966,31.333333333333332
3.0,488,19629454,162.66666666666666
15.0,532,19629986,35.46666666666667
2.0,426,19630412,213.0
5.0,620,19631032,124.0
14.0,691,19631723,49.357142857142854
13.0,317,19632040,24.384615384615383
19.0,458,19632498,24.105263157894736
17.0,456,19632954,26.823529411764707
9.0,259,19633213,28.77777777777778
14.0,503,19633716,35.92857142857143
5.0,580,19634296,116.0
2.0,479,19634775,239.5
10.0,410,19635185,41.0
11.0,313,19635498,28.454545454545453
18.0,463,19635961,25.72222222222222
14.0,832,19636793,59.42857142857143
9.0,202,19636995,22.444444444444443
7.0,607,19637602,86.71428571428571
13.0,752,19638354,57.84615384615385
8.0,616,19638970,77.0
5.0,241,19639211,48.2
13.0,626,19639837,48.15384615384615
0.0,441,19640278,inf
16.0,419,19640697,26.1875
6.0,388,19641085,64.66666666666667
22.0,520,19641605,23.636363636363637
13.0,301,19641906,23.153846153846153
6.0,224,19642130,37.333333333333336
2.0,94,19642224,47.0
1.0,454,19642678,454.0
7.0,604,19643282,86.28571428571429
3.0,408,19643690,136.0
6.0,106,19643796,17.666666666666668
15.0,606,19644402,40.4
4.0,207,19644609,51.75
4.0,524,19645133,131.0
13.0,787,19645920,60.53846153846154
0.0,441,19646361,inf
9.0,174,19646535,19.333333333333332
37.0,1166,19647701,31.513513513513512
17.0,416,19648117,24.470588235294116
14.0,592,19648709,42.285714285714285
11.0,349,19649058,31.727272727272727
6.0,554,19649612,92.33333333333333
15.0,400,19650012,26.666666666666668
17.0,428,19650440,25.176470588235293
10.0,212,19650652,21.2
12.0,341,19650993,28.416666666666668
11.0,716,19651709,65.0909090909091
21.0,464,19652173,22.095238095238095
27.0,596,19652769,22.074074074074073
13.0,743,19653512,57.15384615384615
15.0,856,19654368,57.06666666666667
19.0,614,19654982,32.31578947368421
11.0,302,19655284,27.454545454545453
16.0,460,19655744,28.75
7.0,191,19655935,27.285714285714285
3.0,471,19656406,157.0
6.0,247,19656653,41.166666666666664
9.0,270,19656923,30.0
5.0,183,19657106,36.6
0.0,212,19657318,inf
21.0,650,19657968,30.952380952380953
10.0,298,19658266,29.8
13.0,342,19658608,26.307692307692307
9.0,275,19658883,30.555555555555557
5.0,185,19659068,37.0
15.0,302,19659370,20.133333333333333
1.0,136,19659506,136.0
0.0,441,19659947,inf
7.0,253,19660200,36.142857142857146
16.0,371,19660571,23.1875
3.0,213,19660784,71.0
18.0,469,19661253,26.055555555555557
9.0,373,19661626,41.44444444444444
10.0,487,19662113,48.7
20.0,584,19662697,29.2
19.0,592,19663289,31.157894736842106
2.0,187,19663476,93.5
9.0,249,19663725,27.666666666666668
14.0,308,19664033,22.0
7.0,133,19664166,19.0
2.0,80,19664246,40.0
14.0,346,19664592,24.714285714285715
3.0,224,19664816,74.66666666666667
3.0,221,19665037,73.66666666666667
3.0,35,19665072,11.666666666666666
6.0,68,19665140,11.333333333333334
3.0,125,19665265,41.666666666666664
6.0,230,19665495,38.333333333333336
1.0,269,19665764,269.0
3.0,153,19665917,51.0
13.0,336,19666253,25.846153846153847
8.0,183,19666436,22.875
1.0,64,19666500,64.0
18.0,558,19667058,31.0
6.0,193,19667251,32.166666666666664
6.0,198,19667449,33.0
15.0,516,19667965,34.4
10.0,294,19668259,29.4
10.0,331,19668590,33.1
5.0,185,19668775,37.0
29.0,947,19669722,32.6551724137931
1.0,39,19669761,39.0
2.0,27,19669788,13.5
5.0,438,19670226,87.6
6.0,175,19670401,29.166666666666668
4.0,195,19670596,48.75
1.0,34,19670630,34.0
5.0,241,19670871,48.2
2.0,49,19670920,24.5
0.0,173,19671093,inf
2.0,25,19671118,12.5
5.0,175,19671293,35.0
1.0,21,19671314,21.0
3.0,76,19671390,25.333333333333332
16.0,240,19671630,15.0
0.0,11,19671641,inf
3.0,113,19671754,37.666666666666664
2.0,312,19672066,156.0
2.0,29,19672095,14.5
1.0,30,19672125,30.0
2.0,53,19672178,26.5
14.0,268,19672446,19.142857142857142
15.0,323,19672769,21.533333333333335
12.0,416,19673185,34.666666666666664
17.0,377,19673562,22.176470588235293
18.0,520,19674082,28.88888888888889
21.0,490,19674572,23.333333333333332
1.0,349,19674921,349.0
22.0,496,19675417,22.545454545454547
9.0,291,19675708,32.333333333333336
4.0,81,19675789,20.25
7.0,365,19676154,52.142857142857146
24.0,451,19676605,18.791666666666668
13.0,344,19676949,26.46153846153846
8.0,163,19677112,20.375
15.0,381,19677493,25.4
6.0,253,19677746,42.166666666666664
9.0,223,19677969,24.77777777777778
2.0,76,19678045,38.0
16.0,440,19678485,27.5
27.0,818,19679303,30.296296296296298
26.0,510,19679813,19.615384615384617
12.0,356,19680169,29.666666666666668
0.0,441,19680610,inf
6.0,128,19680738,21.333333333333332
9.0,252,19680990,28.0
17.0,431,19681421,25.352941176470587
6.0,194,19681615,32.333333333333336
23.0,422,19682037,18.347826086956523
14.0,342,19682379,24.428571428571427
11.0,233,19682612,21.181818181818183
12.0,283,19682895,23.583333333333332
7.0,160,19683055,22.857142857142858
19.0,682,19683737,35.89473684210526
7.0,194,19683931,27.714285714285715
21.0,582,19684513,27.714285714285715
8.0,272,19684785,34.0
22.0,499,19685284,22.681818181818183
3.0,98,19685382,32.666666666666664
5.0,216,19685598,43.2
8.0,271,19685869,33.875
15.0,363,19686232,24.2
9.0,231,19686463,25.666666666666668
25.0,571,19687034,22.84
6.0,222,19687256,37.0
30.0,869,19688125,28.966666666666665
11.0,249,19688374,22.636363636363637
30.0,749,19689123,24.966666666666665
14.0,410,19689533,29.285714285714285
8.0,192,19689725,24.0
9.0,280,19690005,31.11111111111111
8.0,207,19690212,25.875
16.0,457,19690669,28.5625
14.0,472,19691141,33.714285714285715
20.0,517,19691658,25.85
13.0,322,19691980,24.76923076923077
2.0,89,19692069,44.5
14.0,334,19692403,23.857142857142858
11.0,213,19692616,19.363636363636363
5.0,111,19692727,22.2
6.0,145,19692872,24.166666666666668
10.0,207,19693079,20.7
10.0,245,19693324,24.5
8.0,194,19693518,24.25
7.0,130,19693648,18.571428571428573
8.0,171,19693819,21.375
12.0,279,19694098,23.25
8.0,183,19694281,22.875
14.0,275,19694556,19.642857142857142
7.0,116,19694672,16.571428571428573
27.0,617,19695289,22.85185185185185
5.0,104,19695393,20.8
6.0,166,19695559,27.666666666666668
13.0,480,19696039,36.92307692307692
1.0,76,19696115,76.0
7.0,210,19696325,30.0
5.0,94,19696419,18.8
13.0,243,19696662,18.692307692307693
9.0,210,19696872,23.333333333333332
5.0,154,19697026,30.8
18.0,464,19697490,25.77777777777778
2.0,100,19697590,50.0
20.0,588,19698178,29.4
24.0,621,19698799,25.875
18.0,474,19699273,26.333333333333332
12.0,266,19699539,22.166666666666668
12.0,333,19699872,27.75
2.0,80,19699952,40.0
23.0,631,19700583,27.434782608695652
29.0,799,19701382,27.551724137931036
1.0,497,19701879,497.0
10.0,305,19702184,30.5
15.0,370,19702554,24.666666666666668
12.0,428,19702982,35.666666666666664
13.0,360,19703342,27.692307692307693
9.0,240,19703582,26.666666666666668
19.0,449,19704031,23.63157894736842
14.0,280,19704311,20.0
5.0,87,19704398,17.4
20.0,557,19704955,27.85
14.0,453,19705408,32.357142857142854
9.0,205,19705613,22.77777777777778
15.0,406,19706019,27.066666666666666
18.0,437,19706456,24.27777777777778
0.0,441,19706897,inf
6.0,174,19707071,29.0
5.0,182,19707253,36.4
1.0,39,19707292,39.0
1.0,471,19707763,471.0
5.0,113,19707876,22.6
5.0,160,19708036,32.0
11.0,240,19708276,21.818181818181817
15.0,368,19708644,24.533333333333335
19.0,310,19708954,16.31578947368421
16.0,445,19709399,27.8125
13.0,394,19709793,30.307692307692307
25.0,544,19710337,21.76
5.0,110,19710447,22.0
6.0,240,19710687,40.0
21.0,437,19711124,20.80952380952381
24.0,550,19711674,22.916666666666668
21.0,549,19712223,26.142857142857142
16.0,395,19712618,24.6875
15.0,325,19712943,21.666666666666668
9.0,625,19713568,69.44444444444444
6.0,151,19713719,25.166666666666668
10.0,318,19714037,31.8
4.0,190,19714227,47.5
23.0,577,19714804,25.08695652173913
6.0,212,19715016,35.333333333333336
9.0,266,19715282,29.555555555555557
14.0,263,19715545,18.785714285714285
6.0,151,19715696,25.166666666666668
11.0,192,19715888,17.454545454545453
6.0,243,19716131,40.5
15.0,357,19716488,23.8
11.0,266,19716754,24.181818181818183
8.0,273,19717027,34.125
3.0,142,19717169,47.333333333333336
10.0,230,19717399,23.0
12.0,344,19717743,28.666666666666668
9.0,301,19718044,33.44444444444444
18.0,399,19718443,22.166666666666668
10.0,211,19718654,21.1
23.0,498,19719152,21.652173913043477
7.0,148,19719300,21.142857142857142
15.0,336,19719636,22.4
7.0,169,19719805,24.142857142857142
12.0,360,19720165,30.0
11.0,245,19720410,22.272727272727273
12.0,252,19720662,21.0
0.0,35,19720697,inf
1.0,22,19720719,22.0
0.0,33,19720752,inf
14.0,467,19721219,33.357142857142854
11.0,325,19721544,29.545454545454547
21.0,445,19721989,21.19047619047619
6.0,156,19722145,26.0
14.0,283,19722428,20.214285714285715
14.0,330,19722758,23.571428571428573
8.0,175,19722933,21.875
22.0,535,19723468,24.318181818181817
9.0,161,19723629,17.88888888888889
9.0,192,19723821,21.333333333333332
11.0,380,19724201,34.54545454545455
6.0,161,19724362,26.833333333333332
3.0,73,19724435,24.333333333333332
10.0,247,19724682,24.7
24.0,581,19725263,24.208333333333332
6.0,94,19725357,15.666666666666666
17.0,485,19725842,28.529411764705884
14.0,286,19726128,20.428571428571427
7.0,199,19726327,28.428571428571427
17.0,329,19726656,19.352941176470587
12.0,250,19726906,20.833333333333332
20.0,624,19727530,31.2
16.0,420,19727950,26.25
15.0,336,19728286,22.4
24.0,568,19728854,23.666666666666668
7.0,236,19729090,33.714285714285715
21.0,607,19729697,28.904761904761905
11.0,433,19730130,39.36363636363637
15.0,343,19730473,22.866666666666667
25.0,717,19731190,28.68
21.0,432,19731622,20.571428571428573
22.0,477,19732099,21.681818181818183
25.0,705,19732804,28.2
3.0,53,19732857,17.666666666666668
3.0,617,19733474,205.66666666666666
10.0,231,19733705,23.1
7.0,254,19733959,36.285714285714285
9.0,226,19734185,25.11111111111111
13.0,242,19734427,18.615384615384617
12.0,274,19734701,22.833333333333332
8.0,129,19734830,16.125
19.0,522,19735352,27.473684210526315
2.0,42,19735394,21.0
15.0,377,19735771,25.133333333333333
15.0,381,19736152,25.4
22.0,532,19736684,24.181818181818183
11.0,233,19736917,21.181818181818183
25.0,776,19737693,31.04
10.0,364,19738057,36.4
6.0,162,19738219,27.0
15.0,382,19738601,25.466666666666665
13.0,364,19738965,28.0
15.0,450,19739415,30.0
6.0,198,19739613,33.0
18.0,361,19739974,20.055555555555557
19.0,421,19740395,22.157894736842106
16.0,272,19740667,17.0
4.0,140,19740807,35.0
7.0,281,19741088,40.142857142857146
2.0,68,19741156,34.0
14.0,366,19741522,26.142857142857142
18.0,621,19742143,34.5
12.0,308,19742451,25.666666666666668
25.0,666,19743117,26.64
24.0,532,19743649,22.166666666666668
24.0,658,19744307,27.416666666666668
11.0,269,19744576,24.454545454545453
10.0,253,19744829,25.3
2.0,119,19744948,59.5
6.0,274,19745222,45.666666666666664
19.0,691,19745913,36.36842105263158
22.0,707,19746620,32.13636363636363
20.0,454,19747074,22.7
1.0,469,19747543,469.0
12.0,321,19747864,26.75
7.0,329,19748193,47.0
13.0,414,19748607,31.846153846153847
3.0,128,19748735,42.666666666666664
13.0,475,19749210,36.53846153846154
5.0,447,19749657,89.4
14.0,499,19750156,35.642857142857146
16.0,432,19750588,27.0
11.0,310,19750898,28.181818181818183
13.0,421,19751319,32.38461538461539
0.0,441,19751760,inf
9.0,650,19752410,72.22222222222223
7.0,575,19752985,82.14285714285714
10.0,198,19753183,19.8
13.0,367,19753550,28.23076923076923
8.0,319,19753869,39.875
14.0,633,19754502,45.214285714285715
0.0,441,19754943,inf
19.0,482,19755425,25.36842105263158
20.0,528,19755953,26.4
4.0,174,19756127,43.5
0.0,441,19756568,inf
19.0,556,19757124,29.263157894736842
2.0,154,19757278,77.0
6.0,296,19757574,49.333333333333336
6.0,165,19757739,27.5
4.0,537,19758276,134.25
5.0,170,19758446,34.0
12.0,332,19758778,27.666666666666668
10.0,196,19758974,19.6
17.0,458,19759432,26.941176470588236
14.0,504,19759936,36.0
2.0,349,19760285,174.5
9.0,183,19760468,20.333333333333332
1.0,450,19760918,450.0
12.0,695,19761613,57.916666666666664
20.0,607,19762220,30.35
12.0,356,19762576,29.666666666666668
19.0,435,19763011,22.894736842105264
11.0,240,19763251,21.818181818181817
20.0,804,19764055,40.2
13.0,721,19764776,55.46153846153846
8.0,390,19765166,48.75
11.0,240,19765406,21.818181818181817
14.0,376,19765782,26.857142857142858
26.0,651,19766433,25.03846153846154
1.0,458,19766891,458.0
12.0,541,19767432,45.083333333333336
4.0,92,19767524,23.0
31.0,827,19768351,26.677419354838708
19.0,703,19769054,37.0
34.0,901,19769955,26.5
13.0,447,19770402,34.38461538461539
5.0,205,19770607,41.0
27.0,652,19771259,24.14814814814815
5.0,233,19771492,46.6
13.0,430,19771922,33.07692307692308
26.0,1098,19773020,42.23076923076923
19.0,437,19773457,23.0
16.0,411,19773868,25.6875
0.0,441,19774309,inf
7.0,603,19774912,86.14285714285714
10.0,243,19775155,24.3
14.0,676,19775831,48.285714285714285
14.0,657,19776488,46.92857142857143
15.0,717,19777205,47.8
7.0,605,19777810,86.42857142857143
11.0,525,19778335,47.72727272727273
9.0,256,19778591,28.444444444444443
4.0,102,19778693,25.5
11.0,445,19779138,40.45454545454545
12.0,804,19779942,67.0
9.0,657,19780599,73.0
15.0,297,19780896,19.8
13.0,385,19781281,29.615384615384617
2.0,121,19781402,60.5
12.0,327,19781729,27.25
14.0,278,19782007,19.857142857142858
21.0,476,19782483,22.666666666666668
18.0,395,19782878,21.944444444444443
4.0,117,19782995,29.25
1.0,452,19783447,452.0
10.0,375,19783822,37.5
18.0,727,19784549,40.388888888888886
12.0,215,19784764,17.916666666666668
5.0,167,19784931,33.4
0.0,441,19785372,inf
12.0,255,19785627,21.25
8.0,518,19786145,64.75
2.0,62,19786207,31.0
1.0,472,19786679,472.0
0.0,441,19787120,inf
6.0,114,19787234,19.0
10.0,443,19787677,44.3
1.0,69,19787746,69.0
21.0,549,19788295,26.142857142857142
10.0,366,19788661,36.6
8.0,262,19788923,32.75
3.0,107,19789030,35.666666666666664
1.0,47,19789077,47.0
16.0,438,19789515,27.375
13.0,252,19789767,19.384615384615383
16.0,394,19790161,24.625
16.0,353,19790514,22.0625
11.0,641,19791155,58.27272727272727
3.0,182,19791337,60.666666666666664
1.0,21,19791358,21.0
27.0,760,19792118,28.14814814814815
14.0,281,19792399,20.071428571428573
11.0,312,19792711,28.363636363636363
15.0,355,19793066,23.666666666666668
11.0,264,19793330,24.0
3.0,40,19793370,13.333333333333334
6.0,475,19793845,79.16666666666667
10.0,226,19794071,22.6
13.0,339,19794410,26.076923076923077
8.0,202,19794612,25.25
19.0,757,19795369,39.8421052631579
11.0,340,19795709,30.90909090909091
45.0,964,19796673,21.42222222222222
14.0,369,19797042,26.357142857142858
8.0,215,19797257,26.875
8.0,614,19797871,76.75
5.0,91,19797962,18.2
6.0,543,19798505,90.5
12.0,282,19798787,23.5
7.0,293,19799080,41.857142857142854
14.0,770,19799850,55.0
29.0,935,19800785,32.241379310344826
11.0,257,19801042,23.363636363636363
6.0,132,19801174,22.0
5.0,233,19801407,46.6
17.0,529,19801936,31.11764705882353
4.0,564,19802500,141.0
20.0,447,19802947,22.35
29.0,737,19803684,25.413793103448278
1.0,471,19804155,471.0
6.0,178,19804333,29.666666666666668
7.0,330,19804663,47.142857142857146
7.0,171,19804834,24.428571428571427
3.0,80,19804914,26.666666666666668
8.0,191,19805105,23.875
5.0,115,19805220,23.0
12.0,322,19805542,26.833333333333332
33.0,1043,19806585,31.606060606060606
1.0,91,19806676,91.0
23.0,610,19807286,26.52173913043478
9.0,434,19807720,48.22222222222222
6.0,108,19807828,18.0
11.0,229,19808057,20.818181818181817
1.0,22,19808079,22.0
5.0,538,19808617,107.6
13.0,508,19809125,39.07692307692308
13.0,378,19809503,29.076923076923077
13.0,667,19810170,51.30769230769231
5.0,110,19810280,22.0
6.0,534,19810814,89.0
5.0,241,19811055,48.2
11.0,394,19811449,35.81818181818182
15.0,770,19812219,51.333333333333336
5.0,190,19812409,38.0
8.0,289,19812698,36.125
11.0,250,19812948,22.727272727272727
6.0,190,19813138,31.666666666666668
17.0,448,19813586,26.352941176470587
19.0,479,19814065,25.210526315789473
5.0,122,19814187,24.4
6.0,585,19814772,97.5
6.0,164,19814936,27.333333333333332
3.0,61,19814997,20.333333333333332
5.0,203,19815200,40.6
25.0,713,19815913,28.52
0.0,11,19815924,inf
14.0,639,19816563,45.642857142857146
4.0,213,19816776,53.25
31.0,1003,19817779,32.354838709677416
2.0,79,19817858,39.5
18.0,343,19818201,19.055555555555557
4.0,93,19818294,23.25
6.0,156,19818450,26.0
15.0,325,19818775,21.666666666666668
10.0,391,19819166,39.1
14.0,380,19819546,27.142857142857142
3.0,70,19819616,23.333333333333332
5.0,246,19819862,49.2
8.0,294,19820156,36.75
5.0,223,19820379,44.6
6.0,294,19820673,49.0
1.0,446,19821119,446.0
5.0,115,19821234,23.0
10.0,313,19821547,31.3
7.0,249,19821796,35.57142857142857
14.0,345,19822141,24.642857142857142
15.0,497,19822638,33.13333333333333
14.0,285,19822923,20.357142857142858
6.0,261,19823184,43.5
5.0,401,19823585,80.2
0.0,441,19824026,inf
19.0,403,19824429,21.210526315789473
8.0,281,19824710,35.125
17.0,302,19825012,17.764705882352942
9.0,535,19825547,59.44444444444444
3.0,127,19825674,42.333333333333336
7.0,551,19826225,78.71428571428571
8.0,257,19826482,32.125
6.0,218,19826700,36.333333333333336
5.0,558,19827258,111.6
12.0,332,19827590,27.666666666666668
16.0,678,19828268,42.375
6.0,169,19828437,28.166666666666668
18.0,436,19828873,24.22222222222222
15.0,364,19829237,24.266666666666666
5.0,200,19829437,40.0
9.0,450,19829887,50.0
22.0,652,19830539,29.636363636363637
15.0,382,19830921,25.466666666666665
4.0,272,19831193,68.0
12.0,336,19831529,28.0
18.0,440,19831969,24.444444444444443
5.0,316,19832285,63.2
14.0,314,19832599,22.428571428571427
26.0,557,19833156,21.423076923076923
14.0,821,19833977,58.642857142857146
10.0,237,19834214,23.7
5.0,87,19834301,17.4
1.0,453,19834754,453.0
18.0,510,19835264,28.333333333333332
10.0,263,19835527,26.3
4.0,256,19835783,64.0
11.0,726,19836509,66.0
1.0,17,19836526,17.0
23.0,855,19837381,37.17391304347826
2.0,48,19837429,24.0
2.0,464,19837893,232.0
16.0,427,19838320,26.6875
11.0,300,19838620,27.272727272727273
6.0,138,19838758,23.0
12.0,323,19839081,26.916666666666668
14.0,684,19839765,48.857142857142854
6.0,380,19840145,63.333333333333336
1.0,448,19840593,448.0
2.0,70,19840663,35.0
17.0,368,19841031,21.647058823529413
8.0,171,19841202,21.375
18.0,604,19841806,33.55555555555556
9.0,314,19842120,34.888888888888886
2.0,213,19842333,106.5
15.0,330,19842663,22.0
4.0,137,19842800,34.25
24.0,578,19843378,24.083333333333332
6.0,143,19843521,23.833333333333332
5.0,180,19843701,36.0
26.0,651,19844352,25.03846153846154
15.0,799,19845151,53.266666666666666
13.0,277,19845428,21.307692307692307
22.0,728,19846156,33.09090909090909
20.0,441,19846597,22.05
14.0,309,19846906,22.071428571428573
5.0,180,19847086,36.0
30.0,1105,19848191,36.833333333333336
13.0,224,19848415,17.23076923076923
2.0,52,19848467,26.0
15.0,443,19848910,29.533333333333335
1.0,467,19849377,467.0
23.0,782,19850159,34.0
15.0,355,19850514,23.666666666666668
11.0,255,19850769,23.181818181818183
17.0,355,19851124,20.88235294117647
16.0,469,19851593,29.3125
20.0,423,19852016,21.15
5.0,519,19852535,103.8
22.0,582,19853117,26.454545454545453
14.0,304,19853421,21.714285714285715
16.0,381,19853802,23.8125
20.0,634,19854436,31.7
8.0,169,19854605,21.125
2.0,76,19854681,38.0
6.0,262,19854943,43.666666666666664
12.0,271,19855214,22.583333333333332
7.0,426,19855640,60.857142857142854
8.0,141,19855781,17.625
16.0,392,19856173,24.5
5.0,178,19856351,35.6
6.0,155,19856506,25.833333333333332
25.0,711,19857217,28.44
14.0,271,19857488,19.357142857142858
3.0,362,19857850,120.66666666666667
0.0,441,19858291,inf
3.0,243,19858534,81.0
17.0,573,19859107,33.705882352941174
2.0,481,19859588,240.5
7.0,206,19859794,29.428571428571427
20.0,705,19860499,35.25
15.0,321,19860820,21.4
20.0,430,19861250,21.5
13.0,396,19861646,30.46153846153846
9.0,226,19861872,25.11111111111111
2.0,108,19861980,54.0
8.0,218,19862198,27.25
15.0,256,19862454,17.066666666666666
8.0,544,19862998,68.0
17.0,403,19863401,23.705882352941178
3.0,82,19863483,27.333333333333332
5.0,97,19863580,19.4
20.0,516,19864096,25.8
15.0,459,19864555,30.6
9.0,199,19864754,22.11111111111111
0.0,441,19865195,inf
6.0,311,19865506,51.833333333333336
20.0,481,19865987,24.05
3.0,277,19866264,92.33333333333333
0.0,441,19866705,inf
18.0,343,19867048,19.055555555555557
31.0,965,19868013,31.129032258064516
5.0,68,19868081,13.6
7.0,188,19868269,26.857142857142858
1.0,457,19868726,457.0
3.0,192,19868918,64.0
9.0,188,19869106,20.88888888888889
12.0,390,19869496,32.5
18.0,426,19869922,23.666666666666668
23.0,486,19870408,21.130434782608695
17.0,606,19871014,35.64705882352941
6.0,346,19871360,57.666666666666664
12.0,209,19871569,17.416666666666668
12.0,292,19871861,24.333333333333332
13.0,291,19872152,22.384615384615383
4.0,173,19872325,43.25
14.0,337,19872662,24.071428571428573
13.0,248,19872910,19.076923076923077
8.0,624,19873534,78.0
9.0,205,19873739,22.77777777777778
12.0,413,19874152,34.416666666666664
16.0,356,19874508,22.25
8.0,283,19874791,35.375
8.0,322,19875113,40.25
2.0,133,19875246,66.5
22.0,532,19875778,24.181818181818183
24.0,674,19876452,28.083333333333332
18.0,379,19876831,21.055555555555557
16.0,593,19877424,37.0625
21.0,508,19877932,24.19047619047619
4.0,139,19878071,34.75
9.0,668,19878739,74.22222222222223
22.0,541,19879280,24.59090909090909
12.0,258,19879538,21.5
6.0,596,19880134,99.33333333333333
3.0,240,19880374,80.0
3.0,240,19880614,80.0
21.0,569,19881183,27.095238095238095
25.0,654,19881837,26.16
2.0,18,19881855,9.0
19.0,460,19882315,24.210526315789473
6.0,332,19882647,55.333333333333336
24.0,670,19883317,27.916666666666668
16.0,663,19883980,41.4375
6.0,123,19884103,20.5
4.0,142,19884245,35.5
6.0,198,19884443,33.0
8.0,586,19885029,73.25
19.0,588,19885617,30.94736842105263
11.0,396,19886013,36.0
22.0,582,19886595,26.454545454545453
9.0,347,19886942,38.55555555555556
1.0,453,19887395,453.0
22.0,383,19887778,17.40909090909091
19.0,380,19888158,20.0
18.0,427,19888585,23.72222222222222
3.0,79,19888664,26.333333333333332
4.0,75,19888739,18.75
20.0,596,19889335,29.8
3.0,310,19889645,103.33333333333333
7.0,151,19889796,21.571428571428573
11.0,266,19890062,24.181818181818183
14.0,296,19890358,21.142857142857142
15.0,387,19890745,25.8
18.0,610,19891355,33.888888888888886
26.0,647,19892002,24.884615384615383
9.0,207,19892209,23.0
14.0,324,19892533,23.142857142857142
4.0,82,19892615,20.5
15.0,437,19893052,29.133333333333333
2.0,39,19893091,19.5
13.0,383,19893474,29.46153846153846
15.0,323,19893797,21.533333333333335
5.0,111,19893908,22.2
21.0,611,19894519,29.095238095238095
5.0,128,19894647,25.6
22.0,579,19895226,26.318181818181817
16.0,518,19895744,32.375
5.0,189,19895933,37.8
16.0,322,19896255,20.125
5.0,343,19896598,68.6
7.0,418,19897016,59.714285714285715
27.0,766,19897782,28.37037037037037
11.0,466,19898248,42.36363636363637
15.0,349,19898597,23.266666666666666
12.0,586,19899183,48.833333333333336
14.0,393,19899576,28.071428571428573
14.0,735,19900311,52.5
3.0,226,19900537,75.33333333333333
20.0,571,19901108,28.55
27.0,672,19901780,24.88888888888889
11.0,595,19902375,54.09090909090909
3.0,120,19902495,40.0
0.0,441,19902936,inf
21.0,591,19903527,28.142857142857142
18.0,376,19903903,20.88888888888889
21.0,642,19904545,30.571428571428573
20.0,664,19905209,33.2
7.0,583,19905792,83.28571428571429
4.0,237,19906029,59.25
8.0,730,19906759,91.25
9.0,401,19907160,44.55555555555556
18.0,385,19907545,21.38888888888889
29.0,884,19908429,30.482758620689655
2.0,232,19908661,116.0
23.0,475,19909136,20.652173913043477
8.0,193,19909329,24.125
25.0,484,19909813,19.36
22.0,713,19910526,32.40909090909091
16.0,434,19910960,27.125
21.0,441,19911401,21.0
3.0,376,19911777,125.33333333333333
24.0,508,19912285,21.166666666666668
3.0,255,19912540,85.0
9.0,196,19912736,21.77777777777778
20.0,561,19913297,28.05
15.0,404,19913701,26.933333333333334
9.0,184,19913885,20.444444444444443
19.0,316,19914201,16.63157894736842
2.0,224,19914425,112.0
2.0,67,19914492,33.5
10.0,147,19914639,14.7
16.0,380,19915019,23.75
10.0,159,19915178,15.9
23.0,666,19915844,28.956521739130434
13.0,327,19916171,25.153846153846153
13.0,284,19916455,21.846153846153847
26.0,623,19917078,23.96153846153846
5.0,399,19917477,79.8
1.0,450,19917927,450.0
8.0,404,19918331,50.5
3.0,192,19918523,64.0
13.0,301,19918824,23.153846153846153
17.0,521,19919345,30.647058823529413
5.0,445,19919790,89.0
9.0,342,19920132,38.0
7.0,126,19920258,18.0
25.0,1200,19921458,48.0
13.0,315,19921773,24.23076923076923
19.0,348,19922121,18.31578947368421
7.0,603,19922724,86.14285714285714
6.0,184,19922908,30.666666666666668
15.0,671,19923579,44.733333333333334
1.0,475,19924054,475.0
15.0,452,19924506,30.133333333333333
12.0,255,19924761,21.25
13.0,384,19925145,29.53846153846154
16.0,483,19925628,30.1875
4.0,131,19925759,32.75
11.0,198,19925957,18.0
21.0,449,19926406,21.38095238095238
14.0,295,19926701,21.071428571428573
1.0,447,19927148,447.0
15.0,488,19927636,32.53333333333333
12.0,273,19927909,22.75
19.0,523,19928432,27.526315789473685
19.0,381,19928813,20.05263157894737
15.0,298,19929111,19.866666666666667
7.0,196,19929307,28.0
21.0,421,19929728,20.047619047619047
5.0,255,19929983,51.0
2.0,123,19930106,61.5
6.0,126,19930232,21.0
18.0,436,19930668,24.22222222222222
1.0,454,19931122,454.0
0.0,441,19931563,inf
13.0,272,19931835,20.923076923076923
9.0,298,19932133,33.111111111111114
10.0,184,19932317,18.4
4.0,152,19932469,38.0
23.0,506,19932975,22.0
23.0,447,19933422,19.434782608695652
13.0,570,19933992,43.84615384615385
16.0,364,19934356,22.75
15.0,337,19934693,22.466666666666665
19.0,309,19935002,16.263157894736842
20.0,477,19935479,23.85
15.0,748,19936227,49.86666666666667
23.0,581,19936808,25.26086956521739
10.0,610,19937418,61.0
12.0,624,19938042,52.0
19.0,509,19938551,26.789473684210527
10.0,724,19939275,72.4
4.0,170,19939445,42.5
5.0,357,19939802,71.4
15.0,424,19940226,28.266666666666666
20.0,526,19940752,26.3
16.0,450,19941202,28.125
9.0,337,19941539,37.44444444444444
34.0,769,19942308,22.61764705882353
10.0,395,19942703,39.5
16.0,762,19943465,47.625
17.0,395,19943860,23.235294117647058
11.0,343,19944203,31.181818181818183
18.0,514,19944717,28.555555555555557
12.0,268,19944985,22.333333333333332
1.0,22,19945007,22.0
5.0,547,19945554,109.4
4.0,230,19945784,57.5
18.0,645,19946429,35.833333333333336
9.0,242,19946671,26.88888888888889
12.0,510,19947181,42.5
20.0,355,19947536,17.75
6.0,520,19948056,86.66666666666667
1.0,455,19948511,455.0
8.0,158,19948669,19.75
4.0,96,19948765,24.0
23.0,441,19949206,19.17391304347826
25.0,974,19950180,38.96
10.0,485,19950665,48.5
21.0,447,19951112,21.285714285714285
19.0,671,19951783,35.31578947368421
22.0,479,19952262,21.772727272727273
16.0,464,19952726,29.0
2.0,13,19952739,6.5
21.0,576,19953315,27.428571428571427
4.0,104,19953419,26.0
20.0,374,19953793,18.7
9.0,244,19954037,27.11111111111111
8.0,292,19954329,36.5
8.0,153,19954482,19.125
6.0,549,19955031,91.5
19.0,331,19955362,17.42105263157895
9.0,533,19955895,59.22222222222222
28.0,741,19956636,26.464285714285715
14.0,354,19956990,25.285714285714285
12.0,255,19957245,21.25
14.0,285,19957530,20.357142857142858
8.0,130,19957660,16.25
8.0,568,19958228,71.0
21.0,717,19958945,34.142857142857146
9.0,195,19959140,21.666666666666668
22.0,418,19959558,19.0
11.0,252,19959810,22.90909090909091
28.0,699,19960509,24.964285714285715
11.0,329,19960838,29.90909090909091
17.0,430,19961268,25.294117647058822
18.0,397,19961665,22.055555555555557
7.0,505,19962170,72.14285714285714
13.0,293,19962463,22.53846153846154
27.0,662,19963125,24.51851851851852
20.0,418,19963543,20.9
9.0,342,19963885,38.0
9.0,382,19964267,42.44444444444444
16.0,467,19964734,29.1875
19.0,343,19965077,18.05263157894737
24.0,586,19965663,24.416666666666668
25.0,580,19966243,23.2
5.0,227,19966470,45.4
9.0,180,19966650,20.0
19.0,520,19967170,27.36842105263158
19.0,329,19967499,17.31578947368421
19.0,503,19968002,26.473684210526315
24.0,538,19968540,22.416666666666668
22.0,464,19969004,21.09090909090909
3.0,151,19969155,50.333333333333336
10.0,127,19969282,12.7
1.0,450,19969732,450.0
7.0,438,19970170,62.57142857142857
5.0,402,19970572,80.4
24.0,522,19971094,21.75
1.0,471,19971565,471.0
0.0,441,19972006,inf
11.0,516,19972522,46.90909090909091
3.0,61,19972583,20.333333333333332
7.0,288,19972871,41.142857142857146
38.0,1134,19974005,29.842105263157894
20.0,458,19974463,22.9
15.0,456,19974919,30.4
13.0,421,19975340,32.38461538461539
3.0,33,19975373,11.0
22.0,573,19975946,26.045454545454547
1.0,452,19976398,452.0
7.0,117,19976515,16.714285714285715
13.0,270,19976785,20.76923076923077
11.0,621,19977406,56.45454545454545
12.0,684,19978090,57.0
22.0,664,19978754,30.181818181818183
15.0,264,19979018,17.6
10.0,592,19979610,59.2
0.0,441,19980051,inf
6.0,122,19980173,20.333333333333332
16.0,285,19980458,17.8125
2.0,115,19980573,57.5
2.0,57,19980630,28.5
11.0,226,19980856,20.545454545454547
17.0,372,19981228,21.88235294117647
4.0,330,19981558,82.5
6.0,102,19981660,17.0
2.0,136,19981796,68.0
13.0,480,19982276,36.92307692307692
4.0,147,19982423,36.75
10.0,557,19982980,55.7
7.0,223,19983203,31.857142857142858
4.0,505,19983708,126.25
21.0,430,19984138,20.476190476190474
5.0,193,19984331,38.6
24.0,554,19984885,23.083333333333332
1.0,465,19985350,465.0
3.0,110,19985460,36.666666666666664
8.0,265,19985725,33.125
20.0,386,19986111,19.3
29.0,824,19986935,28.413793103448278
8.0,240,19987175,30.0
9.0,169,19987344,18.77777777777778
0.0,441,19987785,inf
1.0,452,19988237,452.0
22.0,757,19988994,34.40909090909091
10.0,476,19989470,47.6
26.0,617,19990087,23.73076923076923
9.0,624,19990711,69.33333333333333
2.0,115,19990826,57.5
11.0,264,19991090,24.0
6.0,155,19991245,25.833333333333332
24.0,454,19991699,18.916666666666668
23.0,748,19992447,32.52173913043478
6.0,306,19992753,51.0
1.0,18,19992771,18.0
10.0,324,19993095,32.4
12.0,325,19993420,27.083333333333332
6.0,361,19993781,60.166666666666664
3.0,123,19993904,41.0
4.0,124,19994028,31.0
9.0,178,19994206,19.77777777777778
2.0,60,19994266,30.0
14.0,527,19994793,37.642857142857146
15.0,309,19995102,20.6
6.0,123,19995225,20.5
2.0,84,19995309,42.0
14.0,404,19995713,28.857142857142858
1.0,449,19996162,449.0
0.0,441,19996603,inf
13.0,381,19996984,29.307692307692307
2.0,255,19997239,127.5
15.0,407,19997646,27.133333333333333
11.0,694,19998340,63.09090909090909
6.0,515,19998855,85.83333333333333
24.0,540,19999395,22.5
6.0,371,19999766,61.833333333333336
5.0,321,20000087,64.2
25.0,493,20000580,19.72
11.0,602,20001182,54.72727272727273
1.0,453,20001635,453.0
11.0,243,20001878,22.09090909090909
14.0,274,20002152,19.571428571428573
15.0,317,20002469,21.133333333333333
2.0,76,20002545,38.0
12.0,224,20002769,18.666666666666668
18.0,426,20003195,23.666666666666668
14.0,750,20003945,53.57142857142857
16.0,305,20004250,19.0625
11.0,761,20005011,69.18181818181819
8.0,515,20005526,64.375
1.0,451,20005977,451.0
20.0,468,20006445,23.4
27.0,497,20006942,18.40740740740741
6.0,321,20007263,53.5
27.0,654,20007917,24.22222222222222
16.0,401,20008318,25.0625
6.0,549,20008867,91.5
8.0,177,20009044,22.125
29.0,847,20009891,29.20689655172414
4.0,150,20010041,37.5
17.0,643,20010684,37.8235294117647
22.0,635,20011319,28.863636363636363
8.0,422,20011741,52.75
12.0,271,20012012,22.583333333333332
13.0,585,20012597,45.0
19.0,439,20013036,23.105263157894736
18.0,507,20013543,28.166666666666668
9.0,484,20014027,53.77777777777778
13.0,530,20014557,40.76923076923077
5.0,137,20014694,27.4
24.0,514,20015208,21.416666666666668
7.0,227,20015435,32.42857142857143
19.0,345,20015780,18.157894736842106
22.0,680,20016460,30.90909090909091
27.0,580,20017040,21.48148148148148
20.0,466,20017506,23.3
14.0,250,20017756,17.857142857142858
8.0,128,20017884,16.0
6.0,107,20017991,17.833333333333332
18.0,397,20018388,22.055555555555557
12.0,286,20018674,23.833333333333332
11.0,225,20018899,20.454545454545453
14.0,336,20019235,24.0
6.0,241,20019476,40.166666666666664
0.0,441,20019917,inf
5.0,100,20020017,20.0
10.0,358,20020375,35.8
13.0,668,20021043,51.38461538461539
6.0,139,20021182,23.166666666666668
1.0,454,20021636,454.0
2.0,54,20021690,27.0
4.0,243,20021933,60.75
2.0,71,20022004,35.5
6.0,158,20022162,26.333333333333332
18.0,438,20022600,24.333333333333332
24.0,495,20023095,20.625
6.0,194,20023289,32.333333333333336
8.0,439,20023728,54.875
11.0,251,20023979,22.818181818181817
13.0,263,20024242,20.23076923076923
18.0,307,20024549,17.055555555555557
6.0,168,20024717,28.0
3.0,234,20024951,78.0
5.0,164,20025115,32.8
11.0,331,20025446,30.09090909090909
6.0,437,20025883,72.83333333333333
23.0,494,20026377,21.47826086956522
4.0,494,20026871,123.5
18.0,574,20027445,31.88888888888889
26.0,666,20028111,25.615384615384617
1.0,450,20028561,450.0
23.0,539,20029100,23.434782608695652
9.0,134,20029234,14.88888888888889
17.0,445,20029679,26.176470588235293
12.0,339,20030018,28.25
16.0,242,20030260,15.125
28.0,549,20030809,19.607142857142858
2.0,67,20030876,33.5
26.0,603,20031479,23.192307692307693
7.0,193,20031672,27.571428571428573
13.0,339,20032011,26.076923076923077
6.0,152,20032163,25.333333333333332
9.0,206,20032369,22.88888888888889
6.0,226,20032595,37.666666666666664
9.0,473,20033068,52.55555555555556
14.0,395,20033463,28.214285714285715
19.0,678,20034141,35.68421052631579
4.0,313,20034454,78.25
19.0,412,20034866,21.68421052631579
20.0,573,20035439,28.65
17.0,420,20035859,24.705882352941178
3.0,64,20035923,21.333333333333332
16.0,270,20036193,16.875
22.0,423,20036616,19.227272727272727
7.0,260,20036876,37.142857142857146
10.0,403,20037279,40.3
7.0,334,20037613,47.714285714285715
21.0,408,20038021,19.428571428571427
5.0,314,20038335,62.8
20.0,668,20039003,33.4
13.0,779,20039782,59.92307692307692
19.0,405,20040187,21.31578947368421
21.0,531,20040718,25.285714285714285
12.0,234,20040952,19.5
3.0,128,20041080,42.666666666666664
22.0,522,20041602,23.727272727272727
27.0,668,20042270,24.74074074074074
17.0,330,20042600,19.41176470588235
15.0,379,20042979,25.266666666666666
9.0,194,20043173,21.555555555555557
12.0,299,20043472,24.916666666666668
7.0,154,20043626,22.0
3.0,265,20043891,88.33333333333333
5.0,85,20043976,17.0
26.0,532,20044508,20.46153846153846
9.0,259,20044767,28.77777777777778
20.0,464,20045231,23.2
0.0,441,20045672,inf
17.0,495,20046167,29.11764705882353
12.0,233,20046400,19.416666666666668
18.0,426,20046826,23.666666666666668
14.0,352,20047178,25.142857142857142
21.0,453,20047631,21.571428571428573
8.0,368,20047999,46.0
16.0,356,20048355,22.25
12.0,413,20048768,34.416666666666664
12.0,690,20049458,57.5
30.0,657,20050115,21.9
9.0,240,20050355,26.666666666666668
5.0,71,20050426,14.2
17.0,456,20050882,26.823529411764707
8.0,115,20050997,14.375
0.0,441,20051438,inf
4.0,101,20051539,25.25
10.0,184,20051723,18.4
6.0,173,20051896,28.833333333333332
7.0,226,20052122,32.285714285714285
30.0,614,20052736,20.466666666666665
6.0,301,20053037,50.166666666666664
21.0,389,20053426,18.523809523809526
9.0,220,20053646,24.444444444444443
0.0,441,20054087,inf
4.0,158,20054245,39.5
31.0,716,20054961,23.096774193548388
13.0,461,20055422,35.46153846153846
5.0,543,20055965,108.6
1.0,27,20055992,27.0
12.0,243,20056235,20.25
16.0,587,20056822,36.6875
10.0,363,20057185,36.3
21.0,430,20057615,20.476190476190474
10.0,306,20057921,30.6
8.0,127,20058048,15.875
12.0,200,20058248,16.666666666666668
13.0,207,20058455,15.923076923076923
6.0,191,20058646,31.833333333333332
15.0,277,20058923,18.466666666666665
27.0,673,20059596,24.925925925925927
13.0,322,20059918,24.76923076923077
2.0,463,20060381,231.5
0.0,441,20060822,inf
18.0,718,20061540,39.888888888888886
1.0,85,20061625,85.0
5.0,200,20061825,40.0
12.0,235,20062060,19.583333333333332
29.0,579,20062639,19.96551724137931
6.0,142,20062781,23.666666666666668
6.0,144,20062925,24.0
14.0,300,20063225,21.428571428571427
12.0,190,20063415,15.833333333333334
29.0,686,20064101,23.655172413793103
32.0,715,20064816,22.34375
6.0,220,20065036,36.666666666666664
5.0,273,20065309,54.6
40.0,746,20066055,18.65
13.0,324,20066379,24.923076923076923
16.0,450,20066829,28.125
19.0,389,20067218,20.473684210526315
18.0,380,20067598,21.11111111111111
8.0,162,20067760,20.25
9.0,617,20068377,68.55555555555556
11.0,719,20069096,65.36363636363636
21.0,474,20069570,22.571428571428573
6.0,147,20069717,24.5
0.0,441,20070158,inf
8.0,172,20070330,21.5
17.0,462,20070792,27.176470588235293
8.0,333,20071125,41.625
6.0,124,20071249,20.666666666666668
4.0,276,20071525,69.0
12.0,540,20072065,45.0
14.0,235,20072300,16.785714285714285
2.0,55,20072355,27.5
34.0,753,20073108,22.147058823529413
15.0,819,20073927,54.6
2.0,60,20073987,30.0
18.0,517,20074504,28.72222222222222
20.0,381,20074885,19.05
16.0,256,20075141,16.0
9.0,272,20075413,30.22222222222222
22.0,660,20076073,30.0
24.0,541,20076614,22.541666666666668
21.0,697,20077311,33.19047619047619
21.0,629,20077940,29.952380952380953
24.0,518,20078458,21.583333333333332
9.0,557,20079015,61.888888888888886
23.0,638,20079653,27.73913043478261
7.0,412,20080065,58.857142857142854
27.0,935,20081000,34.629629629629626
11.0,250,20081250,22.727272727272727
21.0,534,20081784,25.428571428571427
14.0,295,20082079,21.071428571428573
12.0,252,20082331,21.0
28.0,850,20083181,30.357142857142858
9.0,218,20083399,24.22222222222222
14.0,284,20083683,20.285714285714285
26.0,543,20084226,20.884615384615383
29.0,992,20085218,34.206896551724135
21.0,455,20085673,21.666666666666668
10.0,329,20086002,32.9
3.0,79,20086081,26.333333333333332
17.0,432,20086513,25.41176470588235
13.0,508,20087021,39.07692307692308
5.0,147,20087168,29.4
4.0,93,20087261,23.25
4.0,202,20087463,50.5
0.0,441,20087904,inf
4.0,245,20088149,61.25
8.0,419,20088568,52.375
4.0,266,20088834,66.5
18.0,345,20089179,19.166666666666668
3.0,398,20089577,132.66666666666666
8.0,150,20089727,18.75
7.0,466,20090193,66.57142857142857
22.0,397,20090590,18.045454545454547
2.0,297,20090887,148.5
4.0,502,20091389,125.5
20.0,550,20091939,27.5
6.0,565,20092504,94.16666666666667
1.0,469,20092973,469.0
23.0,423,20093396,18.391304347826086
14.0,631,20094027,45.07142857142857
15.0,339,20094366,22.6
15.0,452,20094818,30.133333333333333
13.0,332,20095150,25.53846153846154
6.0,238,20095388,39.666666666666664
11.0,380,20095768,34.54545454545455
19.0,368,20096136,19.36842105263158
27.0,692,20096828,25.62962962962963
9.0,200,20097028,22.22222222222222
24.0,866,20097894,36.083333333333336
13.0,202,20098096,15.538461538461538
16.0,446,20098542,27.875
6.0,280,20098822,46.666666666666664
21.0,720,20099542,34.285714285714285
1.0,16,20099558,16.0
8.0,258,20099816,32.25
6.0,146,20099962,24.333333333333332
9.0,196,20100158,21.77777777777778
5.0,539,20100697,107.8
30.0,933,20101630,31.1
1.0,20,20101650,20.0
15.0,407,20102057,27.133333333333333
11.0,270,20102327,24.545454545454547
25.0,883,20103210,35.32
4.0,366,20103576,91.5
7.0,310,20103886,44.285714285714285
22.0,633,20104519,28.772727272727273
5.0,258,20104777,51.6
19.0,775,20105552,40.78947368421053
16.0,558,20106110,34.875
1.0,468,20106578,468.0
22.0,470,20107048,21.363636363636363
2.0,234,20107282,117.0
25.0,723,20108005,28.92
9.0,222,20108227,24.666666666666668
12.0,214,20108441,17.833333333333332
13.0,699,20109140,53.76923076923077
8.0,149,20109289,18.625
23.0,652,20109941,28.347826086956523
21.0,647,20110588,30.80952380952381
4.0,81,20110669,20.25
4.0,318,20110987,79.5
6.0,327,20111314,54.5
11.0,168,20111482,15.272727272727273
6.0,202,20111684,33.666666666666664
29.0,586,20112270,20.20689655172414
11.0,242,20112512,22.0
18.0,422,20112934,23.444444444444443
21.0,503,20113437,23.952380952380953
7.0,261,20113698,37.285714285714285
23.0,476,20114174,20.695652173913043
12.0,260,20114434,21.666666666666668
9.0,255,20114689,28.333333333333332
8.0,323,20115012,40.375
21.0,395,20115407,18.80952380952381
14.0,299,20115706,21.357142857142858
18.0,376,20116082,20.88888888888889
4.0,72,20116154,18.0
13.0,739,20116893,56.84615384615385
6.0,228,20117121,38.0
5.0,122,20117243,24.4
20.0,396,20117639,19.8
11.0,194,20117833,17.636363636363637
28.0,693,20118526,24.75
14.0,401,20118927,28.642857142857142
5.0,586,20119513,117.2
22.0,633,20120146,28.772727272727273
3.0,499,20120645,166.33333333333334
2.0,486,20121131,243.0
0.0,441,20121572,inf
8.0,605,20122177,75.625
14.0,330,20122507,23.571428571428573
4.0,115,20122622,28.75
6.0,78,20122700,13.0
9.0,479,20123179,53.22222222222222
3.0,481,20123660,160.33333333333334
8.0,136,20123796,17.0
14.0,566,20124362,40.42857142857143
14.0,278,20124640,19.857142857142858
30.0,590,20125230,19.666666666666668
13.0,302,20125532,23.23076923076923
29.0,504,20126036,17.379310344827587
13.0,732,20126768,56.30769230769231
3.0,507,20127275,169.0
14.0,346,20127621,24.714285714285715
0.0,441,20128062,inf
6.0,529,20128591,88.16666666666667
23.0,376,20128967,16.347826086956523
19.0,475,20129442,25.0
3.0,196,20129638,65.33333333333333
24.0,675,20130313,28.125
24.0,506,20130819,21.083333333333332
16.0,311,20131130,19.4375
1.0,476,20131606,476.0
25.0,523,20132129,20.92
13.0,265,20132394,20.384615384615383
16.0,342,20132736,21.375
0.0,441,20133177,inf
25.0,564,20133741,22.56
1.0,453,20134194,453.0
27.0,574,20134768,21.25925925925926
21.0,899,20135667,42.80952380952381
8.0,435,20136102,54.375
22.0,578,20136680,26.272727272727273
0.0,441,20137121,inf
6.0,153,20137274,25.5
4.0,508,20137782,127.0
1.0,449,20138231,449.0
34.0,780,20139011,22.941176470588236
0.0,441,20139452,inf
7.0,187,20139639,26.714285714285715
4.0,499,20140138,124.75
2.0,138,20140276,69.0
5.0,541,20140817,108.2
1.0,465,20141282,465.0
9.0,230,20141512,25.555555555555557
12.0,270,20141782,22.5
22.0,435,20142217,19.772727272727273
3.0,61,20142278,20.333333333333332
8.0,246,20142524,30.75
15.0,338,20142862,22.533333333333335
0.0,441,20143303,inf
22.0,464,20143767,21.09090909090909
5.0,529,20144296,105.8
37.0,864,20145160,23.35135135135135
17.0,342,20145502,20.11764705882353
6.0,208,20145710,34.666666666666664
2.0,42,20145752,21.0
6.0,159,20145911,26.5
0.0,441,20146352,inf
24.0,465,20146817,19.375
11.0,261,20147078,23.727272727272727
0.0,441,20147519,inf
9.0,440,20147959,48.888888888888886
10.0,217,20148176,21.7
10.0,206,20148382,20.6
0.0,441,20148823,inf
10.0,281,20149104,28.1
5.0,160,20149264,32.0
3.0,98,20149362,32.666666666666664
32.0,662,20150024,20.6875
17.0,652,20150676,38.35294117647059
5.0,526,20151202,105.2
15.0,283,20151485,18.866666666666667
0.0,441,20151926,inf
15.0,339,20152265,22.6
3.0,79,20152344,26.333333333333332
4.0,81,20152425,20.25
4.0,541,20152966,135.25
21.0,448,20153414,21.333333333333332
0.0,441,20153855,inf
31.0,558,20154413,18.0
31.0,772,20155185,24.903225806451612
8.0,271,20155456,33.875
7.0,175,20155631,25.0
14.0,238,20155869,17.0
4.0,211,20156080,52.75
28.0,646,20156726,23.071428571428573
9.0,211,20156937,23.444444444444443
6.0,567,20157504,94.5
2.0,481,20157985,240.5
10.0,388,20158373,38.8
11.0,196,20158569,17.818181818181817
18.0,808,20159377,44.888888888888886
28.0,843,20160220,30.107142857142858
11.0,336,20160556,30.545454545454547
0.0,441,20160997,inf
9.0,186,20161183,20.666666666666668
15.0,345,20161528,23.0
10.0,283,20161811,28.3
2.0,481,20162292,240.5
12.0,230,20162522,19.166666666666668
3.0,295,20162817,98.33333333333333
19.0,416,20163233,21.894736842105264
13.0,363,20163596,27.923076923076923
2.0,468,20164064,234.0
18.0,422,20164486,23.444444444444443
11.0,452,20164938,41.09090909090909
19.0,864,20165802,45.473684210526315
21.0,500,20166302,23.80952380952381
7.0,558,20166860,79.71428571428571
15.0,506,20167366,33.733333333333334
12.0,604,20167970,50.333333333333336
12.0,275,20168245,22.916666666666668
4.0,282,20168527,70.5
2.0,471,20168998,235.5
11.0,308,20169306,28.0
1.0,454,20169760,454.0
10.0,194,20169954,19.4
21.0,459,20170413,21.857142857142858
2.0,32,20170445,16.0
6.0,180,20170625,30.0
17.0,416,20171041,24.470588235294116
12.0,353,20171394,29.416666666666668
15.0,312,20171706,20.8
5.0,548,20172254,109.6
17.0,312,20172566,18.352941176470587
3.0,125,20172691,41.666666666666664
10.0,639,20173330,63.9
8.0,148,20173478,18.5
3.0,517,20173995,172.33333333333334
6.0,532,20174527,88.66666666666667
10.0,257,20174784,25.7
2.0,460,20175244,230.0
19.0,356,20175600,18.736842105263158
13.0,272,20175872,20.923076923076923
19.0,367,20176239,19.31578947368421
8.0,147,20176386,18.375
2.0,468,20176854,234.0
27.0,587,20177441,21.74074074074074
18.0,483,20177924,26.833333333333332
8.0,550,20178474,68.75
5.0,201,20178675,40.2
11.0,272,20178947,24.727272727272727
2.0,500,20179447,250.0
12.0,298,20179745,24.833333333333332
6.0,94,20179839,15.666666666666666
5.0,168,20180007,33.6
5.0,530,20180537,106.0
1.0,455,20180992,455.0
27.0,540,20181532,20.0
4.0,504,20182036,126.0
15.0,308,20182344,20.533333333333335
0.0,441,20182785,inf
11.0,670,20183455,60.90909090909091
12.0,229,20183684,19.083333333333332
39.0,936,20184620,24.0
7.0,611,20185231,87.28571428571429
1.0,24,20185255,24.0
2.0,43,20185298,21.5
4.0,514,20185812,128.5
18.0,343,20186155,19.055555555555557
3.0,541,20186696,180.33333333333334
11.0,172,20186868,15.636363636363637
30.0,748,20187616,24.933333333333334
12.0,254,20187870,21.166666666666668
17.0,387,20188257,22.764705882352942
4.0,496,20188753,124.0
26.0,594,20189347,22.846153846153847
8.0,612,20189959,76.5
29.0,682,20190641,23.517241379310345
16.0,445,20191086,27.8125
13.0,259,20191345,19.923076923076923
8.0,640,20191985,80.0
0.0,441,20192426,inf
1.0,467,20192893,467.0
14.0,777,20193670,55.5
14.0,738,20194408,52.714285714285715
21.0,857,20195265,40.80952380952381
3.0,509,20195774,169.66666666666666
13.0,360,20196134,27.692307692307693
16.0,309,20196443,19.3125
9.0,599,20197042,66.55555555555556
37.0,981,20198023,26.513513513513512
10.0,135,20198158,13.5
2.0,465,20198623,232.5
29.0,701,20199324,24.17241379310345
14.0,755,20200079,53.92857142857143
9.0,639,20200718,71.0
8.0,624,20201342,78.0
9.0,200,20201542,22.22222222222222
5.0,96,20201638,19.2
11.0,666,20202304,60.54545454545455
6.0,179,20202483,29.833333333333332
10.0,197,20202680,19.7
5.0,143,20202823,28.6
24.0,613,20203436,25.541666666666668
8.0,562,20203998,70.25
7.0,563,20204561,80.42857142857143
20.0,466,20205027,23.3
7.0,550,20205577,78.57142857142857
15.0,326,20205903,21.733333333333334
36.0,880,20206783,24.444444444444443
2.0,89,20206872,44.5
11.0,203,20207075,18.454545454545453
5.0,140,20207215,28.0
11.0,382,20207597,34.72727272727273
4.0,506,20208103,126.5
8.0,642,20208745,80.25
6.0,144,20208889,24.0
8.0,236,20209125,29.5
28.0,546,20209671,19.5
8.0,616,20210287,77.0
7.0,166,20210453,23.714285714285715
1.0,457,20210910,457.0
7.0,101,20211011,14.428571428571429
2.0,502,20211513,251.0
28.0,690,20212203,24.642857142857142
3.0,509,20212712,169.66666666666666
22.0,473,20213185,21.5
13.0,234,20213419,18.0
12.0,244,20213663,20.333333333333332
32.0,775,20214438,24.21875
9.0,195,20214633,21.666666666666668
3.0,479,20215112,159.66666666666666
7.0,659,20215771,94.14285714285714
21.0,391,20216162,18.61904761904762
4.0,503,20216665,125.75
14.0,353,20217018,25.214285714285715
28.0,674,20217692,24.071428571428573
21.0,560,20218252,26.666666666666668
7.0,118,20218370,16.857142857142858
28.0,744,20219114,26.571428571428573
24.0,649,20219763,27.041666666666668
22.0,528,20220291,24.0
0.0,441,20220732,inf
4.0,118,20220850,29.5
7.0,160,20221010,22.857142857142858
20.0,498,20221508,24.9
7.0,160,20221668,22.857142857142858
9.0,195,20221863,21.666666666666668
7.0,215,20222078,30.714285714285715
9.0,240,20222318,26.666666666666668
10.0,193,20222511,19.3
2.0,64,20222575,32.0
25.0,658,20223233,26.32
8.0,150,20223383,18.75
23.0,834,20224217,36.26086956521739
6.0,195,20224412,32.5
4.0,76,20224488,19.0
4.0,509,20224997,127.25
2.0,480,20225477,240.0
4.0,520,20225997,130.0
1.0,41,20226038,41.0
18.0,397,20226435,22.055555555555557
5.0,534,20226969,106.8
9.0,185,20227154,20.555555555555557
14.0,310,20227464,22.142857142857142
24.0,537,20228001,22.375
15.0,331,20228332,22.066666666666666
3.0,89,20228421,29.666666666666668
33.0,815,20229236,24.696969696969695
20.0,929,20230165,46.45
5.0,142,20230307,28.4
17.0,264,20230571,15.529411764705882
8.0,575,20231146,71.875
4.0,548,20231694,137.0
5.0,528,20232222,105.6
7.0,596,20232818,85.14285714285714
20.0,540,20233358,27.0
8.0,573,20233931,71.625
13.0,324,20234255,24.923076923076923
20.0,431,20234686,21.55
6.0,525,20235211,87.5
14.0,303,20235514,21.642857142857142
20.0,895,20236409,44.75
16.0,293,20236702,18.3125
12.0,330,20237032,27.5
23.0,414,20237446,18.0
28.0,437,20237883,15.607142857142858
40.0,1143,20239026,28.575
4.0,553,20239579,138.25
2.0,487,20240066,243.5
3.0,80,20240146,26.666666666666668
18.0,792,20240938,44.0
5.0,559,20241497,111.8
12.0,213,20241710,17.75
8.0,230,20241940,28.75
16.0,310,20242250,19.375
21.0,411,20242661,19.571428571428573
25.0,494,20243155,19.76
7.0,167,20243322,23.857142857142858
25.0,1012,20244334,40.48
15.0,256,20244590,17.066666666666666
10.0,173,20244763,17.3
17.0,393,20245156,23.11764705882353
11.0,262,20245418,23.818181818181817
21.0,396,20245814,18.857142857142858
28.0,551,20246365,19.678571428571427
3.0,510,20246875,170.0
6.0,532,20247407,88.66666666666667
0.0,441,20247848,inf
1.0,467,20248315,467.0
5.0,519,20248834,103.8
14.0,238,20249072,17.0
1.0,447,20249519,447.0
1.0,446,20249965,446.0
2.0,511,20250476,255.5
2.0,466,20250942,233.0
4.0,486,20251428,121.5
14.0,686,20252114,49.0
7.0,542,20252656,77.42857142857143
18.0,439,20253095,24.38888888888889
2.0,468,20253563,234.0
3.0,509,20254072,169.66666666666666
2.0,515,20254587,257.5
0.0,441,20255028,inf
3.0,72,20255100,24.0
2.0,474,20255574,237.0
14.0,592,20256166,42.285714285714285
1.0,445,20256611,445.0
1.0,446,20257057,446.0
11.0,317,20257374,28.818181818181817
5.0,540,20257914,108.0
0.0,441,20258355,inf
5.0,551,20258906,110.2
9.0,559,20259465,62.111111111111114
9.0,634,20260099,70.44444444444444
16.0,671,20260770,41.9375
15.0,848,20261618,56.53333333333333
4.0,517,20262135,129.25
4.0,497,20262632,124.25
7.0,146,20262778,20.857142857142858
3.0,529,20263307,176.33333333333334
3.0,596,20263903,198.66666666666666
0.0,441,20264344,inf
0.0,441,20264785,inf
13.0,721,20265506,55.46153846153846
4.0,557,20266063,139.25
3.0,489,20266552,163.0
6.0,582,20267134,97.0
0.0,441,20267575,inf
22.0,422,20267997,19.181818181818183
19.0,828,20268825,43.578947368421055
14.0,742,20269567,53.0
8.0,582,20270149,72.75
0.0,441,20270590,inf
7.0,619,20271209,88.42857142857143
2.0,488,20271697,244.0
14.0,312,20272009,22.285714285714285
6.0,545,20272554,90.83333333333333
9.0,157,20272711,17.444444444444443
3.0,496,20273207,165.33333333333334
0.0,441,20273648,inf
4.0,535,20274183,133.75
13.0,696,20274879,53.53846153846154
0.0,441,20275320,inf
8.0,198,20275518,24.75
10.0,195,20275713,19.5
3.0,489,20276202,163.0
20.0,441,20276643,22.05
0.0,441,20277084,inf
0.0,441,20277525,inf
2.0,473,20277998,236.5
6.0,520,20278518,86.66666666666667
1.0,458,20278976,458.0
0.0,441,20279417,inf
2.0,12,20279429,6.0
16.0,817,20280246,51.0625
0.0,441,20280687,inf
3.0,481,20281168,160.33333333333334
13.0,330,20281498,25.384615384615383
5.0,480,20281978,96.0
7.0,641,20282619,91.57142857142857
0.0,441,20283060,inf
11.0,353,20283413,32.09090909090909
23.0,449,20283862,19.52173913043478
5.0,114,20283976,22.8
14.0,279,20284255,19.928571428571427
17.0,311,20284566,18.294117647058822
11.0,226,20284792,20.545454545454547
25.0,477,20285269,19.08
16.0,334,20285603,20.875
6.0,530,20286133,88.33333333333333
0.0,441,20286574,inf
5.0,127,20286701,25.4
19.0,467,20287168,24.57894736842105
35.0,978,20288146,27.942857142857143
3.0,123,20288269,41.0
11.0,243,20288512,22.09090909090909
32.0,589,20289101,18.40625
7.0,135,20289236,19.285714285714285
10.0,221,20289457,22.1
7.0,197,20289654,28.142857142857142
23.0,499,20290153,21.695652173913043
18.0,372,20290525,20.666666666666668
28.0,583,20291108,20.821428571428573
8.0,657,20291765,82.125
24.0,503,20292268,20.958333333333332
12.0,350,20292618,29.166666666666668
2.0,49,20292667,24.5
3.0,492,20293159,164.0
32.0,792,20293951,24.75
20.0,378,20294329,18.9
4.0,557,20294886,139.25
9.0,250,20295136,27.77777777777778
0.0,441,20295577,inf
10.0,204,20295781,20.4
5.0,511,20296292,102.2
5.0,484,20296776,96.8
6.0,105,20296881,17.5
20.0,865,20297746,43.25
1.0,451,20298197,451.0
3.0,83,20298280,27.666666666666668
6.0,154,20298434,25.666666666666668
7.0,108,20298542,15.428571428571429
20.0,590,20299132,29.5
1.0,466,20299598,466.0
7.0,165,20299763,23.571428571428573
23.0,604,20300367,26.26086956521739
14.0,255,20300622,18.214285714285715
20.0,514,20301136,25.7
7.0,196,20301332,28.0
26.0,988,20302320,38.0
0.0,441,20302761,inf
10.0,682,20303443,68.2
1.0,443,20303886,443.0
8.0,198,20304084,24.75
20.0,471,20304555,23.55
6.0,184,20304739,30.666666666666668
12.0,303,20305042,25.25
0.0,441,20305483,inf
3.0,128,20305611,42.666666666666664
16.0,334,20305945,20.875
17.0,368,20306313,21.647058823529413
18.0,324,20306637,18.0
7.0,211,20306848,30.142857142857142
11.0,211,20307059,19.181818181818183
18.0,340,20307399,18.88888888888889
19.0,425,20307824,22.36842105263158
9.0,193,20308017,21.444444444444443
21.0,419,20308436,19.952380952380953
30.0,869,20309305,28.966666666666665
25.0,552,20309857,22.08
7.0,140,20309997,20.0
18.0,339,20310336,18.833333333333332
21.0,453,20310789,21.571428571428573
10.0,180,20310969,18.0
26.0,490,20311459,18.846153846153847
12.0,237,20311696,19.75
14.0,296,20311992,21.142857142857142
7.0,80,20312072,11.428571428571429
6.0,116,20312188,19.333333333333332
19.0,407,20312595,21.42105263157895
10.0,216,20312811,21.6
6.0,130,20312941,21.666666666666668
8.0,152,20313093,19.0
16.0,419,20313512,26.1875
20.0,419,20313931,20.95
23.0,488,20314419,21.217391304347824
3.0,104,20314523,34.666666666666664
11.0,229,20314752,20.818181818181817
17.0,486,20315238,28.58823529411765
0.0,52,20315290,inf
2.0,53,20315343,26.5
8.0,182,20315525,22.75
13.0,296,20315821,22.76923076923077
12.0,319,20316140,26.583333333333332
16.0,374,20316514,23.375
15.0,369,20316883,24.6
7.0,163,20317046,23.285714285714285
18.0,414,20317460,23.0
26.0,645,20318105,24.807692307692307
10.0,291,20318396,29.1
12.0,239,20318635,19.916666666666668
20.0,435,20319070,21.75
28.0,550,20319620,19.642857142857142
5.0,107,20319727,21.4
18.0,393,20320120,21.833333333333332
18.0,424,20320544,23.555555555555557
21.0,472,20321016,22.476190476190474
19.0,493,20321509,25.94736842105263
7.0,191,20321700,27.285714285714285
13.0,346,20322046,26.615384615384617
0.0,58,20322104,inf
8.0,130,20322234,16.25
9.0,257,20322491,28.555555555555557
23.0,464,20322955,20.17391304347826
23.0,493,20323448,21.434782608695652
12.0,339,20323787,28.25
15.0,380,20324167,25.333333333333332
9.0,206,20324373,22.88888888888889
21.0,408,20324781,19.428571428571427
24.0,534,20325315,22.25
18.0,423,20325738,23.5
6.0,140,20325878,23.333333333333332
18.0,333,20326211,18.5
16.0,444,20326655,27.75
8.0,144,20326799,18.0
6.0,183,20326982,30.5
12.0,285,20327267,23.75
22.0,405,20327672,18.40909090909091
7.0,202,20327874,28.857142857142858
14.0,268,20328142,19.142857142857142
16.0,423,20328565,26.4375
7.0,179,20328744,25.571428571428573
19.0,593,20329337,31.210526315789473
16.0,457,20329794,28.5625
17.0,347,20330141,20.41176470588235
20.0,484,20330625,24.2
21.0,568,20331193,27.047619047619047
27.0,685,20331878,25.37037037037037
26.0,502,20332380,19.307692307692307
11.0,246,20332626,22.363636363636363
9.0,237,20332863,26.333333333333332
7.0,137,20333000,19.571428571428573
33.0,692,20333692,20.96969696969697
19.0,493,20334185,25.94736842105263
5.0,154,20334339,30.8
17.0,379,20334718,22.294117647058822
10.0,228,20334946,22.8
16.0,345,20335291,21.5625
19.0,639,20335930,33.63157894736842
13.0,287,20336217,22.076923076923077
16.0,372,20336589,23.25
22.0,386,20336975,17.545454545454547
27.0,510,20337485,18.88888888888889
9.0,209,20337694,23.22222222222222
11.0,233,20337927,21.181818181818183
22.0,523,20338450,23.772727272727273
17.0,445,20338895,26.176470588235293
16.0,298,20339193,18.625
1.0,449,20339642,449.0
1.0,28,20339670,28.0
19.0,411,20340081,21.63157894736842
20.0,506,20340587,25.3
3.0,96,20340683,32.0
23.0,406,20341089,17.652173913043477
11.0,236,20341325,21.454545454545453
6.0,74,20341399,12.333333333333334
1.0,55,20341454,55.0
3.0,102,20341556,34.0
3.0,31,20341587,10.333333333333334
19.0,429,20342016,22.57894736842105
11.0,284,20342300,25.818181818181817
32.0,651,20342951,20.34375
9.0,240,20343191,26.666666666666668
6.0,144,20343335,24.0
6.0,68,20343403,11.333333333333334
26.0,589,20343992,22.653846153846153
0.0,441,20344433,inf
23.0,578,20345011,25.130434782608695
10.0,337,20345348,33.7
23.0,515,20345863,22.391304347826086
9.0,230,20346093,25.555555555555557
6.0,124,20346217,20.666666666666668
1.0,19,20346236,19.0
8.0,211,20346447,26.375
13.0,306,20346753,23.53846153846154
4.0,87,20346840,21.75
14.0,288,20347128,20.571428571428573
2.0,75,20347203,37.5
3.0,82,20347285,27.333333333333332
2.0,73,20347358,36.5
3.0,48,20347406,16.0
6.0,106,20347512,17.666666666666668
10.0,302,20347814,30.2
6.0,177,20347991,29.5
20.0,435,20348426,21.75
7.0,197,20348623,28.142857142857142
9.0,321,20348944,35.666666666666664
23.0,637,20349581,27.695652173913043
2.0,51,20349632,25.5
27.0,783,20350415,29.0
13.0,404,20350819,31.076923076923077
13.0,356,20351175,27.384615384615383
15.0,356,20351531,23.733333333333334
2.0,81,20351612,40.5
10.0,203,20351815,20.3
8.0,222,20352037,27.75
14.0,314,20352351,22.428571428571427
11.0,244,20352595,22.181818181818183
22.0,675,20353270,30.681818181818183
18.0,367,20353637,20.38888888888889
7.0,145,20353782,20.714285714285715
13.0,245,20354027,18.846153846153847
12.0,239,20354266,19.916666666666668
17.0,336,20354602,19.764705882352942
26.0,592,20355194,22.76923076923077
17.0,480,20355674,28.235294117647058
13.0,234,20355908,18.0
3.0,108,20356016,36.0
0.0,16,20356032,inf
7.0,255,20356287,36.42857142857143
25.0,448,20356735,17.92
2.0,75,20356810,37.5
29.0,672,20357482,23.17241379310345
21.0,480,20357962,22.857142857142858
30.0,697,20358659,23.233333333333334
13.0,239,20358898,18.384615384615383
20.0,480,20359378,24.0
0.0,46,20359424,inf
26.0,432,20359856,16.615384615384617
37.0,777,20360633,21.0
17.0,366,20360999,21.529411764705884
12.0,290,20361289,24.166666666666668
17.0,294,20361583,17.294117647058822
26.0,701,20362284,26.96153846153846
22.0,388,20362672,17.636363636363637
41.0,1057,20363729,25.78048780487805
13.0,281,20364010,21.615384615384617
2.0,49,20364059,24.5
26.0,582,20364641,22.384615384615383
26.0,680,20365321,26.153846153846153
0.0,89,20365410,inf
3.0,104,20365514,34.666666666666664
11.0,247,20365761,22.454545454545453
4.0,125,20365886,31.25
8.0,145,20366031,18.125
12.0,266,20366297,22.166666666666668
21.0,393,20366690,18.714285714285715
21.0,545,20367235,25.952380952380953
24.0,590,20367825,24.583333333333332
31.0,616,20368441,19.870967741935484
10.0,230,20368671,23.0
21.0,485,20369156,23.095238095238095
7.0,136,20369292,19.428571428571427
32.0,553,20369845,17.28125
1.0,53,20369898,53.0
25.0,538,20370436,21.52
2.0,85,20370521,42.5
24.0,686,20371207,28.583333333333332
7.0,181,20371388,25.857142857142858
10.0,157,20371545,15.7
10.0,231,20371776,23.1
7.0,202,20371978,28.857142857142858
5.0,101,20372079,20.2
3.0,104,20372183,34.666666666666664
3.0,99,20372282,33.0
8.0,132,20372414,16.5
20.0,591,20373005,29.55
11.0,270,20373275,24.545454545454547
6.0,145,20373420,24.166666666666668
19.0,509,20373929,26.789473684210527
6.0,107,20374036,17.833333333333332
6.0,197,20374233,32.833333333333336
1.0,69,20374302,69.0
6.0,179,20374481,29.833333333333332
17.0,435,20374916,25.58823529411765
4.0,112,20375028,28.0
17.0,377,20375405,22.176470588235293
25.0,407,20375812,16.28
20.0,433,20376245,21.65
11.0,320,20376565,29.09090909090909
19.0,458,20377023,24.105263157894736
12.0,193,20377216,16.083333333333332
10.0,238,20377454,23.8
0.0,52,20377506,inf
15.0,402,20377908,26.8
24.0,550,20378458,22.916666666666668
1.0,29,20378487,29.0
3.0,59,20378546,19.666666666666668
27.0,628,20379174,23.25925925925926
9.0,205,20379379,22.77777777777778
6.0,137,20379516,22.833333333333332
24.0,444,20379960,18.5
10.0,196,20380156,19.6
10.0,232,20380388,23.2
34.0,882,20381270,25.941176470588236
1.0,25,20381295,25.0
6.0,129,20381424,21.5
16.0,308,20381732,19.25
15.0,300,20382032,20.0
5.0,119,20382151,23.8
8.0,221,20382372,27.625
14.0,298,20382670,21.285714285714285
9.0,171,20382841,19.0
23.0,461,20383302,20.043478260869566
24.0,554,20383856,23.083333333333332
1.0,40,20383896,40.0
11.0,262,20384158,23.818181818181817
2.0,38,20384196,19.0
15.0,291,20384487,19.4
28.0,805,20385292,28.75
8.0,131,20385423,16.375
4.0,104,20385527,26.0
8.0,199,20385726,24.875
10.0,144,20385870,14.4
2.0,23,20385893,11.5
9.0,270,20386163,30.0
3.0,97,20386260,32.333333333333336
1.0,50,20386310,50.0
11.0,404,20386714,36.72727272727273
2.0,70,20386784,35.0
4.0,121,20386905,30.25
15.0,291,20387196,19.4
7.0,143,20387339,20.428571428571427
27.0,569,20387908,21.074074074074073
30.0,785,20388693,26.166666666666668
20.0,447,20389140,22.35
18.0,340,20389480,18.88888888888889
20.0,871,20390351,43.55
24.0,558,20390909,23.25
14.0,295,20391204,21.071428571428573
28.0,608,20391812,21.714285714285715
15.0,326,20392138,21.733333333333334
25.0,614,20392752,24.56
17.0,381,20393133,22.41176470588235
6.0,226,20393359,37.666666666666664
22.0,901,20394260,40.95454545454545
18.0,420,20394680,23.333333333333332
24.0,636,20395316,26.5
12.0,195,20395511,16.25
25.0,507,20396018,20.28
25.0,568,20396586,22.72
22.0,478,20397064,21.727272727272727
32.0,810,20397874,25.3125
9.0,188,20398062,20.88888888888889
11.0,653,20398715,59.36363636363637
20.0,461,20399176,23.05
6.0,175,20399351,29.166666666666668
12.0,242,20399593,20.166666666666668
14.0,318,20399911,22.714285714285715
19.0,878,20400789,46.21052631578947
23.0,495,20401284,21.52173913043478
30.0,723,20402007,24.1
15.0,368,20402375,24.533333333333335
12.0,210,20402585,17.5
23.0,490,20403075,21.304347826086957
34.0,833,20403908,24.5
22.0,450,20404358,20.454545454545453
4.0,86,20404444,21.5
21.0,384,20404828,18.285714285714285
18.0,476,20405304,26.444444444444443
7.0,226,20405530,32.285714285714285
12.0,273,20405803,22.75
5.0,99,20405902,19.8
24.0,413,20406315,17.208333333333332
23.0,506,20406821,22.0
28.0,712,20407533,25.428571428571427
15.0,358,20407891,23.866666666666667
6.0,106,20407997,17.666666666666668
20.0,515,20408512,25.75
14.0,342,20408854,24.428571428571427
11.0,234,20409088,21.272727272727273
11.0,173,20409261,15.727272727272727
7.0,221,20409482,31.571428571428573
4.0,497,20409979,124.25
15.0,309,20410288,20.6
7.0,159,20410447,22.714285714285715
8.0,574,20411021,71.75
44.0,1072,20412093,24.363636363636363
22.0,330,20412423,15.0
18.0,334,20412757,18.555555555555557
15.0,304,20413061,20.266666666666666
7.0,142,20413203,20.285714285714285
13.0,336,20413539,25.846153846153847
14.0,395,20413934,28.214285714285715
18.0,412,20414346,22.88888888888889
7.0,174,20414520,24.857142857142858
24.0,529,20415049,22.041666666666668
19.0,426,20415475,22.42105263157895
5.0,52,20415527,10.4
14.0,316,20415843,22.571428571428573
16.0,309,20416152,19.3125
19.0,457,20416609,24.05263157894737
32.0,552,20417161,17.25
6.0,91,20417252,15.166666666666666
8.0,108,20417360,13.5
25.0,606,20417966,24.24
16.0,322,20418288,20.125
3.0,85,20418373,28.333333333333332
4.0,68,20418441,17.0
36.0,922,20419363,25.61111111111111
6.0,144,20419507,24.0
12.0,300,20419807,25.0
12.0,244,20420051,20.333333333333332
10.0,371,20420422,37.1
19.0,436,20420858,22.94736842105263
4.0,93,20420951,23.25
16.0,324,20421275,20.25
14.0,305,20421580,21.785714285714285
23.0,513,20422093,22.304347826086957
12.0,247,20422340,20.583333333333332
26.0,648,20422988,24.923076923076923
12.0,212,20423200,17.666666666666668
34.0,737,20423937,21.676470588235293
18.0,385,20424322,21.38888888888889
26.0,526,20424848,20.23076923076923
27.0,583,20425431,21.59259259259259
10.0,198,20425629,19.8
17.0,461,20426090,27.11764705882353
12.0,273,20426363,22.75
25.0,502,20426865,20.08
17.0,445,20427310,26.176470588235293
16.0,410,20427720,25.625
15.0,329,20428049,21.933333333333334
22.0,463,20428512,21.045454545454547
18.0,434,20428946,24.11111111111111
23.0,573,20429519,24.91304347826087
25.0,431,20429950,17.24
4.0,526,20430476,131.5
6.0,169,20430645,28.166666666666668
2.0,50,20430695,25.0
25.0,548,20431243,21.92
1.0,38,20431281,38.0
16.0,360,20431641,22.5
26.0,679,20432320,26.115384615384617
38.0,983,20433303,25.86842105263158
11.0,265,20433568,24.09090909090909
11.0,273,20433841,24.818181818181817
18.0,402,20434243,22.333333333333332
9.0,180,20434423,20.0
9.0,574,20434997,63.77777777777778
17.0,340,20435337,20.0
17.0,377,20435714,22.176470588235293
2.0,58,20435772,29.0
6.0,166,20435938,27.666666666666668
37.0,830,20436768,22.43243243243243
11.0,293,20437061,26.636363636363637
10.0,212,20437273,21.2
21.0,511,20437784,24.333333333333332
15.0,342,20438126,22.8
25.0,600,20438726,24.0
10.0,167,20438893,16.7
22.0,478,20439371,21.727272727272727
8.0,214,20439585,26.75
14.0,276,20439861,19.714285714285715
3.0,94,20439955,31.333333333333332
12.0,243,20440198,20.25
17.0,277,20440475,16.294117647058822
28.0,514,20440989,18.357142857142858
14.0,369,20441358,26.357142857142858
7.0,191,20441549,27.285714285714285
22.0,837,20442386,38.04545454545455
29.0,687,20443073,23.689655172413794
27.0,512,20443585,18.962962962962962
15.0,293,20443878,19.533333333333335
30.0,564,20444442,18.8
33.0,831,20445273,25.181818181818183
6.0,140,20445413,23.333333333333332
11.0,131,20445544,11.909090909090908
31.0,1119,20446663,36.096774193548384
22.0,525,20447188,23.863636363636363
9.0,190,20447378,21.11111111111111
8.0,179,20447557,22.375
5.0,137,20447694,27.4
26.0,567,20448261,21.807692307692307
27.0,585,20448846,21.666666666666668
21.0,456,20449302,21.714285714285715
12.0,241,20449543,20.083333333333332
2.0,463,20450006,231.5
14.0,675,20450681,48.214285714285715
1.0,472,20451153,472.0
10.0,241,20451394,24.1
16.0,737,20452131,46.0625
32.0,728,20452859,22.75
16.0,352,20453211,22.0
4.0,521,20453732,130.25
9.0,210,20453942,23.333333333333332
6.0,114,20454056,19.0
0.0,441,20454497,inf
9.0,356,20454853,39.55555555555556
11.0,194,20455047,17.636363636363637
17.0,382,20455429,22.470588235294116
30.0,1037,20456466,34.56666666666667
22.0,410,20456876,18.636363636363637
26.0,527,20457403,20.26923076923077
19.0,877,20458280,46.1578947368421
4.0,516,20458796,129.0
12.0,351,20459147,29.25
0.0,441,20459588,inf
15.0,723,20460311,48.2
9.0,156,20460467,17.333333333333332
12.0,675,20461142,56.25
11.0,254,20461396,23.09090909090909
11.0,730,20462126,66.36363636363636
17.0,383,20462509,22.529411764705884
2.0,43,20462552,21.5
6.0,173,20462725,28.833333333333332
4.0,514,20463239,128.5
0.0,441,20463680,inf
8.0,601,20464281,75.125
11.0,273,20464554,24.818181818181817
6.0,187,20464741,31.166666666666668
24.0,451,20465192,18.791666666666668
5.0,101,20465293,20.2
19.0,439,20465732,23.105263157894736
4.0,95,20465827,23.75
19.0,455,20466282,23.94736842105263
8.0,127,20466409,15.875
5.0,127,20466536,25.4
15.0,429,20466965,28.6
4.0,511,20467476,127.75
15.0,695,20468171,46.333333333333336
20.0,530,20468701,26.5
10.0,196,20468897,19.6
6.0,151,20469048,25.166666666666668
13.0,227,20469275,17.46153846153846
6.0,164,20469439,27.333333333333332
10.0,613,20470052,61.3
8.0,636,20470688,79.5
10.0,628,20471316,62.8
1.0,453,20471769,453.0
4.0,501,20472270,125.25
6.0,189,20472459,31.5
15.0,398,20472857,26.533333333333335
17.0,318,20473175,18.705882352941178
25.0,684,20473859,27.36
19.0,446,20474305,23.473684210526315
2.0,58,20474363,29.0
6.0,108,20474471,18.0
13.0,284,20474755,21.846153846153847
7.0,185,20474940,26.428571428571427
5.0,134,20475074,26.8
5.0,94,20475168,18.8
22.0,483,20475651,21.954545454545453
17.0,378,20476029,22.235294117647058
8.0,217,20476246,27.125
22.0,517,20476763,23.5
2.0,503,20477266,251.5
13.0,243,20477509,18.692307692307693
20.0,491,20478000,24.55
0.0,441,20478441,inf
23.0,487,20478928,21.17391304347826
4.0,531,20479459,132.75
0.0,19,20479478,inf
22.0,586,20480064,26.636363636363637
34.0,811,20480875,23.852941176470587
6.0,119,20480994,19.833333333333332
24.0,481,20481475,20.041666666666668
26.0,543,20482018,20.884615384615383
5.0,154,20482172,30.8
10.0,188,20482360,18.8
18.0,291,20482651,16.166666666666668
11.0,220,20482871,20.0
37.0,1035,20483906,27.972972972972972
2.0,75,20483981,37.5
18.0,457,20484438,25.38888888888889
14.0,308,20484746,22.0
6.0,74,20484820,12.333333333333334
5.0,76,20484896,15.2
25.0,542,20485438,21.68
8.0,591,20486029,73.875
30.0,831,20486860,27.7
32.0,844,20487704,26.375
13.0,404,20488108,31.076923076923077
15.0,834,20488942,55.6
25.0,480,20489422,19.2
13.0,309,20489731,23.76923076923077
8.0,544,20490275,68.0
6.0,167,20490442,27.833333333333332
5.0,117,20490559,23.4
4.0,515,20491074,128.75
23.0,603,20491677,26.217391304347824
16.0,329,20492006,20.5625
8.0,590,20492596,73.75
18.0,449,20493045,24.944444444444443
19.0,428,20493473,22.526315789473685
4.0,112,20493585,28.0
10.0,199,20493784,19.9
1.0,55,20493839,55.0
25.0,690,20494529,27.6
15.0,365,20494894,24.333333333333332
19.0,471,20495365,24.789473684210527
1.0,457,20495822,457.0
27.0,649,20496471,24.037037037037038
5.0,510,20496981,102.0
15.0,449,20497430,29.933333333333334
5.0,516,20497946,103.2
38.0,999,20498945,26.289473684210527
26.0,612,20499557,23.53846153846154
26.0,636,20500193,24.46153846153846
8.0,631,20500824,78.875
25.0,618,20501442,24.72
4.0,92,20501534,23.0
11.0,210,20501744,19.09090909090909
1.0,20,20501764,20.0
6.0,200,20501964,33.333333333333336
17.0,280,20502244,16.470588235294116
5.0,109,20502353,21.8
1.0,461,20502814,461.0
15.0,349,20503163,23.266666666666666
6.0,152,20503315,25.333333333333332
12.0,255,20503570,21.25
28.0,622,20504192,22.214285714285715
26.0,695,20504887,26.73076923076923
18.0,463,20505350,25.72222222222222
18.0,678,20506028,37.666666666666664
1.0,478,20506506,478.0
12.0,248,20506754,20.666666666666668
27.0,682,20507436,25.25925925925926
13.0,359,20507795,27.615384615384617
27.0,825,20508620,30.555555555555557
28.0,615,20509235,21.964285714285715
11.0,673,20509908,61.18181818181818
5.0,156,20510064,31.2
7.0,249,20510313,35.57142857142857
11.0,264,20510577,24.0
11.0,224,20510801,20.363636363636363
10.0,272,20511073,27.2
29.0,820,20511893,28.275862068965516
4.0,500,20512393,125.0
18.0,484,20512877,26.88888888888889
14.0,740,20513617,52.857142857142854
7.0,138,20513755,19.714285714285715
21.0,457,20514212,21.761904761904763
1.0,471,20514683,471.0
17.0,360,20515043,21.176470588235293
6.0,129,20515172,21.5
19.0,416,20515588,21.894736842105264
20.0,465,20516053,23.25
36.0,660,20516713,18.333333333333332
3.0,101,20516814,33.666666666666664
10.0,257,20517071,25.7
17.0,433,20517504,25.470588235294116
17.0,524,20518028,30.823529411764707
11.0,241,20518269,21.90909090909091
27.0,609,20518878,22.555555555555557
14.0,410,20519288,29.285714285714285
3.0,485,20519773,161.66666666666666
5.0,180,20519953,36.0
7.0,201,20520154,28.714285714285715
2.0,80,20520234,40.0
22.0,522,20520756,23.727272727272727
19.0,561,20521317,29.526315789473685
2.0,88,20521405,44.0
20.0,598,20522003,29.9
40.0,1112,20523115,27.8
4.0,82,20523197,20.5
1.0,534,20523731,534.0
16.0,490,20524221,30.625
11.0,273,20524494,24.818181818181817
8.0,213,20524707,26.625
9.0,273,20524980,30.333333333333332
13.0,305,20525285,23.46153846153846
34.0,844,20526129,24.823529411764707
17.0,395,20526524,23.235294117647058
2.0,132,20526656,66.0
17.0,431,20527087,25.352941176470587
8.0,246,20527333,30.75
10.0,280,20527613,28.0
9.0,196,20527809,21.77777777777778
27.0,690,20528499,25.555555555555557
1.0,34,20528533,34.0
12.0,268,20528801,22.333333333333332
11.0,231,20529032,21.0
14.0,321,20529353,22.928571428571427
12.0,298,20529651,24.833333333333332
8.0,253,20529904,31.625
12.0,224,20530128,18.666666666666668
5.0,146,20530274,29.2
12.0,304,20530578,25.333333333333332
10.0,290,20530868,29.0
9.0,183,20531051,20.333333333333332
10.0,155,20531206,15.5
22.0,618,20531824,28.09090909090909
5.0,114,20531938,22.8
2.0,52,20531990,26.0
17.0,399,20532389,23.470588235294116
5.0,119,20532508,23.8
27.0,606,20533114,22.444444444444443
4.0,100,20533214,25.0
22.0,559,20533773,25.40909090909091
19.0,522,20534295,27.473684210526315
34.0,844,20535139,24.823529411764707
3.0,94,20535233,31.333333333333332
13.0,279,20535512,21.46153846153846
32.0,807,20536319,25.21875
4.0,156,20536475,39.0
14.0,319,20536794,22.785714285714285
15.0,492,20537286,32.8
12.0,389,20537675,32.416666666666664
2.0,139,20537814,69.5
5.0,134,20537948,26.8
29.0,712,20538660,24.551724137931036
23.0,488,20539148,21.217391304347824
1.0,39,20539187,39.0
3.0,88,20539275,29.333333333333332
30.0,769,20540044,25.633333333333333
18.0,478,20540522,26.555555555555557
11.0,276,20540798,25.09090909090909
35.0,1048,20541846,29.942857142857143
22.0,423,20542269,19.227272727272727
30.0,686,20542955,22.866666666666667
10.0,287,20543242,28.7
20.0,554,20543796,27.7
29.0,714,20544510,24.620689655172413
23.0,485,20544995,21.08695652173913
1.0,54,20545049,54.0
11.0,195,20545244,17.727272727272727
6.0,152,20545396,25.333333333333332
18.0,386,20545782,21.444444444444443
20.0,1011,20546793,50.55
4.0,58,20546851,14.5
2.0,57,20546908,28.5
19.0,418,20547326,22.0
11.0,398,20547724,36.18181818181818
15.0,333,20548057,22.2
12.0,299,20548356,24.916666666666668
8.0,248,20548604,31.0
1.0,32,20548636,32.0
6.0,183,20548819,30.5
27.0,732,20549551,27.11111111111111
17.0,382,20549933,22.470588235294116
3.0,42,20549975,14.0
4.0,134,20550109,33.5
17.0,438,20550547,25.764705882352942
4.0,98,20550645,24.5
24.0,678,20551323,28.25
27.0,771,20552094,28.555555555555557
11.0,320,20552414,29.09090909090909
10.0,218,20552632,21.8
1.0,31,20552663,31.0
3.0,90,20552753,30.0
18.0,373,20553126,20.72222222222222
14.0,312,20553438,22.285714285714285
6.0,115,20553553,19.166666666666668
14.0,290,20553843,20.714285714285715
10.0,243,20554086,24.3
6.0,194,20554280,32.333333333333336
7.0,149,20554429,21.285714285714285
4.0,105,20554534,26.25
25.0,572,20555106,22.88
22.0,587,20555693,26.681818181818183
3.0,57,20555750,19.0
19.0,423,20556173,22.263157894736842
11.0,190,20556363,17.272727272727273
10.0,285,20556648,28.5
16.0,350,20556998,21.875
14.0,423,20557421,30.214285714285715
26.0,638,20558059,24.53846153846154
9.0,222,20558281,24.666666666666668
3.0,130,20558411,43.333333333333336
24.0,1032,20559443,43.0
2.0,62,20559505,31.0
14.0,233,20559738,16.642857142857142
9.0,213,20559951,23.666666666666668
14.0,366,20560317,26.142857142857142
5.0,224,20560541,44.8
3.0,85,20560626,28.333333333333332
8.0,583,20561209,72.875
2.0,122,20561331,61.0
29.0,657,20561988,22.655172413793103
23.0,415,20562403,18.043478260869566
13.0,211,20562614,16.23076923076923
12.0,292,20562906,24.333333333333332
13.0,323,20563229,24.846153846153847
20.0,604,20563833,30.2
3.0,124,20563957,41.333333333333336
1.0,519,20564476,519.0
24.0,713,20565189,29.708333333333332
6.0,181,20565370,30.166666666666668
23.0,577,20565947,25.08695652173913
5.0,120,20566067,24.0
12.0,315,20566382,26.25
4.0,122,20566504,30.5
23.0,675,20567179,29.347826086956523
40.0,1148,20568327,28.7
27.0,690,20569017,25.555555555555557
13.0,299,20569316,23.0
21.0,415,20569731,19.761904761904763
12.0,316,20570047,26.333333333333332
13.0,221,20570268,17.0
11.0,321,20570589,29.181818181818183
37.0,1053,20571642,28.45945945945946
28.0,711,20572353,25.392857142857142
17.0,588,20572941,34.588235294117645
33.0,1075,20574016,32.57575757575758
3.0,86,20574102,28.666666666666668
6.0,225,20574327,37.5
35.0,771,20575098,22.02857142857143
17.0,469,20575567,27.58823529411765
23.0,628,20576195,27.304347826086957
20.0,567,20576762,28.35
7.0,167,20576929,23.857142857142858
6.0,408,20577337,68.0
12.0,397,20577734,33.083333333333336
7.0,206,20577940,29.428571428571427
2.0,498,20578438,249.0
24.0,585,20579023,24.375
8.0,177,20579200,22.125
32.0,933,20580133,29.15625
15.0,366,20580499,24.4
19.0,397,20580896,20.894736842105264
30.0,657,20581553,21.9
7.0,228,20581781,32.57142857142857
20.0,761,20582542,38.05
17.0,398,20582940,23.41176470588235
3.0,86,20583026,28.666666666666668
0.0,20,20583046,inf
8.0,151,20583197,18.875
30.0,691,20583888,23.033333333333335
22.0,496,20584384,22.545454545454547
5.0,175,20584559,35.0
5.0,220,20584779,44.0
33.0,952,20585731,28.848484848484848
1.0,52,20585783,52.0
15.0,377,20586160,25.133333333333333
4.0,162,20586322,40.5
25.0,816,20587138,32.64
4.0,69,20587207,17.25
18.0,479,20587686,26.61111111111111
23.0,668,20588354,29.043478260869566
25.0,537,20588891,21.48
18.0,553,20589444,30.72222222222222
21.0,470,20589914,22.38095238095238
11.0,236,20590150,21.454545454545453
30.0,915,20591065,30.5
6.0,527,20591592,87.83333333333333
22.0,541,20592133,24.59090909090909
12.0,705,20592838,58.75
10.0,303,20593141,30.3
0.0,441,20593582,inf
1.0,64,20593646,64.0
12.0,695,20594341,57.916666666666664
5.0,541,20594882,108.2
4.0,88,20594970,22.0
1.0,455,20595425,455.0
2.0,481,20595906,240.5
5.0,558,20596464,111.6
6.0,561,20597025,93.5
0.0,441,20597466,inf
4.0,511,20597977,127.75
13.0,243,20598220,18.692307692307693
0.0,441,20598661,inf
18.0,854,20599515,47.44444444444444
10.0,661,20600176,66.1
22.0,534,20600710,24.272727272727273
10.0,230,20600940,23.0
7.0,108,20601048,15.428571428571429
6.0,89,20601137,14.833333333333334
25.0,603,20601740,24.12
11.0,672,20602412,61.09090909090909
16.0,726,20603138,45.375
0.0,441,20603579,inf
24.0,455,20604034,18.958333333333332
7.0,556,20604590,79.42857142857143
8.0,286,20604876,35.75
6.0,580,20605456,96.66666666666667
2.0,46,20605502,23.0
4.0,120,20605622,30.0
16.0,440,20606062,27.5
15.0,252,20606314,16.8
5.0,122,20606436,24.4
9.0,189,20606625,21.0
0.0,22,20606647,inf
8.0,242,20606889,30.25
9.0,597,20607486,66.33333333333333
0.0,26,20607512,inf
19.0,344,20607856,18.105263157894736
12.0,343,20608199,28.583333333333332
5.0,138,20608337,27.6
0.0,441,20608778,inf
14.0,285,20609063,20.357142857142858
14.0,301,20609364,21.5
5.0,513,20609877,102.6
7.0,202,20610079,28.857142857142858
1.0,68,20610147,68.0
1.0,38,20610185,38.0
8.0,204,20610389,25.5
13.0,257,20610646,19.76923076923077
4.0,497,20611143,124.25
3.0,60,20611203,20.0
19.0,430,20611633,22.63157894736842
6.0,116,20611749,19.333333333333332
32.0,1173,20612922,36.65625
0.0,441,20613363,inf
2.0,474,20613837,237.0
7.0,195,20614032,27.857142857142858
10.0,712,20614744,71.2
16.0,324,20615068,20.25
20.0,358,20615426,17.9
4.0,546,20615972,136.5
21.0,489,20616461,23.285714285714285
8.0,645,20617106,80.625
18.0,877,20617983,48.72222222222222
4.0,503,20618486,125.75
12.0,687,20619173,57.25
2.0,74,20619247,37.0
2.0,494,20619741,247.0
19.0,293,20620034,15.421052631578947
15.0,759,20620793,50.6
21.0,432,20621225,20.571428571428573
1.0,454,20621679,454.0
30.0,617,20622296,20.566666666666666
3.0,98,20622394,32.666666666666664
0.0,441,20622835,inf
7.0,165,20623000,23.571428571428573
8.0,213,20623213,26.625
7.0,256,20623469,36.57142857142857
10.0,244,20623713,24.4
0.0,441,20624154,inf
18.0,356,20624510,19.77777777777778
4.0,118,20624628,29.5
0.0,441,20625069,inf
3.0,38,20625107,12.666666666666666
5.0,556,20625663,111.2
7.0,553,20626216,79.0
4.0,525,20626741,131.25
10.0,222,20626963,22.2
26.0,756,20627719,29.076923076923077
17.0,469,20628188,27.58823529411765
16.0,468,20628656,29.25
27.0,731,20629387,27.074074074074073
23.0,591,20629978,25.695652173913043
15.0,377,20630355,25.133333333333333
3.0,92,20630447,30.666666666666668
29.0,1048,20631495,36.13793103448276
22.0,612,20632107,27.818181818181817
15.0,396,20632503,26.4
28.0,780,20633283,27.857142857142858
10.0,257,20633540,25.7
7.0,579,20634119,82.71428571428571
2.0,497,20634616,248.5
11.0,156,20634772,14.181818181818182
28.0,639,20635411,22.821428571428573
3.0,520,20635931,173.33333333333334
9.0,277,20636208,30.77777777777778
26.0,921,20637129,35.42307692307692
30.0,731,20637860,24.366666666666667
5.0,170,20638030,34.0
15.0,358,20638388,23.866666666666667
29.0,828,20639216,28.551724137931036
9.0,275,20639491,30.555555555555557
26.0,635,20640126,24.423076923076923
6.0,121,20640247,20.166666666666668
34.0,903,20641150,26.558823529411764
14.0,457,20641607,32.642857142857146
0.0,95,20641702,inf
6.0,157,20641859,26.166666666666668
12.0,313,20642172,26.083333333333332
8.0,685,20642857,85.625
33.0,1000,20643857,30.303030303030305
11.0,326,20644183,29.636363636363637
7.0,198,20644381,28.285714285714285
10.0,809,20645190,80.9
10.0,846,20646036,84.6
18.0,650,20646686,36.111111111111114
3.0,112,20646798,37.333333333333336
21.0,680,20647478,32.38095238095238
23.0,559,20648037,24.304347826086957
10.0,321,20648358,32.1
17.0,613,20648971,36.05882352941177
22.0,621,20649592,28.227272727272727
8.0,673,20650265,84.125
14.0,366,20650631,26.142857142857142
27.0,681,20651312,25.22222222222222
1.0,443,20651755,443.0
2.0,481,20652236,240.5
25.0,485,20652721,19.4
15.0,467,20653188,31.133333333333333
30.0,896,20654084,29.866666666666667
3.0,482,20654566,160.66666666666666
18.0,442,20655008,24.555555555555557
6.0,569,20655577,94.83333333333333
5.0,132,20655709,26.4
6.0,562,20656271,93.66666666666667
14.0,226,20656497,16.142857142857142
9.0,612,20657109,68.0
9.0,571,20657680,63.44444444444444
8.0,638,20658318,79.75
8.0,746,20659064,93.25
9.0,320,20659384,35.55555555555556
17.0,377,20659761,22.176470588235293
0.0,441,20660202,inf
15.0,438,20660640,29.2
30.0,745,20661385,24.833333333333332
24.0,531,20661916,22.125
8.0,136,20662052,17.0
7.0,200,20662252,28.571428571428573
2.0,51,20662303,25.5
12.0,250,20662553,20.833333333333332
25.0,633,20663186,25.32
9.0,163,20663349,18.11111111111111
13.0,406,20663755,31.23076923076923
0.0,24,20663779,inf
30.0,1014,20664793,33.8
25.0,598,20665391,23.92
25.0,573,20665964,22.92
16.0,664,20666628,41.5
0.0,441,20667069,inf
12.0,258,20667327,21.5
7.0,584,20667911,83.42857142857143
8.0,832,20668743,104.0
9.0,382,20669125,42.44444444444444
30.0,840,20669965,28.0
1.0,38,20670003,38.0
13.0,376,20670379,28.923076923076923
20.0,586,20670965,29.3
23.0,636,20671601,27.652173913043477
32.0,668,20672269,20.875
25.0,567,20672836,22.68
39.0,963,20673799,24.692307692307693
39.0,1045,20674844,26.794871794871796
24.0,709,20675553,29.541666666666668
28.0,714,20676267,25.5
7.0,200,20676467,28.571428571428573
14.0,366,20676833,26.142857142857142
29.0,657,20677490,22.655172413793103
22.0,628,20678118,28.545454545454547
26.0,575,20678693,22.115384615384617
41.0,1216,20679909,29.658536585365855
6.0,205,20680114,34.166666666666664
19.0,469,20680583,24.68421052631579
14.0,247,20680830,17.642857142857142
27.0,701,20681531,25.962962962962962
2.0,37,20681568,18.5
11.0,221,20681789,20.09090909090909
6.0,177,20681966,29.5
19.0,546,20682512,28.736842105263158
26.0,565,20683077,21.73076923076923
10.0,345,20683422,34.5
0.0,24,20683446,inf
32.0,905,20684351,28.28125
27.0,746,20685097,27.62962962962963
24.0,639,20685736,26.625
21.0,439,20686175,20.904761904761905
28.0,601,20686776,21.464285714285715
25.0,519,20687295,20.76
27.0,692,20687987,25.62962962962963
14.0,347,20688334,24.785714285714285
19.0,536,20688870,28.210526315789473
13.0,360,20689230,27.692307692307693
23.0,543,20689773,23.608695652173914
34.0,1024,20690797,30.11764705882353
23.0,537,20691334,23.347826086956523
11.0,272,20691606,24.727272727272727
8.0,303,20691909,37.875
14.0,266,20692175,19.0
21.0,424,20692599,20.19047619047619
28.0,771,20693370,27.535714285714285
10.0,222,20693592,22.2
18.0,496,20694088,27.555555555555557
13.0,399,20694487,30.692307692307693
38.0,951,20695438,25.026315789473685
37.0,1133,20696571,30.62162162162162
29.0,794,20697365,27.379310344827587
16.0,362,20697727,22.625
20.0,418,20698145,20.9
18.0,625,20698770,34.72222222222222
27.0,744,20699514,27.555555555555557
38.0,998,20700512,26.263157894736842
20.0,525,20701037,26.25
21.0,433,20701470,20.61904761904762
28.0,749,20702219,26.75
14.0,412,20702631,29.428571428571427
29.0,1147,20703778,39.55172413793103
34.0,1045,20704823,30.735294117647058
9.0,259,20705082,28.77777777777778
31.0,773,20705855,24.93548387096774
19.0,609,20706464,32.05263157894737
41.0,1051,20707515,25.634146341463413
39.0,958,20708473,24.564102564102566
26.0,550,20709023,21.153846153846153
23.0,540,20709563,23.47826086956522
2.0,131,20709694,65.5
30.0,737,20710431,24.566666666666666
29.0,632,20711063,21.79310344827586
35.0,834,20711897,23.82857142857143
18.0,554,20712451,30.77777777777778
24.0,692,20713143,28.833333333333332
5.0,279,20713422,55.8
9.0,325,20713747,36.111111111111114
2.0,101,20713848,50.5
23.0,607,20714455,26.391304347826086
26.0,748,20715203,28.76923076923077
32.0,986,20716189,30.8125
7.0,194,20716383,27.714285714285715
10.0,251,20716634,25.1
25.0,823,20717457,32.92
23.0,745,20718202,32.391304347826086
19.0,534,20718736,28.105263157894736
13.0,413,20719149,31.76923076923077
4.0,115,20719264,28.75
32.0,999,20720263,31.21875
20.0,479,20720742,23.95
19.0,436,20721178,22.94736842105263
16.0,558,20721736,34.875
21.0,724,20722460,34.476190476190474
23.0,558,20723018,24.26086956521739
32.0,782,20723800,24.4375
25.0,560,20724360,22.4
0.0,441,20724801,inf
36.0,917,20725718,25.47222222222222
13.0,281,20725999,21.615384615384617
13.0,218,20726217,16.76923076923077
33.0,915,20727132,27.727272727272727
6.0,186,20727318,31.0
14.0,422,20727740,30.142857142857142
14.0,328,20728068,23.428571428571427
17.0,292,20728360,17.176470588235293
19.0,513,20728873,27.0
21.0,552,20729425,26.285714285714285
7.0,167,20729592,23.857142857142858
14.0,272,20729864,19.428571428571427
16.0,317,20730181,19.8125
24.0,592,20730773,24.666666666666668
1.0,58,20730831,58.0
38.0,799,20731630,21.026315789473685
18.0,467,20732097,25.944444444444443
3.0,75,20732172,25.0
36.0,1097,20733269,30.47222222222222
9.0,199,20733468,22.11111111111111
24.0,586,20734054,24.416666666666668
17.0,376,20734430,22.11764705882353
7.0,186,20734616,26.571428571428573
20.0,473,20735089,23.65
33.0,838,20735927,25.393939393939394
7.0,156,20736083,22.285714285714285
10.0,274,20736357,27.4
28.0,894,20737251,31.928571428571427
5.0,140,20737391,28.0
36.0,1138,20738529,31.61111111111111
10.0,371,20738900,37.1
12.0,363,20739263,30.25
6.0,190,20739453,31.666666666666668
23.0,577,20740030,25.08695652173913
7.0,175,20740205,25.0
23.0,661,20740866,28.73913043478261
26.0,580,20741446,22.307692307692307
6.0,156,20741602,26.0
32.0,708,20742310,22.125
15.0,374,20742684,24.933333333333334
24.0,616,20743300,25.666666666666668
7.0,214,20743514,30.571428571428573
26.0,620,20744134,23.846153846153847
8.0,197,20744331,24.625
9.0,250,20744581,27.77777777777778
23.0,493,20745074,21.434782608695652
20.0,578,20745652,28.9
30.0,804,20746456,26.8
25.0,686,20747142,27.44
23.0,708,20747850,30.782608695652176
3.0,94,20747944,31.333333333333332
21.0,503,20748447,23.952380952380953
6.0,81,20748528,13.5
9.0,257,20748785,28.555555555555557
9.0,186,20748971,20.666666666666668
15.0,358,20749329,23.866666666666667
17.0,417,20749746,24.529411764705884
21.0,583,20750329,27.761904761904763
28.0,701,20751030,25.035714285714285
2.0,63,20751093,31.5
15.0,336,20751429,22.4
8.0,172,20751601,21.5
27.0,789,20752390,29.22222222222222
33.0,1147,20753537,34.75757575757576
28.0,771,20754308,27.535714285714285
24.0,611,20754919,25.458333333333332
24.0,585,20755504,24.375
14.0,510,20756014,36.42857142857143
29.0,687,20756701,23.689655172413794
13.0,363,20757064,27.923076923076923
5.0,103,20757167,20.6
14.0,198,20757365,14.142857142857142
5.0,69,20757434,13.8
16.0,519,20757953,32.4375
33.0,933,20758886,28.272727272727273
38.0,1276,20760162,33.578947368421055
20.0,500,20760662,25.0
17.0,502,20761164,29.529411764705884
15.0,298,20761462,19.866666666666667
2.0,159,20761621,79.5
9.0,174,20761795,19.333333333333332
27.0,639,20762434,23.666666666666668
29.0,545,20762979,18.79310344827586
13.0,314,20763293,24.153846153846153
2.0,50,20763343,25.0
10.0,284,20763627,28.4
16.0,383,20764010,23.9375
24.0,582,20764592,24.25
27.0,707,20765299,26.185185185185187
7.0,214,20765513,30.571428571428573
36.0,844,20766357,23.444444444444443
24.0,856,20767213,35.666666666666664
29.0,764,20767977,26.344827586206897
19.0,486,20768463,25.57894736842105
4.0,176,20768639,44.0
14.0,354,20768993,25.285714285714285
18.0,493,20769486,27.38888888888889
25.0,573,20770059,22.92
8.0,194,20770253,24.25
15.0,402,20770655,26.8
30.0,790,20771445,26.333333333333332
25.0,710,20772155,28.4
5.0,127,20772282,25.4
24.0,610,20772892,25.416666666666668
33.0,656,20773548,19.87878787878788
29.0,791,20774339,27.275862068965516
22.0,405,20774744,18.40909090909091
8.0,211,20774955,26.375
36.0,801,20775756,22.25
7.0,207,20775963,29.571428571428573
13.0,347,20776310,26.692307692307693
31.0,791,20777101,25.516129032258064
27.0,730,20777831,27.037037037037038
5.0,86,20777917,17.2
25.0,478,20778395,19.12
28.0,663,20779058,23.678571428571427
15.0,433,20779491,28.866666666666667
35.0,920,20780411,26.285714285714285
21.0,625,20781036,29.761904761904763
15.0,457,20781493,30.466666666666665
31.0,752,20782245,24.258064516129032
23.0,665,20782910,28.91304347826087
31.0,801,20783711,25.838709677419356
27.0,692,20784403,25.62962962962963
30.0,1004,20785407,33.46666666666667
10.0,186,20785593,18.6
1.0,58,20785651,58.0
11.0,474,20786125,43.09090909090909
17.0,348,20786473,20.470588235294116
20.0,442,20786915,22.1
22.0,445,20787360,20.227272727272727
33.0,827,20788187,25.060606060606062
11.0,217,20788404,19.727272727272727
18.0,462,20788866,25.666666666666668
20.0,490,20789356,24.5
22.0,440,20789796,20.0
16.0,294,20790090,18.375
27.0,575,20790665,21.296296296296298
24.0,740,20791405,30.833333333333332
22.0,564,20791969,25.636363636363637
30.0,746,20792715,24.866666666666667
14.0,344,20793059,24.571428571428573
29.0,777,20793836,26.79310344827586
39.0,1043,20794879,26.743589743589745
21.0,707,20795586,33.666666666666664
22.0,463,20796049,21.045454545454547
23.0,581,20796630,25.26086956521739
15.0,503,20797133,33.53333333333333
22.0,705,20797838,32.04545454545455
38.0,1224,20799062,32.21052631578947
12.0,269,20799331,22.416666666666668
13.0,312,20799643,24.0
8.0,213,20799856,26.625
29.0,826,20800682,28.482758620689655
28.0,663,20801345,23.678571428571427
17.0,345,20801690,20.294117647058822
8.0,166,20801856,20.75
11.0,252,20802108,22.90909090909091
10.0,243,20802351,24.3
27.0,646,20802997,23.925925925925927
27.0,767,20803764,28.40740740740741
24.0,767,20804531,31.958333333333332
20.0,630,20805161,31.5
21.0,437,20805598,20.80952380952381
14.0,334,20805932,23.857142857142858
22.0,380,20806312,17.272727272727273
5.0,172,20806484,34.4
17.0,407,20806891,23.941176470588236
16.0,423,20807314,26.4375
14.0,273,20807587,19.5
5.0,69,20807656,13.8
16.0,390,20808046,24.375
23.0,869,20808915,37.78260869565217
11.0,301,20809216,27.363636363636363
23.0,680,20809896,29.565217391304348
19.0,553,20810449,29.105263157894736
46.0,952,20811401,20.695652173913043
29.0,830,20812231,28.620689655172413
22.0,551,20812782,25.045454545454547
14.0,348,20813130,24.857142857142858
11.0,207,20813337,18.818181818181817
23.0,516,20813853,22.434782608695652
16.0,403,20814256,25.1875
33.0,973,20815229,29.484848484848484
18.0,447,20815676,24.833333333333332
19.0,427,20816103,22.473684210526315
24.0,815,20816918,33.958333333333336
20.0,567,20817485,28.35
29.0,760,20818245,26.20689655172414
5.0,182,20818427,36.4
22.0,728,20819155,33.09090909090909
18.0,376,20819531,20.88888888888889
1.0,42,20819573,42.0
13.0,257,20819830,19.76923076923077
12.0,459,20820289,38.25
26.0,732,20821021,28.153846153846153
10.0,205,20821226,20.5
27.0,638,20821864,23.62962962962963
16.0,418,20822282,26.125
10.0,198,20822480,19.8
1.0,36,20822516,36.0
17.0,459,20822975,27.0
9.0,299,20823274,33.22222222222222
25.0,534,20823808,21.36
16.0,418,20824226,26.125
34.0,963,20825189,28.323529411764707
32.0,671,20825860,20.96875
4.0,100,20825960,25.0
9.0,279,20826239,31.0
20.0,608,20826847,30.4
16.0,399,20827246,24.9375
33.0,976,20828222,29.575757575757574
17.0,489,20828711,28.764705882352942
37.0,872,20829583,23.56756756756757
9.0,268,20829851,29.77777777777778
38.0,1053,20830904,27.710526315789473
10.0,351,20831255,35.1
18.0,456,20831711,25.333333333333332
21.0,615,20832326,29.285714285714285
4.0,92,20832418,23.0
19.0,504,20832922,26.526315789473685
7.0,87,20833009,12.428571428571429
26.0,636,20833645,24.46153846153846
20.0,511,20834156,25.55
27.0,547,20834703,20.25925925925926
25.0,542,20835245,21.68
26.0,788,20836033,30.307692307692307
40.0,1044,20837077,26.1
23.0,582,20837659,25.304347826086957
19.0,545,20838204,28.68421052631579
7.0,114,20838318,16.285714285714285
2.0,83,20838401,41.5
21.0,582,20838983,27.714285714285715
30.0,737,20839720,24.566666666666666
32.0,876,20840596,27.375
30.0,698,20841294,23.266666666666666
46.0,1395,20842689,30.32608695652174
29.0,725,20843414,25.0
17.0,376,20843790,22.11764705882353
14.0,332,20844122,23.714285714285715
30.0,918,20845040,30.6
25.0,563,20845603,22.52
3.0,64,20845667,21.333333333333332
15.0,359,20846026,23.933333333333334
11.0,669,20846695,60.81818181818182
5.0,215,20846910,43.0
17.0,333,20847243,19.58823529411765
8.0,133,20847376,16.625
15.0,637,20848013,42.46666666666667
19.0,422,20848435,22.210526315789473
21.0,551,20848986,26.238095238095237
24.0,496,20849482,20.666666666666668
15.0,298,20849780,19.866666666666667
13.0,278,20850058,21.384615384615383
5.0,132,20850190,26.4
15.0,530,20850720,35.333333333333336
24.0,740,20851460,30.833333333333332
14.0,286,20851746,20.428571428571427
2.0,64,20851810,32.0
8.0,172,20851982,21.5
12.0,409,20852391,34.083333333333336
11.0,270,20852661,24.545454545454547
34.0,1086,20853747,31.941176470588236
31.0,743,20854490,23.967741935483872
29.0,659,20855149,22.724137931034484
9.0,157,20855306,17.444444444444443
37.0,805,20856111,21.756756756756758
4.0,78,20856189,19.5
17.0,520,20856709,30.58823529411765
18.0,401,20857110,22.27777777777778
24.0,452,20857562,18.833333333333332
6.0,135,20857697,22.5
45.0,1015,20858712,22.555555555555557
3.0,93,20858805,31.0
19.0,626,20859431,32.94736842105263
20.0,448,20859879,22.4
15.0,379,20860258,25.266666666666666
2.0,55,20860313,27.5
21.0,607,20860920,28.904761904761905
36.0,867,20861787,24.083333333333332
30.0,814,20862601,27.133333333333333
18.0,358,20862959,19.88888888888889
30.0,657,20863616,21.9
16.0,474,20864090,29.625
16.0,402,20864492,25.125
7.0,178,20864670,25.428571428571427
26.0,903,20865573,34.73076923076923
34.0,949,20866522,27.91176470588235
11.0,264,20866786,24.0
8.0,172,20866958,21.5
3.0,79,20867037,26.333333333333332
14.0,374,20867411,26.714285714285715
29.0,619,20868030,21.344827586206897
13.0,300,20868330,23.076923076923077
8.0,232,20868562,29.0
17.0,334,20868896,19.647058823529413
2.0,42,20868938,21.0
3.0,96,20869034,32.0
14.0,304,20869338,21.714285714285715
20.0,542,20869880,27.1
27.0,685,20870565,25.37037037037037
29.0,721,20871286,24.862068965517242
19.0,499,20871785,26.263157894736842
10.0,203,20871988,20.3
25.0,522,20872510,20.88
3.0,239,20872749,79.66666666666667
29.0,854,20873603,29.448275862068964
12.0,507,20874110,42.25
14.0,383,20874493,27.357142857142858
32.0,873,20875366,27.28125
30.0,729,20876095,24.3
9.0,251,20876346,27.88888888888889
30.0,1019,20877365,33.96666666666667
21.0,564,20877929,26.857142857142858
33.0,928,20878857,28.12121212121212
12.0,336,20879193,28.0
5.0,78,20879271,15.6
6.0,197,20879468,32.833333333333336
13.0,395,20879863,30.384615384615383
32.0,1026,20880889,32.0625
27.0,617,20881506,22.85185185185185
29.0,778,20882284,26.82758620689655
7.0,210,20882494,30.0
20.0,580,20883074,29.0
6.0,230,20883304,38.333333333333336
11.0,321,20883625,29.181818181818183
11.0,288,20883913,26.181818181818183
14.0,387,20884300,27.642857142857142
2.0,108,20884408,54.0
27.0,725,20885133,26.85185185185185
6.0,128,20885261,21.333333333333332
9.0,207,20885468,23.0
14.0,282,20885750,20.142857142857142
24.0,446,20886196,18.583333333333332
11.0,229,20886425,20.818181818181817
30.0,719,20887144,23.966666666666665
19.0,361,20887505,19.0
23.0,585,20888090,25.434782608695652
17.0,441,20888531,25.941176470588236
37.0,974,20889505,26.324324324324323
13.0,418,20889923,32.15384615384615
19.0,525,20890448,27.63157894736842
32.0,968,20891416,30.25
11.0,286,20891702,26.0
24.0,854,20892556,35.583333333333336
11.0,180,20892736,16.363636363636363
34.0,796,20893532,23.41176470588235
15.0,460,20893992,30.666666666666668
44.0,1085,20895077,24.65909090909091
44.0,1063,20896140,24.15909090909091
23.0,490,20896630,21.304347826086957
11.0,276,20896906,25.09090909090909
25.0,687,20897593,27.48
38.0,1321,20898914,34.76315789473684
18.0,435,20899349,24.166666666666668
3.0,94,20899443,31.333333333333332
25.0,844,20900287,33.76
14.0,349,20900636,24.928571428571427
33.0,838,20901474,25.393939393939394
39.0,1308,20902782,33.53846153846154
14.0,367,20903149,26.214285714285715
22.0,449,20903598,20.40909090909091
31.0,1019,20904617,32.87096774193548
16.0,322,20904939,20.125
18.0,719,20905658,39.94444444444444
10.0,741,20906399,74.1
7.0,158,20906557,22.571428571428573
2.0,81,20906638,40.5
30.0,774,20907412,25.8
21.0,456,20907868,21.714285714285715
5.0,165,20908033,33.0
26.0,674,20908707,25.923076923076923
9.0,277,20908984,30.77777777777778
35.0,1136,20910120,32.457142857142856
26.0,737,20910857,28.346153846153847
18.0,469,20911326,26.055555555555557
21.0,558,20911884,26.571428571428573
4.0,104,20911988,26.0
16.0,470,20912458,29.375
24.0,546,20913004,22.75
10.0,313,20913317,31.3
11.0,262,20913579,23.818181818181817
17.0,542,20914121,31.88235294117647
15.0,318,20914439,21.2
37.0,892,20915331,24.10810810810811
39.0,1100,20916431,28.205128205128204
14.0,432,20916863,30.857142857142858
14.0,223,20917086,15.928571428571429
18.0,565,20917651,31.38888888888889
24.0,642,20918293,26.75
12.0,364,20918657,30.333333333333332
32.0,926,20919583,28.9375
27.0,822,20920405,30.444444444444443
16.0,495,20920900,30.9375
10.0,240,20921140,24.0
3.0,76,20921216,25.333333333333332
26.0,475,20921691,18.26923076923077
10.0,259,20921950,25.9
9.0,176,20922126,19.555555555555557
39.0,1287,20923413,33.0
23.0,799,20924212,34.73913043478261
7.0,362,20924574,51.714285714285715
11.0,319,20924893,29.0
29.0,676,20925569,23.310344827586206
26.0,848,20926417,32.61538461538461
17.0,447,20926864,26.294117647058822
18.0,349,20927213,19.38888888888889
11.0,289,20927502,26.272727272727273
26.0,543,20928045,20.884615384615383
17.0,384,20928429,22.58823529411765
17.0,483,20928912,28.41176470588235
16.0,427,20929339,26.6875
28.0,721,20930060,25.75
10.0,236,20930296,23.6
14.0,303,20930599,21.642857142857142
24.0,576,20931175,24.0
16.0,455,20931630,28.4375
14.0,308,20931938,22.0
29.0,803,20932741,27.689655172413794
28.0,771,20933512,27.535714285714285
19.0,709,20934221,37.31578947368421
0.0,24,20934245,inf
1.0,49,20934294,49.0
15.0,420,20934714,28.0
34.0,906,20935620,26.647058823529413
29.0,836,20936456,28.82758620689655
21.0,624,20937080,29.714285714285715
29.0,805,20937885,27.75862068965517
19.0,497,20938382,26.157894736842106
26.0,701,20939083,26.96153846153846
24.0,781,20939864,32.541666666666664
7.0,204,20940068,29.142857142857142
15.0,469,20940537,31.266666666666666
8.0,181,20940718,22.625
21.0,530,20941248,25.238095238095237
21.0,630,20941878,30.0
16.0,363,20942241,22.6875
17.0,439,20942680,25.823529411764707
24.0,861,20943541,35.875
26.0,660,20944201,25.384615384615383
8.0,269,20944470,33.625
39.0,1025,20945495,26.28205128205128
31.0,926,20946421,29.870967741935484
18.0,407,20946828,22.61111111111111
27.0,725,20947553,26.85185185185185
8.0,247,20947800,30.875
29.0,824,20948624,28.413793103448278
30.0,671,20949295,22.366666666666667
24.0,640,20949935,26.666666666666668
30.0,867,20950802,28.9
43.0,1380,20952182,32.093023255813954
7.0,85,20952267,12.142857142857142
5.0,151,20952418,30.2
40.0,1316,20953734,32.9
24.0,813,20954547,33.875
32.0,922,20955469,28.8125
10.0,267,20955736,26.7
36.0,923,20956659,25.63888888888889
2.0,87,20956746,43.5
26.0,721,20957467,27.73076923076923
27.0,782,20958249,28.962962962962962
22.0,536,20958785,24.363636363636363
22.0,652,20959437,29.636363636363637
21.0,543,20959980,25.857142857142858
21.0,654,20960634,31.142857142857142
0.0,24,20960658,inf
14.0,826,20961484,59.0
15.0,534,20962018,35.6
19.0,410,20962428,21.57894736842105
38.0,926,20963354,24.36842105263158
25.0,664,20964018,26.56
1.0,452,20964470,452.0
34.0,916,20965386,26.941176470588236
13.0,327,20965713,25.153846153846153
7.0,117,20965830,16.714285714285715
32.0,914,20966744,28.5625
13.0,372,20967116,28.615384615384617
16.0,393,20967509,24.5625
22.0,934,20968443,42.45454545454545
20.0,463,20968906,23.15
40.0,1136,20970042,28.4
34.0,1057,20971099,31.08823529411765
27.0,758,20971857,28.074074074074073
11.0,267,20972124,24.272727272727273
36.0,878,20973002,24.38888888888889
42.0,1411,20974413,33.595238095238095
2.0,481,20974894,240.5
21.0,469,20975363,22.333333333333332
22.0,842,20976205,38.27272727272727
24.0,663,20976868,27.625
24.0,677,20977545,28.208333333333332
8.0,177,20977722,22.125
32.0,927,20978649,28.96875
18.0,557,20979206,30.944444444444443
17.0,431,20979637,25.352941176470587
24.0,644,20980281,26.833333333333332
25.0,772,20981053,30.88
51.0,1422,20982475,27.88235294117647
39.0,1026,20983501,26.307692307692307
1.0,458,20983959,458.0
25.0,693,20984652,27.72
9.0,195,20984847,21.666666666666668
27.0,624,20985471,23.11111111111111
40.0,1142,20986613,28.55
35.0,824,20987437,23.542857142857144
37.0,1032,20988469,27.89189189189189
22.0,974,20989443,44.27272727272727
27.0,696,20990139,25.77777777777778
35.0,990,20991129,28.285714285714285
42.0,992,20992121,23.61904761904762
5.0,289,20992410,57.8
1.0,33,20992443,33.0
17.0,476,20992919,28.0
12.0,341,20993260,28.416666666666668
37.0,1161,20994421,31.37837837837838
39.0,993,20995414,25.46153846153846
30.0,1205,20996619,40.166666666666664
27.0,839,20997458,31.074074074074073
19.0,499,20997957,26.263157894736842
12.0,388,20998345,32.333333333333336
20.0,338,20998683,16.9
45.0,1228,20999911,27.288888888888888
23.0,696,21000607,30.26086956521739
33.0,797,21001404,24.151515151515152
19.0,468,21001872,24.63157894736842
0.0,441,21002313,inf
20.0,562,21002875,28.1
23.0,499,21003374,21.695652173913043
25.0,727,21004101,29.08
18.0,497,21004598,27.61111111111111
23.0,486,21005084,21.130434782608695
24.0,600,21005684,25.0
26.0,733,21006417,28.192307692307693
39.0,943,21007360,24.17948717948718
13.0,327,21007687,25.153846153846153
29.0,684,21008371,23.586206896551722
20.0,573,21008944,28.65
23.0,484,21009428,21.043478260869566
35.0,857,21010285,24.485714285714284
0.0,50,21010335,inf
44.0,1110,21011445,25.227272727272727
23.0,690,21012135,30.0
24.0,751,21012886,31.291666666666668
21.0,486,21013372,23.142857142857142
9.0,189,21013561,21.0
20.0,459,21014020,22.95
14.0,357,21014377,25.5
33.0,998,21015375,30.242424242424242
18.0,613,21015988,34.05555555555556
26.0,661,21016649,25.423076923076923
38.0,921,21017570,24.236842105263158
18.0,423,21017993,23.5
9.0,655,21018648,72.77777777777777
32.0,1118,21019766,34.9375
2.0,49,21019815,24.5
11.0,281,21020096,25.545454545454547
22.0,519,21020615,23.59090909090909
19.0,467,21021082,24.57894736842105
31.0,784,21021866,25.29032258064516
36.0,1197,21023063,33.25
25.0,539,21023602,21.56
5.0,171,21023773,34.2
36.0,988,21024761,27.444444444444443
8.0,295,21025056,36.875
36.0,926,21025982,25.72222222222222
21.0,588,21026570,28.0
4.0,100,21026670,25.0
15.0,348,21027018,23.2
26.0,665,21027683,25.576923076923077
24.0,1164,21028847,48.5
34.0,918,21029765,27.0
12.0,376,21030141,31.333333333333332
4.0,107,21030248,26.75
24.0,668,21030916,27.833333333333332
5.0,146,21031062,29.2
24.0,689,21031751,28.708333333333332
5.0,128,21031879,25.6
14.0,238,21032117,17.0
15.0,364,21032481,24.266666666666666
36.0,1204,21033685,33.44444444444444
24.0,623,21034308,25.958333333333332
20.0,566,21034874,28.3
16.0,304,21035178,19.0
31.0,933,21036111,30.096774193548388
32.0,903,21037014,28.21875
7.0,208,21037222,29.714285714285715
31.0,669,21037891,21.580645161290324
19.0,469,21038360,24.68421052631579
23.0,522,21038882,22.695652173913043
23.0,732,21039614,31.82608695652174
15.0,413,21040027,27.533333333333335
14.0,429,21040456,30.642857142857142
10.0,223,21040679,22.3
8.0,220,21040899,27.5
26.0,755,21041654,29.03846153846154
24.0,551,21042205,22.958333333333332
24.0,639,21042844,26.625
19.0,464,21043308,24.42105263157895
30.0,749,21044057,24.966666666666665
34.0,863,21044920,25.38235294117647
20.0,544,21045464,27.2
18.0,412,21045876,22.88888888888889
22.0,625,21046501,28.40909090909091
14.0,389,21046890,27.785714285714285
14.0,403,21047293,28.785714285714285
10.0,295,21047588,29.5
28.0,685,21048273,24.464285714285715
20.0,522,21048795,26.1
23.0,846,21049641,36.78260869565217
19.0,479,21050120,25.210526315789473
9.0,188,21050308,20.88888888888889
25.0,640,21050948,25.6
33.0,747,21051695,22.636363636363637
36.0,781,21052476,21.694444444444443
10.0,267,21052743,26.7
8.0,170,21052913,21.25
22.0,601,21053514,27.318181818181817
26.0,530,21054044,20.384615384615383
27.0,701,21054745,25.962962962962962
26.0,834,21055579,32.07692307692308
32.0,887,21056466,27.71875
13.0,357,21056823,27.46153846153846
30.0,686,21057509,22.866666666666667
19.0,474,21057983,24.94736842105263
26.0,826,21058809,31.76923076923077
30.0,689,21059498,22.966666666666665
32.0,661,21060159,20.65625
23.0,514,21060673,22.347826086956523
7.0,259,21060932,37.0
21.0,604,21061536,28.761904761904763
12.0,289,21061825,24.083333333333332
22.0,618,21062443,28.09090909090909
18.0,737,21063180,40.94444444444444
5.0,180,21063360,36.0
14.0,368,21063728,26.285714285714285
12.0,338,21064066,28.166666666666668
33.0,952,21065018,28.848484848484848
17.0,452,21065470,26.58823529411765
30.0,674,21066144,22.466666666666665
23.0,739,21066883,32.130434782608695
25.0,671,21067554,26.84
25.0,571,21068125,22.84
15.0,388,21068513,25.866666666666667
2.0,66,21068579,33.0
0.0,441,21069020,inf
19.0,588,21069608,30.94736842105263
4.0,158,21069766,39.5
17.0,946,21070712,55.64705882352941
2.0,65,21070777,32.5
15.0,485,21071262,32.333333333333336
3.0,134,21071396,44.666666666666664
11.0,336,21071732,30.545454545454547
14.0,294,21072026,21.0
13.0,241,21072267,18.53846153846154
36.0,1045,21073312,29.02777777777778
4.0,112,21073424,28.0
19.0,490,21073914,25.789473684210527
14.0,298,21074212,21.285714285714285
12.0,302,21074514,25.166666666666668
8.0,155,21074669,19.375
21.0,626,21075295,29.80952380952381
27.0,596,21075891,22.074074074074073
20.0,728,21076619,36.4
17.0,446,21077065,26.235294117647058
22.0,490,21077555,22.272727272727273
1.0,39,21077594,39.0
23.0,779,21078373,33.869565217391305
4.0,108,21078481,27.0
12.0,238,21078719,19.833333333333332
19.0,443,21079162,23.31578947368421
10.0,345,21079507,34.5
12.0,409,21079916,34.083333333333336
10.0,270,21080186,27.0
12.0,207,21080393,17.25
11.0,351,21080744,31.90909090909091
30.0,847,21081591,28.233333333333334
1.0,41,21081632,41.0
14.0,328,21081960,23.428571428571427
25.0,575,21082535,23.0
17.0,360,21082895,21.176470588235293
13.0,254,21083149,19.53846153846154
24.0,718,21083867,29.916666666666668
31.0,885,21084752,28.548387096774192
12.0,403,21085155,33.583333333333336
22.0,495,21085650,22.5
26.0,779,21086429,29.96153846153846
26.0,697,21087126,26.807692307692307
2.0,89,21087215,44.5
1.0,503,21087718,503.0
9.0,170,21087888,18.88888888888889
26.0,763,21088651,29.346153846153847
10.0,246,21088897,24.6
19.0,537,21089434,28.263157894736842
5.0,166,21089600,33.2
19.0,535,21090135,28.157894736842106
37.0,1030,21091165,27.83783783783784
8.0,159,21091324,19.875
13.0,372,21091696,28.615384615384617
20.0,458,21092154,22.9
16.0,496,21092650,31.0
28.0,852,21093502,30.428571428571427
14.0,321,21093823,22.928571428571427
19.0,300,21094123,15.789473684210526
35.0,899,21095022,25.685714285714287
1.0,50,21095072,50.0
11.0,278,21095350,25.272727272727273
3.0,52,21095402,17.333333333333332
4.0,110,21095512,27.5
16.0,407,21095919,25.4375
0.0,11,21095930,inf
24.0,590,21096520,24.583333333333332
8.0,139,21096659,17.375
26.0,704,21097363,27.076923076923077
21.0,567,21097930,27.0
9.0,185,21098115,20.555555555555557
4.0,82,21098197,20.5
8.0,293,21098490,36.625
32.0,974,21099464,30.4375
27.0,684,21100148,25.333333333333332
18.0,499,21100647,27.72222222222222
17.0,508,21101155,29.88235294117647
20.0,478,21101633,23.9
28.0,934,21102567,33.357142857142854
26.0,714,21103281,27.46153846153846
16.0,503,21103784,31.4375
25.0,776,21104560,31.04
13.0,308,21104868,23.692307692307693
8.0,250,21105118,31.25
25.0,571,21105689,22.84
42.0,1263,21106952,30.071428571428573
0.0,12,21106964,inf
27.0,737,21107701,27.296296296296298
13.0,282,21107983,21.692307692307693
24.0,652,21108635,27.166666666666668
26.0,732,21109367,28.153846153846153
30.0,1060,21110427,35.333333333333336
16.0,546,21110973,34.125
3.0,86,21111059,28.666666666666668
29.0,714,21111773,24.620689655172413
39.0,994,21112767,25.487179487179485
42.0,1006,21113773,23.952380952380953
22.0,663,21114436,30.136363636363637
11.0,332,21114768,30.181818181818183
24.0,606,21115374,25.25
15.0,448,21115822,29.866666666666667
15.0,340,21116162,22.666666666666668
21.0,617,21116779,29.38095238095238
17.0,450,21117229,26.470588235294116
31.0,803,21118032,25.903225806451612
21.0,569,21118601,27.095238095238095
26.0,750,21119351,28.846153846153847
34.0,984,21120335,28.941176470588236
39.0,974,21121309,24.974358974358974
9.0,205,21121514,22.77777777777778
0.0,441,21121955,inf
25.0,694,21122649,27.76
17.0,472,21123121,27.764705882352942
38.0,1148,21124269,30.210526315789473
6.0,237,21124506,39.5
34.0,886,21125392,26.058823529411764
15.0,341,21125733,22.733333333333334
11.0,247,21125980,22.454545454545453
24.0,609,21126589,25.375
16.0,339,21126928,21.1875
23.0,669,21127597,29.08695652173913
3.0,54,21127651,18.0
27.0,568,21128219,21.037037037037038
30.0,909,21129128,30.3
26.0,753,21129881,28.96153846153846
26.0,726,21130607,27.923076923076923
32.0,966,21131573,30.1875
17.0,550,21132123,32.35294117647059
18.0,467,21132590,25.944444444444443
17.0,435,21133025,25.58823529411765
0.0,441,21133466,inf
22.0,463,21133929,21.045454545454547
0.0,441,21134370,inf
26.0,555,21134925,21.346153846153847
38.0,1089,21136014,28.657894736842106
26.0,736,21136750,28.307692307692307
31.0,691,21137441,22.29032258064516
19.0,437,21137878,23.0
5.0,126,21138004,25.2
16.0,448,21138452,28.0
40.0,1397,21139849,34.925
24.0,778,21140627,32.416666666666664
2.0,76,21140703,38.0
13.0,448,21141151,34.46153846153846
7.0,192,21141343,27.428571428571427
18.0,368,21141711,20.444444444444443
9.0,218,21141929,24.22222222222222
25.0,905,21142834,36.2
34.0,1025,21143859,30.147058823529413
22.0,496,21144355,22.545454545454547
16.0,492,21144847,30.75
5.0,140,21144987,28.0
14.0,334,21145321,23.857142857142858
19.0,485,21145806,25.526315789473685
21.0,653,21146459,31.095238095238095
21.0,525,21146984,25.0
21.0,453,21147437,21.571428571428573
12.0,265,21147702,22.083333333333332
24.0,703,21148405,29.291666666666668
0.0,441,21148846,inf
11.0,308,21149154,28.0
9.0,400,21149554,44.44444444444444
26.0,524,21150078,20.153846153846153
22.0,618,21150696,28.09090909090909
16.0,400,21151096,25.0
3.0,36,21151132,12.0
13.0,221,21151353,17.0
29.0,718,21152071,24.75862068965517
19.0,518,21152589,27.263157894736842
39.0,1059,21153648,27.153846153846153
21.0,501,21154149,23.857142857142858
40.0,1159,21155308,28.975
41.0,1173,21156481,28.609756097560975
8.0,243,21156724,30.375
11.0,245,21156969,22.272727272727273
25.0,631,21157600,25.24
6.0,220,21157820,36.666666666666664
32.0,707,21158527,22.09375
11.0,195,21158722,17.727272727272727
27.0,752,21159474,27.85185185185185
36.0,1057,21160531,29.36111111111111
26.0,628,21161159,24.153846153846153
2.0,22,21161181,11.0
20.0,525,21161706,26.25
23.0,662,21162368,28.782608695652176
1.0,461,21162829,461.0
8.0,251,21163080,31.375
13.0,298,21163378,22.923076923076923
46.0,1383,21164761,30.065217391304348
25.0,645,21165406,25.8
34.0,859,21166265,25.264705882352942
18.0,476,21166741,26.444444444444443
11.0,248,21166989,22.545454545454547
15.0,489,21167478,32.6
24.0,683,21168161,28.458333333333332
44.0,1377,21169538,31.295454545454547
38.0,989,21170527,26.026315789473685
21.0,629,21171156,29.952380952380953
0.0,22,21171178,inf
0.0,22,21171200,inf
5.0,230,21171430,46.0
24.0,578,21172008,24.083333333333332
23.0,492,21172500,21.391304347826086
27.0,919,21173419,34.03703703703704
19.0,435,21173854,22.894736842105264
32.0,959,21174813,29.96875
13.0,412,21175225,31.692307692307693
27.0,601,21175826,22.25925925925926
17.0,406,21176232,23.88235294117647
9.0,141,21176373,15.666666666666666
0.0,441,21176814,inf
22.0,494,21177308,22.454545454545453
11.0,372,21177680,33.81818181818182
15.0,264,21177944,17.6
20.0,526,21178470,26.3
9.0,811,21179281,90.11111111111111
17.0,408,21179689,24.0
7.0,218,21179907,31.142857142857142
15.0,428,21180335,28.533333333333335
21.0,783,21181118,37.285714285714285
33.0,851,21181969,25.78787878787879
17.0,353,21182322,20.764705882352942
1.0,42,21182364,42.0
12.0,319,21182683,26.583333333333332
32.0,798,21183481,24.9375
0.0,21,21183502,inf
15.0,465,21183967,31.0
10.0,387,21184354,38.7
25.0,750,21185104,30.0
28.0,722,21185826,25.785714285714285
33.0,870,21186696,26.363636363636363
4.0,95,21186791,23.75
2.0,40,21186831,20.0
22.0,408,21187239,18.545454545454547
19.0,393,21187632,20.68421052631579
21.0,613,21188245,29.19047619047619
39.0,1273,21189518,32.64102564102564
25.0,655,21190173,26.2
7.0,212,21190385,30.285714285714285
32.0,655,21191040,20.46875
29.0,892,21191932,30.75862068965517
26.0,692,21192624,26.615384615384617
20.0,442,21193066,22.1
24.0,548,21193614,22.833333333333332
25.0,715,21194329,28.6
7.0,162,21194491,23.142857142857142
32.0,843,21195334,26.34375
14.0,259,21195593,18.5
36.0,985,21196578,27.36111111111111
7.0,163,21196741,23.285714285714285
27.0,950,21197691,35.18518518518518
7.0,118,21197809,16.857142857142858
27.0,548,21198357,20.296296296296298
29.0,863,21199220,29.75862068965517
2.0,35,21199255,17.5
6.0,186,21199441,31.0
10.0,249,21199690,24.9
8.0,212,21199902,26.5
4.0,124,21200026,31.0
26.0,625,21200651,24.03846153846154
16.0,462,21201113,28.875
43.0,1064,21202177,24.74418604651163
18.0,389,21202566,21.61111111111111
17.0,486,21203052,28.58823529411765
2.0,58,21203110,29.0
19.0,565,21203675,29.736842105263158
25.0,601,21204276,24.04
34.0,1127,21205403,33.14705882352941
10.0,211,21205614,21.1
26.0,634,21206248,24.384615384615383
21.0,439,21206687,20.904761904761905
25.0,649,21207336,25.96
26.0,783,21208119,30.115384615384617
9.0,249,21208368,27.666666666666668
13.0,336,21208704,25.846153846153847
26.0,645,21209349,24.807692307692307
26.0,733,21210082,28.192307692307693
23.0,589,21210671,25.608695652173914
14.0,274,21210945,19.571428571428573
11.0,233,21211178,21.181818181818183
28.0,761,21211939,27.178571428571427
11.0,336,21212275,30.545454545454547
0.0,441,21212716,inf
28.0,701,21213417,25.035714285714285
20.0,398,21213815,19.9
8.0,285,21214100,35.625
28.0,918,21215018,32.785714285714285
19.0,528,21215546,27.789473684210527
28.0,734,21216280,26.214285714285715
26.0,658,21216938,25.307692307692307
20.0,468,21217406,23.4
35.0,1098,21218504,31.37142857142857
10.0,189,21218693,18.9
17.0,541,21219234,31.823529411764707
29.0,743,21219977,25.620689655172413
32.0,769,21220746,24.03125
1.0,446,21221192,446.0
21.0,570,21221762,27.142857142857142
25.0,842,21222604,33.68
29.0,730,21223334,25.17241379310345
20.0,589,21223923,29.45
23.0,529,21224452,23.0
25.0,670,21225122,26.8
15.0,372,21225494,24.8
18.0,458,21225952,25.444444444444443
22.0,558,21226510,25.363636363636363
10.0,258,21226768,25.8
27.0,887,21227655,32.851851851851855
13.0,323,21227978,24.846153846153847
24.0,563,21228541,23.458333333333332
5.0,141,21228682,28.2
30.0,884,21229566,29.466666666666665
33.0,914,21230480,27.696969696969695
3.0,89,21230569,29.666666666666668
8.0,266,21230835,33.25
43.0,1303,21232138,30.302325581395348
22.0,562,21232700,25.545454545454547
14.0,392,21233092,28.0
18.0,440,21233532,24.444444444444443
23.0,527,21234059,22.91304347826087
28.0,833,21234892,29.75
37.0,1157,21236049,31.27027027027027
21.0,507,21236556,24.142857142857142
24.0,615,21237171,25.625
10.0,270,21237441,27.0
18.0,457,21237898,25.38888888888889
16.0,369,21238267,23.0625
24.0,841,21239108,35.041666666666664
25.0,542,21239650,21.68
37.0,949,21240599,25.64864864864865
26.0,687,21241286,26.423076923076923
11.0,287,21241573,26.09090909090909
12.0,302,21241875,25.166666666666668
3.0,69,21241944,23.0
11.0,438,21242382,39.81818181818182
0.0,441,21242823,inf
26.0,802,21243625,30.846153846153847
35.0,1197,21244822,34.2
12.0,232,21245054,19.333333333333332
24.0,763,21245817,31.791666666666668
20.0,495,21246312,24.75
26.0,853,21247165,32.80769230769231
9.0,173,21247338,19.22222222222222
26.0,692,21248030,26.615384615384617
1.0,39,21248069,39.0
11.0,354,21248423,32.18181818181818
21.0,592,21249015,28.19047619047619
32.0,866,21249881,27.0625
22.0,572,21250453,26.0
17.0,394,21250847,23.176470588235293
17.0,451,21251298,26.529411764705884
18.0,364,21251662,20.22222222222222
24.0,764,21252426,31.833333333333332
8.0,220,21252646,27.5
25.0,768,21253414,30.72
18.0,373,21253787,20.72222222222222
19.0,524,21254311,27.57894736842105
2.0,116,21254427,58.0
24.0,864,21255291,36.0
22.0,681,21255972,30.954545454545453
1.0,452,21256424,452.0
24.0,646,21257070,26.916666666666668
28.0,642,21257712,22.928571428571427
21.0,519,21258231,24.714285714285715
31.0,850,21259081,27.419354838709676
34.0,721,21259802,21.205882352941178
8.0,181,21259983,22.625
27.0,830,21260813,30.74074074074074
4.0,174,21260987,43.5
2.0,35,21261022,17.5
1.0,458,21261480,458.0
0.0,441,21261921,inf
29.0,672,21262593,23.17241379310345
2.0,121,21262714,60.5
33.0,945,21263659,28.636363636363637
9.0,212,21263871,23.555555555555557
14.0,401,21264272,28.642857142857142
28.0,995,21265267,35.535714285714285
10.0,366,21265633,36.6
10.0,179,21265812,17.9
19.0,321,21266133,16.894736842105264
13.0,313,21266446,24.076923076923077
29.0,901,21267347,31.06896551724138
6.0,115,21267462,19.166666666666668
20.0,491,21267953,24.55
8.0,185,21268138,23.125
26.0,662,21268800,25.46153846153846
31.0,811,21269611,26.161290322580644
35.0,917,21270528,26.2
15.0,424,21270952,28.266666666666666
23.0,512,21271464,22.26086956521739
37.0,746,21272210,20.16216216216216
25.0,729,21272939,29.16
40.0,1203,21274142,30.075
5.0,97,21274239,19.4
10.0,319,21274558,31.9
40.0,1128,21275686,28.2
22.0,600,21276286,27.272727272727273
30.0,994,21277280,33.13333333333333
24.0,508,21277788,21.166666666666668
27.0,667,21278455,24.703703703703702
20.0,743,21279198,37.15
32.0,1026,21280224,32.0625
6.0,166,21280390,27.666666666666668
16.0,520,21280910,32.5
18.0,585,21281495,32.5
28.0,631,21282126,22.535714285714285
32.0,740,21282866,23.125
26.0,771,21283637,29.653846153846153
29.0,740,21284377,25.517241379310345
28.0,760,21285137,27.142857142857142
22.0,609,21285746,27.681818181818183
24.0,693,21286439,28.875
4.0,143,21286582,35.75
11.0,300,21286882,27.272727272727273
39.0,1321,21288203,33.87179487179487
16.0,382,21288585,23.875
23.0,754,21289339,32.78260869565217
31.0,703,21290042,22.677419354838708
6.0,236,21290278,39.333333333333336
31.0,694,21290972,22.387096774193548
2.0,87,21291059,43.5
15.0,494,21291553,32.93333333333333
12.0,317,21291870,26.416666666666668
7.0,187,21292057,26.714285714285715
2.0,515,21292572,257.5
2.0,57,21292629,28.5
19.0,369,21292998,19.42105263157895
23.0,772,21293770,33.56521739130435
3.0,457,21294227,152.33333333333334
6.0,257,21294484,42.833333333333336
24.0,608,21295092,25.333333333333332
8.0,207,21295299,25.875
7.0,595,21295894,85.0
22.0,575,21296469,26.136363636363637
1.0,448,21296917,448.0
12.0,292,21297209,24.333333333333332
20.0,503,21297712,25.15
0.0,441,21298153,inf
10.0,671,21298824,67.1
9.0,641,21299465,71.22222222222223
11.0,641,21300106,58.27272727272727
11.0,227,21300333,20.636363636363637
4.0,121,21300454,30.25
0.0,49,21300503,inf
21.0,694,21301197,33.04761904761905
15.0,356,21301553,23.733333333333334
3.0,76,21301629,25.333333333333332
11.0,677,21302306,61.54545454545455
4.0,68,21302374,17.0
1.0,36,21302410,36.0
11.0,226,21302636,20.545454545454547
4.0,114,21302750,28.5
12.0,351,21303101,29.25
9.0,613,21303714,68.11111111111111
1.0,496,21304210,496.0
6.0,147,21304357,24.5
3.0,80,21304437,26.666666666666668
2.0,471,21304908,235.5
3.0,77,21304985,25.666666666666668
23.0,657,21305642,28.565217391304348
14.0,364,21306006,26.0
10.0,239,21306245,23.9
6.0,201,21306446,33.5
16.0,332,21306778,20.75
14.0,352,21307130,25.142857142857142
8.0,678,21307808,84.75
5.0,107,21307915,21.4
3.0,484,21308399,161.33333333333334
8.0,639,21309038,79.875
12.0,344,21309382,28.666666666666668
16.0,480,21309862,30.0
6.0,189,21310051,31.5
9.0,672,21310723,74.66666666666667
9.0,300,21311023,33.333333333333336
3.0,485,21311508,161.66666666666666
20.0,500,21312008,25.0
18.0,448,21312456,24.88888888888889
0.0,50,21312506,inf
8.0,250,21312756,31.25
10.0,231,21312987,23.1
21.0,505,21313492,24.047619047619047
6.0,279,21313771,46.5
26.0,757,21314528,29.115384615384617
0.0,48,21314576,inf
16.0,372,21314948,23.25
6.0,144,21315092,24.0
1.0,454,21315546,454.0
20.0,614,21316160,30.7
9.0,238,21316398,26.444444444444443
7.0,149,21316547,21.285714285714285
0.0,441,21316988,inf
1.0,36,21317024,36.0
11.0,278,21317302,25.272727272727273
20.0,431,21317733,21.55
2.0,67,21317800,33.5
6.0,606,21318406,101.0
11.0,789,21319195,71.72727272727273
8.0,581,21319776,72.625
13.0,257,21320033,19.76923076923077
22.0,602,21320635,27.363636363636363
9.0,247,21320882,27.444444444444443
7.0,206,21321088,29.428571428571427
9.0,272,21321360,30.22222222222222
18.0,441,21321801,24.5
13.0,285,21322086,21.923076923076923
1.0,450,21322536,450.0
10.0,635,21323171,63.5
26.0,529,21323700,20.346153846153847
0.0,441,21324141,inf
2.0,469,21324610,234.5
3.0,57,21324667,19.0
10.0,203,21324870,20.3
5.0,189,21325059,37.8
1.0,31,21325090,31.0
7.0,112,21325202,16.0
14.0,250,21325452,17.857142857142858
13.0,288,21325740,22.153846153846153
3.0,473,21326213,157.66666666666666
21.0,615,21326828,29.285714285714285
10.0,258,21327086,25.8
6.0,520,21327606,86.66666666666667
13.0,241,21327847,18.53846153846154
7.0,102,21327949,14.571428571428571
19.0,471,21328420,24.789473684210527
9.0,209,21328629,23.22222222222222
4.0,203,21328832,50.75
10.0,228,21329060,22.8
26.0,567,21329627,21.807692307692307
25.0,553,21330180,22.12
20.0,509,21330689,25.45
19.0,464,21331153,24.42105263157895
12.0,242,21331395,20.166666666666668
32.0,786,21332181,24.5625
22.0,490,21332671,22.272727272727273
10.0,675,21333346,67.5
7.0,532,21333878,76.0
2.0,22,21333900,11.0
3.0,73,21333973,24.333333333333332
2.0,467,21334440,233.5
17.0,591,21335031,34.76470588235294
24.0,519,21335550,21.625
12.0,309,21335859,25.75
2.0,532,21336391,266.0
19.0,468,21336859,24.63157894736842
15.0,471,21337330,31.4
20.0,380,21337710,19.0
44.0,1214,21338924,27.59090909090909
11.0,262,21339186,23.818181818181817
8.0,640,21339826,80.0
22.0,524,21340350,23.818181818181817
8.0,188,21340538,23.5
15.0,458,21340996,30.533333333333335
9.0,731,21341727,81.22222222222223
11.0,745,21342472,67.72727272727273
1.0,23,21342495,23.0
6.0,596,21343091,99.33333333333333
18.0,438,21343529,24.333333333333332
14.0,298,21343827,21.285714285714285
23.0,584,21344411,25.391304347826086
26.0,687,21345098,26.423076923076923
20.0,405,21345503,20.25
0.0,441,21345944,inf
13.0,242,21346186,18.615384615384617
3.0,483,21346669,161.0
32.0,775,21347444,24.21875
22.0,589,21348033,26.772727272727273
16.0,335,21348368,20.9375
24.0,595,21348963,24.791666666666668
9.0,153,21349116,17.0
12.0,260,21349376,21.666666666666668
12.0,261,21349637,21.75
18.0,353,21349990,19.61111111111111
3.0,50,21350040,16.666666666666668
9.0,614,21350654,68.22222222222223
8.0,163,21350817,20.375
10.0,720,21351537,72.0
9.0,646,21352183,71.77777777777777
1.0,20,21352203,20.0
12.0,234,21352437,19.5
28.0,624,21353061,22.285714285714285
10.0,167,21353228,16.7
2.0,465,21353693,232.5
3.0,501,21354194,167.0
8.0,244,21354438,30.5
10.0,187,21354625,18.7
2.0,85,21354710,42.5
26.0,582,21355292,22.384615384615383
4.0,161,21355453,40.25
19.0,283,21355736,14.894736842105264
8.0,142,21355878,17.75
10.0,638,21356516,63.8
12.0,308,21356824,25.666666666666668
13.0,206,21357030,15.846153846153847
2.0,469,21357499,234.5
8.0,567,21358066,70.875
12.0,305,21358371,25.416666666666668
25.0,544,21358915,21.76
8.0,131,21359046,16.375
2.0,481,21359527,240.5
6.0,132,21359659,22.0
14.0,487,21360146,34.785714285714285
1.0,450,21360596,450.0
2.0,60,21360656,30.0
13.0,663,21361319,51.0
0.0,441,21361760,inf
12.0,273,21362033,22.75
3.0,466,21362499,155.33333333333334
0.0,441,21362940,inf
27.0,691,21363631,25.59259259259259
14.0,294,21363925,21.0
10.0,293,21364218,29.3
20.0,362,21364580,18.1
7.0,532,21365112,76.0
38.0,685,21365797,18.026315789473685
6.0,652,21366449,108.66666666666667
14.0,575,21367024,41.07142857142857
1.0,33,21367057,33.0
18.0,382,21367439,21.22222222222222
32.0,724,21368163,22.625
11.0,265,21368428,24.09090909090909
28.0,743,21369171,26.535714285714285
2.0,69,21369240,34.5
13.0,241,21369481,18.53846153846154
1.0,40,21369521,40.0
3.0,478,21369999,159.33333333333334
17.0,397,21370396,23.352941176470587
5.0,89,21370485,17.8
12.0,221,21370706,18.416666666666668
47.0,1179,21371885,25.085106382978722
5.0,162,21372047,32.4
24.0,478,21372525,19.916666666666668
26.0,518,21373043,19.923076923076923
1.0,446,21373489,446.0
11.0,671,21374160,61.0
0.0,441,21374601,inf
32.0,849,21375450,26.53125
8.0,599,21376049,74.875
7.0,578,21376627,82.57142857142857
8.0,715,21377342,89.375
22.0,501,21377843,22.772727272727273
14.0,302,21378145,21.571428571428573
25.0,641,21378786,25.64
20.0,534,21379320,26.7
8.0,597,21379917,74.625
15.0,402,21380319,26.8
19.0,302,21380621,15.894736842105264
32.0,780,21381401,24.375
24.0,574,21381975,23.916666666666668
7.0,633,21382608,90.42857142857143
17.0,370,21382978,21.764705882352942
1.0,51,21383029,51.0
8.0,106,21383135,13.25
17.0,275,21383410,16.176470588235293
2.0,501,21383911,250.5
11.0,168,21384079,15.272727272727273
19.0,409,21384488,21.526315789473685
13.0,332,21384820,25.53846153846154
16.0,337,21385157,21.0625
0.0,441,21385598,inf
12.0,261,21385859,21.75
5.0,119,21385978,23.8
9.0,140,21386118,15.555555555555555
15.0,197,21386315,13.133333333333333
9.0,244,21386559,27.11111111111111
1.0,19,21386578,19.0
11.0,233,21386811,21.181818181818183
15.0,236,21387047,15.733333333333333
14.0,305,21387352,21.785714285714285
8.0,604,21387956,75.5
10.0,635,21388591,63.5
0.0,441,21389032,inf
18.0,519,21389551,28.833333333333332
4.0,178,21389729,44.5
12.0,333,21390062,27.75
11.0,263,21390325,23.90909090909091
15.0,313,21390638,20.866666666666667
21.0,408,21391046,19.428571428571427
4.0,92,21391138,23.0
18.0,360,21391498,20.0
12.0,284,21391782,23.666666666666668
3.0,471,21392253,157.0
15.0,300,21392553,20.0
13.0,202,21392755,15.538461538461538
23.0,564,21393319,24.52173913043478
0.0,441,21393760,inf
0.0,22,21393782,inf
0.0,81,21393863,inf
14.0,289,21394152,20.642857142857142
3.0,94,21394246,31.333333333333332
19.0,463,21394709,24.36842105263158
36.0,771,21395480,21.416666666666668
8.0,595,21396075,74.375
11.0,215,21396290,19.545454545454547
16.0,231,21396521,14.4375
17.0,268,21396789,15.764705882352942
9.0,637,21397426,70.77777777777777
17.0,308,21397734,18.11764705882353
3.0,579,21398313,193.0
6.0,127,21398440,21.166666666666668
13.0,331,21398771,25.46153846153846
4.0,76,21398847,19.0
11.0,275,21399122,25.0
7.0,562,21399684,80.28571428571429
34.0,792,21400476,23.294117647058822
2.0,483,21400959,241.5
3.0,67,21401026,22.333333333333332
20.0,437,21401463,21.85
6.0,694,21402157,115.66666666666667
21.0,506,21402663,24.095238095238095
20.0,474,21403137,23.7
29.0,624,21403761,21.517241379310345
6.0,116,21403877,19.333333333333332
22.0,497,21404374,22.59090909090909
9.0,636,21405010,70.66666666666667
10.0,181,21405191,18.1
12.0,264,21405455,22.0
8.0,252,21405707,31.5
19.0,399,21406106,21.0
30.0,646,21406752,21.533333333333335
7.0,143,21406895,20.428571428571427
43.0,1059,21407954,24.627906976744185
21.0,477,21408431,22.714285714285715
6.0,224,21408655,37.333333333333336
6.0,95,21408750,15.833333333333334
25.0,546,21409296,21.84
16.0,334,21409630,20.875
21.0,543,21410173,25.857142857142858
15.0,293,21410466,19.533333333333335
13.0,233,21410699,17.923076923076923
27.0,854,21411553,31.62962962962963
9.0,624,21412177,69.33333333333333
11.0,220,21412397,20.0
18.0,544,21412941,30.22222222222222
12.0,260,21413201,21.666666666666668
10.0,174,21413375,17.4
21.0,371,21413746,17.666666666666668
28.0,658,21414404,23.5
2.0,67,21414471,33.5
16.0,394,21414865,24.625
12.0,410,21415275,34.166666666666664
15.0,315,21415590,21.0
24.0,393,21415983,16.375
22.0,409,21416392,18.59090909090909
18.0,356,21416748,19.77777777777778
16.0,370,21417118,23.125
1.0,50,21417168,50.0
12.0,276,21417444,23.0
15.0,343,21417787,22.866666666666667
32.0,677,21418464,21.15625
6.0,133,21418597,22.166666666666668
29.0,621,21419218,21.413793103448278
9.0,592,21419810,65.77777777777777
0.0,22,21419832,inf
17.0,385,21420217,22.647058823529413
19.0,386,21420603,20.31578947368421
22.0,488,21421091,22.181818181818183
9.0,167,21421258,18.555555555555557
27.0,610,21421868,22.59259259259259
17.0,328,21422196,19.294117647058822
11.0,281,21422477,25.545454545454547
10.0,162,21422639,16.2
14.0,384,21423023,27.428571428571427
16.0,269,21423292,16.8125
25.0,622,21423914,24.88
37.0,684,21424598,18.486486486486488
21.0,518,21425116,24.666666666666668
15.0,218,21425334,14.533333333333333
11.0,290,21425624,26.363636363636363
8.0,113,21425737,14.125
6.0,118,21425855,19.666666666666668
13.0,280,21426135,21.53846153846154
21.0,406,21426541,19.333333333333332
13.0,280,21426821,21.53846153846154
8.0,597,21427418,74.625
7.0,606,21428024,86.57142857142857
20.0,521,21428545,26.05
22.0,471,21429016,21.40909090909091
0.0,49,21429065,inf
14.0,322,21429387,23.0
21.0,555,21429942,26.428571428571427
6.0,160,21430102,26.666666666666668
13.0,284,21430386,21.846153846153847
16.0,315,21430701,19.6875
12.0,226,21430927,18.833333333333332
18.0,368,21431295,20.444444444444443
16.0,239,21431534,14.9375
21.0,410,21431944,19.523809523809526
17.0,254,21432198,14.941176470588236
24.0,532,21432730,22.166666666666668
11.0,670,21433400,60.90909090909091
29.0,738,21434138,25.448275862068964
11.0,169,21434307,15.363636363636363
37.0,761,21435068,20.56756756756757
12.0,214,21435282,17.833333333333332
24.0,390,21435672,16.25
20.0,420,21436092,21.0
17.0,343,21436435,20.176470588235293
19.0,466,21436901,24.526315789473685
10.0,637,21437538,63.7
17.0,358,21437896,21.058823529411764
8.0,230,21438126,28.75
14.0,310,21438436,22.142857142857142
6.0,560,21438996,93.33333333333333
29.0,747,21439743,25.75862068965517
12.0,351,21440094,29.25
33.0,576,21440670,17.454545454545453
8.0,621,21441291,77.625
5.0,190,21441481,38.0
29.0,534,21442015,18.413793103448278
13.0,298,21442313,22.923076923076923
4.0,45,21442358,11.25
6.0,149,21442507,24.833333333333332
30.0,739,21443246,24.633333333333333
2.0,82,21443328,41.0
8.0,565,21443893,70.625
6.0,531,21444424,88.5
15.0,354,21444778,23.6
10.0,206,21444984,20.6
12.0,284,21445268,23.666666666666668
40.0,1067,21446335,26.675
25.0,615,21446950,24.6
8.0,590,21447540,73.75
7.0,134,21447674,19.142857142857142
7.0,99,21447773,14.142857142857142
1.0,27,21447800,27.0
11.0,161,21447961,14.636363636363637
23.0,407,21448368,17.695652173913043
9.0,169,21448537,18.77777777777778
17.0,351,21448888,20.647058823529413
24.0,594,21449482,24.75
23.0,594,21450076,25.82608695652174
21.0,408,21450484,19.428571428571427
15.0,323,21450807,21.533333333333335
28.0,506,21451313,18.071428571428573
18.0,357,21451670,19.833333333333332
23.0,540,21452210,23.47826086956522
14.0,274,21452484,19.571428571428573
7.0,170,21452654,24.285714285714285
23.0,515,21453169,22.391304347826086
11.0,700,21453869,63.63636363636363
18.0,380,21454249,21.11111111111111
27.0,549,21454798,20.333333333333332
6.0,530,21455328,88.33333333333333
31.0,770,21456098,24.838709677419356
41.0,822,21456920,20.048780487804876
25.0,690,21457610,27.6
29.0,611,21458221,21.06896551724138
29.0,511,21458732,17.620689655172413
31.0,487,21459219,15.709677419354838
19.0,293,21459512,15.421052631578947
6.0,586,21460098,97.66666666666667
3.0,480,21460578,160.0
15.0,371,21460949,24.733333333333334
17.0,354,21461303,20.823529411764707
22.0,528,21461831,24.0
7.0,531,21462362,75.85714285714286
9.0,600,21462962,66.66666666666667
12.0,220,21463182,18.333333333333332
23.0,449,21463631,19.52173913043478
27.0,551,21464182,20.40740740740741
26.0,481,21464663,18.5
18.0,417,21465080,23.166666666666668
5.0,119,21465199,23.8
13.0,309,21465508,23.76923076923077
12.0,234,21465742,19.5
11.0,187,21465929,17.0
10.0,603,21466532,60.3
22.0,427,21466959,19.40909090909091
23.0,371,21467330,16.130434782608695
11.0,219,21467549,19.90909090909091
30.0,563,21468112,18.766666666666666
36.0,654,21468766,18.166666666666668
22.0,474,21469240,21.545454545454547
9.0,241,21469481,26.77777777777778
16.0,371,21469852,23.1875
13.0,275,21470127,21.153846153846153
25.0,485,21470612,19.4
19.0,381,21470993,20.05263157894737
19.0,355,21471348,18.68421052631579
0.0,22,21471370,inf
28.0,708,21472078,25.285714285714285
40.0,996,21473074,24.9
8.0,118,21473192,14.75
40.0,835,21474027,20.875
5.0,217,21474244,43.4
25.0,549,21474793,21.96
7.0,559,21475352,79.85714285714286
6.0,141,21475493,23.5
18.0,730,21476223,40.55555555555556
22.0,425,21476648,19.318181818181817
37.0,759,21477407,20.513513513513512
12.0,187,21477594,15.583333333333334
39.0,773,21478367,19.82051282051282
6.0,535,21478902,89.16666666666667
8.0,171,21479073,21.375
10.0,620,21479693,62.0
10.0,206,21479899,20.6
10.0,166,21480065,16.6
11.0,635,21480700,57.72727272727273
9.0,184,21480884,20.444444444444443
29.0,520,21481404,17.93103448275862
17.0,269,21481673,15.823529411764707
14.0,291,21481964,20.785714285714285
20.0,802,21482766,40.1
19.0,396,21483162,20.842105263157894
9.0,196,21483358,21.77777777777778
29.0,516,21483874,17.79310344827586
23.0,434,21484308,18.869565217391305
12.0,259,21484567,21.583333333333332
30.0,679,21485246,22.633333333333333
33.0,965,21486211,29.242424242424242
19.0,439,21486650,23.105263157894736
18.0,299,21486949,16.61111111111111
10.0,221,21487170,22.1
18.0,330,21487500,18.333333333333332
16.0,286,21487786,17.875
11.0,652,21488438,59.27272727272727
6.0,575,21489013,95.83333333333333
14.0,746,21489759,53.285714285714285
33.0,813,21490572,24.636363636363637
6.0,531,21491103,88.5
13.0,227,21491330,17.46153846153846
16.0,680,21492010,42.5
26.0,571,21492581,21.96153846153846
30.0,964,21493545,32.13333333333333
4.0,133,21493678,33.25
14.0,233,21493911,16.642857142857142
27.0,530,21494441,19.62962962962963
23.0,439,21494880,19.08695652173913
18.0,335,21495215,18.61111111111111
27.0,491,21495706,18.185185185185187
10.0,658,21496364,65.8
17.0,363,21496727,21.352941176470587
14.0,302,21497029,21.571428571428573
14.0,287,21497316,20.5
4.0,120,21497436,30.0
40.0,958,21498394,23.95
16.0,820,21499214,51.25
23.0,490,21499704,21.304347826086957
33.0,610,21500314,18.484848484848484
14.0,251,21500565,17.928571428571427
21.0,568,21501133,27.047619047619047
37.0,563,21501696,15.216216216216216
29.0,475,21502171,16.379310344827587
10.0,223,21502394,22.3
17.0,346,21502740,20.352941176470587
18.0,441,21503181,24.5
35.0,765,21503946,21.857142857142858
18.0,296,21504242,16.444444444444443
0.0,51,21504293,inf
22.0,498,21504791,22.636363636363637
1.0,31,21504822,31.0
17.0,370,21505192,21.764705882352942
8.0,579,21505771,72.375
13.0,638,21506409,49.07692307692308
10.0,723,21507132,72.3
23.0,400,21507532,17.391304347826086
19.0,511,21508043,26.894736842105264
11.0,230,21508273,20.90909090909091
10.0,183,21508456,18.3
16.0,310,21508766,19.375
19.0,319,21509085,16.789473684210527
9.0,236,21509321,26.22222222222222
17.0,273,21509594,16.058823529411764
17.0,307,21509901,18.058823529411764
30.0,594,21510495,19.8
22.0,385,21510880,17.5
18.0,310,21511190,17.22222222222222
16.0,334,21511524,20.875
29.0,616,21512140,21.24137931034483
32.0,630,21512770,19.6875
11.0,214,21512984,19.454545454545453
5.0,94,21513078,18.8
4.0,508,21513586,127.0
17.0,306,21513892,18.0
17.0,319,21514211,18.764705882352942
20.0,359,21514570,17.95
6.0,120,21514690,20.0
31.0,659,21515349,21.258064516129032
13.0,180,21515529,13.846153846153847
14.0,256,21515785,18.285714285714285
6.0,538,21516323,89.66666666666667
15.0,294,21516617,19.6
26.0,432,21517049,16.615384615384617
2.0,49,21517098,24.5
22.0,555,21517653,25.227272727272727
10.0,243,21517896,24.3
21.0,405,21518301,19.285714285714285
9.0,159,21518460,17.666666666666668
13.0,284,21518744,21.846153846153847
13.0,212,21518956,16.307692307692307
8.0,594,21519550,74.25
3.0,100,21519650,33.333333333333336
26.0,462,21520112,17.76923076923077
26.0,851,21520963,32.73076923076923
35.0,518,21521481,14.8
13.0,282,21521763,21.692307692307693
21.0,395,21522158,18.80952380952381
23.0,529,21522687,23.0
18.0,354,21523041,19.666666666666668
24.0,470,21523511,19.583333333333332
18.0,211,21523722,11.722222222222221
8.0,179,21523901,22.375
27.0,595,21524496,22.037037037037038
17.0,341,21524837,20.058823529411764
25.0,489,21525326,19.56
17.0,334,21525660,19.647058823529413
31.0,927,21526587,29.903225806451612
43.0,818,21527405,19.023255813953487
35.0,834,21528239,23.82857142857143
16.0,287,21528526,17.9375
8.0,143,21528669,17.875
18.0,446,21529115,24.77777777777778
39.0,858,21529973,22.0
12.0,184,21530157,15.333333333333334
17.0,325,21530482,19.11764705882353
22.0,425,21530907,19.318181818181817
20.0,324,21531231,16.2
11.0,170,21531401,15.454545454545455
35.0,666,21532067,19.02857142857143
32.0,745,21532812,23.28125
34.0,715,21533527,21.029411764705884
25.0,604,21534131,24.16
19.0,439,21534570,23.105263157894736
18.0,339,21534909,18.833333333333332
21.0,377,21535286,17.952380952380953
10.0,183,21535469,18.3
11.0,199,21535668,18.09090909090909
15.0,273,21535941,18.2
44.0,804,21536745,18.272727272727273
13.0,281,21537026,21.615384615384617
35.0,754,21537780,21.542857142857144
18.0,352,21538132,19.555555555555557
18.0,312,21538444,17.333333333333332
25.0,439,21538883,17.56
12.0,190,21539073,15.833333333333334
9.0,96,21539169,10.666666666666666
21.0,680,21539849,32.38095238095238
31.0,563,21540412,18.161290322580644
21.0,361,21540773,17.19047619047619
38.0,1329,21542102,34.973684210526315
25.0,520,21542622,20.8
18.0,397,21543019,22.055555555555557
12.0,264,21543283,22.0
10.0,196,21543479,19.6
18.0,762,21544241,42.333333333333336
25.0,446,21544687,17.84
16.0,263,21544950,16.4375
20.0,352,21545302,17.6
24.0,486,21545788,20.25
3.0,135,21545923,45.0
20.0,431,21546354,21.55
23.0,430,21546784,18.695652173913043
22.0,519,21547303,23.59090909090909
18.0,325,21547628,18.055555555555557
17.0,263,21547891,15.470588235294118
26.0,442,21548333,17.0
18.0,348,21548681,19.333333333333332
11.0,235,21548916,21.363636363636363
25.0,589,21549505,23.56
17.0,394,21549899,23.176470588235293
21.0,330,21550229,15.714285714285714
33.0,623,21550852,18.87878787878788
18.0,444,21551296,24.666666666666668
10.0,120,21551416,12.0
7.0,106,21551522,15.142857142857142
11.0,198,21551720,18.0
6.0,69,21551789,11.5
23.0,505,21552294,21.956521739130434
26.0,488,21552782,18.76923076923077
30.0,728,21553510,24.266666666666666
20.0,327,21553837,16.35
44.0,1213,21555050,27.568181818181817
21.0,445,21555495,21.19047619047619
12.0,190,21555685,15.833333333333334
6.0,127,21555812,21.166666666666668
17.0,368,21556180,21.647058823529413
23.0,587,21556767,25.52173913043478
17.0,337,21557104,19.823529411764707
17.0,387,21557491,22.764705882352942
39.0,930,21558421,23.846153846153847
37.0,780,21559201,21.08108108108108
20.0,386,21559587,19.3
9.0,154,21559741,17.11111111111111
12.0,220,21559961,18.333333333333332
24.0,404,21560365,16.833333333333332
8.0,196,21560561,24.5
8.0,99,21560660,12.375
17.0,259,21560919,15.235294117647058
17.0,280,21561199,16.470588235294116
25.0,510,21561709,20.4
22.0,396,21562105,18.0
17.0,293,21562398,17.235294117647058
13.0,279,21562677,21.46153846153846
10.0,171,21562848,17.1
9.0,139,21562987,15.444444444444445
23.0,386,21563373,16.782608695652176
34.0,698,21564071,20.529411764705884
15.0,210,21564281,14.0
9.0,188,21564469,20.88888888888889
18.0,411,21564880,22.833333333333332
11.0,214,21565094,19.454545454545453
14.0,308,21565402,22.0
28.0,531,21565933,18.964285714285715
17.0,340,21566273,20.0
10.0,145,21566418,14.5
22.0,574,21566992,26.09090909090909
6.0,97,21567089,16.166666666666668
10.0,219,21567308,21.9
25.0,512,21567820,20.48
6.0,143,21567963,23.833333333333332
22.0,422,21568385,19.181818181818183
16.0,332,21568717,20.75
35.0,862,21569579,24.62857142857143
36.0,785,21570364,21.805555555555557
25.0,484,21570848,19.36
26.0,565,21571413,21.73076923076923
23.0,614,21572027,26.695652173913043
15.0,342,21572369,22.8
28.0,526,21572895,18.785714285714285
18.0,311,21573206,17.27777777777778
10.0,119,21573325,11.9
31.0,596,21573921,19.225806451612904
21.0,356,21574277,16.952380952380953
18.0,326,21574603,18.11111111111111
38.0,900,21575503,23.68421052631579
23.0,578,21576081,25.130434782608695
26.0,489,21576570,18.807692307692307
31.0,586,21577156,18.903225806451612
48.0,896,21578052,18.666666666666668
8.0,171,21578223,21.375
17.0,315,21578538,18.529411764705884
37.0,805,21579343,21.756756756756758
14.0,198,21579541,14.142857142857142
15.0,214,21579755,14.266666666666667
27.0,429,21580184,15.88888888888889
24.0,456,21580640,19.0
12.0,217,21580857,18.083333333333332
43.0,839,21581696,19.511627906976745
22.0,345,21582041,15.681818181818182
39.0,1386,21583427,35.53846153846154
48.0,995,21584422,20.729166666666668
15.0,284,21584706,18.933333333333334
11.0,252,21584958,22.90909090909091
28.0,603,21585561,21.535714285714285
26.0,495,21586056,19.03846153846154
42.0,1264,21587320,30.095238095238095
5.0,100,21587420,20.0
7.0,113,21587533,16.142857142857142
21.0,555,21588088,26.428571428571427
32.0,516,21588604,16.125
18.0,299,21588903,16.61111111111111
37.0,737,21589640,19.91891891891892
9.0,200,21589840,22.22222222222222
6.0,106,21589946,17.666666666666668
21.0,358,21590304,17.047619047619047
23.0,539,21590843,23.434782608695652
28.0,442,21591285,15.785714285714286
26.0,540,21591825,20.76923076923077
11.0,174,21591999,15.818181818181818
36.0,717,21592716,19.916666666666668
24.0,413,21593129,17.208333333333332
5.0,89,21593218,17.8
5.0,75,21593293,15.0
24.0,663,21593956,27.625
17.0,302,21594258,17.764705882352942
2.0,100,21594358,50.0
31.0,554,21594912,17.870967741935484
19.0,300,21595212,15.789473684210526
12.0,252,21595464,21.0
32.0,700,21596164,21.875
27.0,500,21596664,18.51851851851852
25.0,431,21597095,17.24
27.0,507,21597602,18.77777777777778
16.0,273,21597875,17.0625
2.0,473,21598348,236.5
17.0,277,21598625,16.294117647058822
4.0,90,21598715,22.5
39.0,770,21599485,19.743589743589745
29.0,500,21599985,17.24137931034483
20.0,328,21600313,16.4
17.0,273,21600586,16.058823529411764
29.0,587,21601173,20.24137931034483
46.0,1009,21602182,21.934782608695652
24.0,378,21602560,15.75
9.0,151,21602711,16.77777777777778
16.0,296,21603007,18.5
34.0,680,21603687,20.0
20.0,438,21604125,21.9
11.0,206,21604331,18.727272727272727
12.0,221,21604552,18.416666666666668
25.0,449,21605001,17.96
21.0,326,21605327,15.523809523809524
20.0,388,21605715,19.4
12.0,225,21605940,18.75
11.0,215,21606155,19.545454545454547
7.0,143,21606298,20.428571428571427
22.0,398,21606696,18.09090909090909
23.0,412,21607108,17.91304347826087
15.0,201,21607309,13.4
17.0,382,21607691,22.470588235294116
8.0,135,21607826,16.875
19.0,341,21608167,17.94736842105263
30.0,570,21608737,19.0
16.0,256,21608993,16.0
10.0,161,21609154,16.1
18.0,355,21609509,19.72222222222222
20.0,333,21609842,16.65
18.0,323,21610165,17.944444444444443
22.0,479,21610644,21.772727272727273
13.0,305,21610949,23.46153846153846
16.0,328,21611277,20.5
31.0,657,21611934,21.193548387096776
12.0,285,21612219,23.75
20.0,329,21612548,16.45
28.0,543,21613091,19.392857142857142
27.0,422,21613513,15.62962962962963
11.0,232,21613745,21.09090909090909
26.0,421,21614166,16.192307692307693
12.0,185,21614351,15.416666666666666
1.0,23,21614374,23.0
4.0,76,21614450,19.0
24.0,469,21614919,19.541666666666668
30.0,551,21615470,18.366666666666667
1.0,25,21615495,25.0
10.0,157,21615652,15.7
23.0,442,21616094,19.217391304347824
32.0,654,21616748,20.4375
17.0,317,21617065,18.647058823529413
22.0,441,21617506,20.045454545454547
21.0,441,21617947,21.0
10.0,654,21618601,65.4
25.0,536,21619137,21.44
11.0,162,21619299,14.727272727272727
12.0,164,21619463,13.666666666666666
36.0,879,21620342,24.416666666666668
12.0,255,21620597,21.25
0.0,24,21620621,inf
24.0,509,21621130,21.208333333333332
12.0,220,21621350,18.333333333333332
6.0,533,21621883,88.83333333333333
18.0,318,21622201,17.666666666666668
24.0,415,21622616,17.291666666666668
38.0,860,21623476,22.63157894736842
15.0,340,21623816,22.666666666666668
21.0,446,21624262,21.238095238095237
10.0,234,21624496,23.4
25.0,559,21625055,22.36
20.0,406,21625461,20.3
17.0,333,21625794,19.58823529411765
22.0,401,21626195,18.227272727272727
13.0,228,21626423,17.53846153846154
22.0,465,21626888,21.136363636363637
43.0,1014,21627902,23.58139534883721
25.0,489,21628391,19.56
12.0,220,21628611,18.333333333333332
43.0,843,21629454,19.6046511627907
34.0,728,21630182,21.41176470588235
6.0,185,21630367,30.833333333333332
10.0,170,21630537,17.0
12.0,250,21630787,20.833333333333332
16.0,329,21631116,20.5625
14.0,211,21631327,15.071428571428571
18.0,285,21631612,15.833333333333334
24.0,438,21632050,18.25
11.0,195,21632245,17.727272727272727
34.0,666,21632911,19.58823529411765
18.0,365,21633276,20.27777777777778
40.0,876,21634152,21.9
28.0,600,21634752,21.428571428571427
8.0,184,21634936,23.0
32.0,613,21635549,19.15625
30.0,541,21636090,18.033333333333335
21.0,400,21636490,19.047619047619047
26.0,473,21636963,18.192307692307693
46.0,1038,21638001,22.565217391304348
17.0,358,21638359,21.058823529411764
23.0,394,21638753,17.130434782608695
26.0,448,21639201,17.23076923076923
32.0,700,21639901,21.875
21.0,383,21640284,18.238095238095237
30.0,666,21640950,22.2
13.0,214,21641164,16.46153846153846
25.0,497,21641661,19.88
1.0,46,21641707,46.0
40.0,884,21642591,22.1
44.0,901,21643492,20.477272727272727
21.0,411,21643903,19.571428571428573
14.0,214,21644117,15.285714285714286
8.0,127,21644244,15.875
31.0,943,21645187,30.419354838709676
12.0,200,21645387,16.666666666666668
13.0,224,21645611,17.23076923076923
3.0,64,21645675,21.333333333333332
24.0,493,21646168,20.541666666666668
20.0,509,21646677,25.45
39.0,922,21647599,23.641025641025642
19.0,370,21647969,19.473684210526315
28.0,564,21648533,20.142857142857142
22.0,384,21648917,17.454545454545453
20.0,369,21649286,18.45
30.0,541,21649827,18.033333333333335
14.0,226,21650053,16.142857142857142
4.0,105,21650158,26.25
33.0,602,21650760,18.242424242424242
46.0,916,21651676,19.91304347826087
16.0,296,21651972,18.5
45.0,905,21652877,20.11111111111111
32.0,711,21653588,22.21875
14.0,280,21653868,20.0
13.0,228,21654096,17.53846153846154
15.0,284,21654380,18.933333333333334
24.0,427,21654807,17.791666666666668
18.0,327,21655134,18.166666666666668
37.0,717,21655851,19.37837837837838
8.0,95,21655946,11.875
29.0,584,21656530,20.137931034482758
12.0,264,21656794,22.0
11.0,165,21656959,15.0
25.0,420,21657379,16.8
12.0,208,21657587,17.333333333333332
27.0,446,21658033,16.51851851851852
31.0,663,21658696,21.387096774193548
23.0,369,21659065,16.043478260869566
21.0,315,21659380,15.0
15.0,260,21659640,17.333333333333332
6.0,99,21659739,16.5
36.0,738,21660477,20.5
20.0,376,21660853,18.8
21.0,316,21661169,15.047619047619047
19.0,408,21661577,21.473684210526315
32.0,631,21662208,19.71875
14.0,265,21662473,18.928571428571427
15.0,305,21662778,20.333333333333332
18.0,340,21663118,18.88888888888889
12.0,231,21663349,19.25
4.0,66,21663415,16.5
12.0,220,21663635,18.333333333333332
21.0,706,21664341,33.61904761904762
2.0,66,21664407,33.0
12.0,337,21664744,28.083333333333332
17.0,402,21665146,23.647058823529413
17.0,318,21665464,18.705882352941178
13.0,229,21665693,17.615384615384617
15.0,292,21665985,19.466666666666665
24.0,401,21666386,16.708333333333332
44.0,911,21667297,20.704545454545453
11.0,213,21667510,19.363636363636363
39.0,802,21668312,20.564102564102566
15.0,223,21668535,14.866666666666667
30.0,599,21669134,19.966666666666665
8.0,165,21669299,20.625
13.0,212,21669511,16.307692307692307
2.0,457,21669968,228.5
20.0,437,21670405,21.85
23.0,412,21670817,17.91304347826087
18.0,393,21671210,21.833333333333332
17.0,268,21671478,15.764705882352942
12.0,232,21671710,19.333333333333332
12.0,251,21671961,20.916666666666668
17.0,337,21672298,19.823529411764707
19.0,334,21672632,17.57894736842105
18.0,274,21672906,15.222222222222221
15.0,351,21673257,23.4
20.0,388,21673645,19.4
12.0,204,21673849,17.0
14.0,303,21674152,21.642857142857142
11.0,201,21674353,18.272727272727273
18.0,367,21674720,20.38888888888889
20.0,348,21675068,17.4
2.0,29,21675097,14.5
8.0,178,21675275,22.25
21.0,334,21675609,15.904761904761905
34.0,813,21676422,23.91176470588235
26.0,605,21677027,23.26923076923077
11.0,117,21677144,10.636363636363637
22.0,398,21677542,18.09090909090909
19.0,376,21677918,19.789473684210527
22.0,346,21678264,15.727272727272727
22.0,530,21678794,24.09090909090909
8.0,129,21678923,16.125
22.0,404,21679327,18.363636363636363
21.0,495,21679822,23.571428571428573
16.0,349,21680171,21.8125
19.0,401,21680572,21.105263157894736
17.0,386,21680958,22.705882352941178
22.0,510,21681468,23.181818181818183
10.0,270,21681738,27.0
13.0,278,21682016,21.384615384615383
10.0,148,21682164,14.8
11.0,261,21682425,23.727272727272727
14.0,281,21682706,20.071428571428573
25.0,508,21683214,20.32
24.0,462,21683676,19.25
6.0,102,21683778,17.0
11.0,115,21683893,10.454545454545455
28.0,549,21684442,19.607142857142858
12.0,249,21684691,20.75
20.0,370,21685061,18.5
16.0,238,21685299,14.875
29.0,654,21685953,22.551724137931036
32.0,592,21686545,18.5
21.0,473,21687018,22.523809523809526
0.0,441,21687459,inf
17.0,416,21687875,24.470588235294116
12.0,236,21688111,19.666666666666668
11.0,203,21688314,18.454545454545453
17.0,319,21688633,18.764705882352942
12.0,225,21688858,18.75
24.0,517,21689375,21.541666666666668
19.0,282,21689657,14.842105263157896
15.0,258,21689915,17.2
16.0,248,21690163,15.5
20.0,380,21690543,19.0
19.0,321,21690864,16.894736842105264
20.0,429,21691293,21.45
9.0,156,21691449,17.333333333333332
16.0,253,21691702,15.8125
18.0,327,21692029,18.166666666666668
23.0,529,21692558,23.0
10.0,205,21692763,20.5
23.0,472,21693235,20.52173913043478
16.0,306,21693541,19.125
9.0,143,21693684,15.88888888888889
12.0,264,21693948,22.0
16.0,293,21694241,18.3125
31.0,663,21694904,21.387096774193548
24.0,458,21695362,19.083333333333332
20.0,332,21695694,16.6
14.0,290,21695984,20.714285714285715
4.0,63,21696047,15.75
37.0,816,21696863,22.054054054054053
7.0,125,21696988,17.857142857142858
18.0,796,21697784,44.22222222222222
19.0,388,21698172,20.42105263157895
23.0,463,21698635,20.130434782608695
14.0,249,21698884,17.785714285714285
18.0,338,21699222,18.77777777777778
21.0,519,21699741,24.714285714285715
24.0,449,21700190,18.708333333333332
28.0,587,21700777,20.964285714285715
17.0,388,21701165,22.823529411764707
4.0,57,21701222,14.25
22.0,377,21701599,17.136363636363637
10.0,177,21701776,17.7
8.0,135,21701911,16.875
5.0,514,21702425,102.8
13.0,235,21702660,18.076923076923077
17.0,291,21702951,17.11764705882353
22.0,407,21703358,18.5
36.0,687,21704045,19.083333333333332
1.0,477,21704522,477.0
3.0,63,21704585,21.0
26.0,628,21705213,24.153846153846153
9.0,154,21705367,17.11111111111111
11.0,202,21705569,18.363636363636363
7.0,154,21705723,22.0
19.0,367,21706090,19.31578947368421
18.0,334,21706424,18.555555555555557
1.0,22,21706446,22.0
20.0,340,21706786,17.0
10.0,200,21706986,20.0
24.0,453,21707439,18.875
11.0,190,21707629,17.272727272727273
15.0,269,21707898,17.933333333333334
16.0,300,21708198,18.75
20.0,382,21708580,19.1
17.0,346,21708926,20.352941176470587
18.0,372,21709298,20.666666666666668
17.0,264,21709562,15.529411764705882
16.0,361,21709923,22.5625
12.0,261,21710184,21.75
14.0,258,21710442,18.428571428571427
22.0,480,21710922,21.818181818181817
25.0,496,21711418,19.84
4.0,90,21711508,22.5
26.0,411,21711919,15.807692307692308
15.0,289,21712208,19.266666666666666
30.0,675,21712883,22.5
24.0,496,21713379,20.666666666666668
27.0,534,21713913,19.77777777777778
16.0,340,21714253,21.25
10.0,163,21714416,16.3
16.0,322,21714738,20.125
24.0,429,21715167,17.875
23.0,623,21715790,27.08695652173913
17.0,364,21716154,21.41176470588235
15.0,340,21716494,22.666666666666668
4.0,76,21716570,19.0
10.0,174,21716744,17.4
16.0,410,21717154,25.625
25.0,707,21717861,28.28
15.0,232,21718093,15.466666666666667
21.0,442,21718535,21.047619047619047
6.0,61,21718596,10.166666666666666
19.0,371,21718967,19.526315789473685
2.0,468,21719435,234.0
5.0,68,21719503,13.6
38.0,679,21720182,17.86842105263158
13.0,291,21720473,22.384615384615383
12.0,166,21720639,13.833333333333334
18.0,286,21720925,15.88888888888889
8.0,152,21721077,19.0
22.0,473,21721550,21.5
8.0,194,21721744,24.25
15.0,291,21722035,19.4
18.0,383,21722418,21.27777777777778
23.0,443,21722861,19.26086956521739
23.0,414,21723275,18.0
13.0,232,21723507,17.846153846153847
18.0,534,21724041,29.666666666666668
16.0,273,21724314,17.0625
26.0,443,21724757,17.03846153846154
25.0,381,21725138,15.24
19.0,414,21725552,21.789473684210527
5.0,111,21725663,22.2
7.0,555,21726218,79.28571428571429
29.0,629,21726847,21.689655172413794
33.0,604,21727451,18.303030303030305
4.0,506,21727957,126.5
8.0,151,21728108,18.875
18.0,367,21728475,20.38888888888889
9.0,99,21728574,11.0
20.0,322,21728896,16.1
17.0,293,21729189,17.235294117647058
21.0,494,21729683,23.523809523809526
13.0,276,21729959,21.23076923076923
8.0,179,21730138,22.375
30.0,808,21730946,26.933333333333334
14.0,277,21731223,19.785714285714285
6.0,143,21731366,23.833333333333332
28.0,635,21732001,22.678571428571427
22.0,428,21732429,19.454545454545453
27.0,603,21733032,22.333333333333332
16.0,337,21733369,21.0625
24.0,1041,21734410,43.375
27.0,603,21735013,22.333333333333332
6.0,160,21735173,26.666666666666668
29.0,600,21735773,20.689655172413794
26.0,494,21736267,19.0
34.0,709,21736976,20.852941176470587
40.0,861,21737837,21.525
32.0,705,21738542,22.03125
31.0,539,21739081,17.387096774193548
5.0,94,21739175,18.8
6.0,114,21739289,19.0
5.0,66,21739355,13.2
18.0,324,21739679,18.0
19.0,425,21740104,22.36842105263158
13.0,246,21740350,18.923076923076923
5.0,91,21740441,18.2
19.0,264,21740705,13.894736842105264
18.0,383,21741088,21.27777777777778
28.0,545,21741633,19.464285714285715
16.0,290,21741923,18.125
18.0,346,21742269,19.22222222222222
12.0,223,21742492,18.583333333333332
15.0,338,21742830,22.533333333333335
9.0,137,21742967,15.222222222222221
10.0,161,21743128,16.1
13.0,219,21743347,16.846153846153847
2.0,70,21743417,35.0
27.0,492,21743909,18.22222222222222
23.0,413,21744322,17.956521739130434
13.0,189,21744511,14.538461538461538
22.0,825,21745336,37.5
28.0,535,21745871,19.107142857142858
8.0,119,21745990,14.875
22.0,509,21746499,23.136363636363637
16.0,283,21746782,17.6875
14.0,259,21747041,18.5
13.0,186,21747227,14.307692307692308
21.0,384,21747611,18.285714285714285
22.0,333,21747944,15.136363636363637
26.0,595,21748539,22.884615384615383
18.0,692,21749231,38.44444444444444
8.0,150,21749381,18.75
28.0,540,21749921,19.285714285714285
23.0,428,21750349,18.608695652173914
27.0,739,21751088,27.37037037037037
12.0,190,21751278,15.833333333333334
18.0,409,21751687,22.72222222222222
30.0,581,21752268,19.366666666666667
9.0,596,21752864,66.22222222222223
20.0,384,21753248,19.2
24.0,473,21753721,19.708333333333332
19.0,246,21753967,12.947368421052632
12.0,185,21754152,15.416666666666666
10.0,147,21754299,14.7
17.0,248,21754547,14.588235294117647
21.0,350,21754897,16.666666666666668
13.0,177,21755074,13.615384615384615
15.0,293,21755367,19.533333333333335
11.0,249,21755616,22.636363636363637
25.0,574,21756190,22.96
22.0,348,21756538,15.818181818181818
16.0,264,21756802,16.5
19.0,382,21757184,20.105263157894736
20.0,396,21757580,19.8
18.0,327,21757907,18.166666666666668
12.0,197,21758104,16.416666666666668
31.0,774,21758878,24.967741935483872
26.0,402,21759280,15.461538461538462
11.0,193,21759473,17.545454545454547
12.0,240,21759713,20.0
19.0,447,21760160,23.526315789473685
16.0,296,21760456,18.5
29.0,671,21761127,23.137931034482758
28.0,519,21761646,18.535714285714285
27.0,656,21762302,24.296296296296298
32.0,682,21762984,21.3125
12.0,182,21763166,15.166666666666666
19.0,288,21763454,15.157894736842104
35.0,858,21764312,24.514285714285716
19.0,378,21764690,19.894736842105264
34.0,748,21765438,22.0
21.0,321,21765759,15.285714285714286
1.0,42,21765801,42.0
19.0,350,21766151,18.42105263157895
10.0,186,21766337,18.6
29.0,481,21766818,16.586206896551722
14.0,277,21767095,19.785714285714285
39.0,622,21767717,15.948717948717949
27.0,498,21768215,18.444444444444443
21.0,422,21768637,20.095238095238095
23.0,345,21768982,15.0
26.0,509,21769491,19.576923076923077
25.0,475,21769966,19.0
24.0,378,21770344,15.75
21.0,314,21770658,14.952380952380953
25.0,519,21771177,20.76
9.0,123,21771300,13.666666666666666
11.0,208,21771508,18.90909090909091
13.0,206,21771714,15.846153846153847
35.0,812,21772526,23.2
11.0,193,21772719,17.545454545454547
27.0,522,21773241,19.333333333333332
25.0,962,21774203,38.48
19.0,355,21774558,18.68421052631579
8.0,107,21774665,13.375
20.0,325,21774990,16.25
18.0,261,21775251,14.5
11.0,175,21775426,15.909090909090908
28.0,567,21775993,20.25
16.0,202,21776195,12.625
17.0,327,21776522,19.235294117647058
10.0,169,21776691,16.9
22.0,410,21777101,18.636363636363637
30.0,621,21777722,20.7
16.0,254,21777976,15.875
15.0,243,21778219,16.2
17.0,282,21778501,16.58823529411765
13.0,209,21778710,16.076923076923077
34.0,682,21779392,20.058823529411764
7.0,92,21779484,13.142857142857142
12.0,186,21779670,15.5
28.0,475,21780145,16.964285714285715
17.0,268,21780413,15.764705882352942
37.0,644,21781057,17.405405405405407
20.0,357,21781414,17.85
14.0,222,21781636,15.857142857142858
0.0,441,21782077,inf
4.0,70,21782147,17.5
26.0,463,21782610,17.807692307692307
4.0,44,21782654,11.0
35.0,610,21783264,17.428571428571427
10.0,169,21783433,16.9
21.0,364,21783797,17.333333333333332
21.0,397,21784194,18.904761904761905
31.0,574,21784768,18.516129032258064
18.0,341,21785109,18.944444444444443
19.0,316,21785425,16.63157894736842
14.0,255,21785680,18.214285714285715
22.0,386,21786066,17.545454545454547
13.0,211,21786277,16.23076923076923
19.0,337,21786614,17.736842105263158
41.0,910,21787524,22.195121951219512
23.0,451,21787975,19.608695652173914
18.0,256,21788231,14.222222222222221
18.0,293,21788524,16.27777777777778
8.0,136,21788660,17.0
16.0,350,21789010,21.875
19.0,363,21789373,19.105263157894736
16.0,292,21789665,18.25
16.0,289,21789954,18.0625
15.0,279,21790233,18.6
16.0,356,21790589,22.25
10.0,170,21790759,17.0
23.0,487,21791246,21.17391304347826
16.0,291,21791537,18.1875
25.0,450,21791987,18.0
9.0,155,21792142,17.22222222222222
19.0,251,21792393,13.210526315789474
27.0,510,21792903,18.88888888888889
20.0,299,21793202,14.95
16.0,235,21793437,14.6875
18.0,316,21793753,17.555555555555557
11.0,149,21793902,13.545454545454545
40.0,721,21794623,18.025
12.0,198,21794821,16.5
7.0,167,21794988,23.857142857142858
21.0,344,21795332,16.38095238095238
7.0,96,21795428,13.714285714285714
7.0,109,21795537,15.571428571428571
14.0,322,21795859,23.0
17.0,358,21796217,21.058823529411764
7.0,154,21796371,22.0
14.0,236,21796607,16.857142857142858
8.0,168,21796775,21.0
12.0,194,21796969,16.166666666666668
15.0,247,21797216,16.466666666666665
21.0,369,21797585,17.571428571428573
9.0,135,21797720,15.0
24.0,398,21798118,16.583333333333332
21.0,391,21798509,18.61904761904762
27.0,407,21798916,15.074074074074074
12.0,162,21799078,13.5
4.0,75,21799153,18.75
9.0,146,21799299,16.22222222222222
18.0,403,21799702,22.38888888888889
20.0,295,21799997,14.75
18.0,337,21800334,18.72222222222222
28.0,505,21800839,18.035714285714285
16.0,274,21801113,17.125
14.0,204,21801317,14.571428571428571
25.0,364,21801681,14.56
16.0,257,21801938,16.0625
19.0,339,21802277,17.842105263157894
9.0,168,21802445,18.666666666666668
24.0,457,21802902,19.041666666666668
11.0,234,21803136,21.272727272727273
28.0,515,21803651,18.392857142857142
35.0,596,21804247,17.02857142857143
19.0,272,21804519,14.31578947368421
12.0,168,21804687,14.0
26.0,514,21805201,19.76923076923077
15.0,235,21805436,15.666666666666666
23.0,421,21805857,18.304347826086957
4.0,143,21806000,35.75
32.0,998,21806998,31.1875
19.0,470,21807468,24.736842105263158
14.0,225,21807693,16.071428571428573
16.0,298,21807991,18.625
21.0,406,21808397,19.333333333333332
20.0,365,21808762,18.25
11.0,183,21808945,16.636363636363637
27.0,532,21809477,19.703703703703702
23.0,368,21809845,16.0
12.0,222,21810067,18.5
34.0,536,21810603,15.764705882352942
15.0,314,21810917,20.933333333333334
22.0,439,21811356,19.954545454545453
14.0,232,21811588,16.571428571428573
7.0,84,21811672,12.0
33.0,436,21812108,13.212121212121213
18.0,302,21812410,16.77777777777778
17.0,301,21812711,17.705882352941178
21.0,331,21813042,15.761904761904763
2.0,21,21813063,10.5
16.0,261,21813324,16.3125
27.0,534,21813858,19.77777777777778
23.0,405,21814263,17.608695652173914
19.0,374,21814637,19.68421052631579
15.0,211,21814848,14.066666666666666
10.0,160,21815008,16.0
21.0,513,21815521,24.428571428571427
5.0,70,21815591,14.0
25.0,509,21816100,20.36
12.0,233,21816333,19.416666666666668
9.0,180,21816513,20.0
11.0,198,21816711,18.0
19.0,361,21817072,19.0
21.0,415,21817487,19.761904761904763
16.0,307,21817794,19.1875
25.0,477,21818271,19.08
26.0,601,21818872,23.115384615384617
32.0,573,21819445,17.90625
12.0,612,21820057,51.0
12.0,235,21820292,19.583333333333332
20.0,322,21820614,16.1
23.0,400,21821014,17.391304347826086
19.0,428,21821442,22.526315789473685
14.0,204,21821646,14.571428571428571
8.0,146,21821792,18.25
17.0,316,21822108,18.58823529411765
16.0,285,21822393,17.8125
11.0,213,21822606,19.363636363636363
23.0,398,21823004,17.304347826086957
15.0,241,21823245,16.066666666666666
14.0,283,21823528,20.214285714285715
8.0,109,21823637,13.625
12.0,208,21823845,17.333333333333332
21.0,413,21824258,19.666666666666668
18.0,380,21824638,21.11111111111111
8.0,107,21824745,13.375
9.0,182,21824927,20.22222222222222
14.0,285,21825212,20.357142857142858
34.0,1101,21826313,32.38235294117647
10.0,167,21826480,16.7
4.0,63,21826543,15.75
26.0,418,21826961,16.076923076923077
28.0,566,21827527,20.214285714285715
12.0,167,21827694,13.916666666666666
13.0,307,21828001,23.615384615384617
25.0,445,21828446,17.8
6.0,174,21828620,29.0
12.0,199,21828819,16.583333333333332
17.0,362,21829181,21.294117647058822
7.0,173,21829354,24.714285714285715
15.0,274,21829628,18.266666666666666
22.0,389,21830017,17.681818181818183
16.0,209,21830226,13.0625
8.0,157,21830383,19.625
8.0,152,21830535,19.0
33.0,632,21831167,19.151515151515152
16.0,249,21831416,15.5625
18.0,292,21831708,16.22222222222222
24.0,405,21832113,16.875
20.0,317,21832430,15.85
13.0,184,21832614,14.153846153846153
21.0,313,21832927,14.904761904761905
8.0,148,21833075,18.5
10.0,226,21833301,22.6
7.0,570,21833871,81.42857142857143
18.0,364,21834235,20.22222222222222
3.0,485,21834720,161.66666666666666
14.0,301,21835021,21.5
9.0,145,21835166,16.11111111111111
28.0,518,21835684,18.5
22.0,515,21836199,23.40909090909091
18.0,278,21836477,15.444444444444445
29.0,664,21837141,22.896551724137932
29.0,564,21837705,19.448275862068964
15.0,235,21837940,15.666666666666666
18.0,273,21838213,15.166666666666666
34.0,599,21838812,17.61764705882353
20.0,349,21839161,17.45
19.0,335,21839496,17.63157894736842
7.0,125,21839621,17.857142857142858
22.0,378,21839999,17.181818181818183
21.0,398,21840397,18.952380952380953
13.0,144,21840541,11.076923076923077
18.0,273,21840814,15.166666666666666
22.0,351,21841165,15.954545454545455
14.0,262,21841427,18.714285714285715
10.0,182,21841609,18.2
7.0,549,21842158,78.42857142857143
30.0,679,21842837,22.633333333333333
22.0,739,21843576,33.59090909090909
5.0,515,21844091,103.0
12.0,586,21844677,48.833333333333336
6.0,122,21844799,20.333333333333332
7.0,569,21845368,81.28571428571429
12.0,170,21845538,14.166666666666666
20.0,369,21845907,18.45
22.0,442,21846349,20.09090909090909
19.0,368,21846717,19.36842105263158
32.0,590,21847307,18.4375
5.0,93,21847400,18.6
39.0,960,21848360,24.615384615384617
21.0,385,21848745,18.333333333333332
45.0,816,21849561,18.133333333333333
32.0,659,21850220,20.59375
12.0,228,21850448,19.0
12.0,222,21850670,18.5
20.0,347,21851017,17.35
19.0,421,21851438,22.157894736842106
28.0,463,21851901,16.535714285714285
15.0,324,21852225,21.6
12.0,141,21852366,11.75
16.0,174,21852540,10.875
25.0,432,21852972,17.28
12.0,171,21853143,14.25
17.0,320,21853463,18.823529411764707
37.0,700,21854163,18.91891891891892
16.0,309,21854472,19.3125
16.0,308,21854780,19.25
19.0,298,21855078,15.68421052631579
23.0,655,21855733,28.47826086956522
13.0,380,21856113,29.23076923076923
21.0,359,21856472,17.095238095238095
17.0,337,21856809,19.823529411764707
4.0,68,21856877,17.0
21.0,364,21857241,17.333333333333332
24.0,431,21857672,17.958333333333332
12.0,184,21857856,15.333333333333334
22.0,365,21858221,16.59090909090909
26.0,562,21858783,21.615384615384617
12.0,231,21859014,19.25
15.0,321,21859335,21.4
19.0,326,21859661,17.157894736842106
41.0,850,21860511,20.73170731707317
10.0,267,21860778,26.7
19.0,356,21861134,18.736842105263158
32.0,671,21861805,20.96875
10.0,164,21861969,16.4
15.0,695,21862664,46.333333333333336
16.0,281,21862945,17.5625
28.0,573,21863518,20.464285714285715
20.0,374,21863892,18.7
10.0,262,21864154,26.2
20.0,341,21864495,17.05
21.0,332,21864827,15.80952380952381
31.0,612,21865439,19.741935483870968
14.0,199,21865638,14.214285714285714
26.0,603,21866241,23.192307692307693
17.0,342,21866583,20.11764705882353
35.0,684,21867267,19.542857142857144
9.0,182,21867449,20.22222222222222
32.0,590,21868039,18.4375
11.0,257,21868296,23.363636363636363
29.0,497,21868793,17.137931034482758
14.0,219,21869012,15.642857142857142
15.0,264,21869276,17.6
12.0,184,21869460,15.333333333333334
34.0,812,21870272,23.88235294117647
11.0,195,21870467,17.727272727272727
20.0,262,21870729,13.1
21.0,441,21871170,21.0
27.0,605,21871775,22.40740740740741
6.0,186,21871961,31.0
34.0,669,21872630,19.676470588235293
43.0,1012,21873642,23.53488372093023
16.0,322,21873964,20.125
7.0,124,21874088,17.714285714285715
22.0,415,21874503,18.863636363636363
19.0,470,21874973,24.736842105263158
21.0,315,21875288,15.0
16.0,250,21875538,15.625
17.0,369,21875907,21.705882352941178
15.0,219,21876126,14.6
39.0,909,21877035,23.307692307692307
12.0,164,21877199,13.666666666666666
13.0,264,21877463,20.307692307692307
12.0,649,21878112,54.083333333333336
21.0,399,21878511,19.0
31.0,590,21879101,19.032258064516128
19.0,403,21879504,21.210526315789473
5.0,81,21879585,16.2
25.0,522,21880107,20.88
42.0,922,21881029,21.952380952380953
11.0,133,21881162,12.090909090909092
14.0,243,21881405,17.357142857142858
19.0,356,21881761,18.736842105263158
35.0,855,21882616,24.428571428571427
2.0,464,21883080,232.0
15.0,306,21883386,20.4
19.0,302,21883688,15.894736842105264
9.0,122,21883810,13.555555555555555
28.0,534,21884344,19.071428571428573
25.0,406,21884750,16.24
17.0,249,21884999,14.647058823529411
20.0,352,21885351,17.6
20.0,445,21885796,22.25
27.0,485,21886281,17.962962962962962
8.0,527,21886808,65.875
33.0,598,21887406,18.12121212121212
14.0,284,21887690,20.285714285714285
19.0,270,21887960,14.210526315789474
28.0,453,21888413,16.178571428571427
20.0,395,21888808,19.75
12.0,195,21889003,16.25
33.0,599,21889602,18.151515151515152
30.0,540,21890142,18.0
6.0,108,21890250,18.0
25.0,476,21890726,19.04
17.0,221,21890947,13.0
19.0,282,21891229,14.842105263157896
16.0,314,21891543,19.625
24.0,413,21891956,17.208333333333332
8.0,164,21892120,20.5
24.0,448,21892568,18.666666666666668
37.0,742,21893310,20.054054054054053
30.0,454,21893764,15.133333333333333
24.0,416,21894180,17.333333333333332
29.0,627,21894807,21.620689655172413
17.0,343,21895150,20.176470588235293
17.0,343,21895493,20.176470588235293
22.0,450,21895943,20.454545454545453
12.0,209,21896152,17.416666666666668
27.0,619,21896771,22.925925925925927
10.0,194,21896965,19.4
22.0,401,21897366,18.227272727272727
23.0,310,21897676,13.478260869565217
13.0,743,21898419,57.15384615384615
10.0,677,21899096,67.7
22.0,377,21899473,17.136363636363637
26.0,344,21899817,13.23076923076923
25.0,863,21900680,34.52
15.0,177,21900857,11.8
25.0,412,21901269,16.48
22.0,376,21901645,17.09090909090909
36.0,756,21902401,21.0
27.0,524,21902925,19.40740740740741
20.0,360,21903285,18.0
2.0,493,21903778,246.5
12.0,247,21904025,20.583333333333332
23.0,520,21904545,22.608695652173914
11.0,158,21904703,14.363636363636363
21.0,316,21905019,15.047619047619047
6.0,72,21905091,12.0
19.0,246,21905337,12.947368421052632
41.0,804,21906141,19.609756097560975
16.0,255,21906396,15.9375
31.0,687,21907083,22.161290322580644
35.0,517,21907600,14.771428571428572
35.0,693,21908293,19.8
18.0,423,21908716,23.5
35.0,850,21909566,24.285714285714285
19.0,427,21909993,22.473684210526315
8.0,106,21910099,13.25
22.0,397,21910496,18.045454545454547
26.0,892,21911388,34.30769230769231
16.0,329,21911717,20.5625
30.0,552,21912269,18.4
22.0,619,21912888,28.136363636363637
26.0,522,21913410,20.076923076923077
21.0,342,21913752,16.285714285714285
6.0,127,21913879,21.166666666666668
20.0,404,21914283,20.2
12.0,170,21914453,14.166666666666666
6.0,530,21914983,88.33333333333333
26.0,469,21915452,18.03846153846154
29.0,663,21916115,22.862068965517242
15.0,241,21916356,16.066666666666666
31.0,533,21916889,17.193548387096776
33.0,589,21917478,17.848484848484848
17.0,359,21917837,21.11764705882353
36.0,823,21918660,22.86111111111111
10.0,168,21918828,16.8
34.0,646,21919474,19.0
19.0,301,21919775,15.842105263157896
18.0,399,21920174,22.166666666666668
16.0,311,21920485,19.4375
25.0,846,21921331,33.84
25.0,397,21921728,15.88
38.0,830,21922558,21.842105263157894
31.0,582,21923140,18.774193548387096
18.0,273,21923413,15.166666666666666
0.0,441,21923854,inf
18.0,228,21924082,12.666666666666666
18.0,261,21924343,14.5
11.0,200,21924543,18.181818181818183
13.0,206,21924749,15.846153846153847
23.0,383,21925132,16.652173913043477
12.0,187,21925319,15.583333333333334
26.0,615,21925934,23.653846153846153
24.0,452,21926386,18.833333333333332
24.0,345,21926731,14.375
12.0,213,21926944,17.75
16.0,326,21927270,20.375
26.0,585,21927855,22.5
3.0,71,21927926,23.666666666666668
25.0,421,21928347,16.84
34.0,845,21929192,24.852941176470587
22.0,370,21929562,16.818181818181817
15.0,224,21929786,14.933333333333334
25.0,340,21930126,13.6
22.0,338,21930464,15.363636363636363
22.0,506,21930970,23.0
30.0,604,21931574,20.133333333333333
26.0,571,21932145,21.96153846153846
26.0,516,21932661,19.846153846153847
31.0,584,21933245,18.838709677419356
13.0,294,21933539,22.615384615384617
30.0,659,21934198,21.966666666666665
24.0,382,21934580,15.916666666666666
9.0,235,21934815,26.11111111111111
10.0,200,21935015,20.0
19.0,384,21935399,20.210526315789473
2.0,62,21935461,31.0
18.0,355,21935816,19.72222222222222
20.0,436,21936252,21.8
27.0,581,21936833,21.51851851851852
31.0,606,21937439,19.548387096774192
30.0,631,21938070,21.033333333333335
17.0,351,21938421,20.647058823529413
16.0,327,21938748,20.4375
8.0,100,21938848,12.5
23.0,419,21939267,18.217391304347824
16.0,239,21939506,14.9375
25.0,662,21940168,26.48
11.0,164,21940332,14.909090909090908
13.0,196,21940528,15.076923076923077
14.0,263,21940791,18.785714285714285
10.0,177,21940968,17.7
19.0,339,21941307,17.842105263157894
23.0,386,21941693,16.782608695652176
10.0,118,21941811,11.8
14.0,239,21942050,17.071428571428573
25.0,649,21942699,25.96
3.0,501,21943200,167.0
13.0,664,21943864,51.07692307692308
21.0,426,21944290,20.285714285714285
10.0,603,21944893,60.3
32.0,668,21945561,20.875
1.0,35,21945596,35.0
43.0,872,21946468,20.27906976744186
28.0,632,21947100,22.571428571428573
15.0,315,21947415,21.0
27.0,549,21947964,20.333333333333332
17.0,309,21948273,18.176470588235293
19.0,295,21948568,15.526315789473685
28.0,489,21949057,17.464285714285715
17.0,233,21949290,13.705882352941176
23.0,482,21949772,20.956521739130434
17.0,405,21950177,23.823529411764707
10.0,113,21950290,11.3
29.0,494,21950784,17.03448275862069
23.0,692,21951476,30.08695652173913
34.0,627,21952103,18.441176470588236
33.0,883,21952986,26.757575757575758
28.0,575,21953561,20.535714285714285
33.0,705,21954266,21.363636363636363
42.0,1267,21955533,30.166666666666668
19.0,479,21956012,25.210526315789473
26.0,409,21956421,15.73076923076923
42.0,842,21957263,20.047619047619047
34.0,574,21957837,16.88235294117647
34.0,656,21958493,19.294117647058822
2.0,478,21958971,239.0
8.0,80,21959051,10.0
21.0,471,21959522,22.428571428571427
27.0,430,21959952,15.925925925925926
7.0,512,21960464,73.14285714285714
17.0,298,21960762,17.529411764705884
33.0,995,21961757,30.151515151515152
19.0,388,21962145,20.42105263157895
28.0,578,21962723,20.642857142857142
34.0,600,21963323,17.647058823529413
27.0,639,21963962,23.666666666666668
2.0,30,21963992,15.0
32.0,570,21964562,17.8125
10.0,222,21964784,22.2
39.0,695,21965479,17.82051282051282
9.0,202,21965681,22.444444444444443
32.0,546,21966227,17.0625
24.0,421,21966648,17.541666666666668
15.0,338,21966986,22.533333333333335
14.0,298,21967284,21.285714285714285
23.0,344,21967628,14.956521739130435
40.0,784,21968412,19.6
22.0,396,21968808,18.0
11.0,195,21969003,17.727272727272727
20.0,825,21969828,41.25
29.0,544,21970372,18.75862068965517
28.0,610,21970982,21.785714285714285
28.0,521,21971503,18.607142857142858
32.0,710,21972213,22.1875
35.0,657,21972870,18.771428571428572
38.0,737,21973607,19.394736842105264
38.0,857,21974464,22.55263157894737
21.0,455,21974919,21.666666666666668
22.0,452,21975371,20.545454545454547
25.0,437,21975808,17.48
28.0,1055,21976863,37.67857142857143
13.0,200,21977063,15.384615384615385
25.0,398,21977461,15.92
53.0,1300,21978761,24.528301886792452
27.0,927,21979688,34.333333333333336
32.0,809,21980497,25.28125
24.0,865,21981362,36.041666666666664
18.0,344,21981706,19.11111111111111
21.0,452,21982158,21.523809523809526
35.0,626,21982784,17.885714285714286
28.0,593,21983377,21.178571428571427
43.0,717,21984094,16.674418604651162
24.0,525,21984619,21.875
1.0,23,21984642,23.0
47.0,978,21985620,20.80851063829787
19.0,341,21985961,17.94736842105263
37.0,1058,21987019,28.594594594594593
12.0,203,21987222,16.916666666666668
20.0,368,21987590,18.4
27.0,633,21988223,23.444444444444443
24.0,419,21988642,17.458333333333332
22.0,305,21988947,13.863636363636363
22.0,327,21989274,14.863636363636363
25.0,686,21989960,27.44
29.0,600,21990560,20.689655172413794
18.0,308,21990868,17.11111111111111
25.0,489,21991357,19.56
13.0,222,21991579,17.076923076923077
19.0,396,21991975,20.842105263157894
34.0,789,21992764,23.205882352941178
19.0,288,21993052,15.157894736842104
17.0,284,21993336,16.705882352941178
34.0,648,21993984,19.058823529411764
21.0,278,21994262,13.238095238095237
28.0,548,21994810,19.571428571428573
30.0,662,21995472,22.066666666666666
38.0,769,21996241,20.236842105263158
5.0,662,21996903,132.4
14.0,252,21997155,18.0
37.0,651,21997806,17.594594594594593
21.0,387,21998193,18.428571428571427
35.0,602,21998795,17.2
26.0,387,21999182,14.884615384615385
31.0,539,21999721,17.387096774193548
20.0,358,22000079,17.9
21.0,387,22000466,18.428571428571427
11.0,180,22000646,16.363636363636363
4.0,132,22000778,33.0
11.0,210,22000988,19.09090909090909
24.0,564,22001552,23.5
25.0,522,22002074,20.88
60.0,1368,22003442,22.8
23.0,475,22003917,20.652173913043477
17.0,272,22004189,16.0
21.0,430,22004619,20.476190476190474
37.0,682,22005301,18.43243243243243
20.0,414,22005715,20.7
28.0,551,22006266,19.678571428571427
4.0,493,22006759,123.25
28.0,585,22007344,20.892857142857142
15.0,245,22007589,16.333333333333332
44.0,988,22008577,22.454545454545453
47.0,921,22009498,19.595744680851062
38.0,716,22010214,18.842105263157894
34.0,845,22011059,24.852941176470587
22.0,343,22011402,15.590909090909092
23.0,508,22011910,22.08695652173913
26.0,522,22012432,20.076923076923077
48.0,931,22013363,19.395833333333332
28.0,443,22013806,15.821428571428571
13.0,259,22014065,19.923076923076923
16.0,248,22014313,15.5
28.0,991,22015304,35.392857142857146
18.0,790,22016094,43.888888888888886
16.0,642,22016736,40.125
25.0,401,22017137,16.04
9.0,156,22017293,17.333333333333332
7.0,81,22017374,11.571428571428571
15.0,222,22017596,14.8
17.0,270,22017866,15.882352941176471
18.0,308,22018174,17.11111111111111
15.0,330,22018504,22.0
10.0,641,22019145,64.1
21.0,438,22019583,20.857142857142858
4.0,99,22019682,24.75
10.0,143,22019825,14.3
0.0,441,22020266,inf
32.0,684,22020950,21.375
14.0,224,22021174,16.0
12.0,163,22021337,13.583333333333334
21.0,769,22022106,36.61904761904762
1.0,455,22022561,455.0
29.0,489,22023050,16.862068965517242
21.0,342,22023392,16.285714285714285
15.0,301,22023693,20.066666666666666
31.0,537,22024230,17.322580645161292
8.0,521,22024751,65.125
21.0,353,22025104,16.80952380952381
19.0,321,22025425,16.894736842105264
10.0,649,22026074,64.9
1.0,455,22026529,455.0
19.0,313,22026842,16.473684210526315
14.0,686,22027528,49.0
32.0,558,22028086,17.4375
10.0,146,22028232,14.6
14.0,205,22028437,14.642857142857142
33.0,629,22029066,19.060606060606062
10.0,544,22029610,54.4
27.0,557,22030167,20.62962962962963
25.0,400,22030567,16.0
9.0,156,22030723,17.333333333333332
0.0,441,22031164,inf
15.0,236,22031400,15.733333333333333
22.0,419,22031819,19.045454545454547
0.0,441,22032260,inf
22.0,394,22032654,17.90909090909091
15.0,236,22032890,15.733333333333333
20.0,338,22033228,16.9
20.0,374,22033602,18.7
14.0,685,22034287,48.92857142857143
15.0,311,22034598,20.733333333333334
37.0,634,22035232,17.135135135135137
13.0,298,22035530,22.923076923076923
40.0,807,22036337,20.175
4.0,495,22036832,123.75
6.0,522,22037354,87.0
32.0,539,22037893,16.84375
16.0,301,22038194,18.8125
15.0,283,22038477,18.866666666666667
13.0,201,22038678,15.461538461538462
25.0,573,22039251,22.92
15.0,287,22039538,19.133333333333333
23.0,348,22039886,15.130434782608695
9.0,154,22040040,17.11111111111111
12.0,688,22040728,57.333333333333336
32.0,576,22041304,18.0
16.0,226,22041530,14.125
19.0,465,22041995,24.473684210526315
17.0,250,22042245,14.705882352941176
4.0,65,22042310,16.25
22.0,797,22043107,36.22727272727273
33.0,724,22043831,21.939393939393938
12.0,225,22044056,18.75
2.0,482,22044538,241.0
20.0,348,22044886,17.4
24.0,426,22045312,17.75
17.0,337,22045649,19.823529411764707
26.0,862,22046511,33.15384615384615
7.0,121,22046632,17.285714285714285
16.0,269,22046901,16.8125
4.0,487,22047388,121.75
27.0,872,22048260,32.2962962962963
17.0,293,22048553,17.235294117647058
7.0,602,22049155,86.0
8.0,596,22049751,74.5
16.0,223,22049974,13.9375
19.0,311,22050285,16.36842105263158
30.0,558,22050843,18.6
22.0,832,22051675,37.81818181818182
26.0,501,22052176,19.26923076923077
22.0,438,22052614,19.90909090909091
6.0,544,22053158,90.66666666666667
21.0,442,22053600,21.047619047619047
30.0,569,22054169,18.966666666666665
25.0,482,22054651,19.28
23.0,341,22054992,14.826086956521738
22.0,330,22055322,15.0
31.0,1003,22056325,32.354838709677416
22.0,412,22056737,18.727272727272727
34.0,619,22057356,18.205882352941178
14.0,655,22058011,46.785714285714285
17.0,637,22058648,37.470588235294116
27.0,503,22059151,18.62962962962963
29.0,510,22059661,17.586206896551722
9.0,600,22060261,66.66666666666667
7.0,535,22060796,76.42857142857143
16.0,269,22061065,16.8125
1.0,470,22061535,470.0
17.0,269,22061804,15.823529411764707
17.0,716,22062520,42.11764705882353
35.0,1357,22063877,38.77142857142857
0.0,441,22064318,inf
29.0,694,22065012,23.93103448275862
26.0,431,22065443,16.576923076923077
20.0,288,22065731,14.4
6.0,527,22066258,87.83333333333333
5.0,508,22066766,101.6
20.0,290,22067056,14.5
14.0,604,22067660,43.142857142857146
9.0,589,22068249,65.44444444444444
3.0,471,22068720,157.0
15.0,322,22069042,21.466666666666665
6.0,591,22069633,98.5
8.0,626,22070259,78.25
31.0,703,22070962,22.677419354838708
29.0,989,22071951,34.10344827586207
18.0,753,22072704,41.833333333333336
25.0,428,22073132,17.12
9.0,599,22073731,66.55555555555556
8.0,554,22074285,69.25
26.0,408,22074693,15.692307692307692
26.0,438,22075131,16.846153846153847
18.0,355,22075486,19.72222222222222
15.0,710,22076196,47.333333333333336
2.0,460,22076656,230.0
23.0,495,22077151,21.52173913043478
25.0,826,22077977,33.04
6.0,530,22078507,88.33333333333333
1.0,468,22078975,468.0
14.0,279,22079254,19.928571428571427
33.0,621,22079875,18.818181818181817
5.0,93,22079968,18.6
1.0,38,22080006,38.0
12.0,214,22080220,17.833333333333332
16.0,224,22080444,14.0
4.0,56,22080500,14.0
4.0,105,22080605,26.25
15.0,281,22080886,18.733333333333334
5.0,71,22080957,14.2
5.0,73,22081030,14.6
8.0,145,22081175,18.125
19.0,251,22081426,13.210526315789474
28.0,624,22082050,22.285714285714285
1.0,19,22082069,19.0
11.0,169,22082238,15.363636363636363
13.0,221,22082459,17.0
10.0,193,22082652,19.3
4.0,67,22082719,16.75
24.0,397,22083116,16.541666666666668
5.0,90,22083206,18.0
0.0,51,22083257,inf
21.0,423,22083680,20.142857142857142
15.0,293,22083973,19.533333333333335
6.0,87,22084060,14.5
32.0,576,22084636,18.0
7.0,124,22084760,17.714285714285715
15.0,264,22085024,17.6
2.0,69,22085093,34.5
7.0,171,22085264,24.428571428571427
10.0,228,22085492,22.8
20.0,313,22085805,15.65
29.0,601,22086406,20.724137931034484
14.0,207,22086613,14.785714285714286
6.0,71,22086684,11.833333333333334
4.0,68,22086752,17.0
17.0,280,22087032,16.470588235294116
10.0,137,22087169,13.7
11.0,262,22087431,23.818181818181817
18.0,329,22087760,18.27777777777778
7.0,126,22087886,18.0
8.0,137,22088023,17.125
5.0,141,22088164,28.2
14.0,251,22088415,17.928571428571427
15.0,198,22088613,13.2
5.0,83,22088696,16.6
14.0,289,22088985,20.642857142857142
3.0,82,22089067,27.333333333333332
6.0,106,22089173,17.666666666666668
1.0,58,22089231,58.0
24.0,584,22089815,24.333333333333332
21.0,430,22090245,20.476190476190474
19.0,272,22090517,14.31578947368421
3.0,73,22090590,24.333333333333332
20.0,288,22090878,14.4
2.0,36,22090914,18.0
13.0,255,22091169,19.615384615384617
24.0,489,22091658,20.375
6.0,141,22091799,23.5
6.0,78,22091877,13.0
29.0,532,22092409,18.344827586206897
6.0,95,22092504,15.833333333333334
8.0,182,22092686,22.75
20.0,400,22093086,20.0
3.0,84,22093170,28.0
13.0,305,22093475,23.46153846153846
0.0,35,22093510,inf
18.0,286,22093796,15.88888888888889
26.0,363,22094159,13.961538461538462
13.0,213,22094372,16.384615384615383
13.0,257,22094629,19.76923076923077
14.0,259,22094888,18.5
2.0,41,22094929,20.5
15.0,227,22095156,15.133333333333333
13.0,210,22095366,16.153846153846153
5.0,63,22095429,12.6
1.0,19,22095448,19.0
13.0,183,22095631,14.076923076923077
17.0,269,22095900,15.823529411764707
7.0,127,22096027,18.142857142857142
13.0,180,22096207,13.846153846153847
9.0,154,22096361,17.11111111111111
14.0,297,22096658,21.214285714285715
3.0,59,22096717,19.666666666666668
5.0,54,22096771,10.8
1.0,32,22096803,32.0
6.0,74,22096877,12.333333333333334
26.0,426,22097303,16.384615384615383
15.0,193,22097496,12.866666666666667
0.0,28,22097524,inf
5.0,91,22097615,18.2
10.0,125,22097740,12.5
9.0,114,22097854,12.666666666666666
12.0,184,22098038,15.333333333333334
11.0,202,22098240,18.363636363636363
10.0,162,22098402,16.2
4.0,46,22098448,11.5
5.0,84,22098532,16.8
21.0,412,22098944,19.61904761904762
23.0,502,22099446,21.82608695652174
3.0,72,22099518,24.0
17.0,221,22099739,13.0
16.0,272,22100011,17.0
1.0,37,22100048,37.0
17.0,332,22100380,19.529411764705884
14.0,253,22100633,18.071428571428573
12.0,183,22100816,15.25
10.0,125,22100941,12.5
7.0,172,22101113,24.571428571428573
13.0,144,22101257,11.076923076923077
26.0,520,22101777,20.0
17.0,317,22102094,18.647058823529413
5.0,72,22102166,14.4
25.0,435,22102601,17.4
23.0,361,22102962,15.695652173913043
2.0,45,22103007,22.5
20.0,394,22103401,19.7
31.0,566,22103967,18.258064516129032
14.0,229,22104196,16.357142857142858
16.0,299,22104495,18.6875
13.0,198,22104693,15.23076923076923
14.0,266,22104959,19.0
5.0,114,22105073,22.8
6.0,70,22105143,11.666666666666666
31.0,549,22105692,17.70967741935484
9.0,129,22105821,14.333333333333334
10.0,143,22105964,14.3
3.0,84,22106048,28.0
5.0,105,22106153,21.0
15.0,227,22106380,15.133333333333333
1.0,13,22106393,13.0
1.0,53,22106446,53.0
12.0,164,22106610,13.666666666666666
12.0,184,22106794,15.333333333333334
16.0,306,22107100,19.125
5.0,104,22107204,20.8
9.0,163,22107367,18.11111111111111
5.0,136,22107503,27.2
18.0,336,22107839,18.666666666666668
5.0,125,22107964,25.0
11.0,206,22108170,18.727272727272727
0.0,36,22108206,inf
17.0,291,22108497,17.11764705882353
19.0,281,22108778,14.789473684210526
3.0,64,22108842,21.333333333333332
8.0,153,22108995,19.125
16.0,346,22109341,21.625
11.0,203,22109544,18.454545454545453
8.0,92,22109636,11.5
3.0,61,22109697,20.333333333333332
11.0,150,22109847,13.636363636363637
6.0,112,22109959,18.666666666666668
7.0,124,22110083,17.714285714285715
18.0,320,22110403,17.77777777777778
17.0,309,22110712,18.176470588235293
11.0,219,22110931,19.90909090909091
4.0,60,22110991,15.0
6.0,98,22111089,16.333333333333332
2.0,63,22111152,31.5
27.0,434,22111586,16.074074074074073
7.0,120,22111706,17.142857142857142
26.0,421,22112127,16.192307692307693
9.0,184,22112311,20.444444444444443
9.0,120,22112431,13.333333333333334
1.0,17,22112448,17.0
0.0,34,22112482,inf
21.0,397,22112879,18.904761904761905
32.0,665,22113544,20.78125
1.0,43,22113587,43.0
28.0,462,22114049,16.5
22.0,463,22114512,21.045454545454547
12.0,135,22114647,11.25
9.0,108,22114755,12.0
25.0,635,22115390,25.4
5.0,79,22115469,15.8
10.0,159,22115628,15.9
5.0,62,22115690,12.4
29.0,526,22116216,18.137931034482758
37.0,674,22116890,18.216216216216218
21.0,423,22117313,20.142857142857142
17.0,283,22117596,16.647058823529413
23.0,329,22117925,14.304347826086957
14.0,258,22118183,18.428571428571427
24.0,697,22118880,29.041666666666668
6.0,119,22118999,19.833333333333332
13.0,209,22119208,16.076923076923077
17.0,264,22119472,15.529411764705882
8.0,121,22119593,15.125
24.0,352,22119945,14.666666666666666
1.0,20,22119965,20.0
16.0,277,22120242,17.3125
5.0,60,22120302,12.0
15.0,271,22120573,18.066666666666666
17.0,275,22120848,16.176470588235293
3.0,65,22120913,21.666666666666668
0.0,49,22120962,inf
0.0,33,22120995,inf
5.0,105,22121100,21.0
7.0,158,22121258,22.571428571428573
4.0,63,22121321,15.75
23.0,366,22121687,15.91304347826087
0.0,31,22121718,inf
12.0,243,22121961,20.25
17.0,305,22122266,17.941176470588236
14.0,217,22122483,15.5
12.0,191,22122674,15.916666666666666
14.0,209,22122883,14.928571428571429
16.0,244,22123127,15.25
11.0,180,22123307,16.363636363636363
9.0,141,22123448,15.666666666666666
21.0,377,22123825,17.952380952380953
11.0,199,22124024,18.09090909090909
14.0,270,22124294,19.285714285714285
1.0,38,22124332,38.0
4.0,87,22124419,21.75
19.0,485,22124904,25.526315789473685
0.0,29,22124933,inf
22.0,450,22125383,20.454545454545453
14.0,278,22125661,19.857142857142858
7.0,85,22125746,12.142857142857142
34.0,604,22126350,17.764705882352942
28.0,478,22126828,17.071428571428573
3.0,101,22126929,33.666666666666664
17.0,276,22127205,16.235294117647058
19.0,389,22127594,20.473684210526315
43.0,1078,22128672,25.069767441860463
11.0,249,22128921,22.636363636363637
0.0,45,22128966,inf
4.0,73,22129039,18.25
12.0,218,22129257,18.166666666666668
1.0,40,22129297,40.0
4.0,70,22129367,17.5
7.0,182,22129549,26.0
19.0,311,22129860,16.36842105263158
4.0,41,22129901,10.25
12.0,170,22130071,14.166666666666666
8.0,137,22130208,17.125
1.0,27,22130235,27.0
2.0,54,22130289,27.0
17.0,371,22130660,21.823529411764707
15.0,270,22130930,18.0
16.0,240,22131170,15.0
12.0,175,22131345,14.583333333333334
26.0,381,22131726,14.653846153846153
12.0,180,22131906,15.0
10.0,127,22132033,12.7
13.0,232,22132265,17.846153846153847
20.0,251,22132516,12.55
30.0,555,22133071,18.5
1.0,34,22133105,34.0
30.0,481,22133586,16.033333333333335
16.0,252,22133838,15.75
12.0,221,22134059,18.416666666666668
13.0,270,22134329,20.76923076923077
8.0,173,22134502,21.625
12.0,207,22134709,17.25
7.0,88,22134797,12.571428571428571
9.0,132,22134929,14.666666666666666
3.0,75,22135004,25.0
19.0,358,22135362,18.842105263157894
37.0,1086,22136448,29.35135135135135
11.0,123,22136571,11.181818181818182
20.0,390,22136961,19.5
9.0,186,22137147,20.666666666666668
10.0,184,22137331,18.4
23.0,401,22137732,17.434782608695652
10.0,155,22137887,15.5
23.0,430,22138317,18.695652173913043
3.0,63,22138380,21.0
10.0,189,22138569,18.9
25.0,457,22139026,18.28
5.0,94,22139120,18.8
19.0,352,22139472,18.526315789473685
7.0,126,22139598,18.0
19.0,292,22139890,15.368421052631579
19.0,354,22140244,18.63157894736842
12.0,204,22140448,17.0
3.0,54,22140502,18.0
26.0,463,22140965,17.807692307692307
9.0,154,22141119,17.11111111111111
19.0,308,22141427,16.210526315789473
26.0,433,22141860,16.653846153846153
28.0,506,22142366,18.071428571428573
24.0,425,22142791,17.708333333333332
12.0,162,22142953,13.5
1.0,43,22142996,43.0
26.0,554,22143550,21.307692307692307
10.0,151,22143701,15.1
17.0,323,22144024,19.0
10.0,131,22144155,13.1
2.0,20,22144175,10.0
7.0,94,22144269,13.428571428571429
15.0,247,22144516,16.466666666666665
19.0,328,22144844,17.263157894736842
3.0,27,22144871,9.0
22.0,449,22145320,20.40909090909091
9.0,192,22145512,21.333333333333332
9.0,134,22145646,14.88888888888889
6.0,91,22145737,15.166666666666666
12.0,235,22145972,19.583333333333332
2.0,40,22146012,20.0
21.0,398,22146410,18.952380952380953
14.0,219,22146629,15.642857142857142
5.0,84,22146713,16.8
6.0,109,22146822,18.166666666666668
1.0,32,22146854,32.0
13.0,230,22147084,17.692307692307693
4.0,64,22147148,16.0
11.0,156,22147304,14.181818181818182
13.0,194,22147498,14.923076923076923
2.0,55,22147553,27.5
1.0,45,22147598,45.0
5.0,67,22147665,13.4
11.0,183,22147848,16.636363636363637
31.0,571,22148419,18.419354838709676
8.0,118,22148537,14.75
11.0,191,22148728,17.363636363636363
4.0,42,22148770,10.5
16.0,278,22149048,17.375
1.0,37,22149085,37.0
3.0,82,22149167,27.333333333333332
6.0,90,22149257,15.0
5.0,111,22149368,22.2
12.0,300,22149668,25.0
3.0,49,22149717,16.333333333333332
4.0,70,22149787,17.5
6.0,109,22149896,18.166666666666668
17.0,273,22150169,16.058823529411764
3.0,32,22150201,10.666666666666666
8.0,104,22150305,13.0
16.0,298,22150603,18.625
3.0,33,22150636,11.0
14.0,253,22150889,18.071428571428573
1.0,51,22150940,51.0
1.0,40,22150980,40.0
6.0,97,22151077,16.166666666666668
11.0,190,22151267,17.272727272727273
14.0,252,22151519,18.0
8.0,205,22151724,25.625
5.0,96,22151820,19.2
12.0,218,22152038,18.166666666666668
21.0,385,22152423,18.333333333333332
12.0,642,22153065,53.5
27.0,915,22153980,33.888888888888886
10.0,165,22154145,16.5
21.0,430,22154575,20.476190476190474
6.0,527,22155102,87.83333333333333
16.0,290,22155392,18.125
24.0,488,22155880,20.333333333333332
17.0,284,22156164,16.705882352941178
13.0,305,22156469,23.46153846153846
39.0,764,22157233,19.58974358974359
20.0,848,22158081,42.4
18.0,263,22158344,14.61111111111111
39.0,741,22159085,19.0
21.0,426,22159511,20.285714285714285
9.0,138,22159649,15.333333333333334
26.0,467,22160116,17.96153846153846
24.0,479,22160595,19.958333333333332
9.0,244,22160839,27.11111111111111
20.0,281,22161120,14.05
18.0,337,22161457,18.72222222222222
28.0,575,22162032,20.535714285714285
1.0,52,22162084,52.0
1.0,74,22162158,74.0
20.0,313,22162471,15.65
23.0,368,22162839,16.0
2.0,478,22163317,239.0
12.0,261,22163578,21.75
21.0,518,22164096,24.666666666666668
23.0,364,22164460,15.826086956521738
6.0,492,22164952,82.0
36.0,710,22165662,19.72222222222222
2.0,71,22165733,35.5
11.0,649,22166382,59.0
11.0,212,22166594,19.272727272727273
12.0,195,22166789,16.25
50.0,1002,22167791,20.04
31.0,596,22168387,19.225806451612904
8.0,226,22168613,28.25
30.0,482,22169095,16.066666666666666
5.0,106,22169201,21.2
20.0,346,22169547,17.3
6.0,505,22170052,84.16666666666667
38.0,1072,22171124,28.210526315789473
18.0,262,22171386,14.555555555555555
50.0,1150,22172536,23.0
29.0,464,22173000,16.0
3.0,463,22173463,154.33333333333334
33.0,639,22174102,19.363636363636363
23.0,469,22174571,20.391304347826086
6.0,502,22175073,83.66666666666667
32.0,850,22175923,26.5625
39.0,823,22176746,21.102564102564102
17.0,421,22177167,24.764705882352942
18.0,405,22177572,22.5
6.0,521,22178093,86.83333333333333
12.0,192,22178285,16.0
20.0,767,22179052,38.35
5.0,500,22179552,100.0
2.0,47,22179599,23.5
29.0,697,22180296,24.03448275862069
14.0,272,22180568,19.428571428571427
23.0,769,22181337,33.43478260869565
17.0,277,22181614,16.294117647058822
17.0,320,22181934,18.823529411764707
16.0,334,22182268,20.875
7.0,548,22182816,78.28571428571429
36.0,735,22183551,20.416666666666668
31.0,526,22184077,16.967741935483872
7.0,511,22184588,73.0
11.0,163,22184751,14.818181818181818
15.0,287,22185038,19.133333333333333
15.0,329,22185367,21.933333333333334
4.0,531,22185898,132.75
22.0,875,22186773,39.77272727272727
32.0,516,22187289,16.125
3.0,509,22187798,169.66666666666666
16.0,302,22188100,18.875
5.0,552,22188652,110.4
18.0,291,22188943,16.166666666666668
8.0,124,22189067,15.5
12.0,261,22189328,21.75
2.0,465,22189793,232.5
25.0,740,22190533,29.6
34.0,1082,22191615,31.823529411764707
1.0,40,22191655,40.0
23.0,378,22192033,16.434782608695652
1.0,42,22192075,42.0
0.0,441,22192516,inf
48.0,848,22193364,17.666666666666668
19.0,845,22194209,44.473684210526315
22.0,784,22194993,35.63636363636363
16.0,244,22195237,15.25
38.0,830,22196067,21.842105263157894
10.0,167,22196234,16.7
14.0,221,22196455,15.785714285714286
5.0,580,22197035,116.0
20.0,777,22197812,38.85
1.0,52,22197864,52.0
19.0,347,22198211,18.263157894736842
29.0,662,22198873,22.82758620689655
38.0,678,22199551,17.842105263157894
35.0,651,22200202,18.6
6.0,140,22200342,23.333333333333332
19.0,336,22200678,17.68421052631579
6.0,519,22201197,86.5
14.0,266,22201463,19.0
32.0,539,22202002,16.84375
15.0,667,22202669,44.46666666666667
8.0,156,22202825,19.5
34.0,561,22203386,16.5
6.0,106,22203492,17.666666666666668
25.0,471,22203963,18.84
15.0,689,22204652,45.93333333333333
0.0,441,22205093,inf
11.0,162,22205255,14.727272727272727
21.0,514,22205769,24.476190476190474
4.0,480,22206249,120.0
28.0,632,22206881,22.571428571428573
7.0,563,22207444,80.42857142857143
2.0,470,22207914,235.0
22.0,368,22208282,16.727272727272727
4.0,500,22208782,125.0
12.0,609,22209391,50.75
17.0,251,22209642,14.764705882352942
25.0,452,22210094,18.08
20.0,280,22210374,14.0
26.0,524,22210898,20.153846153846153
13.0,690,22211588,53.07692307692308
24.0,457,22212045,19.041666666666668
16.0,364,22212409,22.75
15.0,257,22212666,17.133333333333333
16.0,276,22212942,17.25
19.0,360,22213302,18.94736842105263
20.0,448,22213750,22.4
19.0,265,22214015,13.947368421052632
8.0,173,22214188,21.625
0.0,441,22214629,inf
9.0,242,22214871,26.88888888888889
0.0,49,22214920,inf
11.0,208,22215128,18.90909090909091
6.0,540,22215668,90.0
28.0,475,22216143,16.964285714285715
19.0,301,22216444,15.842105263157896
12.0,219,22216663,18.25
3.0,476,22217139,158.66666666666666
14.0,206,22217345,14.714285714285714
17.0,231,22217576,13.588235294117647
8.0,98,22217674,12.25
11.0,597,22218271,54.27272727272727
10.0,164,22218435,16.4
3.0,70,22218505,23.333333333333332
13.0,221,22218726,17.0
18.0,385,22219111,21.38888888888889
9.0,137,22219248,15.222222222222221
24.0,323,22219571,13.458333333333334
13.0,207,22219778,15.923076923076923
17.0,335,22220113,19.705882352941178
19.0,804,22220917,42.31578947368421
36.0,895,22221812,24.86111111111111
31.0,549,22222361,17.70967741935484
18.0,295,22222656,16.38888888888889
24.0,519,22223175,21.625
23.0,490,22223665,21.304347826086957
26.0,519,22224184,19.96153846153846
19.0,337,22224521,17.736842105263158
20.0,336,22224857,16.8
5.0,140,22224997,28.0
7.0,574,22225571,82.0
16.0,265,22225836,16.5625
12.0,234,22226070,19.5
20.0,388,22226458,19.4
20.0,427,22226885,21.35
36.0,735,22227620,20.416666666666668
28.0,687,22228307,24.535714285714285
28.0,565,22228872,20.178571428571427
10.0,212,22229084,21.2
8.0,157,22229241,19.625
9.0,127,22229368,14.11111111111111
14.0,232,22229600,16.571428571428573
19.0,280,22229880,14.736842105263158
14.0,213,22230093,15.214285714285714
24.0,429,22230522,17.875
7.0,97,22230619,13.857142857142858
19.0,337,22230956,17.736842105263158
20.0,382,22231338,19.1
9.0,154,22231492,17.11111111111111
17.0,358,22231850,21.058823529411764
24.0,372,22232222,15.5
13.0,302,22232524,23.23076923076923
10.0,212,22232736,21.2
11.0,259,22232995,23.545454545454547
28.0,577,22233572,20.607142857142858
6.0,174,22233746,29.0
12.0,239,22233985,19.916666666666668
23.0,477,22234462,20.73913043478261
35.0,756,22235218,21.6
29.0,526,22235744,18.137931034482758
13.0,286,22236030,22.0
17.0,384,22236414,22.58823529411765
21.0,441,22236855,21.0
1.0,21,22236876,21.0
8.0,160,22237036,20.0
39.0,885,22237921,22.692307692307693
15.0,290,22238211,19.333333333333332
29.0,618,22238829,21.310344827586206
42.0,845,22239674,20.11904761904762
26.0,515,22240189,19.807692307692307
28.0,517,22240706,18.464285714285715
8.0,176,22240882,22.0
23.0,492,22241374,21.391304347826086
26.0,551,22241925,21.192307692307693
35.0,654,22242579,18.685714285714287
12.0,290,22242869,24.166666666666668
27.0,532,22243401,19.703703703703702
12.0,171,22243572,14.25
33.0,678,22244250,20.545454545454547
8.0,173,22244423,21.625
11.0,196,22244619,17.818181818181817
2.0,37,22244656,18.5
21.0,309,22244965,14.714285714285714
27.0,540,22245505,20.0
13.0,230,22245735,17.692307692307693
21.0,387,22246122,18.428571428571427
3.0,474,22246596,158.0
24.0,351,22246947,14.625
10.0,221,22247168,22.1
19.0,285,22247453,15.0
4.0,50,22247503,12.5
25.0,438,22247941,17.52
6.0,534,22248475,89.0
14.0,205,22248680,14.642857142857142
31.0,702,22249382,22.64516129032258
16.0,355,22249737,22.1875
24.0,464,22250201,19.333333333333332
24.0,516,22250717,21.5
15.0,251,22250968,16.733333333333334
33.0,672,22251640,20.363636363636363
19.0,322,22251962,16.94736842105263
22.0,360,22252322,16.363636363636363
36.0,753,22253075,20.916666666666668
30.0,620,22253695,20.666666666666668
31.0,568,22254263,18.322580645161292
14.0,270,22254533,19.285714285714285
22.0,815,22255348,37.04545454545455
24.0,431,22255779,17.958333333333332
34.0,582,22256361,17.11764705882353
32.0,702,22257063,21.9375
9.0,147,22257210,16.333333333333332
16.0,345,22257555,21.5625
30.0,641,22258196,21.366666666666667
14.0,194,22258390,13.857142857142858
29.0,579,22258969,19.96551724137931
25.0,467,22259436,18.68
37.0,924,22260360,24.972972972972972
23.0,654,22261014,28.434782608695652
29.0,520,22261534,17.93103448275862
9.0,565,22262099,62.77777777777778
18.0,272,22262371,15.11111111111111
33.0,602,22262973,18.242424242424242
26.0,769,22263742,29.576923076923077
25.0,526,22264268,21.04
32.0,586,22264854,18.3125
31.0,502,22265356,16.193548387096776
7.0,143,22265499,20.428571428571427
16.0,263,22265762,16.4375
29.0,640,22266402,22.06896551724138
22.0,399,22266801,18.136363636363637
22.0,389,22267190,17.681818181818183
20.0,420,22267610,21.0
31.0,518,22268128,16.70967741935484
9.0,560,22268688,62.22222222222222
12.0,195,22268883,16.25
20.0,336,22269219,16.8
29.0,471,22269690,16.24137931034483
23.0,457,22270147,19.869565217391305
7.0,165,22270312,23.571428571428573
30.0,474,22270786,15.8
19.0,296,22271082,15.578947368421053
18.0,278,22271360,15.444444444444445
13.0,255,22271615,19.615384615384617
35.0,708,22272323,20.228571428571428
21.0,399,22272722,19.0
42.0,936,22273658,22.285714285714285
14.0,260,22273918,18.571428571428573
3.0,468,22274386,156.0
16.0,306,22274692,19.125
26.0,476,22275168,18.307692307692307
33.0,967,22276135,29.303030303030305
34.0,642,22276777,18.88235294117647
32.0,590,22277367,18.4375
31.0,661,22278028,21.322580645161292
25.0,506,22278534,20.24
21.0,473,22279007,22.523809523809526
16.0,269,22279276,16.8125
15.0,339,22279615,22.6
19.0,403,22280018,21.210526315789473
19.0,363,22280381,19.105263157894736
18.0,296,22280677,16.444444444444443
20.0,408,22281085,20.4
39.0,791,22281876,20.28205128205128
28.0,447,22282323,15.964285714285714
16.0,346,22282669,21.625
23.0,404,22283073,17.565217391304348
12.0,243,22283316,20.25
7.0,146,22283462,20.857142857142858
34.0,780,22284242,22.941176470588236
5.0,578,22284820,115.6
36.0,698,22285518,19.38888888888889
21.0,404,22285922,19.238095238095237
22.0,408,22286330,18.545454545454547
13.0,314,22286644,24.153846153846153
12.0,228,22286872,19.0
6.0,135,22287007,22.5
6.0,107,22287114,17.833333333333332
42.0,897,22288011,21.357142857142858
41.0,883,22288894,21.536585365853657
20.0,301,22289195,15.05
9.0,177,22289372,19.666666666666668
26.0,411,22289783,15.807692307692308
18.0,318,22290101,17.666666666666668
23.0,379,22290480,16.47826086956522
26.0,587,22291067,22.576923076923077
35.0,782,22291849,22.34285714285714
22.0,630,22292479,28.636363636363637
18.0,291,22292770,16.166666666666668
37.0,1061,22293831,28.675675675675677
11.0,202,22294033,18.363636363636363
11.0,172,22294205,15.636363636363637
24.0,399,22294604,16.625
14.0,227,22294831,16.214285714285715
23.0,534,22295365,23.217391304347824
15.0,333,22295698,22.2
15.0,216,22295914,14.4
18.0,288,22296202,16.0
23.0,370,22296572,16.08695652173913
28.0,612,22297184,21.857142857142858
24.0,478,22297662,19.916666666666668
18.0,295,22297957,16.38888888888889
11.0,233,22298190,21.181818181818183
28.0,479,22298669,17.107142857142858
35.0,620,22299289,17.714285714285715
17.0,295,22299584,17.352941176470587
13.0,200,22299784,15.384615384615385
2.0,52,22299836,26.0
33.0,618,22300454,18.727272727272727
11.0,250,22300704,22.727272727272727
22.0,390,22301094,17.727272727272727
24.0,493,22301587,20.541666666666668
32.0,576,22302163,18.0
13.0,238,22302401,18.307692307692307
29.0,466,22302867,16.06896551724138
32.0,617,22303484,19.28125
34.0,753,22304237,22.147058823529413
17.0,306,22304543,18.0
24.0,507,22305050,21.125
25.0,447,22305497,17.88
12.0,195,22305692,16.25
50.0,967,22306659,19.34
16.0,240,22306899,15.0
10.0,177,22307076,17.7
13.0,202,22307278,15.538461538461538
3.0,26,22307304,8.666666666666666
28.0,622,22307926,22.214285714285715
38.0,781,22308707,20.55263157894737
23.0,377,22309084,16.391304347826086
22.0,388,22309472,17.636363636363637
21.0,453,22309925,21.571428571428573
16.0,301,22310226,18.8125
29.0,514,22310740,17.724137931034484
32.0,610,22311350,19.0625
11.0,133,22311483,12.090909090909092
11.0,173,22311656,15.727272727272727
37.0,753,22312409,20.35135135135135
33.0,1019,22313428,30.87878787878788
34.0,579,22314007,17.029411764705884
17.0,318,22314325,18.705882352941178
22.0,366,22314691,16.636363636363637
43.0,853,22315544,19.837209302325583
23.0,351,22315895,15.26086956521739
27.0,512,22316407,18.962962962962962
16.0,230,22316637,14.375
2.0,82,22316719,41.0
20.0,352,22317071,17.6
25.0,549,22317620,21.96
15.0,298,22317918,19.866666666666667
35.0,611,22318529,17.457142857142856
27.0,516,22319045,19.11111111111111
19.0,309,22319354,16.263157894736842
24.0,554,22319908,23.083333333333332
39.0,953,22320861,24.435897435897434
26.0,459,22321320,17.653846153846153
41.0,821,22322141,20.024390243902438
19.0,323,22322464,17.0
28.0,541,22323005,19.321428571428573
33.0,815,22323820,24.696969696969695
31.0,538,22324358,17.35483870967742
18.0,372,22324730,20.666666666666668
8.0,116,22324846,14.5
21.0,441,22325287,21.0
28.0,575,22325862,20.535714285714285
8.0,149,22326011,18.625
20.0,556,22326567,27.8
16.0,333,22326900,20.8125
21.0,400,22327300,19.047619047619047
10.0,210,22327510,21.0
15.0,241,22327751,16.066666666666666
24.0,902,22328653,37.583333333333336
31.0,626,22329279,20.193548387096776
33.0,702,22329981,21.272727272727273
13.0,220,22330201,16.923076923076923
7.0,104,22330305,14.857142857142858
27.0,393,22330698,14.555555555555555
11.0,237,22330935,21.545454545454547
1.0,23,22330958,23.0
12.0,159,22331117,13.25
25.0,439,22331556,17.56
26.0,509,22332065,19.576923076923077
17.0,367,22332432,21.58823529411765
22.0,297,22332729,13.5
20.0,404,22333133,20.2
22.0,367,22333500,16.681818181818183
38.0,1060,22334560,27.894736842105264
6.0,140,22334700,23.333333333333332
26.0,620,22335320,23.846153846153847
42.0,833,22336153,19.833333333333332
25.0,436,22336589,17.44
23.0,493,22337082,21.434782608695652
4.0,71,22337153,17.75
12.0,201,22337354,16.75
14.0,193,22337547,13.785714285714286
28.0,559,22338106,19.964285714285715
23.0,503,22338609,21.869565217391305
17.0,323,22338932,19.0
35.0,653,22339585,18.65714285714286
16.0,279,22339864,17.4375
11.0,205,22340069,18.636363636363637
23.0,773,22340842,33.608695652173914
35.0,682,22341524,19.485714285714284
35.0,588,22342112,16.8
30.0,533,22342645,17.766666666666666
26.0,472,22343117,18.153846153846153
30.0,586,22343703,19.533333333333335
44.0,1011,22344714,22.977272727272727
14.0,212,22344926,15.142857142857142
20.0,455,22345381,22.75
16.0,308,22345689,19.25
29.0,477,22346166,16.448275862068964
6.0,98,22346264,16.333333333333332
27.0,558,22346822,20.666666666666668
13.0,255,22347077,19.615384615384617
11.0,205,22347282,18.636363636363637
26.0,584,22347866,22.46153846153846
24.0,391,22348257,16.291666666666668
26.0,767,22349024,29.5
5.0,114,22349138,22.8
30.0,881,22350019,29.366666666666667
8.0,158,22350177,19.75
30.0,657,22350834,21.9
14.0,303,22351137,21.642857142857142
16.0,265,22351402,16.5625
19.0,392,22351794,20.63157894736842
26.0,602,22352396,23.153846153846153
24.0,334,22352730,13.916666666666666
16.0,240,22352970,15.0
12.0,259,22353229,21.583333333333332
10.0,186,22353415,18.6
16.0,289,22353704,18.0625
13.0,213,22353917,16.384615384615383
27.0,555,22354472,20.555555555555557
17.0,405,22354877,23.823529411764707
19.0,325,22355202,17.105263157894736
25.0,371,22355573,14.84
14.0,218,22355791,15.571428571428571
26.0,684,22356475,26.307692307692307
18.0,355,22356830,19.72222222222222
29.0,598,22357428,20.620689655172413
29.0,656,22358084,22.620689655172413
27.0,488,22358572,18.074074074074073
31.0,585,22359157,18.870967741935484
33.0,605,22359762,18.333333333333332
23.0,626,22360388,27.217391304347824
34.0,661,22361049,19.441176470588236
0.0,441,22361490,inf
9.0,127,22361617,14.11111111111111
29.0,1120,22362737,38.62068965517241
29.0,602,22363339,20.75862068965517
22.0,847,22364186,38.5
18.0,394,22364580,21.88888888888889
34.0,590,22365170,17.352941176470587
17.0,345,22365515,20.294117647058822
29.0,554,22366069,19.103448275862068
23.0,488,22366557,21.217391304347824
23.0,374,22366931,16.26086956521739
31.0,778,22367709,25.096774193548388
23.0,412,22368121,17.91304347826087
24.0,377,22368498,15.708333333333334
30.0,529,22369027,17.633333333333333
32.0,555,22369582,17.34375
6.0,84,22369666,14.0
10.0,200,22369866,20.0
25.0,535,22370401,21.4
18.0,292,22370693,16.22222222222222
33.0,734,22371427,22.242424242424242
14.0,194,22371621,13.857142857142858
30.0,442,22372063,14.733333333333333
20.0,335,22372398,16.75
41.0,746,22373144,18.195121951219512
17.0,422,22373566,24.823529411764707
27.0,531,22374097,19.666666666666668
7.0,109,22374206,15.571428571428571
36.0,736,22374942,20.444444444444443
42.0,1175,22376117,27.976190476190474
39.0,815,22376932,20.897435897435898
13.0,202,22377134,15.538461538461538
14.0,225,22377359,16.071428571428573
16.0,243,22377602,15.1875
15.0,256,22377858,17.066666666666666
25.0,595,22378453,23.8
41.0,874,22379327,21.317073170731707
1.0,20,22379347,20.0
12.0,230,22379577,19.166666666666668
6.0,118,22379695,19.666666666666668
9.0,214,22379909,23.77777777777778
39.0,912,22380821,23.384615384615383
32.0,667,22381488,20.84375
22.0,462,22381950,21.0
35.0,724,22382674,20.685714285714287
11.0,168,22382842,15.272727272727273
15.0,219,22383061,14.6
7.0,141,22383202,20.142857142857142
22.0,304,22383506,13.818181818181818
30.0,704,22384210,23.466666666666665
15.0,359,22384569,23.933333333333334
18.0,500,22385069,27.77777777777778
31.0,616,22385685,19.870967741935484
31.0,714,22386399,23.032258064516128
32.0,702,22387101,21.9375
10.0,200,22387301,20.0
20.0,440,22387741,22.0
7.0,132,22387873,18.857142857142858
4.0,475,22388348,118.75
14.0,260,22388608,18.571428571428573
21.0,434,22389042,20.666666666666668
22.0,450,22389492,20.454545454545453
25.0,470,22389962,18.8
21.0,451,22390413,21.476190476190474
20.0,385,22390798,19.25
15.0,305,22391103,20.333333333333332
34.0,879,22391982,25.852941176470587
5.0,120,22392102,24.0
22.0,414,22392516,18.818181818181817
16.0,287,22392803,17.9375
33.0,677,22393480,20.515151515151516
34.0,752,22394232,22.11764705882353
3.0,120,22394352,40.0
18.0,462,22394814,25.666666666666668
19.0,402,22395216,21.157894736842106
38.0,1009,22396225,26.55263157894737
24.0,369,22396594,15.375
32.0,748,22397342,23.375
33.0,692,22398034,20.96969696969697
6.0,523,22398557,87.16666666666667
22.0,360,22398917,16.363636363636363
19.0,391,22399308,20.57894736842105
31.0,682,22399990,22.0
29.0,656,22400646,22.620689655172413
28.0,530,22401176,18.928571428571427
8.0,110,22401286,13.75
42.0,847,22402133,20.166666666666668
7.0,208,22402341,29.714285714285715
21.0,820,22403161,39.04761904761905
35.0,927,22404088,26.485714285714284
21.0,401,22404489,19.095238095238095
19.0,307,22404796,16.157894736842106
21.0,353,22405149,16.80952380952381
34.0,684,22405833,20.11764705882353
19.0,431,22406264,22.68421052631579
9.0,133,22406397,14.777777777777779
32.0,672,22407069,21.0
3.0,517,22407586,172.33333333333334
13.0,287,22407873,22.076923076923077
21.0,422,22408295,20.095238095238095
28.0,570,22408865,20.357142857142858
33.0,711,22409576,21.545454545454547
6.0,96,22409672,16.0
28.0,804,22410476,28.714285714285715
17.0,759,22411235,44.64705882352941
7.0,78,22411313,11.142857142857142
10.0,105,22411418,10.5
16.0,385,22411803,24.0625
5.0,73,22411876,14.6
42.0,917,22412793,21.833333333333332
37.0,1262,22414055,34.108108108108105
14.0,325,22414380,23.214285714285715
27.0,467,22414847,17.296296296296298
33.0,514,22415361,15.575757575757576
18.0,453,22415814,25.166666666666668
22.0,399,22416213,18.136363636363637
40.0,752,22416965,18.8
37.0,754,22417719,20.37837837837838
25.0,392,22418111,15.68
30.0,731,22418842,24.366666666666667
30.0,600,22419442,20.0
16.0,300,22419742,18.75
21.0,433,22420175,20.61904761904762
0.0,441,22420616,inf
28.0,500,22421116,17.857142857142858
38.0,606,22421722,15.947368421052632
3.0,493,22422215,164.33333333333334
26.0,537,22422752,20.653846153846153
2.0,49,22422801,24.5
13.0,333,22423134,25.615384615384617
23.0,507,22423641,22.043478260869566
36.0,858,22424499,23.833333333333332
15.0,246,22424745,16.4
12.0,181,22424926,15.083333333333334
17.0,344,22425270,20.235294117647058
21.0,406,22425676,19.333333333333332
10.0,222,22425898,22.2
8.0,146,22426044,18.25
42.0,1012,22427056,24.095238095238095
32.0,1017,22428073,31.78125
12.0,235,22428308,19.583333333333332
48.0,1119,22429427,23.3125
22.0,436,22429863,19.818181818181817
19.0,389,22430252,20.473684210526315
34.0,635,22430887,18.676470588235293
26.0,527,22431414,20.26923076923077
18.0,379,22431793,21.055555555555557
6.0,160,22431953,26.666666666666668
21.0,398,22432351,18.952380952380953
23.0,501,22432852,21.782608695652176
19.0,316,22433168,16.63157894736842
34.0,824,22433992,24.235294117647058
21.0,393,22434385,18.714285714285715
21.0,369,22434754,17.571428571428573
11.0,263,22435017,23.90909090909091
35.0,853,22435870,24.37142857142857
32.0,467,22436337,14.59375
20.0,491,22436828,24.55
40.0,892,22437720,22.3
28.0,367,22438087,13.107142857142858
34.0,709,22438796,20.852941176470587
30.0,563,22439359,18.766666666666666
20.0,273,22439632,13.65
38.0,811,22440443,21.342105263157894
2.0,35,22440478,17.5
22.0,441,22440919,20.045454545454547
28.0,443,22441362,15.821428571428571
11.0,220,22441582,20.0
6.0,84,22441666,14.0
18.0,465,22442131,25.833333333333332
15.0,391,22442522,26.066666666666666
21.0,434,22442956,20.666666666666668
32.0,681,22443637,21.28125
28.0,539,22444176,19.25
26.0,444,22444620,17.076923076923077
24.0,378,22444998,15.75
12.0,253,22445251,21.083333333333332
20.0,438,22445689,21.9
2.0,23,22445712,11.5
18.0,299,22446011,16.61111111111111
38.0,1013,22447024,26.657894736842106
34.0,760,22447784,22.352941176470587
23.0,465,22448249,20.217391304347824
31.0,790,22449039,25.483870967741936
33.0,666,22449705,20.181818181818183
50.0,1248,22450953,24.96
20.0,341,22451294,17.05
25.0,531,22451825,21.24
43.0,1002,22452827,23.302325581395348
37.0,734,22453561,19.83783783783784
18.0,321,22453882,17.833333333333332
31.0,698,22454580,22.516129032258064
21.0,485,22455065,23.095238095238095
14.0,255,22455320,18.214285714285715
22.0,397,22455717,18.045454545454547
22.0,340,22456057,15.454545454545455
29.0,1084,22457141,37.37931034482759
23.0,365,22457506,15.869565217391305
16.0,219,22457725,13.6875
21.0,505,22458230,24.047619047619047
18.0,292,22458522,16.22222222222222
17.0,769,22459291,45.23529411764706
24.0,542,22459833,22.583333333333332
4.0,32,22459865,8.0
14.0,304,22460169,21.714285714285715
16.0,250,22460419,15.625
30.0,602,22461021,20.066666666666666
17.0,314,22461335,18.470588235294116
10.0,123,22461458,12.3
33.0,661,22462119,20.03030303030303
19.0,363,22462482,19.105263157894736
2.0,475,22462957,237.5
7.0,95,22463052,13.571428571428571
28.0,558,22463610,19.928571428571427
16.0,283,22463893,17.6875
42.0,918,22464811,21.857142857142858
38.0,734,22465545,19.31578947368421
5.0,520,22466065,104.0
23.0,338,22466403,14.695652173913043
33.0,940,22467343,28.484848484848484
36.0,756,22468099,21.0
30.0,681,22468780,22.7
22.0,463,22469243,21.045454545454547
18.0,370,22469613,20.555555555555557
24.0,310,22469923,12.916666666666666
43.0,897,22470820,20.86046511627907
14.0,320,22471140,22.857142857142858
10.0,125,22471265,12.5
0.0,52,22471317,inf
18.0,365,22471682,20.27777777777778
8.0,121,22471803,15.125
20.0,315,22472118,15.75
35.0,741,22472859,21.17142857142857
25.0,456,22473315,18.24
38.0,829,22474144,21.81578947368421
16.0,260,22474404,16.25
17.0,304,22474708,17.88235294117647
38.0,821,22475529,21.605263157894736
26.0,498,22476027,19.153846153846153
31.0,632,22476659,20.387096774193548
44.0,1014,22477673,23.045454545454547
37.0,1113,22478786,30.08108108108108
8.0,112,22478898,14.0
22.0,365,22479263,16.59090909090909
49.0,978,22480241,19.959183673469386
29.0,617,22480858,21.275862068965516
30.0,737,22481595,24.566666666666666
30.0,702,22482297,23.4
28.0,480,22482777,17.142857142857142
27.0,489,22483266,18.11111111111111
12.0,232,22483498,19.333333333333332
31.0,728,22484226,23.483870967741936
26.0,594,22484820,22.846153846153847
22.0,473,22485293,21.5
18.0,372,22485665,20.666666666666668
33.0,693,22486358,21.0
39.0,783,22487141,20.076923076923077
29.0,672,22487813,23.17241379310345
20.0,538,22488351,26.9
16.0,276,22488627,17.25
12.0,668,22489295,55.666666666666664
5.0,527,22489822,105.4
0.0,12,22489834,inf
20.0,371,22490205,18.55
36.0,653,22490858,18.13888888888889
20.0,354,22491212,17.7
35.0,856,22492068,24.457142857142856
28.0,540,22492608,19.285714285714285
21.0,358,22492966,17.047619047619047
30.0,568,22493534,18.933333333333334
4.0,25,22493559,6.25
32.0,674,22494233,21.0625
17.0,309,22494542,18.176470588235293
15.0,299,22494841,19.933333333333334
8.0,128,22494969,16.0
30.0,685,22495654,22.833333333333332
35.0,619,22496273,17.685714285714287
22.0,438,22496711,19.90909090909091
22.0,990,22497701,45.0
18.0,371,22498072,20.61111111111111
16.0,267,22498339,16.6875
22.0,533,22498872,24.227272727272727
20.0,396,22499268,19.8
17.0,369,22499637,21.705882352941178
13.0,670,22500307,51.53846153846154
21.0,342,22500649,16.285714285714285
28.0,722,22501371,25.785714285714285
17.0,347,22501718,20.41176470588235
15.0,267,22501985,17.8
37.0,664,22502649,17.945945945945947
34.0,641,22503290,18.852941176470587
34.0,1177,22504467,34.61764705882353
16.0,390,22504857,24.375
30.0,927,22505784,30.9
37.0,794,22506578,21.45945945945946
24.0,396,22506974,16.5
42.0,908,22507882,21.61904761904762
35.0,714,22508596,20.4
14.0,658,22509254,47.0
21.0,405,22509659,19.285714285714285
21.0,517,22510176,24.61904761904762
32.0,800,22510976,25.0
24.0,402,22511378,16.75
14.0,283,22511661,20.214285714285715
12.0,207,22511868,17.25
32.0,798,22512666,24.9375
21.0,432,22513098,20.571428571428573
10.0,180,22513278,18.0
15.0,215,22513493,14.333333333333334
21.0,372,22513865,17.714285714285715
16.0,315,22514180,19.6875
14.0,250,22514430,17.857142857142858
15.0,245,22514675,16.333333333333332
15.0,288,22514963,19.2
25.0,549,22515512,21.96
5.0,77,22515589,15.4
28.0,494,22516083,17.642857142857142
17.0,229,22516312,13.470588235294118
1.0,23,22516335,23.0
19.0,360,22516695,18.94736842105263
23.0,417,22517112,18.130434782608695
30.0,549,22517661,18.3
25.0,554,22518215,22.16
28.0,540,22518755,19.285714285714285
9.0,233,22518988,25.88888888888889
9.0,146,22519134,16.22222222222222
36.0,651,22519785,18.083333333333332
20.0,244,22520029,12.2
32.0,523,22520552,16.34375
30.0,497,22521049,16.566666666666666
27.0,465,22521514,17.22222222222222
33.0,780,22522294,23.636363636363637
22.0,467,22522761,21.227272727272727
17.0,321,22523082,18.88235294117647
31.0,607,22523689,19.580645161290324
15.0,312,22524001,20.8
37.0,625,22524626,16.89189189189189
31.0,626,22525252,20.193548387096776
27.0,489,22525741,18.11111111111111
34.0,796,22526537,23.41176470588235
15.0,194,22526731,12.933333333333334
15.0,233,22526964,15.533333333333333
24.0,835,22527799,34.791666666666664
32.0,543,22528342,16.96875
15.0,338,22528680,22.533333333333335
28.0,639,22529319,22.821428571428573
24.0,486,22529805,20.25
20.0,457,22530262,22.85
36.0,589,22530851,16.36111111111111
25.0,488,22531339,19.52
18.0,361,22531700,20.055555555555557
42.0,836,22532536,19.904761904761905
35.0,681,22533217,19.457142857142856
15.0,215,22533432,14.333333333333334
35.0,1001,22534433,28.6
12.0,253,22534686,21.083333333333332
32.0,642,22535328,20.0625
34.0,697,22536025,20.5
29.0,613,22536638,21.137931034482758
1.0,41,22536679,41.0
14.0,234,22536913,16.714285714285715
26.0,644,22537557,24.76923076923077
21.0,381,22537938,18.142857142857142
42.0,875,22538813,20.833333333333332
24.0,913,22539726,38.041666666666664
30.0,845,22540571,28.166666666666668
36.0,742,22541313,20.61111111111111
8.0,90,22541403,11.25
14.0,166,22541569,11.857142857142858
7.0,576,22542145,82.28571428571429
28.0,567,22542712,20.25
11.0,199,22542911,18.09090909090909
5.0,514,22543425,102.8
14.0,250,22543675,17.857142857142858
26.0,527,22544202,20.26923076923077
21.0,426,22544628,20.285714285714285
19.0,752,22545380,39.578947368421055
20.0,349,22545729,17.45
27.0,616,22546345,22.814814814814813
46.0,1086,22547431,23.608695652173914
26.0,498,22547929,19.153846153846153
16.0,339,22548268,21.1875
2.0,54,22548322,27.0
8.0,137,22548459,17.125
28.0,712,22549171,25.428571428571427
29.0,1079,22550250,37.206896551724135
42.0,845,22551095,20.11904761904762
42.0,864,22551959,20.571428571428573
28.0,547,22552506,19.535714285714285
32.0,572,22553078,17.875
28.0,439,22553517,15.678571428571429
33.0,865,22554382,26.21212121212121
29.0,588,22554970,20.275862068965516
38.0,706,22555676,18.57894736842105
19.0,508,22556184,26.736842105263158
28.0,1112,22557296,39.714285714285715
18.0,752,22558048,41.77777777777778
19.0,339,22558387,17.842105263157894
37.0,715,22559102,19.324324324324323
25.0,441,22559543,17.64
43.0,1080,22560623,25.11627906976744
3.0,507,22561130,169.0
37.0,690,22561820,18.64864864864865
39.0,1188,22563008,30.46153846153846
15.0,237,22563245,15.8
10.0,216,22563461,21.6
22.0,368,22563829,16.727272727272727
27.0,574,22564403,21.25925925925926
15.0,255,22564658,17.0
27.0,431,22565089,15.962962962962964
5.0,70,22565159,14.0
25.0,404,22565563,16.16
24.0,439,22566002,18.291666666666668
30.0,658,22566660,21.933333333333334
48.0,923,22567583,19.229166666666668
4.0,531,22568114,132.75
42.0,942,22569056,22.428571428571427
16.0,376,22569432,23.5
18.0,268,22569700,14.88888888888889
16.0,730,22570430,45.625
26.0,483,22570913,18.576923076923077
37.0,783,22571696,21.16216216216216
38.0,786,22572482,20.68421052631579
27.0,527,22573009,19.51851851851852
12.0,179,22573188,14.916666666666666
32.0,722,22573910,22.5625
22.0,592,22574502,26.90909090909091
31.0,531,22575033,17.129032258064516
34.0,625,22575658,18.38235294117647
27.0,710,22576368,26.296296296296298
28.0,397,22576765,14.178571428571429
33.0,721,22577486,21.848484848484848
10.0,254,22577740,25.4
20.0,364,22578104,18.2
23.0,441,22578545,19.17391304347826
14.0,258,22578803,18.428571428571427
10.0,272,22579075,27.2
18.0,351,22579426,19.5
26.0,537,22579963,20.653846153846153
25.0,396,22580359,15.84
18.0,330,22580689,18.333333333333332
25.0,439,22581128,17.56
15.0,281,22581409,18.733333333333334
27.0,539,22581948,19.962962962962962
35.0,624,22582572,17.82857142857143
10.0,161,22582733,16.1
37.0,756,22583489,20.43243243243243
56.0,1608,22585097,28.714285714285715
2.0,34,22585131,17.0
9.0,183,22585314,20.333333333333332
7.0,135,22585449,19.285714285714285
20.0,374,22585823,18.7
16.0,268,22586091,16.75
12.0,210,22586301,17.5
35.0,698,22586999,19.942857142857143
10.0,230,22587229,23.0
13.0,317,22587546,24.384615384615383
6.0,145,22587691,24.166666666666668
34.0,629,22588320,18.5
35.0,1311,22589631,37.457142857142856
36.0,891,22590522,24.75
26.0,691,22591213,26.576923076923077
40.0,853,22592066,21.325
32.0,688,22592754,21.5
30.0,577,22593331,19.233333333333334
13.0,207,22593538,15.923076923076923
16.0,313,22593851,19.5625
8.0,134,22593985,16.75
22.0,454,22594439,20.636363636363637
23.0,940,22595379,40.869565217391305
16.0,719,22596098,44.9375
33.0,983,22597081,29.78787878787879
26.0,461,22597542,17.73076923076923
14.0,245,22597787,17.5
40.0,900,22598687,22.5
1.0,442,22599129,442.0
25.0,879,22600008,35.16
22.0,493,22600501,22.40909090909091
5.0,161,22600662,32.2
16.0,287,22600949,17.9375
18.0,254,22601203,14.11111111111111
46.0,927,22602130,20.152173913043477
27.0,912,22603042,33.77777777777778
41.0,917,22603959,22.365853658536587
32.0,755,22604714,23.59375
6.0,100,22604814,16.666666666666668
14.0,674,22605488,48.142857142857146
35.0,646,22606134,18.457142857142856
19.0,495,22606629,26.05263157894737
19.0,469,22607098,24.68421052631579
27.0,406,22607504,15.037037037037036
19.0,350,22607854,18.42105263157895
19.0,389,22608243,20.473684210526315
19.0,796,22609039,41.89473684210526
9.0,162,22609201,18.0
40.0,1108,22610309,27.7
22.0,474,22610783,21.545454545454547
22.0,512,22611295,23.272727272727273
14.0,263,22611558,18.785714285714285
18.0,295,22611853,16.38888888888889
26.0,533,22612386,20.5
4.0,481,22612867,120.25
25.0,665,22613532,26.6
7.0,184,22613716,26.285714285714285
37.0,575,22614291,15.54054054054054
17.0,322,22614613,18.941176470588236
27.0,692,22615305,25.62962962962963
27.0,799,22616104,29.59259259259259
23.0,501,22616605,21.782608695652176
30.0,559,22617164,18.633333333333333
17.0,381,22617545,22.41176470588235
33.0,781,22618326,23.666666666666668
1.0,72,22618398,72.0
12.0,229,22618627,19.083333333333332
4.0,75,22618702,18.75
1.0,43,22618745,43.0
6.0,109,22618854,18.166666666666668
4.0,507,22619361,126.75
2.0,52,22619413,26.0
15.0,274,22619687,18.266666666666666
34.0,798,22620485,23.470588235294116
24.0,347,22620832,14.458333333333334
34.0,574,22621406,16.88235294117647
23.0,473,22621879,20.565217391304348
17.0,416,22622295,24.470588235294116
18.0,354,22622649,19.666666666666668
25.0,571,22623220,22.84
19.0,764,22623984,40.21052631578947
22.0,630,22624614,28.636363636363637
16.0,655,22625269,40.9375
5.0,158,22625427,31.6
0.0,441,22625868,inf
17.0,716,22626584,42.11764705882353
25.0,514,22627098,20.56
12.0,217,22627315,18.083333333333332
1.0,24,22627339,24.0
8.0,160,22627499,20.0
40.0,674,22628173,16.85
3.0,74,22628247,24.666666666666668
20.0,387,22628634,19.35
26.0,591,22629225,22.73076923076923
22.0,332,22629557,15.090909090909092
12.0,220,22629777,18.333333333333332
2.0,30,22629807,15.0
13.0,203,22630010,15.615384615384615
20.0,523,22630533,26.15
8.0,598,22631131,74.75
12.0,169,22631300,14.083333333333334
6.0,513,22631813,85.5
19.0,337,22632150,17.736842105263158
24.0,396,22632546,16.5
28.0,565,22633111,20.178571428571427
4.0,490,22633601,122.5
9.0,246,22633847,27.333333333333332
11.0,259,22634106,23.545454545454547
20.0,625,22634731,31.25
23.0,858,22635589,37.30434782608695
17.0,275,22635864,16.176470588235293
13.0,287,22636151,22.076923076923077
3.0,532,22636683,177.33333333333334
25.0,494,22637177,19.76
10.0,144,22637321,14.4
9.0,156,22637477,17.333333333333332
6.0,133,22637610,22.166666666666668
13.0,287,22637897,22.076923076923077
12.0,317,22638214,26.416666666666668
15.0,308,22638522,20.533333333333335
23.0,442,22638964,19.217391304347824
16.0,328,22639292,20.5
14.0,277,22639569,19.785714285714285
16.0,723,22640292,45.1875
2.0,474,22640766,237.0
15.0,698,22641464,46.53333333333333
0.0,441,22641905,inf
4.0,484,22642389,121.0
27.0,1126,22643515,41.7037037037037
12.0,182,22643697,15.166666666666666
6.0,601,22644298,100.16666666666667
23.0,718,22645016,31.217391304347824
18.0,334,22645350,18.555555555555557
14.0,211,22645561,15.071428571428571
8.0,105,22645666,13.125
30.0,1087,22646753,36.233333333333334
2.0,456,22647209,228.0
20.0,624,22647833,31.2
15.0,310,22648143,20.666666666666668
12.0,190,22648333,15.833333333333334
26.0,898,22649231,34.53846153846154
29.0,627,22649858,21.620689655172413
4.0,83,22649941,20.75
28.0,1163,22651104,41.535714285714285
23.0,462,22651566,20.08695652173913
16.0,281,22651847,17.5625
24.0,525,22652372,21.875
24.0,467,22652839,19.458333333333332
24.0,588,22653427,24.5
15.0,361,22653788,24.066666666666666
12.0,649,22654437,54.083333333333336
0.0,441,22654878,inf
8.0,235,22655113,29.375
4.0,63,22655176,15.75
16.0,364,22655540,22.75
15.0,308,22655848,20.533333333333335
2.0,62,22655910,31.0
12.0,283,22656193,23.583333333333332
26.0,522,22656715,20.076923076923077
27.0,475,22657190,17.59259259259259
4.0,125,22657315,31.25
15.0,326,22657641,21.733333333333334
22.0,503,22658144,22.863636363636363
9.0,185,22658329,20.555555555555557
17.0,378,22658707,22.235294117647058
18.0,332,22659039,18.444444444444443
1.0,36,22659075,36.0
3.0,75,22659150,25.0
3.0,46,22659196,15.333333333333334
10.0,225,22659421,22.5
6.0,195,22659616,32.5
0.0,11,22659627,inf
22.0,396,22660023,18.0
14.0,328,22660351,23.428571428571427
10.0,222,22660573,22.2
8.0,193,22660766,24.125
23.0,388,22661154,16.869565217391305
13.0,235,22661389,18.076923076923077
3.0,154,22661543,51.333333333333336
5.0,94,22661637,18.8
19.0,303,22661940,15.947368421052632
3.0,61,22662001,20.333333333333332
23.0,494,22662495,21.47826086956522
15.0,264,22662759,17.6
15.0,270,22663029,18.0
23.0,437,22663466,19.0
19.0,352,22663818,18.526315789473685
14.0,255,22664073,18.214285714285715
17.0,283,22664356,16.647058823529413
4.0,47,22664403,11.75
11.0,195,22664598,17.727272727272727
13.0,264,22664862,20.307692307692307
10.0,185,22665047,18.5
18.0,890,22665937,49.44444444444444
6.0,574,22666511,95.66666666666667
5.0,85,22666596,17.0
20.0,338,22666934,16.9
25.0,659,22667593,26.36
26.0,606,22668199,23.307692307692307
13.0,232,22668431,17.846153846153847
27.0,504,22668935,18.666666666666668
11.0,224,22669159,20.363636363636363
21.0,408,22669567,19.428571428571427
21.0,409,22669976,19.476190476190474
18.0,357,22670333,19.833333333333332
10.0,324,22670657,32.4
9.0,247,22670904,27.444444444444443
11.0,336,22671240,30.545454545454547
35.0,848,22672088,24.228571428571428
19.0,474,22672562,24.94736842105263
21.0,837,22673399,39.857142857142854
25.0,590,22673989,23.6
38.0,1123,22675112,29.55263157894737
8.0,145,22675257,18.125
21.0,405,22675662,19.285714285714285
25.0,540,22676202,21.6
16.0,287,22676489,17.9375
24.0,571,22677060,23.791666666666668
31.0,730,22677790,23.548387096774192
8.0,174,22677964,21.75
13.0,276,22678240,21.23076923076923
24.0,484,22678724,20.166666666666668
16.0,377,22679101,23.5625
15.0,258,22679359,17.2
9.0,160,22679519,17.77777777777778
12.0,265,22679784,22.083333333333332
10.0,140,22679924,14.0
5.0,96,22680020,19.2
16.0,404,22680424,25.25
13.0,759,22681183,58.38461538461539
22.0,474,22681657,21.545454545454547
11.0,185,22681842,16.818181818181817
13.0,241,22682083,18.53846153846154
19.0,403,22682486,21.210526315789473
26.0,628,22683114,24.153846153846153
11.0,233,22683347,21.181818181818183
14.0,325,22683672,23.214285714285715
16.0,397,22684069,24.8125
4.0,136,22684205,34.0
10.0,176,22684381,17.6
24.0,548,22684929,22.833333333333332
20.0,421,22685350,21.05
10.0,244,22685594,24.4
22.0,406,22686000,18.454545454545453
1.0,45,22686045,45.0
7.0,183,22686228,26.142857142857142
23.0,543,22686771,23.608695652173914
29.0,613,22687384,21.137931034482758
19.0,433,22687817,22.789473684210527
24.0,580,22688397,24.166666666666668
14.0,236,22688633,16.857142857142858
11.0,278,22688911,25.272727272727273
1.0,46,22688957,46.0
9.0,183,22689140,20.333333333333332
28.0,589,22689729,21.035714285714285
22.0,470,22690199,21.363636363636363
11.0,238,22690437,21.636363636363637
9.0,341,22690778,37.888888888888886
2.0,500,22691278,250.0
13.0,264,22691542,20.307692307692307
16.0,370,22691912,23.125
7.0,195,22692107,27.857142857142858
6.0,126,22692233,21.0
9.0,180,22692413,20.0
29.0,714,22693127,24.620689655172413
13.0,219,22693346,16.846153846153847
14.0,253,22693599,18.071428571428573
16.0,494,22694093,30.875
18.0,415,22694508,23.055555555555557
12.0,240,22694748,20.0
24.0,643,22695391,26.791666666666668
20.0,847,22696238,42.35
9.0,226,22696464,25.11111111111111
23.0,413,22696877,17.956521739130434
22.0,571,22697448,25.954545454545453
37.0,671,22698119,18.135135135135137
23.0,447,22698566,19.434782608695652
14.0,408,22698974,29.142857142857142
27.0,461,22699435,17.074074074074073
15.0,311,22699746,20.733333333333334
7.0,108,22699854,15.428571428571429
27.0,498,22700352,18.444444444444443
13.0,241,22700593,18.53846153846154
4.0,89,22700682,22.25
21.0,451,22701133,21.476190476190474
23.0,616,22701749,26.782608695652176
1.0,474,22702223,474.0
21.0,448,22702671,21.333333333333332
17.0,353,22703024,20.764705882352942
20.0,325,22703349,16.25
19.0,335,22703684,17.63157894736842
16.0,424,22704108,26.5
22.0,522,22704630,23.727272727272727
21.0,438,22705068,20.857142857142858
25.0,560,22705628,22.4
4.0,523,22706151,130.75
12.0,242,22706393,20.166666666666668
8.0,148,22706541,18.5
17.0,767,22707308,45.11764705882353
10.0,241,22707549,24.1
13.0,265,22707814,20.384615384615383
16.0,343,22708157,21.4375
9.0,634,22708791,70.44444444444444
9.0,334,22709125,37.111111111111114
34.0,669,22709794,19.676470588235293
18.0,344,22710138,19.11111111111111
22.0,538,22710676,24.454545454545453
25.0,523,22711199,20.92
20.0,398,22711597,19.9
7.0,152,22711749,21.714285714285715
18.0,337,22712086,18.72222222222222
15.0,330,22712416,22.0
27.0,702,22713118,26.0
11.0,253,22713371,23.0
9.0,204,22713575,22.666666666666668
19.0,333,22713908,17.526315789473685
12.0,340,22714248,28.333333333333332
23.0,422,22714670,18.347826086956523
27.0,756,22715426,28.0
6.0,142,22715568,23.666666666666668
14.0,443,22716011,31.642857142857142
16.0,357,22716368,22.3125
16.0,323,22716691,20.1875
23.0,376,22717067,16.347826086956523
16.0,381,22717448,23.8125
24.0,469,22717917,19.541666666666668
9.0,602,22718519,66.88888888888889
25.0,496,22719015,19.84
10.0,243,22719258,24.3
2.0,39,22719297,19.5
25.0,504,22719801,20.16
33.0,644,22720445,19.515151515151516
22.0,470,22720915,21.363636363636363
21.0,459,22721374,21.857142857142858
10.0,146,22721520,14.6
6.0,183,22721703,30.5
15.0,256,22721959,17.066666666666666
7.0,142,22722101,20.285714285714285
27.0,675,22722776,25.0
2.0,53,22722829,26.5
18.0,287,22723116,15.944444444444445
29.0,833,22723949,28.724137931034484
15.0,336,22724285,22.4
15.0,339,22724624,22.6
29.0,977,22725601,33.689655172413794
15.0,381,22725982,25.4
23.0,398,22726380,17.304347826086957
14.0,265,22726645,18.928571428571427
14.0,265,22726910,18.928571428571427
11.0,635,22727545,57.72727272727273
8.0,221,22727766,27.625
16.0,375,22728141,23.4375
20.0,377,22728518,18.85
22.0,512,22729030,23.272727272727273
25.0,512,22729542,20.48
17.0,345,22729887,20.294117647058822
23.0,532,22730419,23.130434782608695
17.0,354,22730773,20.823529411764707
27.0,458,22731231,16.962962962962962
16.0,274,22731505,17.125
8.0,171,22731676,21.375
31.0,719,22732395,23.193548387096776
34.0,743,22733138,21.852941176470587
6.0,144,22733282,24.0
15.0,276,22733558,18.4
28.0,500,22734058,17.857142857142858
5.0,95,22734153,19.0
10.0,271,22734424,27.1
20.0,392,22734816,19.6
8.0,110,22734926,13.75
20.0,432,22735358,21.6
18.0,390,22735748,21.666666666666668
17.0,366,22736114,21.529411764705884
16.0,463,22736577,28.9375
22.0,414,22736991,18.818181818181817
16.0,384,22737375,24.0
33.0,776,22738151,23.515151515151516
18.0,253,22738404,14.055555555555555
13.0,406,22738810,31.23076923076923
7.0,101,22738911,14.428571428571429
14.0,269,22739180,19.214285714285715
31.0,538,22739718,17.35483870967742
6.0,79,22739797,13.166666666666666
5.0,73,22739870,14.6
27.0,742,22740612,27.48148148148148
6.0,181,22740793,30.166666666666668
12.0,203,22740996,16.916666666666668
22.0,802,22741798,36.45454545454545
11.0,209,22742007,19.0
20.0,405,22742412,20.25
38.0,1035,22743447,27.236842105263158
32.0,530,22743977,16.5625
13.0,272,22744249,20.923076923076923
9.0,252,22744501,28.0
21.0,459,22744960,21.857142857142858
16.0,400,22745360,25.0
12.0,248,22745608,20.666666666666668
26.0,563,22746171,21.653846153846153
23.0,643,22746814,27.956521739130434
8.0,572,22747386,71.5
15.0,373,22747759,24.866666666666667
16.0,266,22748025,16.625
28.0,751,22748776,26.821428571428573
26.0,629,22749405,24.192307692307693
34.0,639,22750044,18.794117647058822
24.0,590,22750634,24.583333333333332
6.0,87,22750721,14.5
9.0,173,22750894,19.22222222222222
23.0,539,22751433,23.434782608695652
31.0,763,22752196,24.612903225806452
18.0,480,22752676,26.666666666666668
3.0,24,22752700,8.0
11.0,185,22752885,16.818181818181817
23.0,752,22753637,32.69565217391305
17.0,383,22754020,22.529411764705884
20.0,996,22755016,49.8
19.0,546,22755562,28.736842105263158
18.0,410,22755972,22.77777777777778
37.0,771,22756743,20.83783783783784
33.0,640,22757383,19.393939393939394
23.0,550,22757933,23.91304347826087
22.0,528,22758461,24.0
20.0,431,22758892,21.55
11.0,758,22759650,68.9090909090909
7.0,111,22759761,15.857142857142858
21.0,347,22760108,16.523809523809526
8.0,166,22760274,20.75
15.0,220,22760494,14.666666666666666
12.0,282,22760776,23.5
21.0,472,22761248,22.476190476190474
4.0,102,22761350,25.5
28.0,689,22762039,24.607142857142858
12.0,187,22762226,15.583333333333334
25.0,448,22762674,17.92
18.0,337,22763011,18.72222222222222
23.0,1118,22764129,48.608695652173914
18.0,349,22764478,19.38888888888889
11.0,207,22764685,18.818181818181817
1.0,41,22764726,41.0
0.0,441,22765167,inf
7.0,184,22765351,26.285714285714285
22.0,395,22765746,17.954545454545453
3.0,82,22765828,27.333333333333332
26.0,684,22766512,26.307692307692307
11.0,269,22766781,24.454545454545453
23.0,537,22767318,23.347826086956523
8.0,108,22767426,13.5
24.0,564,22767990,23.5
19.0,355,22768345,18.68421052631579
12.0,373,22768718,31.083333333333332
13.0,311,22769029,23.923076923076923
17.0,349,22769378,20.529411764705884
23.0,393,22769771,17.08695652173913
27.0,550,22770321,20.37037037037037
31.0,748,22771069,24.129032258064516
3.0,479,22771548,159.66666666666666
2.0,35,22771583,17.5
29.0,737,22772320,25.413793103448278
12.0,202,22772522,16.833333333333332
35.0,670,22773192,19.142857142857142
9.0,162,22773354,18.0
20.0,455,22773809,22.75
8.0,101,22773910,12.625
10.0,126,22774036,12.6
11.0,224,22774260,20.363636363636363
23.0,492,22774752,21.391304347826086
14.0,335,22775087,23.928571428571427
13.0,250,22775337,19.23076923076923
7.0,107,22775444,15.285714285714286
21.0,492,22775936,23.428571428571427
25.0,562,22776498,22.48
15.0,238,22776736,15.866666666666667
8.0,92,22776828,11.5
15.0,302,22777130,20.133333333333333
15.0,260,22777390,17.333333333333332
24.0,414,22777804,17.25
22.0,460,22778264,20.90909090909091
18.0,362,22778626,20.11111111111111
19.0,307,22778933,16.157894736842106
23.0,491,22779424,21.347826086956523
14.0,247,22779671,17.642857142857142
19.0,417,22780088,21.94736842105263
19.0,873,22780961,45.94736842105263
15.0,866,22781827,57.733333333333334
7.0,150,22781977,21.428571428571427
12.0,267,22782244,22.25
35.0,837,22783081,23.914285714285715
23.0,549,22783630,23.869565217391305
12.0,217,22783847,18.083333333333332
16.0,354,22784201,22.125
18.0,359,22784560,19.944444444444443
1.0,478,22785038,478.0
3.0,60,22785098,20.0
4.0,62,22785160,15.5
22.0,578,22785738,26.272727272727273
16.0,249,22785987,15.5625
11.0,220,22786207,20.0
14.0,324,22786531,23.142857142857142
10.0,242,22786773,24.2
14.0,341,22787114,24.357142857142858
29.0,551,22787665,19.0
16.0,315,22787980,19.6875
19.0,407,22788387,21.42105263157895
16.0,265,22788652,16.5625
23.0,561,22789213,24.391304347826086
18.0,370,22789583,20.555555555555557
19.0,322,22789905,16.94736842105263
24.0,712,22790617,29.666666666666668
10.0,204,22790821,20.4
10.0,364,22791185,36.4
12.0,321,22791506,26.75
12.0,350,22791856,29.166666666666668
2.0,30,22791886,15.0
8.0,137,22792023,17.125
6.0,542,22792565,90.33333333333333
8.0,124,22792689,15.5
23.0,965,22793654,41.95652173913044
25.0,573,22794227,22.92
10.0,199,22794426,19.9
16.0,226,22794652,14.125
6.0,191,22794843,31.833333333333332
19.0,332,22795175,17.473684210526315
15.0,309,22795484,20.6
19.0,459,22795943,24.157894736842106
29.0,633,22796576,21.82758620689655
13.0,246,22796822,18.923076923076923
36.0,923,22797745,25.63888888888889
30.0,645,22798390,21.5
8.0,119,22798509,14.875
25.0,575,22799084,23.0
4.0,55,22799139,13.75
4.0,63,22799202,15.75
21.0,554,22799756,26.38095238095238
17.0,262,22800018,15.411764705882353
19.0,394,22800412,20.736842105263158
11.0,171,22800583,15.545454545454545
21.0,450,22801033,21.428571428571427
16.0,425,22801458,26.5625
12.0,410,22801868,34.166666666666664
1.0,44,22801912,44.0
48.0,1107,22803019,23.0625
8.0,561,22803580,70.125
28.0,672,22804252,24.0
32.0,563,22804815,17.59375
10.0,173,22804988,17.3
26.0,668,22805656,25.692307692307693
17.0,335,22805991,19.705882352941178
16.0,351,22806342,21.9375
29.0,893,22807235,30.79310344827586
13.0,339,22807574,26.076923076923077
16.0,339,22807913,21.1875
28.0,588,22808501,21.0
14.0,437,22808938,31.214285714285715
12.0,251,22809189,20.916666666666668
12.0,256,22809445,21.333333333333332
10.0,176,22809621,17.6
22.0,524,22810145,23.818181818181817
8.0,163,22810308,20.375
1.0,455,22810763,455.0
28.0,817,22811580,29.178571428571427
7.0,151,22811731,21.571428571428573
1.0,465,22812196,465.0
17.0,303,22812499,17.823529411764707
11.0,278,22812777,25.272727272727273
13.0,291,22813068,22.384615384615383
17.0,314,22813382,18.470588235294116
28.0,542,22813924,19.357142857142858
17.0,267,22814191,15.705882352941176
11.0,248,22814439,22.545454545454547
34.0,650,22815089,19.11764705882353
17.0,439,22815528,25.823529411764707
6.0,153,22815681,25.5
21.0,401,22816082,19.095238095238095
20.0,535,22816617,26.75
21.0,442,22817059,21.047619047619047
5.0,158,22817217,31.6
10.0,193,22817410,19.3
16.0,326,22817736,20.375
12.0,306,22818042,25.5
13.0,246,22818288,18.923076923076923
8.0,267,22818555,33.375
26.0,611,22819166,23.5
13.0,270,22819436,20.76923076923077
8.0,114,22819550,14.25
34.0,696,22820246,20.470588235294116
6.0,176,22820422,29.333333333333332
20.0,417,22820839,20.85
12.0,208,22821047,17.333333333333332
27.0,520,22821567,19.25925925925926
27.0,492,22822059,18.22222222222222
23.0,555,22822614,24.130434782608695
27.0,750,22823364,27.77777777777778
20.0,415,22823779,20.75
21.0,391,22824170,18.61904761904762
36.0,763,22824933,21.194444444444443
13.0,182,22825115,14.0
24.0,497,22825612,20.708333333333332
10.0,206,22825818,20.6
10.0,198,22826016,19.8
25.0,433,22826449,17.32
32.0,659,22827108,20.59375
8.0,247,22827355,30.875
14.0,354,22827709,25.285714285714285
9.0,148,22827857,16.444444444444443
18.0,449,22828306,24.944444444444443
13.0,614,22828920,47.23076923076923
12.0,175,22829095,14.583333333333334
9.0,143,22829238,15.88888888888889
17.0,438,22829676,25.764705882352942
18.0,548,22830224,30.444444444444443
0.0,441,22830665,inf
8.0,708,22831373,88.5
23.0,507,22831880,22.043478260869566
20.0,447,22832327,22.35
7.0,159,22832486,22.714285714285715
17.0,439,22832925,25.823529411764707
28.0,665,22833590,23.75
14.0,225,22833815,16.071428571428573
17.0,343,22834158,20.176470588235293
6.0,101,22834259,16.833333333333332
10.0,253,22834512,25.3
24.0,567,22835079,23.625
14.0,225,22835304,16.071428571428573
16.0,380,22835684,23.75
14.0,381,22836065,27.214285714285715
11.0,340,22836405,30.90909090909091
16.0,317,22836722,19.8125
18.0,450,22837172,25.0
8.0,118,22837290,14.75
15.0,443,22837733,29.533333333333335
22.0,417,22838150,18.954545454545453
5.0,141,22838291,28.2
24.0,530,22838821,22.083333333333332
15.0,207,22839028,13.8
20.0,504,22839532,25.2
14.0,310,22839842,22.142857142857142
32.0,569,22840411,17.78125
15.0,305,22840716,20.333333333333332
19.0,477,22841193,25.105263157894736
16.0,303,22841496,18.9375
15.0,253,22841749,16.866666666666667
16.0,305,22842054,19.0625
4.0,96,22842150,24.0
8.0,137,22842287,17.125
13.0,375,22842662,28.846153846153847
24.0,455,22843117,18.958333333333332
13.0,241,22843358,18.53846153846154
14.0,240,22843598,17.142857142857142
19.0,466,22844064,24.526315789473685
6.0,110,22844174,18.333333333333332
15.0,726,22844900,48.4
5.0,131,22845031,26.2
21.0,408,22845439,19.428571428571427
17.0,350,22845789,20.58823529411765
27.0,660,22846449,24.444444444444443
10.0,223,22846672,22.3
26.0,484,22847156,18.615384615384617
14.0,277,22847433,19.785714285714285
17.0,394,22847827,23.176470588235293
21.0,470,22848297,22.38095238095238
17.0,407,22848704,23.941176470588236
18.0,423,22849127,23.5
16.0,419,22849546,26.1875
31.0,706,22850252,22.774193548387096
23.0,517,22850769,22.47826086956522
11.0,258,22851027,23.454545454545453
20.0,354,22851381,17.7
34.0,808,22852189,23.764705882352942
20.0,335,22852524,16.75
8.0,172,22852696,21.5
24.0,568,22853264,23.666666666666668
13.0,228,22853492,17.53846153846154
11.0,216,22853708,19.636363636363637
21.0,495,22854203,23.571428571428573
6.0,100,22854303,16.666666666666668
27.0,597,22854900,22.11111111111111
22.0,829,22855729,37.68181818181818
24.0,651,22856380,27.125
7.0,179,22856559,25.571428571428573
12.0,269,22856828,22.416666666666668
18.0,456,22857284,25.333333333333332
11.0,207,22857491,18.818181818181817
11.0,163,22857654,14.818181818181818
27.0,652,22858306,24.14814814814815
26.0,694,22859000,26.692307692307693
8.0,119,22859119,14.875
13.0,291,22859410,22.384615384615383
8.0,128,22859538,16.0
30.0,699,22860237,23.3
17.0,451,22860688,26.529411764705884
17.0,287,22860975,16.88235294117647
22.0,477,22861452,21.681818181818183
14.0,273,22861725,19.5
8.0,120,22861845,15.0
20.0,629,22862474,31.45
11.0,219,22862693,19.90909090909091
9.0,183,22862876,20.333333333333332
19.0,310,22863186,16.31578947368421
15.0,294,22863480,19.6
10.0,136,22863616,13.6
16.0,345,22863961,21.5625
21.0,383,22864344,18.238095238095237
13.0,287,22864631,22.076923076923077
27.0,693,22865324,25.666666666666668
5.0,116,22865440,23.2
12.0,310,22865750,25.833333333333332
5.0,132,22865882,26.4
19.0,486,22866368,25.57894736842105
13.0,293,22866661,22.53846153846154
15.0,716,22867377,47.733333333333334
19.0,328,22867705,17.263157894736842
18.0,344,22868049,19.11111111111111
2.0,29,22868078,14.5
18.0,319,22868397,17.72222222222222
18.0,441,22868838,24.5
19.0,367,22869205,19.31578947368421
26.0,424,22869629,16.307692307692307
12.0,223,22869852,18.583333333333332
2.0,21,22869873,10.5
19.0,469,22870342,24.68421052631579
19.0,346,22870688,18.210526315789473
19.0,367,22871055,19.31578947368421
21.0,370,22871425,17.61904761904762
13.0,217,22871642,16.692307692307693
15.0,374,22872016,24.933333333333334
10.0,282,22872298,28.2
21.0,572,22872870,27.238095238095237
29.0,729,22873599,25.137931034482758
28.0,595,22874194,21.25
10.0,235,22874429,23.5
20.0,443,22874872,22.15
5.0,116,22874988,23.2
9.0,196,22875184,21.77777777777778
28.0,531,22875715,18.964285714285715
16.0,273,22875988,17.0625
30.0,602,22876590,20.066666666666666
18.0,284,22876874,15.777777777777779
7.0,139,22877013,19.857142857142858
25.0,795,22877808,31.8
21.0,495,22878303,23.571428571428573
20.0,325,22878628,16.25
8.0,213,22878841,26.625
23.0,495,22879336,21.52173913043478
26.0,751,22880087,28.884615384615383
27.0,465,22880552,17.22222222222222
17.0,376,22880928,22.11764705882353
15.0,385,22881313,25.666666666666668
25.0,648,22881961,25.92
25.0,572,22882533,22.88
9.0,140,22882673,15.555555555555555
7.0,96,22882769,13.714285714285714
21.0,562,22883331,26.761904761904763
31.0,762,22884093,24.580645161290324
19.0,456,22884549,24.0
14.0,760,22885309,54.285714285714285
25.0,480,22885789,19.2
13.0,264,22886053,20.307692307692307
7.0,86,22886139,12.285714285714286
3.0,35,22886174,11.666666666666666
16.0,403,22886577,25.1875
12.0,681,22887258,56.75
21.0,415,22887673,19.761904761904763
6.0,107,22887780,17.833333333333332
15.0,376,22888156,25.066666666666666
23.0,534,22888690,23.217391304347824
20.0,460,22889150,23.0
14.0,341,22889491,24.357142857142858
12.0,275,22889766,22.916666666666668
21.0,535,22890301,25.476190476190474
19.0,411,22890712,21.63157894736842
21.0,521,22891233,24.80952380952381
21.0,512,22891745,24.38095238095238
29.0,692,22892437,23.862068965517242
3.0,46,22892483,15.333333333333334
14.0,239,22892722,17.071428571428573
10.0,698,22893420,69.8
14.0,163,22893583,11.642857142857142
18.0,392,22893975,21.77777777777778
15.0,320,22894295,21.333333333333332
11.0,304,22894599,27.636363636363637
33.0,782,22895381,23.696969696969695
20.0,357,22895738,17.85
14.0,222,22895960,15.857142857142858
12.0,131,22896091,10.916666666666666
22.0,443,22896534,20.136363636363637
32.0,754,22897288,23.5625
18.0,766,22898054,42.55555555555556
34.0,638,22898692,18.764705882352942
30.0,542,22899234,18.066666666666666
7.0,136,22899370,19.428571428571427
16.0,378,22899748,23.625
6.0,162,22899910,27.0
10.0,145,22900055,14.5
40.0,713,22900768,17.825
20.0,506,22901274,25.3
9.0,142,22901416,15.777777777777779
26.0,519,22901935,19.96153846153846
25.0,833,22902768,33.32
20.0,403,22903171,20.15
19.0,390,22903561,20.526315789473685
31.0,745,22904306,24.032258064516128
5.0,115,22904421,23.0
11.0,215,22904636,19.545454545454547
15.0,453,22905089,30.2
12.0,221,22905310,18.416666666666668
12.0,295,22905605,24.583333333333332
13.0,305,22905910,23.46153846153846
26.0,477,22906387,18.346153846153847
17.0,316,22906703,18.58823529411765
9.0,226,22906929,25.11111111111111
16.0,284,22907213,17.75
23.0,651,22907864,28.304347826086957
12.0,364,22908228,30.333333333333332
10.0,175,22908403,17.5
24.0,464,22908867,19.333333333333332
31.0,867,22909734,27.967741935483872
14.0,819,22910553,58.5
17.0,370,22910923,21.764705882352942
22.0,461,22911384,20.954545454545453
16.0,235,22911619,14.6875
24.0,658,22912277,27.416666666666668
14.0,279,22912556,19.928571428571427
19.0,513,22913069,27.0
14.0,400,22913469,28.571428571428573
12.0,240,22913709,20.0
18.0,490,22914199,27.22222222222222
33.0,856,22915055,25.939393939393938
4.0,49,22915104,12.25
14.0,223,22915327,15.928571428571429
18.0,425,22915752,23.61111111111111
21.0,345,22916097,16.428571428571427
13.0,284,22916381,21.846153846153847
30.0,1034,22917415,34.46666666666667
13.0,301,22917716,23.153846153846153
17.0,379,22918095,22.294117647058822
1.0,91,22918186,91.0
3.0,83,22918269,27.666666666666668
5.0,109,22918378,21.8
2.0,98,22918476,49.0
22.0,348,22918824,15.818181818181818
26.0,469,22919293,18.03846153846154
3.0,79,22919372,26.333333333333332
5.0,94,22919466,18.8
8.0,129,22919595,16.125
1.0,41,22919636,41.0
2.0,92,22919728,46.0
9.0,166,22919894,18.444444444444443
36.0,783,22920677,21.75
6.0,140,22920817,23.333333333333332
4.0,73,22920890,18.25
12.0,200,22921090,16.666666666666668
9.0,205,22921295,22.77777777777778
10.0,229,22921524,22.9
9.0,163,22921687,18.11111111111111
5.0,104,22921791,20.8
13.0,257,22922048,19.76923076923077
6.0,130,22922178,21.666666666666668
1.0,43,22922221,43.0
16.0,312,22922533,19.5
0.0,40,22922573,inf
2.0,84,22922657,42.0
2.0,61,22922718,30.5
22.0,448,22923166,20.363636363636363
16.0,352,22923518,22.0
6.0,200,22923718,33.333333333333336
0.0,44,22923762,inf
6.0,152,22923914,25.333333333333332
12.0,249,22924163,20.75
23.0,511,22924674,22.217391304347824
10.0,216,22924890,21.6
20.0,386,22925276,19.3
12.0,201,22925477,16.75
16.0,282,22925759,17.625
17.0,411,22926170,24.176470588235293
29.0,686,22926856,23.655172413793103
20.0,494,22927350,24.7
26.0,518,22927868,19.923076923076923
7.0,180,22928048,25.714285714285715
15.0,343,22928391,22.866666666666667
17.0,745,22929136,43.8235294117647
31.0,634,22929770,20.451612903225808
9.0,186,22929956,20.666666666666668
18.0,318,22930274,17.666666666666668
22.0,412,22930686,18.727272727272727
7.0,120,22930806,17.142857142857142
18.0,376,22931182,20.88888888888889
6.0,168,22931350,28.0
7.0,260,22931610,37.142857142857146
17.0,218,22931828,12.823529411764707
22.0,370,22932198,16.818181818181817
18.0,551,22932749,30.61111111111111
27.0,676,22933425,25.037037037037038
29.0,646,22934071,22.275862068965516
24.0,530,22934601,22.083333333333332
12.0,210,22934811,17.5
14.0,214,22935025,15.285714285714286
17.0,290,22935315,17.058823529411764
17.0,452,22935767,26.58823529411765
13.0,251,22936018,19.307692307692307
27.0,662,22936680,24.51851851851852
30.0,601,22937281,20.033333333333335
18.0,823,22938104,45.72222222222222
14.0,318,22938422,22.714285714285715
10.0,607,22939029,60.7
21.0,508,22939537,24.19047619047619
18.0,465,22940002,25.833333333333332
22.0,727,22940729,33.04545454545455
22.0,539,22941268,24.5
23.0,485,22941753,21.08695652173913
27.0,671,22942424,24.85185185185185
2.0,31,22942455,15.5
7.0,144,22942599,20.571428571428573
16.0,341,22942940,21.3125
9.0,153,22943093,17.0
24.0,447,22943540,18.625
9.0,204,22943744,22.666666666666668
8.0,365,22944109,45.625
14.0,254,22944363,18.142857142857142
21.0,580,22944943,27.61904761904762
20.0,418,22945361,20.9
16.0,300,22945661,18.75
23.0,472,22946133,20.52173913043478
14.0,220,22946353,15.714285714285714
2.0,59,22946412,29.5
29.0,569,22946981,19.620689655172413
25.0,584,22947565,23.36
3.0,478,22948043,159.33333333333334
27.0,597,22948640,22.11111111111111
12.0,333,22948973,27.75
8.0,638,22949611,79.75
23.0,662,22950273,28.782608695652176
17.0,450,22950723,26.470588235294116
22.0,487,22951210,22.136363636363637
40.0,893,22952103,22.325
13.0,296,22952399,22.76923076923077
18.0,391,22952790,21.72222222222222
3.0,113,22952903,37.666666666666664
27.0,1386,22954289,51.333333333333336
22.0,498,22954787,22.636363636363637
2.0,29,22954816,14.5
10.0,186,22955002,18.6
24.0,878,22955880,36.583333333333336
20.0,435,22956315,21.75
9.0,171,22956486,19.0
17.0,709,22957195,41.705882352941174
24.0,682,22957877,28.416666666666668
25.0,944,22958821,37.76
28.0,837,22959658,29.892857142857142
19.0,318,22959976,16.736842105263158
6.0,234,22960210,39.0
27.0,1073,22961283,39.74074074074074
12.0,201,22961484,16.75
8.0,163,22961647,20.375
14.0,255,22961902,18.214285714285715
7.0,110,22962012,15.714285714285714
8.0,234,22962246,29.25
23.0,536,22962782,23.304347826086957
2.0,67,22962849,33.5
29.0,620,22963469,21.379310344827587
2.0,45,22963514,22.5
20.0,418,22963932,20.9
19.0,349,22964281,18.36842105263158
20.0,602,22964883,30.1
17.0,403,22965286,23.705882352941178
6.0,169,22965455,28.166666666666668
15.0,353,22965808,23.533333333333335
13.0,294,22966102,22.615384615384617
26.0,615,22966717,23.653846153846153
7.0,116,22966833,16.571428571428573
14.0,672,22967505,48.0
19.0,413,22967918,21.736842105263158
14.0,320,22968238,22.857142857142858
23.0,586,22968824,25.47826086956522
16.0,354,22969178,22.125
21.0,484,22969662,23.047619047619047
22.0,556,22970218,25.272727272727273
8.0,109,22970327,13.625
18.0,378,22970705,21.0
16.0,310,22971015,19.375
19.0,790,22971805,41.578947368421055
28.0,351,22972156,12.535714285714286
3.0,45,22972201,15.0
25.0,473,22972674,18.92
7.0,163,22972837,23.285714285714285
15.0,332,22973169,22.133333333333333
24.0,917,22974086,38.208333333333336
5.0,212,22974298,42.4
8.0,184,22974482,23.0
17.0,334,22974816,19.647058823529413
22.0,544,22975360,24.727272727272727
36.0,1510,22976870,41.94444444444444
6.0,70,22976940,11.666666666666666
18.0,412,22977352,22.88888888888889
23.0,500,22977852,21.73913043478261
15.0,369,22978221,24.6
7.0,101,22978322,14.428571428571429
29.0,769,22979091,26.517241379310345
7.0,104,22979195,14.857142857142858
10.0,174,22979369,17.4
8.0,170,22979539,21.25
18.0,360,22979899,20.0
17.0,356,22980255,20.941176470588236
10.0,197,22980452,19.7
29.0,687,22981139,23.689655172413794
26.0,604,22981743,23.23076923076923
14.0,290,22982033,20.714285714285715
7.0,110,22982143,15.714285714285714
7.0,155,22982298,22.142857142857142
14.0,406,22982704,29.0
27.0,624,22983328,23.11111111111111
20.0,419,22983747,20.95
13.0,361,22984108,27.76923076923077
18.0,396,22984504,22.0
15.0,350,22984854,23.333333333333332
7.0,159,22985013,22.714285714285715
17.0,419,22985432,24.647058823529413
33.0,757,22986189,22.939393939393938
28.0,871,22987060,31.107142857142858
15.0,285,22987345,19.0
6.0,646,22987991,107.66666666666667
28.0,874,22988865,31.214285714285715
8.0,102,22988967,12.75
11.0,258,22989225,23.454545454545453
23.0,939,22990164,40.82608695652174
19.0,369,22990533,19.42105263157895
21.0,400,22990933,19.047619047619047
22.0,612,22991545,27.818181818181817
10.0,278,22991823,27.8
23.0,464,22992287,20.17391304347826
7.0,168,22992455,24.0
5.0,147,22992602,29.4
35.0,955,22993557,27.285714285714285
21.0,324,22993881,15.428571428571429
16.0,312,22994193,19.5
31.0,626,22994819,20.193548387096776
4.0,94,22994913,23.5
25.0,731,22995644,29.24
45.0,1071,22996715,23.8
23.0,614,22997329,26.695652173913043
25.0,508,22997837,20.32
12.0,293,22998130,24.416666666666668
2.0,30,22998160,15.0
16.0,342,22998502,21.375
21.0,458,22998960,21.80952380952381
11.0,223,22999183,20.272727272727273
15.0,378,22999561,25.2
15.0,329,22999890,21.933333333333334
2.0,89,22999979,44.5
18.0,303,23000282,16.833333333333332
6.0,91,23000373,15.166666666666666
8.0,198,23000571,24.75
8.0,146,23000717,18.25
21.0,443,23001160,21.095238095238095
15.0,335,23001495,22.333333333333332
15.0,420,23001915,28.0
26.0,606,23002521,23.307692307692307
16.0,348,23002869,21.75
14.0,280,23003149,20.0
21.0,445,23003594,21.19047619047619
23.0,472,23004066,20.52173913043478
9.0,126,23004192,14.0
5.0,535,23004727,107.0
26.0,605,23005332,23.26923076923077
24.0,449,23005781,18.708333333333332
23.0,420,23006201,18.26086956521739
20.0,318,23006519,15.9
18.0,390,23006909,21.666666666666668
20.0,478,23007387,23.9
12.0,205,23007592,17.083333333333332
25.0,472,23008064,18.88
15.0,419,23008483,27.933333333333334
16.0,286,23008769,17.875
33.0,940,23009709,28.484848484848484
21.0,331,23010040,15.761904761904763
7.0,142,23010182,20.285714285714285
8.0,111,23010293,13.875
10.0,198,23010491,19.8
27.0,824,23011315,30.51851851851852
22.0,542,23011857,24.636363636363637
16.0,348,23012205,21.75
10.0,241,23012446,24.1
16.0,450,23012896,28.125
3.0,488,23013384,162.66666666666666
31.0,707,23014091,22.806451612903224
24.0,513,23014604,21.375
22.0,1038,23015642,47.18181818181818
16.0,335,23015977,20.9375
30.0,845,23016822,28.166666666666668
16.0,278,23017100,17.375
9.0,186,23017286,20.666666666666668
4.0,86,23017372,21.5
16.0,335,23017707,20.9375
29.0,731,23018438,25.20689655172414
13.0,303,23018741,23.307692307692307
6.0,117,23018858,19.5
18.0,431,23019289,23.944444444444443
25.0,576,23019865,23.04
29.0,796,23020661,27.448275862068964
10.0,221,23020882,22.1
6.0,85,23020967,14.166666666666666
24.0,637,23021604,26.541666666666668
8.0,216,23021820,27.0
26.0,703,23022523,27.03846153846154
14.0,253,23022776,18.071428571428573
16.0,261,23023037,16.3125
8.0,211,23023248,26.375
6.0,116,23023364,19.333333333333332
14.0,309,23023673,22.071428571428573
31.0,677,23024350,21.838709677419356
12.0,272,23024622,22.666666666666668
26.0,649,23025271,24.96153846153846
7.0,105,23025376,15.0
31.0,720,23026096,23.225806451612904
17.0,448,23026544,26.352941176470587
26.0,717,23027261,27.576923076923077
19.0,387,23027648,20.36842105263158
25.0,543,23028191,21.72
6.0,538,23028729,89.66666666666667
16.0,391,23029120,24.4375
29.0,724,23029844,24.96551724137931
7.0,115,23029959,16.428571428571427
19.0,357,23030316,18.789473684210527
16.0,348,23030664,21.75
13.0,270,23030934,20.76923076923077
20.0,421,23031355,21.05
10.0,243,23031598,24.3
7.0,206,23031804,29.428571428571427
30.0,923,23032727,30.766666666666666
27.0,646,23033373,23.925925925925927
29.0,647,23034020,22.310344827586206
15.0,338,23034358,22.533333333333335
23.0,481,23034839,20.91304347826087
12.0,256,23035095,21.333333333333332
25.0,534,23035629,21.36
22.0,404,23036033,18.363636363636363
25.0,664,23036697,26.56
11.0,248,23036945,22.545454545454547
9.0,160,23037105,17.77777777777778
24.0,555,23037660,23.125
13.0,500,23038160,38.46153846153846
15.0,372,23038532,24.8
12.0,234,23038766,19.5
19.0,443,23039209,23.31578947368421
11.0,648,23039857,58.90909090909091
23.0,546,23040403,23.73913043478261
16.0,322,23040725,20.125
9.0,310,23041035,34.44444444444444
24.0,486,23041521,20.25
24.0,609,23042130,25.375
20.0,421,23042551,21.05
26.0,568,23043119,21.846153846153847
17.0,392,23043511,23.058823529411764
16.0,329,23043840,20.5625
18.0,379,23044219,21.055555555555557
11.0,175,23044394,15.909090909090908
16.0,311,23044705,19.4375
22.0,547,23045252,24.863636363636363
27.0,468,23045720,17.333333333333332
25.0,527,23046247,21.08
27.0,677,23046924,25.074074074074073
20.0,453,23047377,22.65
11.0,180,23047557,16.363636363636363
33.0,756,23048313,22.90909090909091
22.0,445,23048758,20.227272727272727
3.0,27,23048785,9.0
16.0,241,23049026,15.0625
22.0,479,23049505,21.772727272727273
13.0,370,23049875,28.46153846153846
21.0,447,23050322,21.285714285714285
18.0,332,23050654,18.444444444444443
8.0,254,23050908,31.75
29.0,618,23051526,21.310344827586206
16.0,366,23051892,22.875
11.0,190,23052082,17.272727272727273
8.0,112,23052194,14.0
22.0,408,23052602,18.545454545454547
13.0,237,23052839,18.23076923076923
34.0,1162,23054001,34.1764705882353
4.0,496,23054497,124.0
31.0,717,23055214,23.129032258064516
15.0,206,23055420,13.733333333333333
9.0,166,23055586,18.444444444444443
17.0,354,23055940,20.823529411764707
13.0,431,23056371,33.15384615384615
4.0,61,23056432,15.25
31.0,743,23057175,23.967741935483872
17.0,374,23057549,22.0
19.0,530,23058079,27.894736842105264
8.0,205,23058284,25.625
12.0,329,23058613,27.416666666666668
10.0,228,23058841,22.8
4.0,495,23059336,123.75
3.0,579,23059915,193.0
29.0,1378,23061293,47.51724137931034
5.0,529,23061822,105.8
3.0,483,23062305,161.0
11.0,276,23062581,25.09090909090909
5.0,91,23062672,18.2
10.0,687,23063359,68.7
29.0,692,23064051,23.862068965517242
8.0,267,23064318,33.375
10.0,627,23064945,62.7
21.0,473,23065418,22.523809523809526
8.0,591,23066009,73.875
23.0,481,23066490,20.91304347826087
16.0,226,23066716,14.125
15.0,301,23067017,20.066666666666666
17.0,340,23067357,20.0
9.0,213,23067570,23.666666666666668
17.0,365,23067935,21.470588235294116
19.0,366,23068301,19.263157894736842
2.0,27,23068328,13.5
22.0,450,23068778,20.454545454545453
32.0,900,23069678,28.125
18.0,380,23070058,21.11111111111111
4.0,524,23070582,131.0
1.0,452,23071034,452.0
11.0,259,23071293,23.545454545454547
26.0,490,23071783,18.846153846153847
6.0,128,23071911,21.333333333333332
12.0,291,23072202,24.25
14.0,223,23072425,15.928571428571429
21.0,478,23072903,22.761904761904763
31.0,693,23073596,22.35483870967742
0.0,441,23074037,inf
6.0,117,23074154,19.5
6.0,593,23074747,98.83333333333333
26.0,607,23075354,23.346153846153847
25.0,574,23075928,22.96
35.0,842,23076770,24.057142857142857
8.0,151,23076921,18.875
42.0,999,23077920,23.785714285714285
3.0,45,23077965,15.0
36.0,767,23078732,21.305555555555557
3.0,85,23078817,28.333333333333332
7.0,133,23078950,19.0
12.0,291,23079241,24.25
4.0,149,23079390,37.25
9.0,172,23079562,19.11111111111111
4.0,575,23080137,143.75
17.0,742,23080879,43.64705882352941
1.0,25,23080904,25.0
6.0,139,23081043,23.166666666666668
21.0,473,23081516,22.523809523809526
22.0,481,23081997,21.863636363636363
29.0,662,23082659,22.82758620689655
27.0,522,23083181,19.333333333333332
9.0,266,23083447,29.555555555555557
20.0,388,23083835,19.4
9.0,621,23084456,69.0
12.0,346,23084802,28.833333333333332
13.0,727,23085529,55.92307692307692
14.0,355,23085884,25.357142857142858
3.0,601,23086485,200.33333333333334
6.0,615,23087100,102.5
24.0,529,23087629,22.041666666666668
0.0,441,23088070,inf
9.0,249,23088319,27.666666666666668
3.0,483,23088802,161.0
23.0,528,23089330,22.956521739130434
21.0,427,23089757,20.333333333333332
10.0,312,23090069,31.2
13.0,279,23090348,21.46153846153846
18.0,511,23090859,28.38888888888889
14.0,636,23091495,45.42857142857143
16.0,282,23091777,17.625
11.0,260,23092037,23.636363636363637
13.0,203,23092240,15.615384615384615
11.0,591,23092831,53.72727272727273
11.0,732,23093563,66.54545454545455
9.0,202,23093765,22.444444444444443
16.0,255,23094020,15.9375
14.0,655,23094675,46.785714285714285
8.0,149,23094824,18.625
6.0,622,23095446,103.66666666666667
15.0,693,23096139,46.2
4.0,531,23096670,132.75
12.0,437,23097107,36.416666666666664
30.0,910,23098017,30.333333333333332
3.0,489,23098506,163.0
33.0,1478,23099984,44.78787878787879
1.0,446,23100430,446.0
7.0,324,23100754,46.285714285714285
10.0,625,23101379,62.5
5.0,641,23102020,128.2
3.0,488,23102508,162.66666666666666
17.0,299,23102807,17.58823529411765
1.0,35,23102842,35.0
13.0,752,23103594,57.84615384615385
16.0,839,23104433,52.4375
23.0,588,23105021,25.565217391304348
14.0,354,23105375,25.285714285714285
8.0,555,23105930,69.375
6.0,178,23106108,29.666666666666668
24.0,576,23106684,24.0
2.0,52,23106736,26.0
23.0,490,23107226,21.304347826086957
17.0,776,23108002,45.64705882352941
18.0,381,23108383,21.166666666666668
23.0,753,23109136,32.73913043478261
3.0,485,23109621,161.66666666666666
26.0,672,23110293,25.846153846153847
16.0,406,23110699,25.375
1.0,452,23111151,452.0
12.0,328,23111479,27.333333333333332
16.0,480,23111959,30.0
20.0,1032,23112991,51.6
16.0,375,23113366,23.4375
5.0,536,23113902,107.2
26.0,626,23114528,24.076923076923077
1.0,453,23114981,453.0
8.0,144,23115125,18.0
26.0,708,23115833,27.23076923076923
18.0,597,23116430,33.166666666666664
10.0,240,23116670,24.0
15.0,771,23117441,51.4
8.0,599,23118040,74.875
2.0,29,23118069,14.5
19.0,797,23118866,41.94736842105263
12.0,268,23119134,22.333333333333332
11.0,193,23119327,17.545454545454547
20.0,524,23119851,26.2
9.0,615,23120466,68.33333333333333
21.0,633,23121099,30.142857142857142
5.0,518,23121617,103.6
16.0,329,23121946,20.5625
1.0,459,23122405,459.0
20.0,531,23122936,26.55
12.0,730,23123666,60.833333333333336
27.0,687,23124353,25.444444444444443
13.0,328,23124681,25.23076923076923
15.0,311,23124992,20.733333333333334
22.0,494,23125486,22.454545454545453
17.0,430,23125916,25.294117647058822
4.0,534,23126450,133.5
22.0,596,23127046,27.09090909090909
18.0,468,23127514,26.0
8.0,170,23127684,21.25
17.0,438,23128122,25.764705882352942
5.0,534,23128656,106.8
33.0,901,23129557,27.303030303030305
5.0,172,23129729,34.4
16.0,383,23130112,23.9375
7.0,640,23130752,91.42857142857143
7.0,567,23131319,81.0
18.0,492,23131811,27.333333333333332
28.0,751,23132562,26.821428571428573
11.0,255,23132817,23.181818181818183
0.0,441,23133258,inf
12.0,238,23133496,19.833333333333332
7.0,89,23133585,12.714285714285714
13.0,303,23133888,23.307692307692307
16.0,783,23134671,48.9375
18.0,939,23135610,52.166666666666664
22.0,375,23135985,17.045454545454547
25.0,556,23136541,22.24
10.0,263,23136804,26.3
4.0,67,23136871,16.75
8.0,519,23137390,64.875
24.0,695,23138085,28.958333333333332
5.0,568,23138653,113.6
11.0,667,23139320,60.63636363636363
29.0,1050,23140370,36.206896551724135
2.0,484,23140854,242.0
29.0,700,23141554,24.137931034482758
14.0,447,23142001,31.928571428571427
21.0,396,23142397,18.857142857142858
4.0,576,23142973,144.0
12.0,749,23143722,62.416666666666664
2.0,459,23144181,229.5
6.0,513,23144694,85.5
6.0,564,23145258,94.0
20.0,601,23145859,30.05
39.0,1057,23146916,27.102564102564102
4.0,72,23146988,18.0
14.0,393,23147381,28.071428571428573
13.0,370,23147751,28.46153846153846
29.0,1202,23148953,41.44827586206897
12.0,452,23149405,37.666666666666664
23.0,499,23149904,21.695652173913043
19.0,1072,23150976,56.421052631578945
11.0,265,23151241,24.09090909090909
7.0,120,23151361,17.142857142857142
10.0,794,23152155,79.4
16.0,868,23153023,54.25
12.0,680,23153703,56.666666666666664
11.0,228,23153931,20.727272727272727
15.0,427,23154358,28.466666666666665
19.0,817,23155175,43.0
24.0,542,23155717,22.583333333333332
24.0,717,23156434,29.875
24.0,880,23157314,36.666666666666664
20.0,581,23157895,29.05
22.0,572,23158467,26.0
11.0,655,23159122,59.54545454545455
11.0,701,23159823,63.72727272727273
10.0,671,23160494,67.1
20.0,494,23160988,24.7
28.0,730,23161718,26.071428571428573
18.0,516,23162234,28.666666666666668
22.0,591,23162825,26.863636363636363
16.0,290,23163115,18.125
7.0,121,23163236,17.285714285714285
9.0,192,23163428,21.333333333333332
11.0,327,23163755,29.727272727272727
12.0,261,23164016,21.75
18.0,389,23164405,21.61111111111111
24.0,885,23165290,36.875
15.0,462,23165752,30.8
20.0,475,23166227,23.75
20.0,443,23166670,22.15
10.0,296,23166966,29.6
13.0,272,23167238,20.923076923076923
8.0,196,23167434,24.5
30.0,867,23168301,28.9
24.0,593,23168894,24.708333333333332
33.0,801,23169695,24.272727272727273
12.0,680,23170375,56.666666666666664
22.0,632,23171007,28.727272727272727
11.0,314,23171321,28.545454545454547
14.0,286,23171607,20.428571428571427
16.0,272,23171879,17.0
17.0,378,23172257,22.235294117647058
17.0,414,23172671,24.352941176470587
24.0,737,23173408,30.708333333333332
26.0,1097,23174505,42.19230769230769
7.0,157,23174662,22.428571428571427
28.0,761,23175423,27.178571428571427
42.0,811,23176234,19.30952380952381
10.0,594,23176828,59.4
12.0,318,23177146,26.5
24.0,1186,23178332,49.416666666666664
30.0,765,23179097,25.5
18.0,365,23179462,20.27777777777778
4.0,484,23179946,121.0
25.0,1200,23181146,48.0
20.0,940,23182086,47.0
26.0,697,23182783,26.807692307692307
26.0,789,23183572,30.346153846153847
4.0,80,23183652,20.0
30.0,948,23184600,31.6
5.0,89,23184689,17.8
17.0,406,23185095,23.88235294117647
10.0,242,23185337,24.2
10.0,147,23185484,14.7
19.0,403,23185887,21.210526315789473
6.0,108,23185995,18.0
3.0,28,23186023,9.333333333333334
30.0,965,23186988,32.166666666666664
26.0,605,23187593,23.26923076923077
18.0,394,23187987,21.88888888888889
14.0,252,23188239,18.0
6.0,122,23188361,20.333333333333332
14.0,298,23188659,21.285714285714285
19.0,443,23189102,23.31578947368421
24.0,955,23190057,39.791666666666664
27.0,777,23190834,28.77777777777778
16.0,829,23191663,51.8125
11.0,205,23191868,18.636363636363637
19.0,516,23192384,27.157894736842106
21.0,442,23192826,21.047619047619047
16.0,314,23193140,19.625
18.0,705,23193845,39.166666666666664
23.0,508,23194353,22.08695652173913
27.0,600,23194953,22.22222222222222
19.0,404,23195357,21.263157894736842
20.0,477,23195834,23.85
17.0,388,23196222,22.823529411764707
2.0,503,23196725,251.5
31.0,642,23197367,20.70967741935484
22.0,456,23197823,20.727272727272727
16.0,373,23198196,23.3125
9.0,242,23198438,26.88888888888889
13.0,776,23199214,59.69230769230769
23.0,473,23199687,20.565217391304348
18.0,412,23200099,22.88888888888889
23.0,482,23200581,20.956521739130434
10.0,400,23200981,40.0
12.0,797,23201778,66.41666666666667
17.0,376,23202154,22.11764705882353
30.0,734,23202888,24.466666666666665
22.0,485,23203373,22.045454545454547
3.0,53,23203426,17.666666666666668
17.0,319,23203745,18.764705882352942
24.0,729,23204474,30.375
13.0,293,23204767,22.53846153846154
9.0,181,23204948,20.11111111111111
7.0,143,23205091,20.428571428571427
22.0,598,23205689,27.181818181818183
24.0,561,23206250,23.375
20.0,539,23206789,26.95
10.0,690,23207479,69.0
11.0,324,23207803,29.454545454545453
12.0,278,23208081,23.166666666666668
12.0,227,23208308,18.916666666666668
27.0,705,23209013,26.11111111111111
34.0,984,23209997,28.941176470588236
32.0,722,23210719,22.5625
11.0,165,23210884,15.0
23.0,502,23211386,21.82608695652174
22.0,530,23211916,24.09090909090909
26.0,633,23212549,24.346153846153847
20.0,382,23212931,19.1
14.0,361,23213292,25.785714285714285
20.0,432,23213724,21.6
16.0,871,23214595,54.4375
34.0,730,23215325,21.470588235294116
20.0,486,23215811,24.3
18.0,374,23216185,20.77777777777778
20.0,706,23216891,35.3
22.0,676,23217567,30.727272727272727
21.0,652,23218219,31.047619047619047
17.0,289,23218508,17.0
20.0,869,23219377,43.45
11.0,674,23220051,61.27272727272727
19.0,502,23220553,26.42105263157895
5.0,128,23220681,25.6
7.0,573,23221254,81.85714285714286
21.0,542,23221796,25.80952380952381
30.0,1207,23223003,40.233333333333334
24.0,462,23223465,19.25
14.0,315,23223780,22.5
19.0,954,23224734,50.21052631578947
4.0,99,23224833,24.75
16.0,377,23225210,23.5625
1.0,31,23225241,31.0
17.0,405,23225646,23.823529411764707
8.0,589,23226235,73.625
19.0,428,23226663,22.526315789473685
17.0,444,23227107,26.11764705882353
16.0,447,23227554,27.9375
10.0,719,23228273,71.9
18.0,384,23228657,21.333333333333332
37.0,871,23229528,23.54054054054054
24.0,663,23230191,27.625
6.0,118,23230309,19.666666666666668
9.0,198,23230507,22.0
12.0,373,23230880,31.083333333333332
37.0,1088,23231968,29.405405405405407
14.0,708,23232676,50.57142857142857
24.0,1126,23233802,46.916666666666664
17.0,335,23234137,19.705882352941178
23.0,517,23234654,22.47826086956522
16.0,512,23235166,32.0
17.0,318,23235484,18.705882352941178
1.0,45,23235529,45.0
26.0,770,23236299,29.615384615384617
14.0,306,23236605,21.857142857142858
5.0,591,23237196,118.2
21.0,405,23237601,19.285714285714285
2.0,29,23237630,14.5
6.0,215,23237845,35.833333333333336
12.0,708,23238553,59.0
22.0,846,23239399,38.45454545454545
26.0,1220,23240619,46.92307692307692
10.0,262,23240881,26.2
2.0,40,23240921,20.0
24.0,547,23241468,22.791666666666668
16.0,384,23241852,24.0
16.0,801,23242653,50.0625
1.0,37,23242690,37.0
27.0,531,23243221,19.666666666666668
32.0,683,23243904,21.34375
14.0,293,23244197,20.928571428571427
9.0,666,23244863,74.0
28.0,752,23245615,26.857142857142858
5.0,56,23245671,11.2
15.0,489,23246160,32.6
17.0,833,23246993,49.0
25.0,1302,23248295,52.08
14.0,345,23248640,24.642857142857142
14.0,270,23248910,19.285714285714285
31.0,917,23249827,29.580645161290324
9.0,168,23249995,18.666666666666668
15.0,802,23250797,53.46666666666667
5.0,82,23250879,16.4
17.0,271,23251150,15.941176470588236
9.0,193,23251343,21.444444444444443
18.0,819,23252162,45.5
16.0,357,23252519,22.3125
19.0,510,23253029,26.842105263157894
28.0,634,23253663,22.642857142857142
14.0,258,23253921,18.428571428571427
11.0,683,23254604,62.09090909090909
11.0,121,23254725,11.0
16.0,883,23255608,55.1875
16.0,316,23255924,19.75
7.0,71,23255995,10.142857142857142
22.0,968,23256963,44.0
24.0,554,23257517,23.083333333333332
16.0,389,23257906,24.3125
18.0,827,23258733,45.94444444444444
24.0,799,23259532,33.291666666666664
9.0,718,23260250,79.77777777777777
32.0,871,23261121,27.21875
12.0,272,23261393,22.666666666666668
12.0,306,23261699,25.5
7.0,130,23261829,18.571428571428573
25.0,650,23262479,26.0
14.0,404,23262883,28.857142857142858
21.0,528,23263411,25.142857142857142
27.0,661,23264072,24.48148148148148
18.0,322,23264394,17.88888888888889
25.0,612,23265006,24.48
3.0,468,23265474,156.0
17.0,341,23265815,20.058823529411764
11.0,252,23266067,22.90909090909091
10.0,341,23266408,34.1
14.0,511,23266919,36.5
13.0,273,23267192,21.0
22.0,541,23267733,24.59090909090909
26.0,1003,23268736,38.57692307692308
13.0,257,23268993,19.76923076923077
37.0,965,23269958,26.08108108108108
20.0,492,23270450,24.6
25.0,621,23271071,24.84
17.0,529,23271600,31.11764705882353
26.0,538,23272138,20.692307692307693
28.0,877,23273015,31.321428571428573
20.0,965,23273980,48.25
20.0,487,23274467,24.35
22.0,399,23274866,18.136363636363637
25.0,524,23275390,20.96
3.0,55,23275445,18.333333333333332
27.0,639,23276084,23.666666666666668
6.0,135,23276219,22.5
27.0,564,23276783,20.88888888888889
13.0,240,23277023,18.46153846153846
18.0,341,23277364,18.944444444444443
26.0,593,23277957,22.807692307692307
8.0,100,23278057,12.5
13.0,304,23278361,23.384615384615383
32.0,798,23279159,24.9375
35.0,1455,23280614,41.57142857142857
22.0,431,23281045,19.59090909090909
8.0,224,23281269,28.0
7.0,83,23281352,11.857142857142858
11.0,621,23281973,56.45454545454545
22.0,439,23282412,19.954545454545453
20.0,1044,23283456,52.2
26.0,662,23284118,25.46153846153846
22.0,620,23284738,28.181818181818183
17.0,316,23285054,18.58823529411765
8.0,125,23285179,15.625
15.0,299,23285478,19.933333333333334
14.0,917,23286395,65.5
18.0,333,23286728,18.5
14.0,331,23287059,23.642857142857142
12.0,238,23287297,19.833333333333332
9.0,139,23287436,15.444444444444445
17.0,335,23287771,19.705882352941178
0.0,441,23288212,inf
14.0,342,23288554,24.428571428571427
8.0,104,23288658,13.0
12.0,263,23288921,21.916666666666668
23.0,414,23289335,18.0
0.0,441,23289776,inf
30.0,841,23290617,28.033333333333335
26.0,586,23291203,22.53846153846154
12.0,261,23291464,21.75
13.0,284,23291748,21.846153846153847
16.0,435,23292183,27.1875
14.0,761,23292944,54.357142857142854
12.0,130,23293074,10.833333333333334
5.0,100,23293174,20.0
31.0,692,23293866,22.322580645161292
11.0,262,23294128,23.818181818181817
21.0,469,23294597,22.333333333333332
19.0,463,23295060,24.36842105263158
15.0,244,23295304,16.266666666666666
24.0,592,23295896,24.666666666666668
10.0,193,23296089,19.3
32.0,1190,23297279,37.1875
11.0,239,23297518,21.727272727272727
13.0,385,23297903,29.615384615384617
28.0,734,23298637,26.214285714285715
22.0,435,23299072,19.772727272727273
7.0,136,23299208,19.428571428571427
26.0,655,23299863,25.192307692307693
18.0,583,23300446,32.388888888888886
26.0,569,23301015,21.884615384615383
17.0,396,23301411,23.294117647058822
17.0,445,23301856,26.176470588235293
8.0,151,23302007,18.875
14.0,240,23302247,17.142857142857142
34.0,930,23303177,27.352941176470587
18.0,293,23303470,16.27777777777778
36.0,1186,23304656,32.94444444444444
6.0,115,23304771,19.166666666666668
14.0,221,23304992,15.785714285714286
12.0,226,23305218,18.833333333333332
19.0,387,23305605,20.36842105263158
3.0,58,23305663,19.333333333333332
21.0,412,23306075,19.61904761904762
31.0,843,23306918,27.193548387096776
31.0,935,23307853,30.161290322580644
13.0,308,23308161,23.692307692307693
25.0,739,23308900,29.56
21.0,806,23309706,38.38095238095238
26.0,520,23310226,20.0
14.0,290,23310516,20.714285714285715
16.0,474,23310990,29.625
12.0,717,23311707,59.75
21.0,433,23312140,20.61904761904762
17.0,361,23312501,21.235294117647058
26.0,480,23312981,18.46153846153846
10.0,141,23313122,14.1
16.0,459,23313581,28.6875
26.0,656,23314237,25.23076923076923
20.0,354,23314591,17.7
24.0,542,23315133,22.583333333333332
10.0,153,23315286,15.3
6.0,138,23315424,23.0
6.0,133,23315557,22.166666666666668
13.0,202,23315759,15.538461538461538
11.0,213,23315972,19.363636363636363
33.0,922,23316894,27.939393939393938
11.0,207,23317101,18.818181818181817
13.0,282,23317383,21.692307692307693
5.0,128,23317511,25.6
24.0,416,23317927,17.333333333333332
21.0,473,23318400,22.523809523809526
14.0,236,23318636,16.857142857142858
19.0,468,23319104,24.63157894736842
14.0,270,23319374,19.285714285714285
11.0,367,23319741,33.36363636363637
20.0,499,23320240,24.95
22.0,512,23320752,23.272727272727273
22.0,967,23321719,43.95454545454545
11.0,227,23321946,20.636363636363637
28.0,1209,23323155,43.17857142857143
21.0,379,23323534,18.047619047619047
35.0,635,23324169,18.142857142857142
27.0,660,23324829,24.444444444444443
14.0,308,23325137,22.0
7.0,173,23325310,24.714285714285715
33.0,880,23326190,26.666666666666668
35.0,869,23327059,24.82857142857143
33.0,943,23328002,28.575757575757574
22.0,408,23328410,18.545454545454547
17.0,325,23328735,19.11764705882353
10.0,168,23328903,16.8
23.0,515,23329418,22.391304347826086
8.0,141,23329559,17.625
12.0,238,23329797,19.833333333333332
7.0,103,23329900,14.714285714285714
10.0,288,23330188,28.8
3.0,201,23330389,67.0
14.0,332,23330721,23.714285714285715
17.0,347,23331068,20.41176470588235
16.0,268,23331336,16.75
17.0,296,23331632,17.41176470588235
19.0,428,23332060,22.526315789473685
21.0,396,23332456,18.857142857142858
4.0,114,23332570,28.5
26.0,1221,23333791,46.96153846153846
18.0,546,23334337,30.333333333333332
31.0,680,23335017,21.93548387096774
28.0,536,23335553,19.142857142857142
9.0,250,23335803,27.77777777777778
18.0,848,23336651,47.111111111111114
15.0,312,23336963,20.8
12.0,192,23337155,16.0
24.0,370,23337525,15.416666666666666
12.0,233,23337758,19.416666666666668
18.0,423,23338181,23.5
15.0,510,23338691,34.0
8.0,213,23338904,26.625
18.0,413,23339317,22.944444444444443
17.0,280,23339597,16.470588235294116
3.0,91,23339688,30.333333333333332
16.0,381,23340069,23.8125
4.0,57,23340126,14.25
19.0,404,23340530,21.263157894736842
9.0,558,23341088,62.0
15.0,428,23341516,28.533333333333335
12.0,240,23341756,20.0
30.0,721,23342477,24.033333333333335
26.0,493,23342970,18.96153846153846
12.0,755,23343725,62.916666666666664
4.0,522,23344247,130.5
19.0,365,23344612,19.210526315789473
18.0,751,23345363,41.72222222222222
29.0,587,23345950,20.24137931034483
19.0,412,23346362,21.68421052631579
16.0,307,23346669,19.1875
30.0,773,23347442,25.766666666666666
26.0,674,23348116,25.923076923076923
23.0,475,23348591,20.652173913043477
36.0,1019,23349610,28.305555555555557
8.0,102,23349712,12.75
10.0,194,23349906,19.4
24.0,376,23350282,15.666666666666666
17.0,316,23350598,18.58823529411765
10.0,313,23350911,31.3
8.0,168,23351079,21.0
28.0,604,23351683,21.571428571428573
34.0,602,23352285,17.705882352941178
28.0,698,23352983,24.928571428571427
20.0,411,23353394,20.55
4.0,42,23353436,10.5
8.0,187,23353623,23.375
8.0,119,23353742,14.875
6.0,105,23353847,17.5
8.0,136,23353983,17.0
34.0,880,23354863,25.88235294117647
11.0,196,23355059,17.818181818181817
18.0,429,23355488,23.833333333333332
8.0,160,23355648,20.0
12.0,303,23355951,25.25
17.0,775,23356726,45.588235294117645
7.0,153,23356879,21.857142857142858
4.0,92,23356971,23.0
1.0,36,23357007,36.0
9.0,173,23357180,19.22222222222222
24.0,702,23357882,29.25
15.0,270,23358152,18.0
23.0,543,23358695,23.608695652173914
31.0,992,23359687,32.0
7.0,245,23359932,35.0
24.0,514,23360446,21.416666666666668
12.0,344,23360790,28.666666666666668
16.0,399,23361189,24.9375
31.0,901,23362090,29.06451612903226
1.0,40,23362130,40.0
24.0,549,23362679,22.875
2.0,499,23363178,249.5
11.0,217,23363395,19.727272727272727
29.0,447,23363842,15.413793103448276
14.0,383,23364225,27.357142857142858
28.0,645,23364870,23.035714285714285
21.0,344,23365214,16.38095238095238
20.0,480,23365694,24.0
2.0,45,23365739,22.5
26.0,474,23366213,18.23076923076923
29.0,622,23366835,21.448275862068964
19.0,443,23367278,23.31578947368421
15.0,226,23367504,15.066666666666666
21.0,570,23368074,27.142857142857142
9.0,167,23368241,18.555555555555557
13.0,332,23368573,25.53846153846154
38.0,822,23369395,21.63157894736842
23.0,534,23369929,23.217391304347824
18.0,376,23370305,20.88888888888889
17.0,347,23370652,20.41176470588235
15.0,228,23370880,15.2
23.0,451,23371331,19.608695652173914
20.0,422,23371753,21.1
12.0,200,23371953,16.666666666666668
17.0,320,23372273,18.823529411764707
23.0,317,23372590,13.782608695652174
1.0,100,23372690,100.0
24.0,649,23373339,27.041666666666668
18.0,436,23373775,24.22222222222222
9.0,192,23373967,21.333333333333332
1.0,446,23374413,446.0
13.0,247,23374660,19.0
22.0,614,23375274,27.90909090909091
25.0,576,23375850,23.04
18.0,448,23376298,24.88888888888889
12.0,216,23376514,18.0
31.0,761,23377275,24.548387096774192
19.0,392,23377667,20.63157894736842
22.0,487,23378154,22.136363636363637
21.0,387,23378541,18.428571428571427
26.0,539,23379080,20.73076923076923
18.0,525,23379605,29.166666666666668
19.0,315,23379920,16.57894736842105
18.0,306,23380226,17.0
11.0,193,23380419,17.545454545454547
34.0,838,23381257,24.647058823529413
13.0,234,23381491,18.0
20.0,406,23381897,20.3
5.0,69,23381966,13.8
10.0,144,23382110,14.4
26.0,632,23382742,24.307692307692307
13.0,231,23382973,17.76923076923077
25.0,557,23383530,22.28
6.0,574,23384104,95.66666666666667
17.0,377,23384481,22.176470588235293
22.0,545,23385026,24.772727272727273
21.0,457,23385483,21.761904761904763
25.0,694,23386177,27.76
16.0,282,23386459,17.625
9.0,236,23386695,26.22222222222222
28.0,616,23387311,22.0
11.0,260,23387571,23.636363636363637
9.0,188,23387759,20.88888888888889
4.0,53,23387812,13.25
15.0,359,23388171,23.933333333333334
26.0,577,23388748,22.192307692307693
5.0,95,23388843,19.0
29.0,583,23389426,20.103448275862068
24.0,687,23390113,28.625
24.0,552,23390665,23.0
21.0,478,23391143,22.761904761904763
31.0,812,23391955,26.193548387096776
5.0,127,23392082,25.4
25.0,692,23392774,27.68
24.0,614,23393388,25.583333333333332
35.0,914,23394302,26.114285714285714
15.0,430,23394732,28.666666666666668
3.0,474,23395206,158.0
10.0,234,23395440,23.4
24.0,561,23396001,23.375
0.0,441,23396442,inf
24.0,957,23397399,39.875
16.0,252,23397651,15.75
23.0,476,23398127,20.695652173913043
23.0,578,23398705,25.130434782608695
4.0,96,23398801,24.0
1.0,53,23398854,53.0
8.0,596,23399450,74.5
27.0,661,23400111,24.48148148148148
9.0,117,23400228,13.0
26.0,550,23400778,21.153846153846153
25.0,618,23401396,24.72
10.0,231,23401627,23.1
10.0,318,23401945,31.8
30.0,645,23402590,21.5
9.0,154,23402744,17.11111111111111
12.0,310,23403054,25.833333333333332
19.0,467,23403521,24.57894736842105
7.0,185,23403706,26.428571428571427
16.0,290,23403996,18.125
29.0,1147,23405143,39.55172413793103
11.0,624,23405767,56.72727272727273
24.0,612,23406379,25.5
8.0,552,23406931,69.0
23.0,522,23407453,22.695652173913043
13.0,330,23407783,25.384615384615383
12.0,426,23408209,35.5
6.0,97,23408306,16.166666666666668
19.0,471,23408777,24.789473684210527
15.0,281,23409058,18.733333333333334
12.0,253,23409311,21.083333333333332
1.0,21,23409332,21.0
9.0,130,23409462,14.444444444444445
6.0,167,23409629,27.833333333333332
8.0,234,23409863,29.25
17.0,563,23410426,33.11764705882353
2.0,459,23410885,229.5
22.0,436,23411321,19.818181818181817
23.0,380,23411701,16.52173913043478
12.0,218,23411919,18.166666666666668
12.0,197,23412116,16.416666666666668
18.0,518,23412634,28.77777777777778
4.0,120,23412754,30.0
9.0,158,23412912,17.555555555555557
5.0,505,23413417,101.0
15.0,331,23413748,22.066666666666666
6.0,183,23413931,30.5
18.0,369,23414300,20.5
9.0,309,23414609,34.333333333333336
19.0,413,23415022,21.736842105263158
14.0,394,23415416,28.142857142857142
2.0,41,23415457,20.5
20.0,448,23415905,22.4
23.0,447,23416352,19.434782608695652
23.0,364,23416716,15.826086956521738
31.0,1272,23417988,41.03225806451613
22.0,608,23418596,27.636363636363637
30.0,810,23419406,27.0
18.0,355,23419761,19.72222222222222
7.0,132,23419893,18.857142857142858
12.0,185,23420078,15.416666666666666
19.0,358,23420436,18.842105263157894
27.0,648,23421084,24.0
18.0,337,23421421,18.72222222222222
15.0,337,23421758,22.466666666666665
24.0,580,23422338,24.166666666666668
19.0,360,23422698,18.94736842105263
26.0,685,23423383,26.346153846153847
31.0,516,23423899,16.64516129032258
26.0,564,23424463,21.692307692307693
20.0,399,23424862,19.95
24.0,555,23425417,23.125
27.0,553,23425970,20.48148148148148
22.0,409,23426379,18.59090909090909
16.0,421,23426800,26.3125
2.0,27,23426827,13.5
4.0,71,23426898,17.75
16.0,403,23427301,25.1875
26.0,608,23427909,23.384615384615383
18.0,443,23428352,24.61111111111111
25.0,569,23428921,22.76
15.0,370,23429291,24.666666666666668
22.0,571,23429862,25.954545454545453
13.0,277,23430139,21.307692307692307
18.0,769,23430908,42.72222222222222
24.0,709,23431617,29.541666666666668
44.0,851,23432468,19.34090909090909
27.0,458,23432926,16.962962962962962
22.0,679,23433605,30.863636363636363
11.0,253,23433858,23.0
11.0,253,23434111,23.0
14.0,363,23434474,25.928571428571427
28.0,511,23434985,18.25
26.0,597,23435582,22.96153846153846
22.0,388,23435970,17.636363636363637
32.0,780,23436750,24.375
18.0,385,23437135,21.38888888888889
34.0,681,23437816,20.029411764705884
28.0,895,23438711,31.964285714285715
25.0,658,23439369,26.32
13.0,303,23439672,23.307692307692307
15.0,314,23439986,20.933333333333334
19.0,413,23440399,21.736842105263158
35.0,740,23441139,21.142857142857142
20.0,385,23441524,19.25
15.0,259,23441783,17.266666666666666
5.0,76,23441859,15.2
28.0,536,23442395,19.142857142857142
12.0,247,23442642,20.583333333333332
30.0,718,23443360,23.933333333333334
25.0,470,23443830,18.8
31.0,801,23444631,25.838709677419356
22.0,394,23445025,17.90909090909091
21.0,407,23445432,19.38095238095238
21.0,367,23445799,17.476190476190474
18.0,408,23446207,22.666666666666668
12.0,282,23446489,23.5
7.0,151,23446640,21.571428571428573
18.0,405,23447045,22.5
28.0,543,23447588,19.392857142857142
12.0,320,23447908,26.666666666666668
29.0,623,23448531,21.482758620689655
12.0,298,23448829,24.833333333333332
21.0,421,23449250,20.047619047619047
5.0,103,23449353,20.6
24.0,618,23449971,25.75
12.0,226,23450197,18.833333333333332
17.0,358,23450555,21.058823529411764
21.0,462,23451017,22.0
3.0,37,23451054,12.333333333333334
21.0,443,23451497,21.095238095238095
24.0,463,23451960,19.291666666666668
19.0,460,23452420,24.210526315789473
10.0,248,23452668,24.8
18.0,342,23453010,19.0
22.0,460,23453470,20.90909090909091
30.0,669,23454139,22.3
15.0,389,23454528,25.933333333333334
18.0,429,23454957,23.833333333333332
17.0,415,23455372,24.41176470588235
29.0,633,23456005,21.82758620689655
25.0,470,23456475,18.8
15.0,224,23456699,14.933333333333334
22.0,338,23457037,15.363636363636363
14.0,277,23457314,19.785714285714285
22.0,592,23457906,26.90909090909091
16.0,262,23458168,16.375
18.0,534,23458702,29.666666666666668
9.0,180,23458882,20.0
19.0,343,23459225,18.05263157894737
19.0,552,23459777,29.05263157894737
13.0,342,23460119,26.307692307692307
34.0,919,23461038,27.029411764705884
24.0,595,23461633,24.791666666666668
15.0,436,23462069,29.066666666666666
16.0,363,23462432,22.6875
30.0,737,23463169,24.566666666666666
6.0,100,23463269,16.666666666666668
31.0,851,23464120,27.451612903225808
35.0,765,23464885,21.857142857142858
9.0,704,23465589,78.22222222222223
20.0,425,23466014,21.25
27.0,586,23466600,21.703703703703702
26.0,654,23467254,25.153846153846153
8.0,99,23467353,12.375
24.0,722,23468075,30.083333333333332
19.0,455,23468530,23.94736842105263
21.0,901,23469431,42.904761904761905
28.0,590,23470021,21.071428571428573
17.0,299,23470320,17.58823529411765
17.0,397,23470717,23.352941176470587
17.0,385,23471102,22.647058823529413
15.0,293,23471395,19.533333333333335
15.0,378,23471773,25.2
19.0,476,23472249,25.05263157894737
12.0,319,23472568,26.583333333333332
10.0,311,23472879,31.1
13.0,332,23473211,25.53846153846154
3.0,56,23473267,18.666666666666668
30.0,1145,23474412,38.166666666666664
27.0,491,23474903,18.185185185185187
22.0,448,23475351,20.363636363636363
14.0,356,23475707,25.428571428571427
11.0,433,23476140,39.36363636363637
1.0,30,23476170,30.0
31.0,594,23476764,19.161290322580644
14.0,284,23477048,20.285714285714285
30.0,661,23477709,22.033333333333335
41.0,1182,23478891,28.829268292682926
25.0,455,23479346,18.2
35.0,984,23480330,28.114285714285714
24.0,492,23480822,20.5
17.0,359,23481181,21.11764705882353
22.0,345,23481526,15.681818181818182
11.0,242,23481768,22.0
20.0,670,23482438,33.5
26.0,673,23483111,25.884615384615383
15.0,230,23483341,15.333333333333334
20.0,398,23483739,19.9
20.0,364,23484103,18.2
2.0,537,23484640,268.5
4.0,523,23485163,130.75
14.0,388,23485551,27.714285714285715
20.0,367,23485918,18.35
9.0,124,23486042,13.777777777777779
3.0,503,23486545,167.66666666666666
32.0,688,23487233,21.5
19.0,385,23487618,20.263157894736842
27.0,631,23488249,23.37037037037037
24.0,594,23488843,24.75
28.0,704,23489547,25.142857142857142
14.0,247,23489794,17.642857142857142
18.0,333,23490127,18.5
17.0,423,23490550,24.88235294117647
8.0,637,23491187,79.625
16.0,315,23491502,19.6875
19.0,371,23491873,19.526315789473685
8.0,192,23492065,24.0
16.0,464,23492529,29.0
15.0,336,23492865,22.4
12.0,806,23493671,67.16666666666667
9.0,172,23493843,19.11111111111111
12.0,325,23494168,27.083333333333332
7.0,657,23494825,93.85714285714286
23.0,603,23495428,26.217391304347824
12.0,281,23495709,23.416666666666668
21.0,454,23496163,21.61904761904762
18.0,339,23496502,18.833333333333332
12.0,337,23496839,28.083333333333332
22.0,448,23497287,20.363636363636363
38.0,947,23498234,24.92105263157895
21.0,545,23498779,25.952380952380953
21.0,352,23499131,16.761904761904763
12.0,291,23499422,24.25
10.0,186,23499608,18.6
16.0,271,23499879,16.9375
20.0,523,23500402,26.15
22.0,472,23500874,21.454545454545453
19.0,338,23501212,17.789473684210527
25.0,584,23501796,23.36
11.0,284,23502080,25.818181818181817
27.0,596,23502676,22.074074074074073
7.0,597,23503273,85.28571428571429
16.0,350,23503623,21.875
22.0,457,23504080,20.772727272727273
18.0,369,23504449,20.5
25.0,604,23505053,24.16
9.0,269,23505322,29.88888888888889
14.0,295,23505617,21.071428571428573
20.0,370,23505987,18.5
10.0,199,23506186,19.9
15.0,273,23506459,18.2
10.0,200,23506659,20.0
19.0,322,23506981,16.94736842105263
35.0,807,23507788,23.057142857142857
25.0,750,23508538,30.0
14.0,268,23508806,19.142857142857142
8.0,129,23508935,16.125
9.0,603,23509538,67.0
6.0,119,23509657,19.833333333333332
32.0,799,23510456,24.96875
10.0,638,23511094,63.8
24.0,597,23511691,24.875
17.0,441,23512132,25.941176470588236
13.0,382,23512514,29.384615384615383
7.0,163,23512677,23.285714285714285
6.0,166,23512843,27.666666666666668
11.0,367,23513210,33.36363636363637
13.0,208,23513418,16.0
6.0,141,23513559,23.5
30.0,675,23514234,22.5
8.0,170,23514404,21.25
13.0,190,23514594,14.615384615384615
18.0,540,23515134,30.0
17.0,453,23515587,26.647058823529413
27.0,569,23516156,21.074074074074073
18.0,413,23516569,22.944444444444443
15.0,247,23516816,16.466666666666665
18.0,375,23517191,20.833333333333332
7.0,101,23517292,14.428571428571429
16.0,315,23517607,19.6875
25.0,557,23518164,22.28
21.0,906,23519070,43.142857142857146
3.0,65,23519135,21.666666666666668
8.0,94,23519229,11.75
5.0,193,23519422,38.6
14.0,308,23519730,22.0
21.0,404,23520134,19.238095238095237
24.0,542,23520676,22.583333333333332
10.0,160,23520836,16.0
14.0,210,23521046,15.0
11.0,270,23521316,24.545454545454547
13.0,227,23521543,17.46153846153846
14.0,301,23521844,21.5
27.0,711,23522555,26.333333333333332
19.0,352,23522907,18.526315789473685
15.0,319,23523226,21.266666666666666
19.0,386,23523612,20.31578947368421
22.0,559,23524171,25.40909090909091
16.0,307,23524478,19.1875
20.0,427,23524905,21.35
9.0,126,23525031,14.0
22.0,423,23525454,19.227272727272727
15.0,299,23525753,19.933333333333334
16.0,366,23526119,22.875
22.0,577,23526696,26.227272727272727
31.0,797,23527493,25.70967741935484
15.0,284,23527777,18.933333333333334
3.0,44,23527821,14.666666666666666
13.0,272,23528093,20.923076923076923
24.0,649,23528742,27.041666666666668
8.0,222,23528964,27.75
20.0,733,23529697,36.65
19.0,503,23530200,26.473684210526315
28.0,1019,23531219,36.392857142857146
26.0,644,23531863,24.76923076923077
17.0,333,23532196,19.58823529411765
10.0,216,23532412,21.6
16.0,402,23532814,25.125
16.0,443,23533257,27.6875
27.0,996,23534253,36.888888888888886
22.0,585,23534838,26.59090909090909
19.0,756,23535594,39.78947368421053
15.0,357,23535951,23.8
13.0,150,23536101,11.538461538461538
22.0,411,23536512,18.681818181818183
21.0,404,23536916,19.238095238095237
22.0,602,23537518,27.363636363636363
14.0,213,23537731,15.214285714285714
26.0,576,23538307,22.153846153846153
16.0,358,23538665,22.375
22.0,611,23539276,27.772727272727273
20.0,451,23539727,22.55
29.0,704,23540431,24.275862068965516
19.0,340,23540771,17.894736842105264
23.0,431,23541202,18.73913043478261
22.0,462,23541664,21.0
2.0,51,23541715,25.5
27.0,605,23542320,22.40740740740741
24.0,499,23542819,20.791666666666668
2.0,476,23543295,238.0
14.0,272,23543567,19.428571428571427
12.0,719,23544286,59.916666666666664
8.0,146,23544432,18.25
17.0,413,23544845,24.294117647058822
6.0,154,23544999,25.666666666666668
24.0,498,23545497,20.75
6.0,142,23545639,23.666666666666668
19.0,521,23546160,27.42105263157895
7.0,524,23546684,74.85714285714286
3.0,62,23546746,20.666666666666668
14.0,289,23547035,20.642857142857142
25.0,533,23547568,21.32
28.0,590,23548158,21.071428571428573
31.0,890,23549048,28.70967741935484
12.0,297,23549345,24.75
8.0,175,23549520,21.875
17.0,521,23550041,30.647058823529413
31.0,1251,23551292,40.354838709677416
37.0,850,23552142,22.972972972972972
30.0,748,23552890,24.933333333333334
22.0,513,23553403,23.318181818181817
18.0,859,23554262,47.72222222222222
21.0,560,23554822,26.666666666666668
24.0,447,23555269,18.625
26.0,709,23555978,27.26923076923077
3.0,38,23556016,12.666666666666666
18.0,892,23556908,49.55555555555556
15.0,293,23557201,19.533333333333335
16.0,407,23557608,25.4375
19.0,392,23558000,20.63157894736842
30.0,766,23558766,25.533333333333335
27.0,521,23559287,19.296296296296298
11.0,608,23559895,55.27272727272727
4.0,42,23559937,10.5
17.0,397,23560334,23.352941176470587
26.0,904,23561238,34.76923076923077
15.0,257,23561495,17.133333333333333
23.0,475,23561970,20.652173913043477
7.0,93,23562063,13.285714285714286
8.0,205,23562268,25.625
19.0,574,23562842,30.210526315789473
25.0,658,23563500,26.32
16.0,411,23563911,25.6875
25.0,533,23564444,21.32
5.0,130,23564574,26.0
13.0,245,23564819,18.846153846153847
6.0,215,23565034,35.833333333333336
10.0,253,23565287,25.3
14.0,694,23565981,49.57142857142857
8.0,195,23566176,24.375
20.0,687,23566863,34.35
23.0,393,23567256,17.08695652173913
15.0,333,23567589,22.2
23.0,676,23568265,29.391304347826086
11.0,282,23568547,25.636363636363637
8.0,562,23569109,70.25
11.0,222,23569331,20.181818181818183
9.0,201,23569532,22.333333333333332
32.0,676,23570208,21.125
10.0,170,23570378,17.0
10.0,199,23570577,19.9
4.0,96,23570673,24.0
1.0,42,23570715,42.0
25.0,726,23571441,29.04
37.0,928,23572369,25.08108108108108
22.0,446,23572815,20.272727272727273
25.0,650,23573465,26.0
19.0,451,23573916,23.736842105263158
27.0,674,23574590,24.962962962962962
14.0,332,23574922,23.714285714285715
27.0,801,23575723,29.666666666666668
1.0,456,23576179,456.0
35.0,970,23577149,27.714285714285715
10.0,403,23577552,40.3
29.0,720,23578272,24.82758620689655
9.0,220,23578492,24.444444444444443
29.0,897,23579389,30.93103448275862
28.0,657,23580046,23.464285714285715
23.0,604,23580650,26.26086956521739
12.0,306,23580956,25.5
29.0,887,23581843,30.586206896551722
27.0,660,23582503,24.444444444444443
15.0,422,23582925,28.133333333333333
12.0,285,23583210,23.75
9.0,206,23583416,22.88888888888889
31.0,959,23584375,30.93548387096774
7.0,140,23584515,20.0
8.0,208,23584723,26.0
24.0,603,23585326,25.125
23.0,597,23585923,25.956521739130434
32.0,790,23586713,24.6875
12.0,309,23587022,25.75
3.0,37,23587059,12.333333333333334
30.0,772,23587831,25.733333333333334
2.0,81,23587912,40.5
8.0,216,23588128,27.0
12.0,180,23588308,15.0
24.0,498,23588806,20.75
16.0,665,23589471,41.5625
13.0,367,23589838,28.23076923076923
6.0,505,23590343,84.16666666666667
23.0,566,23590909,24.608695652173914
5.0,59,23590968,11.8
19.0,591,23591559,31.105263157894736
8.0,389,23591948,48.625
8.0,224,23592172,28.0
1.0,456,23592628,456.0
15.0,468,23593096,31.2
11.0,361,23593457,32.81818181818182
10.0,222,23593679,22.2
12.0,262,23593941,21.833333333333332
10.0,186,23594127,18.6
22.0,667,23594794,30.318181818181817
18.0,381,23595175,21.166666666666668
1.0,455,23595630,455.0
36.0,986,23596616,27.38888888888889
6.0,98,23596714,16.333333333333332
10.0,210,23596924,21.0
26.0,710,23597634,27.307692307692307
20.0,467,23598101,23.35
23.0,650,23598751,28.26086956521739
17.0,470,23599221,27.647058823529413
20.0,785,23600006,39.25
24.0,1021,23601027,42.541666666666664
26.0,538,23601565,20.692307692307693
21.0,602,23602167,28.666666666666668
12.0,223,23602390,18.583333333333332
9.0,164,23602554,18.22222222222222
10.0,195,23602749,19.5
15.0,541,23603290,36.06666666666667
3.0,487,23603777,162.33333333333334
20.0,535,23604312,26.75
10.0,180,23604492,18.0
3.0,90,23604582,30.0
17.0,371,23604953,21.823529411764707
10.0,164,23605117,16.4
21.0,399,23605516,19.0
6.0,145,23605661,24.166666666666668
12.0,224,23605885,18.666666666666668
22.0,532,23606417,24.181818181818183
7.0,226,23606643,32.285714285714285
23.0,628,23607271,27.304347826086957
10.0,164,23607435,16.4
24.0,556,23607991,23.166666666666668
11.0,228,23608219,20.727272727272727
7.0,215,23608434,30.714285714285715
23.0,464,23608898,20.17391304347826
8.0,150,23609048,18.75
18.0,378,23609426,21.0
24.0,570,23609996,23.75
6.0,111,23610107,18.5
29.0,823,23610930,28.379310344827587
24.0,581,23611511,24.208333333333332
12.0,259,23611770,21.583333333333332
23.0,509,23612279,22.130434782608695
4.0,99,23612378,24.75
25.0,660,23613038,26.4
18.0,397,23613435,22.055555555555557
14.0,251,23613686,17.928571428571427
8.0,277,23613963,34.625
22.0,1021,23614984,46.40909090909091
33.0,1267,23616251,38.39393939393939
21.0,432,23616683,20.571428571428573
17.0,573,23617256,33.705882352941174
6.0,255,23617511,42.5
19.0,652,23618163,34.31578947368421
12.0,207,23618370,17.25
15.0,294,23618664,19.6
10.0,227,23618891,22.7
8.0,235,23619126,29.375
20.0,469,23619595,23.45
10.0,343,23619938,34.3
20.0,444,23620382,22.2
19.0,569,23620951,29.94736842105263
13.0,320,23621271,24.615384615384617
14.0,336,23621607,24.0
27.0,811,23622418,30.037037037037038
16.0,574,23622992,35.875
4.0,62,23623054,15.5
25.0,619,23623673,24.76
16.0,416,23624089,26.0
21.0,564,23624653,26.857142857142858
1.0,21,23624674,21.0
2.0,29,23624703,14.5
9.0,223,23624926,24.77777777777778
17.0,587,23625513,34.529411764705884
18.0,395,23625908,21.944444444444443
23.0,658,23626566,28.608695652173914
17.0,561,23627127,33.0
16.0,446,23627573,27.875
12.0,276,23627849,23.0
4.0,234,23628083,58.5
26.0,653,23628736,25.115384615384617
22.0,416,23629152,18.90909090909091
6.0,142,23629294,23.666666666666668
17.0,455,23629749,26.764705882352942
29.0,865,23630614,29.82758620689655
13.0,265,23630879,20.384615384615383
10.0,228,23631107,22.8
12.0,278,23631385,23.166666666666668
20.0,501,23631886,25.05
19.0,637,23632523,33.526315789473685
6.0,92,23632615,15.333333333333334
22.0,335,23632950,15.227272727272727
22.0,464,23633414,21.09090909090909
15.0,327,23633741,21.8
11.0,186,23633927,16.90909090909091
22.0,798,23634725,36.27272727272727
4.0,42,23634767,10.5
14.0,322,23635089,23.0
18.0,451,23635540,25.055555555555557
9.0,232,23635772,25.77777777777778
18.0,476,23636248,26.444444444444443
15.0,311,23636559,20.733333333333334
14.0,333,23636892,23.785714285714285
11.0,226,23637118,20.545454545454547
29.0,776,23637894,26.75862068965517
4.0,595,23638489,148.75
18.0,474,23638963,26.333333333333332
16.0,299,23639262,18.6875
22.0,630,23639892,28.636363636363637
14.0,282,23640174,20.142857142857142
12.0,461,23640635,38.416666666666664
4.0,67,23640702,16.75
2.0,32,23640734,16.0
12.0,179,23640913,14.916666666666666
30.0,825,23641738,27.5
26.0,744,23642482,28.615384615384617
13.0,298,23642780,22.923076923076923
19.0,412,23643192,21.68421052631579
12.0,339,23643531,28.25
12.0,304,23643835,25.333333333333332
32.0,650,23644485,20.3125
31.0,869,23645354,28.032258064516128
5.0,130,23645484,26.0
31.0,964,23646448,31.096774193548388
2.0,71,23646519,35.5
4.0,99,23646618,24.75
9.0,325,23646943,36.111111111111114
17.0,514,23647457,30.235294117647058
5.0,185,23647642,37.0
13.0,219,23647861,16.846153846153847
16.0,349,23648210,21.8125
10.0,231,23648441,23.1
10.0,208,23648649,20.8
3.0,44,23648693,14.666666666666666
33.0,738,23649431,22.363636363636363
11.0,226,23649657,20.545454545454547
2.0,81,23649738,40.5
15.0,493,23650231,32.86666666666667
14.0,265,23650496,18.928571428571427
25.0,463,23650959,18.52
18.0,339,23651298,18.833333333333332
25.0,661,23651959,26.44
24.0,872,23652831,36.333333333333336
20.0,608,23653439,30.4
19.0,382,23653821,20.105263157894736
16.0,390,23654211,24.375
23.0,873,23655084,37.95652173913044
18.0,311,23655395,17.27777777777778
16.0,436,23655831,27.25
15.0,395,23656226,26.333333333333332
24.0,584,23656810,24.333333333333332
20.0,453,23657263,22.65
5.0,120,23657383,24.0
24.0,481,23657864,20.041666666666668
8.0,220,23658084,27.5
20.0,396,23658480,19.8
20.0,587,23659067,29.35
11.0,291,23659358,26.454545454545453
18.0,447,23659805,24.833333333333332
7.0,164,23659969,23.428571428571427
14.0,471,23660440,33.642857142857146
6.0,87,23660527,14.5
25.0,619,23661146,24.76
8.0,175,23661321,21.875
12.0,322,23661643,26.833333333333332
14.0,440,23662083,31.428571428571427
33.0,737,23662820,22.333333333333332
6.0,87,23662907,14.5
16.0,372,23663279,23.25
15.0,301,23663580,20.066666666666666
24.0,616,23664196,25.666666666666668
15.0,223,23664419,14.866666666666667
19.0,355,23664774,18.68421052631579
19.0,452,23665226,23.789473684210527
22.0,465,23665691,21.136363636363637
24.0,642,23666333,26.75
10.0,247,23666580,24.7
12.0,302,23666882,25.166666666666668
7.0,149,23667031,21.285714285714285
26.0,884,23667915,34.0
19.0,590,23668505,31.05263157894737
24.0,670,23669175,27.916666666666668
13.0,470,23669645,36.15384615384615
21.0,426,23670071,20.285714285714285
26.0,769,23670840,29.576923076923077
3.0,78,23670918,26.0
8.0,175,23671093,21.875
14.0,326,23671419,23.285714285714285
25.0,616,23672035,24.64
9.0,224,23672259,24.88888888888889
15.0,340,23672599,22.666666666666668
13.0,258,23672857,19.846153846153847
16.0,352,23673209,22.0
9.0,153,23673362,17.0
24.0,444,23673806,18.5
2.0,61,23673867,30.5
8.0,245,23674112,30.625
8.0,124,23674236,15.5
18.0,381,23674617,21.166666666666668
7.0,132,23674749,18.857142857142858
12.0,284,23675033,23.666666666666668
18.0,464,23675497,25.77777777777778
15.0,538,23676035,35.86666666666667
39.0,1096,23677131,28.102564102564102
31.0,737,23677868,23.774193548387096
16.0,429,23678297,26.8125
31.0,657,23678954,21.193548387096776
4.0,187,23679141,46.75
17.0,425,23679566,25.0
9.0,210,23679776,23.333333333333332
7.0,117,23679893,16.714285714285715
29.0,629,23680522,21.689655172413794
16.0,327,23680849,20.4375
11.0,274,23681123,24.90909090909091
16.0,460,23681583,28.75
23.0,619,23682202,26.91304347826087
9.0,653,23682855,72.55555555555556
17.0,297,23683152,17.470588235294116
30.0,588,23683740,19.6
29.0,712,23684452,24.551724137931036
10.0,198,23684650,19.8
8.0,150,23684800,18.75
26.0,866,23685666,33.30769230769231
2.0,67,23685733,33.5
11.0,356,23686089,32.36363636363637
7.0,599,23686688,85.57142857142857
11.0,166,23686854,15.090909090909092
23.0,740,23687594,32.17391304347826
23.0,661,23688255,28.73913043478261
21.0,613,23688868,29.19047619047619
32.0,728,23689596,22.75
12.0,309,23689905,25.75
22.0,490,23690395,22.272727272727273
14.0,427,23690822,30.5
15.0,299,23691121,19.933333333333334
22.0,569,23691690,25.863636363636363
5.0,147,23691837,29.4
26.0,622,23692459,23.923076923076923
9.0,225,23692684,25.0
41.0,1093,23693777,26.658536585365855
8.0,554,23694331,69.25
8.0,261,23694592,32.625
22.0,699,23695291,31.772727272727273
15.0,666,23695957,44.4
14.0,254,23696211,18.142857142857142
12.0,215,23696426,17.916666666666668
22.0,663,23697089,30.136363636363637
14.0,363,23697452,25.928571428571427
20.0,524,23697976,26.2
3.0,58,23698034,19.333333333333332
14.0,345,23698379,24.642857142857142
12.0,307,23698686,25.583333333333332
17.0,527,23699213,31.0
21.0,659,23699872,31.38095238095238
35.0,1013,23700885,28.942857142857143
22.0,419,23701304,19.045454545454547
4.0,96,23701400,24.0
25.0,661,23702061,26.44
8.0,187,23702248,23.375
8.0,215,23702463,26.875
8.0,183,23702646,22.875
11.0,222,23702868,20.181818181818183
16.0,389,23703257,24.3125
31.0,612,23703869,19.741935483870968
26.0,896,23704765,34.46153846153846
12.0,284,23705049,23.666666666666668
21.0,699,23705748,33.285714285714285
15.0,328,23706076,21.866666666666667
26.0,596,23706672,22.923076923076923
14.0,355,23707027,25.357142857142858
28.0,1027,23708054,36.67857142857143
5.0,144,23708198,28.8
5.0,158,23708356,31.6
7.0,156,23708512,22.285714285714285
7.0,249,23708761,35.57142857142857
12.0,386,23709147,32.166666666666664
1.0,454,23709601,454.0
10.0,210,23709811,21.0
4.0,119,23709930,29.75
7.0,232,23710162,33.142857142857146
10.0,342,23710504,34.2
6.0,153,23710657,25.5
13.0,373,23711030,28.692307692307693
8.0,149,23711179,18.625
9.0,264,23711443,29.333333333333332
10.0,285,23711728,28.5
4.0,105,23711833,26.25
9.0,246,23712079,27.333333333333332
4.0,206,23712285,51.5
14.0,382,23712667,27.285714285714285
3.0,96,23712763,32.0
16.0,414,23713177,25.875
10.0,752,23713929,75.2
3.0,69,23713998,23.0
5.0,78,23714076,15.6
13.0,452,23714528,34.76923076923077
10.0,266,23714794,26.6
7.0,159,23714953,22.714285714285715
18.0,534,23715487,29.666666666666668
19.0,617,23716104,32.473684210526315
3.0,112,23716216,37.333333333333336
6.0,163,23716379,27.166666666666668
4.0,153,23716532,38.25
9.0,203,23716735,22.555555555555557
15.0,389,23717124,25.933333333333334
19.0,659,23717783,34.68421052631579
8.0,223,23718006,27.875
17.0,460,23718466,27.058823529411764
13.0,276,23718742,21.23076923076923
15.0,659,23719401,43.93333333333333
2.0,458,23719859,229.0
7.0,240,23720099,34.285714285714285
14.0,387,23720486,27.642857142857142
3.0,526,23721012,175.33333333333334
4.0,146,23721158,36.5
4.0,153,23721311,38.25
4.0,108,23721419,27.0
5.0,97,23721516,19.4
12.0,379,23721895,31.583333333333332
11.0,347,23722242,31.545454545454547
3.0,98,23722340,32.666666666666664
15.0,346,23722686,23.066666666666666
8.0,283,23722969,35.375
13.0,488,23723457,37.53846153846154
10.0,370,23723827,37.0
10.0,212,23724039,21.2
2.0,464,23724503,232.0
8.0,254,23724757,31.75
9.0,314,23725071,34.888888888888886
11.0,375,23725446,34.09090909090909
3.0,83,23725529,27.666666666666668
11.0,395,23725924,35.90909090909091
14.0,273,23726197,19.5
4.0,122,23726319,30.5
11.0,323,23726642,29.363636363636363
6.0,183,23726825,30.5
14.0,864,23727689,61.714285714285715
9.0,251,23727940,27.88888888888889
2.0,87,23728027,43.5
7.0,219,23728246,31.285714285714285
10.0,206,23728452,20.6
3.0,76,23728528,25.333333333333332
2.0,41,23728569,20.5
1.0,21,23728590,21.0
7.0,197,23728787,28.142857142857142
2.0,86,23728873,43.0
9.0,248,23729121,27.555555555555557
5.0,120,23729241,24.0
4.0,173,23729414,43.25
12.0,432,23729846,36.0
3.0,110,23729956,36.666666666666664
3.0,99,23730055,33.0
6.0,272,23730327,45.333333333333336
8.0,141,23730468,17.625
4.0,101,23730569,25.25
4.0,69,23730638,17.25
11.0,341,23730979,31.0
11.0,256,23731235,23.272727272727273
12.0,514,23731749,42.833333333333336
6.0,161,23731910,26.833333333333332
18.0,550,23732460,30.555555555555557
3.0,39,23732499,13.0
3.0,92,23732591,30.666666666666668
5.0,185,23732776,37.0
3.0,76,23732852,25.333333333333332
14.0,487,23733339,34.785714285714285
7.0,160,23733499,22.857142857142858
11.0,337,23733836,30.636363636363637
13.0,503,23734339,38.69230769230769
6.0,222,23734561,37.0
6.0,88,23734649,14.666666666666666
17.0,508,23735157,29.88235294117647
13.0,435,23735592,33.46153846153846
5.0,94,23735686,18.8
3.0,536,23736222,178.66666666666666
6.0,195,23736417,32.5
13.0,308,23736725,23.692307692307693
16.0,589,23737314,36.8125
16.0,563,23737877,35.1875
14.0,436,23738313,31.142857142857142
7.0,168,23738481,24.0
8.0,210,23738691,26.25
2.0,64,23738755,32.0
11.0,312,23739067,28.363636363636363
4.0,105,23739172,26.25
7.0,242,23739414,34.57142857142857
11.0,281,23739695,25.545454545454547
16.0,400,23740095,25.0
11.0,301,23740396,27.363636363636363
9.0,240,23740636,26.666666666666668
12.0,271,23740907,22.583333333333332
5.0,166,23741073,33.2
4.0,131,23741204,32.75
2.0,42,23741246,21.0
5.0,215,23741461,43.0
13.0,281,23741742,21.615384615384617
10.0,189,23741931,18.9
11.0,266,23742197,24.181818181818183
3.0,70,23742267,23.333333333333332
5.0,196,23742463,39.2
16.0,463,23742926,28.9375
7.0,189,23743115,27.0
12.0,321,23743436,26.75
2.0,23,23743459,11.5
8.0,306,23743765,38.25
1.0,21,23743786,21.0
1.0,40,23743826,40.0
19.0,533,23744359,28.05263157894737
5.0,158,23744517,31.6
4.0,74,23744591,18.5
6.0,160,23744751,26.666666666666668
9.0,398,23745149,44.22222222222222
5.0,178,23745327,35.6
5.0,127,23745454,25.4
11.0,294,23745748,26.727272727272727
5.0,167,23745915,33.4
10.0,357,23746272,35.7
2.0,74,23746346,37.0
4.0,147,23746493,36.75
4.0,90,23746583,22.5
6.0,159,23746742,26.5
14.0,418,23747160,29.857142857142858
12.0,376,23747536,31.333333333333332
9.0,307,23747843,34.111111111111114
7.0,256,23748099,36.57142857142857
5.0,129,23748228,25.8
1.0,25,23748253,25.0
8.0,216,23748469,27.0
3.0,92,23748561,30.666666666666668
9.0,333,23748894,37.0
5.0,222,23749116,44.4
18.0,436,23749552,24.22222222222222
5.0,137,23749689,27.4
17.0,488,23750177,28.705882352941178
7.0,121,23750298,17.285714285714285
4.0,105,23750403,26.25
9.0,271,23750674,30.11111111111111
5.0,158,23750832,31.6
5.0,74,23750906,14.8
10.0,255,23751161,25.5
4.0,107,23751268,26.75
17.0,299,23751567,17.58823529411765
11.0,593,23752160,53.90909090909091
29.0,654,23752814,22.551724137931036
24.0,638,23753452,26.583333333333332
19.0,372,23753824,19.57894736842105
24.0,483,23754307,20.125
13.0,226,23754533,17.384615384615383
27.0,636,23755169,23.555555555555557
16.0,333,23755502,20.8125
24.0,496,23755998,20.666666666666668
10.0,638,23756636,63.8
19.0,373,23757009,19.63157894736842
13.0,283,23757292,21.76923076923077
14.0,362,23757654,25.857142857142858
9.0,134,23757788,14.88888888888889
20.0,420,23758208,21.0
22.0,638,23758846,29.0
9.0,230,23759076,25.555555555555557
14.0,325,23759401,23.214285714285715
19.0,411,23759812,21.63157894736842
26.0,595,23760407,22.884615384615383
41.0,912,23761319,22.24390243902439
17.0,283,23761602,16.647058823529413
8.0,164,23761766,20.5
16.0,375,23762141,23.4375
18.0,452,23762593,25.11111111111111
8.0,106,23762699,13.25
16.0,416,23763115,26.0
19.0,457,23763572,24.05263157894737
23.0,505,23764077,21.956521739130434
17.0,361,23764438,21.235294117647058
24.0,574,23765012,23.916666666666668
22.0,423,23765435,19.227272727272727
8.0,218,23765653,27.25
26.0,604,23766257,23.23076923076923
22.0,456,23766713,20.727272727272727
5.0,130,23766843,26.0
29.0,661,23767504,22.79310344827586
10.0,243,23767747,24.3
24.0,537,23768284,22.375
20.0,494,23768778,24.7
32.0,828,23769606,25.875
17.0,338,23769944,19.88235294117647
17.0,368,23770312,21.647058823529413
2.0,54,23770366,27.0
35.0,654,23771020,18.685714285714287
8.0,160,23771180,20.0
25.0,564,23771744,22.56
19.0,331,23772075,17.42105263157895
23.0,622,23772697,27.043478260869566
24.0,793,23773490,33.041666666666664
7.0,144,23773634,20.571428571428573
28.0,674,23774308,24.071428571428573
20.0,479,23774787,23.95
31.0,668,23775455,21.548387096774192
24.0,452,23775907,18.833333333333332
7.0,103,23776010,14.714285714285714
18.0,419,23776429,23.27777777777778
8.0,226,23776655,28.25
18.0,429,23777084,23.833333333333332
15.0,412,23777496,27.466666666666665
17.0,452,23777948,26.58823529411765
21.0,354,23778302,16.857142857142858
22.0,385,23778687,17.5
14.0,347,23779034,24.785714285714285
12.0,325,23779359,27.083333333333332
26.0,782,23780141,30.076923076923077
32.0,869,23781010,27.15625
15.0,288,23781298,19.2
31.0,1248,23782546,40.25806451612903
9.0,148,23782694,16.444444444444443
7.0,206,23782900,29.428571428571427
33.0,798,23783698,24.181818181818183
16.0,341,23784039,21.3125
3.0,79,23784118,26.333333333333332
29.0,1449,23785567,49.96551724137931
14.0,453,23786020,32.357142857142854
20.0,624,23786644,31.2
11.0,699,23787343,63.54545454545455
8.0,241,23787584,30.125
4.0,105,23787689,26.25
23.0,586,23788275,25.47826086956522
25.0,765,23789040,30.6
8.0,219,23789259,27.375
10.0,313,23789572,31.3
5.0,305,23789877,61.0
8.0,169,23790046,21.125
9.0,305,23790351,33.888888888888886
25.0,715,23791066,28.6
18.0,534,23791600,29.666666666666668
18.0,696,23792296,38.666666666666664
19.0,712,23793008,37.473684210526315
21.0,773,23793781,36.80952380952381
12.0,309,23794090,25.75
17.0,516,23794606,30.352941176470587
11.0,378,23794984,34.36363636363637
17.0,521,23795505,30.647058823529413
22.0,682,23796187,31.0
15.0,393,23796580,26.2
21.0,777,23797357,37.0
26.0,851,23798208,32.73076923076923
19.0,496,23798704,26.105263157894736
5.0,96,23798800,19.2
20.0,505,23799305,25.25
10.0,287,23799592,28.7
11.0,299,23799891,27.181818181818183
28.0,889,23800780,31.75
6.0,278,23801058,46.333333333333336
10.0,261,23801319,26.1
5.0,187,23801506,37.4
7.0,251,23801757,35.857142857142854
3.0,170,23801927,56.666666666666664
7.0,133,23802060,19.0
8.0,304,23802364,38.0
9.0,270,23802634,30.0
4.0,143,23802777,35.75
15.0,799,23803576,53.266666666666666
17.0,500,23804076,29.41176470588235
12.0,318,23804394,26.5
10.0,226,23804620,22.6
16.0,494,23805114,30.875
6.0,109,23805223,18.166666666666668
23.0,669,23805892,29.08695652173913
14.0,399,23806291,28.5
4.0,131,23806422,32.75
11.0,286,23806708,26.0
18.0,568,23807276,31.555555555555557
12.0,432,23807708,36.0
23.0,563,23808271,24.47826086956522
12.0,337,23808608,28.083333333333332
9.0,178,23808786,19.77777777777778
18.0,456,23809242,25.333333333333332
11.0,489,23809731,44.45454545454545
17.0,484,23810215,28.470588235294116
2.0,118,23810333,59.0
11.0,314,23810647,28.545454545454547
11.0,830,23811477,75.45454545454545
15.0,342,23811819,22.8
0.0,92,23811911,inf
34.0,827,23812738,24.323529411764707
6.0,198,23812936,33.0
31.0,1137,23814073,36.67741935483871
21.0,459,23814532,21.857142857142858
36.0,1141,23815673,31.694444444444443
17.0,495,23816168,29.11764705882353
21.0,558,23816726,26.571428571428573
30.0,918,23817644,30.6
29.0,873,23818517,30.103448275862068
13.0,841,23819358,64.6923076923077
18.0,440,23819798,24.444444444444443
4.0,239,23820037,59.75
9.0,444,23820481,49.333333333333336
18.0,491,23820972,27.27777777777778
39.0,1190,23822162,30.512820512820515
15.0,355,23822517,23.666666666666668
38.0,1001,23823518,26.342105263157894
11.0,313,23823831,28.454545454545453
12.0,433,23824264,36.083333333333336
35.0,976,23825240,27.885714285714286
14.0,333,23825573,23.785714285714285
10.0,260,23825833,26.0
0.0,441,23826274,inf
0.0,441,23826715,inf
0.0,441,23827156,inf
2.0,473,23827629,236.5
1.0,100,23827729,100.0
0.0,441,23828170,inf
12.0,464,23828634,38.666666666666664
31.0,814,23829448,26.258064516129032
1.0,444,23829892,444.0
0.0,441,23830333,inf
1.0,454,23830787,454.0
15.0,430,23831217,28.666666666666668
23.0,581,23831798,25.26086956521739
6.0,184,23831982,30.666666666666668
26.0,744,23832726,28.615384615384617
2.0,46,23832772,23.0
7.0,203,23832975,29.0
22.0,538,23833513,24.454545454545453
1.0,453,23833966,453.0
15.0,508,23834474,33.86666666666667
1.0,477,23834951,477.0
20.0,426,23835377,21.3
0.0,441,23835818,inf
3.0,121,23835939,40.333333333333336
0.0,441,23836380,inf
6.0,170,23836550,28.333333333333332
9.0,292,23836842,32.44444444444444
1.0,449,23837291,449.0
4.0,119,23837410,29.75
21.0,704,23838114,33.523809523809526
5.0,179,23838293,35.8
28.0,809,23839102,28.892857142857142
0.0,441,23839543,inf
27.0,764,23840307,28.296296296296298
1.0,451,23840758,451.0
0.0,441,23841199,inf
38.0,1197,23842396,31.5
9.0,231,23842627,25.666666666666668
2.0,160,23842787,80.0
19.0,568,23843355,29.894736842105264
22.0,535,23843890,24.318181818181817
0.0,441,23844331,inf
0.0,441,23844772,inf
2.0,124,23844896,62.0
8.0,259,23845155,32.375
20.0,554,23845709,27.7
7.0,208,23845917,29.714285714285715
27.0,659,23846576,24.40740740740741
2.0,20,23846596,10.0
12.0,343,23846939,28.583333333333332
1.0,470,23847409,470.0
30.0,857,23848266,28.566666666666666
24.0,554,23848820,23.083333333333332
16.0,629,23849449,39.3125
31.0,915,23850364,29.516129032258064
17.0,445,23850809,26.176470588235293
15.0,488,23851297,32.53333333333333
16.0,466,23851763,29.125
1.0,450,23852213,450.0
37.0,931,23853144,25.16216216216216
0.0,441,23853585,inf
16.0,390,23853975,24.375
40.0,1336,23855311,33.4
5.0,541,23855852,108.2
34.0,1057,23856909,31.08823529411765
19.0,654,23857563,34.421052631578945
21.0,551,23858114,26.238095238095237
27.0,708,23858822,26.22222222222222
11.0,234,23859056,21.272727272727273
1.0,449,23859505,449.0
3.0,71,23859576,23.666666666666668
2.0,61,23859637,30.5
2.0,81,23859718,40.5
1.0,66,23859784,66.0
8.0,259,23860043,32.375
9.0,248,23860291,27.555555555555557
4.0,73,23860364,18.25
7.0,187,23860551,26.714285714285715
0.0,39,23860590,inf
4.0,130,23860720,32.5
1.0,22,23860742,22.0
4.0,260,23861002,65.0
12.0,318,23861320,26.5
4.0,159,23861479,39.75
0.0,90,23861569,inf
2.0,62,23861631,31.0
1.0,55,23861686,55.0
9.0,228,23861914,25.333333333333332
8.0,277,23862191,34.625
0.0,65,23862256,inf
2.0,102,23862358,51.0
20.0,527,23862885,26.35
16.0,939,23863824,58.6875
21.0,798,23864622,38.0
12.0,383,23865005,31.916666666666668
35.0,1186,23866191,33.885714285714286
7.0,301,23866492,43.0
14.0,260,23866752,18.571428571428573
23.0,543,23867295,23.608695652173914
0.0,70,23867365,inf
23.0,723,23868088,31.434782608695652
25.0,936,23869024,37.44
16.0,576,23869600,36.0
5.0,175,23869775,35.0
14.0,363,23870138,25.928571428571427
8.0,230,23870368,28.75
11.0,803,23871171,73.0
9.0,620,23871791,68.88888888888889
17.0,527,23872318,31.0
14.0,443,23872761,31.642857142857142
17.0,458,23873219,26.941176470588236
34.0,1727,23874946,50.794117647058826
10.0,264,23875210,26.4
16.0,467,23875677,29.1875
25.0,788,23876465,31.52
17.0,410,23876875,24.11764705882353
14.0,776,23877651,55.42857142857143
18.0,611,23878262,33.94444444444444
9.0,151,23878413,16.77777777777778
8.0,185,23878598,23.125
11.0,309,23878907,28.09090909090909
10.0,274,23879181,27.4
18.0,545,23879726,30.27777777777778
6.0,150,23879876,25.0
23.0,651,23880527,28.304347826086957
15.0,470,23880997,31.333333333333332
11.0,403,23881400,36.63636363636363
32.0,1079,23882479,33.71875
15.0,406,23882885,27.066666666666666
15.0,445,23883330,29.666666666666668
11.0,290,23883620,26.363636363636363
18.0,424,23884044,23.555555555555557
11.0,230,23884274,20.90909090909091
11.0,383,23884657,34.81818181818182
2.0,100,23884757,50.0
30.0,919,23885676,30.633333333333333
23.0,628,23886304,27.304347826086957
41.0,1065,23887369,25.975609756097562
19.0,696,23888065,36.63157894736842
25.0,855,23888920,34.2
18.0,679,23889599,37.72222222222222
34.0,1162,23890761,34.1764705882353
9.0,283,23891044,31.444444444444443
18.0,503,23891547,27.944444444444443
5.0,199,23891746,39.8
15.0,532,23892278,35.46666666666667
3.0,87,23892365,29.0
28.0,950,23893315,33.92857142857143
3.0,98,23893413,32.666666666666664
31.0,920,23894333,29.677419354838708
20.0,742,23895075,37.1
17.0,413,23895488,24.294117647058822
21.0,499,23895987,23.761904761904763
19.0,1129,23897116,59.421052631578945
3.0,163,23897279,54.333333333333336
18.0,403,23897682,22.38888888888889
3.0,205,23897887,68.33333333333333
15.0,404,23898291,26.933333333333334
29.0,658,23898949,22.689655172413794
28.0,773,23899722,27.607142857142858
6.0,226,23899948,37.666666666666664
12.0,405,23900353,33.75
1.0,37,23900390,37.0
14.0,414,23900804,29.571428571428573
12.0,323,23901127,26.916666666666668
15.0,487,23901614,32.46666666666667
20.0,537,23902151,26.85
29.0,1225,23903376,42.241379310344826
4.0,159,23903535,39.75
7.0,263,23903798,37.57142857142857
30.0,927,23904725,30.9
10.0,164,23904889,16.4
7.0,135,23905024,19.285714285714285
30.0,885,23905909,29.5
18.0,464,23906373,25.77777777777778
13.0,373,23906746,28.692307692307693
19.0,470,23907216,24.736842105263158
33.0,1089,23908305,33.0
2.0,179,23908484,89.5
15.0,395,23908879,26.333333333333332
26.0,760,23909639,29.23076923076923
1.0,127,23909766,127.0
1.0,150,23909916,150.0
26.0,938,23910854,36.07692307692308
16.0,380,23911234,23.75
29.0,991,23912225,34.172413793103445
7.0,332,23912557,47.42857142857143
11.0,371,23912928,33.72727272727273
31.0,904,23913832,29.161290322580644
15.0,370,23914202,24.666666666666668
15.0,397,23914599,26.466666666666665
20.0,702,23915301,35.1
16.0,373,23915674,23.3125
7.0,145,23915819,20.714285714285715
22.0,564,23916383,25.636363636363637
19.0,557,23916940,29.31578947368421
4.0,167,23917107,41.75
19.0,594,23917701,31.263157894736842
20.0,738,23918439,36.9
12.0,270,23918709,22.5
11.0,793,23919502,72.0909090909091
3.0,194,23919696,64.66666666666667
8.0,242,23919938,30.25
16.0,584,23920522,36.5
25.0,993,23921515,39.72
7.0,167,23921682,23.857142857142858
13.0,278,23921960,21.384615384615383
19.0,426,23922386,22.42105263157895
19.0,462,23922848,24.31578947368421
19.0,666,23923514,35.05263157894737
6.0,233,23923747,38.833333333333336
16.0,455,23924202,28.4375
10.0,730,23924932,73.0
28.0,881,23925813,31.464285714285715
14.0,425,23926238,30.357142857142858
21.0,420,23926658,20.0
20.0,991,23927649,49.55
14.0,528,23928177,37.714285714285715
9.0,343,23928520,38.111111111111114
27.0,834,23929354,30.88888888888889
19.0,431,23929785,22.68421052631579
22.0,643,23930428,29.227272727272727
33.0,1429,23931857,43.303030303030305
16.0,462,23932319,28.875
18.0,503,23932822,27.944444444444443
8.0,151,23932973,18.875
10.0,277,23933250,27.7
6.0,106,23933356,17.666666666666668
16.0,391,23933747,24.4375
14.0,472,23934219,33.714285714285715
18.0,458,23934677,25.444444444444443
8.0,212,23934889,26.5
28.0,1184,23936073,42.285714285714285
8.0,164,23936237,20.5
21.0,594,23936831,28.285714285714285
18.0,551,23937382,30.61111111111111
24.0,624,23938006,26.0
24.0,593,23938599,24.708333333333332
23.0,806,23939405,35.04347826086956
12.0,288,23939693,24.0
36.0,1149,23940842,31.916666666666668
21.0,545,23941387,25.952380952380953
14.0,420,23941807,30.0
9.0,196,23942003,21.77777777777778
15.0,336,23942339,22.4
17.0,461,23942800,27.11764705882353
7.0,563,23943363,80.42857142857143
6.0,290,23943653,48.333333333333336
13.0,358,23944011,27.53846153846154
9.0,313,23944324,34.77777777777778
24.0,763,23945087,31.791666666666668
9.0,269,23945356,29.88888888888889
19.0,515,23945871,27.105263157894736
9.0,192,23946063,21.333333333333332
13.0,755,23946818,58.07692307692308
36.0,1097,23947915,30.47222222222222
11.0,333,23948248,30.272727272727273
10.0,651,23948899,65.1
26.0,720,23949619,27.692307692307693
14.0,472,23950091,33.714285714285715
10.0,320,23950411,32.0
33.0,1138,23951549,34.484848484848484
26.0,850,23952399,32.69230769230769
11.0,358,23952757,32.54545454545455
4.0,101,23952858,25.25
14.0,503,23953361,35.92857142857143
1.0,118,23953479,118.0
11.0,281,23953760,25.545454545454547
22.0,669,23954429,30.40909090909091
6.0,138,23954567,23.0
21.0,790,23955357,37.61904761904762
4.0,108,23955465,27.0
24.0,622,23956087,25.916666666666668
10.0,394,23956481,39.4
14.0,342,23956823,24.428571428571427
17.0,573,23957396,33.705882352941174
15.0,525,23957921,35.0
2.0,61,23957982,30.5
34.0,1050,23959032,30.88235294117647
13.0,377,23959409,29.0
21.0,553,23959962,26.333333333333332
3.0,130,23960092,43.333333333333336
18.0,494,23960586,27.444444444444443
9.0,229,23960815,25.444444444444443
27.0,801,23961616,29.666666666666668
26.0,798,23962414,30.692307692307693
23.0,702,23963116,30.52173913043478
29.0,911,23964027,31.413793103448278
15.0,506,23964533,33.733333333333334
15.0,619,23965152,41.266666666666666
24.0,720,23965872,30.0
19.0,568,23966440,29.894736842105264
10.0,776,23967216,77.6
31.0,891,23968107,28.741935483870968
10.0,276,23968383,27.6
17.0,475,23968858,27.941176470588236
30.0,955,23969813,31.833333333333332
26.0,1472,23971285,56.61538461538461
29.0,799,23972084,27.551724137931036
14.0,954,23973038,68.14285714285714
7.0,155,23973193,22.142857142857142
24.0,734,23973927,30.583333333333332
25.0,794,23974721,31.76
34.0,1054,23975775,31.0
10.0,239,23976014,23.9
17.0,1006,23977020,59.1764705882353
14.0,328,23977348,23.428571428571427
22.0,547,23977895,24.863636363636363
18.0,404,23978299,22.444444444444443
28.0,764,23979063,27.285714285714285
30.0,841,23979904,28.033333333333335
8.0,244,23980148,30.5
16.0,485,23980633,30.3125
16.0,362,23980995,22.625
8.0,313,23981308,39.125
20.0,530,23981838,26.5
6.0,176,23982014,29.333333333333332
6.0,145,23982159,24.166666666666668
20.0,588,23982747,29.4
21.0,638,23983385,30.38095238095238
21.0,557,23983942,26.523809523809526
40.0,1115,23985057,27.875
34.0,1019,23986076,29.970588235294116
19.0,442,23986518,23.263157894736842
23.0,562,23987080,24.434782608695652
11.0,261,23987341,23.727272727272727
20.0,622,23987963,31.1
20.0,801,23988764,40.05
16.0,442,23989206,27.625
20.0,540,23989746,27.0
17.0,495,23990241,29.11764705882353
9.0,340,23990581,37.77777777777778
12.0,320,23990901,26.666666666666668
24.0,801,23991702,33.375
13.0,375,23992077,28.846153846153847
31.0,884,23992961,28.516129032258064
24.0,589,23993550,24.541666666666668
17.0,608,23994158,35.76470588235294
17.0,415,23994573,24.41176470588235
18.0,433,23995006,24.055555555555557
18.0,429,23995435,23.833333333333332
16.0,444,23995879,27.75
30.0,763,23996642,25.433333333333334
10.0,799,23997441,79.9
22.0,632,23998073,28.727272727272727
22.0,585,23998658,26.59090909090909
36.0,1159,23999817,32.19444444444444
26.0,902,24000719,34.69230769230769
29.0,908,24001627,31.310344827586206
1.0,41,24001668,41.0
15.0,382,24002050,25.466666666666665
16.0,404,24002454,25.25
32.0,971,24003425,30.34375
27.0,904,24004329,33.48148148148148
24.0,683,24005012,28.458333333333332
12.0,346,24005358,28.833333333333332
16.0,410,24005768,25.625
18.0,699,24006467,38.833333333333336
3.0,64,24006531,21.333333333333332
26.0,752,24007283,28.923076923076923
3.0,81,24007364,27.0
33.0,1435,24008799,43.484848484848484
13.0,358,24009157,27.53846153846154
14.0,459,24009616,32.785714285714285
17.0,597,24010213,35.11764705882353
33.0,860,24011073,26.060606060606062
1.0,41,24011114,41.0
16.0,431,24011545,26.9375
20.0,535,24012080,26.75
14.0,395,24012475,28.214285714285715
17.0,571,24013046,33.588235294117645
2.0,150,24013196,75.0
24.0,614,24013810,25.583333333333332
25.0,798,24014608,31.92
3.0,501,24015109,167.0
2.0,548,24015657,274.0
34.0,878,24016535,25.823529411764707
14.0,434,24016969,31.0
27.0,893,24017862,33.074074074074076
42.0,1176,24019038,28.0
22.0,401,24019439,18.227272727272727
33.0,948,24020387,28.727272727272727
21.0,801,24021188,38.142857142857146
39.0,1211,24022399,31.05128205128205
20.0,607,24023006,30.35
17.0,410,24023416,24.11764705882353
25.0,617,24024033,24.68
9.0,232,24024265,25.77777777777778
7.0,201,24024466,28.714285714285715
15.0,367,24024833,24.466666666666665
32.0,909,24025742,28.40625
9.0,173,24025915,19.22222222222222
14.0,381,24026296,27.214285714285715
18.0,588,24026884,32.666666666666664
3.0,113,24026997,37.666666666666664
29.0,772,24027769,26.620689655172413
22.0,1077,24028846,48.95454545454545
14.0,421,24029267,30.071428571428573
15.0,474,24029741,31.6
11.0,281,24030022,25.545454545454547
1.0,20,24030042,20.0
1.0,40,24030082,40.0
12.0,298,24030380,24.833333333333332
22.0,928,24031308,42.18181818181818
22.0,641,24031949,29.136363636363637
14.0,262,24032211,18.714285714285715
17.0,567,24032778,33.35294117647059
18.0,479,24033257,26.61111111111111
16.0,396,24033653,24.75
22.0,689,24034342,31.318181818181817
5.0,143,24034485,28.6
16.0,421,24034906,26.3125
14.0,333,24035239,23.785714285714285
6.0,147,24035386,24.5
6.0,171,24035557,28.5
23.0,595,24036152,25.869565217391305
19.0,493,24036645,25.94736842105263
18.0,424,24037069,23.555555555555557
13.0,333,24037402,25.615384615384617
2.0,488,24037890,244.0
23.0,723,24038613,31.434782608695652
13.0,365,24038978,28.076923076923077
28.0,828,24039806,29.571428571428573
15.0,457,24040263,30.466666666666665
45.0,1627,24041890,36.15555555555556
20.0,522,24042412,26.1
22.0,589,24043001,26.772727272727273
27.0,787,24043788,29.14814814814815
9.0,183,24043971,20.333333333333332
25.0,684,24044655,27.36
21.0,569,24045224,27.095238095238095
16.0,539,24045763,33.6875
6.0,557,24046320,92.83333333333333
14.0,427,24046747,30.5
15.0,554,24047301,36.93333333333333
12.0,363,24047664,30.25
22.0,1081,24048745,49.13636363636363
15.0,454,24049199,30.266666666666666
2.0,116,24049315,58.0
7.0,225,24049540,32.142857142857146
25.0,741,24050281,29.64
14.0,783,24051064,55.92857142857143
25.0,638,24051702,25.52
37.0,874,24052576,23.62162162162162
29.0,885,24053461,30.517241379310345
8.0,242,24053703,30.25
35.0,923,24054626,26.37142857142857
19.0,593,24055219,31.210526315789473
13.0,368,24055587,28.307692307692307
30.0,799,24056386,26.633333333333333
14.0,366,24056752,26.142857142857142
18.0,540,24057292,30.0
12.0,343,24057635,28.583333333333332
27.0,820,24058455,30.37037037037037
9.0,273,24058728,30.333333333333332
27.0,709,24059437,26.25925925925926
17.0,350,24059787,20.58823529411765
14.0,344,24060131,24.571428571428573
22.0,494,24060625,22.454545454545453
24.0,655,24061280,27.291666666666668
29.0,957,24062237,33.0
13.0,375,24062612,28.846153846153847
25.0,757,24063369,30.28
29.0,973,24064342,33.55172413793103
23.0,589,24064931,25.608695652173914
9.0,304,24065235,33.77777777777778
26.0,673,24065908,25.884615384615383
15.0,468,24066376,31.2
24.0,661,24067037,27.541666666666668
21.0,632,24067669,30.095238095238095
15.0,396,24068065,26.4
16.0,530,24068595,33.125
28.0,770,24069365,27.5
21.0,695,24070060,33.095238095238095
38.0,1426,24071486,37.526315789473685
16.0,454,24071940,28.375
31.0,904,24072844,29.161290322580644
4.0,142,24072986,35.5
33.0,1017,24074003,30.818181818181817
8.0,345,24074348,43.125
36.0,1063,24075411,29.52777777777778
17.0,561,24075972,33.0
22.0,704,24076676,32.0
22.0,717,24077393,32.59090909090909
34.0,943,24078336,27.735294117647058
8.0,205,24078541,25.625
13.0,368,24078909,28.307692307692307
25.0,727,24079636,29.08
11.0,372,24080008,33.81818181818182
18.0,608,24080616,33.77777777777778
23.0,700,24081316,30.434782608695652
16.0,472,24081788,29.5
12.0,351,24082139,29.25
14.0,414,24082553,29.571428571428573
4.0,129,24082682,32.25
20.0,565,24083247,28.25
19.0,397,24083644,20.894736842105264
18.0,523,24084167,29.055555555555557
27.0,929,24085096,34.407407407407405
29.0,1143,24086239,39.41379310344828
13.0,307,24086546,23.615384615384617
14.0,420,24086966,30.0
21.0,688,24087654,32.76190476190476
41.0,1659,24089313,40.46341463414634
24.0,754,24090067,31.416666666666668
34.0,1111,24091178,32.6764705882353
22.0,542,24091720,24.636363636363637
23.0,677,24092397,29.434782608695652
35.0,1082,24093479,30.914285714285715
10.0,295,24093774,29.5
25.0,518,24094292,20.72
15.0,381,24094673,25.4
28.0,1038,24095711,37.07142857142857
17.0,468,24096179,27.529411764705884
38.0,1018,24097197,26.789473684210527
26.0,655,24097852,25.192307692307693
29.0,858,24098710,29.586206896551722
17.0,671,24099381,39.470588235294116
12.0,402,24099783,33.5
14.0,326,24100109,23.285714285714285
16.0,446,24100555,27.875
15.0,484,24101039,32.266666666666666
3.0,126,24101165,42.0
36.0,1598,24102763,44.388888888888886
12.0,260,24103023,21.666666666666668
19.0,654,24103677,34.421052631578945
11.0,338,24104015,30.727272727272727
22.0,648,24104663,29.454545454545453
20.0,414,24105077,20.7
10.0,357,24105434,35.7
6.0,102,24105536,17.0
37.0,1058,24106594,28.594594594594593
22.0,649,24107243,29.5
15.0,341,24107584,22.733333333333334
27.0,863,24108447,31.962962962962962
29.0,960,24109407,33.10344827586207
12.0,791,24110198,65.91666666666667
26.0,712,24110910,27.384615384615383
2.0,511,24111421,255.5
22.0,561,24111982,25.5
17.0,418,24112400,24.58823529411765
19.0,472,24112872,24.842105263157894
12.0,387,24113259,32.25
31.0,839,24114098,27.06451612903226
15.0,318,24114416,21.2
14.0,358,24114774,25.571428571428573
16.0,610,24115384,38.125
34.0,998,24116382,29.352941176470587
14.0,392,24116774,28.0
13.0,335,24117109,25.76923076923077
10.0,400,24117509,40.0
16.0,447,24117956,27.9375
12.0,268,24118224,22.333333333333332
9.0,297,24118521,33.0
17.0,464,24118985,27.294117647058822
48.0,1223,24120208,25.479166666666668
6.0,143,24120351,23.833333333333332
20.0,517,24120868,25.85
11.0,251,24121119,22.818181818181817
12.0,285,24121404,23.75
14.0,304,24121708,21.714285714285715
15.0,315,24122023,21.0
31.0,758,24122781,24.451612903225808
23.0,677,24123458,29.434782608695652
18.0,584,24124042,32.44444444444444
33.0,1006,24125048,30.484848484848484
15.0,585,24125633,39.0
32.0,835,24126468,26.09375
36.0,1070,24127538,29.72222222222222
9.0,309,24127847,34.333333333333336
23.0,702,24128549,30.52173913043478
26.0,867,24129416,33.34615384615385
14.0,289,24129705,20.642857142857142
17.0,469,24130174,27.58823529411765
26.0,805,24130979,30.96153846153846
19.0,464,24131443,24.42105263157895
28.0,904,24132347,32.285714285714285
17.0,563,24132910,33.11764705882353
12.0,318,24133228,26.5
18.0,497,24133725,27.61111111111111
1.0,450,24134175,450.0
12.0,380,24134555,31.666666666666668
28.0,768,24135323,27.428571428571427
22.0,584,24135907,26.545454545454547
23.0,688,24136595,29.91304347826087
20.0,670,24137265,33.5
11.0,326,24137591,29.636363636363637
32.0,817,24138408,25.53125
30.0,844,24139252,28.133333333333333
12.0,402,24139654,33.5
22.0,746,24140400,33.90909090909091
23.0,587,24140987,25.52173913043478
12.0,275,24141262,22.916666666666668
16.0,445,24141707,27.8125
11.0,272,24141979,24.727272727272727
2.0,37,24142016,18.5
20.0,728,24142744,36.4
3.0,559,24143303,186.33333333333334
19.0,664,24143967,34.94736842105263
16.0,386,24144353,24.125
17.0,553,24144906,32.529411764705884
5.0,124,24145030,24.8
6.0,221,24145251,36.833333333333336
27.0,760,24146011,28.14814814814815
16.0,399,24146410,24.9375
26.0,689,24147099,26.5
26.0,974,24148073,37.46153846153846
27.0,739,24148812,27.37037037037037
43.0,1278,24150090,29.72093023255814
16.0,397,24150487,24.8125
26.0,798,24151285,30.692307692307693
12.0,335,24151620,27.916666666666668
2.0,587,24152207,293.5
2.0,454,24152661,227.0
15.0,316,24152977,21.066666666666666
7.0,181,24153158,25.857142857142858
8.0,281,24153439,35.125
19.0,574,24154013,30.210526315789473
18.0,647,24154660,35.94444444444444
7.0,227,24154887,32.42857142857143
34.0,937,24155824,27.558823529411764
11.0,284,24156108,25.818181818181817
26.0,654,24156762,25.153846153846153
26.0,825,24157587,31.73076923076923
16.0,474,24158061,29.625
16.0,503,24158564,31.4375
16.0,449,24159013,28.0625
4.0,76,24159089,19.0
25.0,739,24159828,29.56
12.0,756,24160584,63.0
28.0,814,24161398,29.071428571428573
26.0,930,24162328,35.76923076923077
26.0,632,24162960,24.307692307692307
25.0,655,24163615,26.2
7.0,144,24163759,20.571428571428573
32.0,836,24164595,26.125
28.0,687,24165282,24.535714285714285
20.0,1061,24166343,53.05
17.0,460,24166803,27.058823529411764
28.0,1046,24167849,37.357142857142854
17.0,471,24168320,27.705882352941178
10.0,495,24168815,49.5
29.0,926,24169741,31.93103448275862
30.0,668,24170409,22.266666666666666
17.0,917,24171326,53.94117647058823
28.0,753,24172079,26.892857142857142
28.0,947,24173026,33.82142857142857
49.0,1434,24174460,29.26530612244898
20.0,524,24174984,26.2
10.0,286,24175270,28.6
17.0,467,24175737,27.470588235294116
9.0,281,24176018,31.22222222222222
13.0,325,24176343,25.0
15.0,509,24176852,33.93333333333333
29.0,888,24177740,30.620689655172413
17.0,525,24178265,30.88235294117647
24.0,640,24178905,26.666666666666668
27.0,701,24179606,25.962962962962962
34.0,1096,24180702,32.23529411764706
27.0,896,24181598,33.18518518518518
15.0,423,24182021,28.2
19.0,546,24182567,28.736842105263158
23.0,771,24183338,33.52173913043478
25.0,665,24184003,26.6
31.0,1197,24185200,38.61290322580645
23.0,540,24185740,23.47826086956522
13.0,289,24186029,22.23076923076923
26.0,694,24186723,26.692307692307693
28.0,819,24187542,29.25
29.0,897,24188439,30.93103448275862
22.0,627,24189066,28.5
19.0,542,24189608,28.526315789473685
30.0,1174,24190782,39.13333333333333
11.0,268,24191050,24.363636363636363
12.0,354,24191404,29.5
13.0,307,24191711,23.615384615384617
4.0,113,24191824,28.25
18.0,462,24192286,25.666666666666668
33.0,895,24193181,27.12121212121212
25.0,826,24194007,33.04
6.0,129,24194136,21.5
1.0,68,24194204,68.0
14.0,430,24194634,30.714285714285715
15.0,458,24195092,30.533333333333335
16.0,453,24195545,28.3125
10.0,360,24195905,36.0
19.0,560,24196465,29.473684210526315
39.0,1207,24197672,30.94871794871795
20.0,493,24198165,24.65
26.0,644,24198809,24.76923076923077
32.0,947,24199756,29.59375
14.0,376,24200132,26.857142857142858
24.0,697,24200829,29.041666666666668
29.0,839,24201668,28.93103448275862
16.0,407,24202075,25.4375
2.0,532,24202607,266.0
27.0,727,24203334,26.925925925925927
29.0,966,24204300,33.310344827586206
20.0,591,24204891,29.55
20.0,1115,24206006,55.75
30.0,829,24206835,27.633333333333333
9.0,276,24207111,30.666666666666668
30.0,851,24207962,28.366666666666667
21.0,684,24208646,32.57142857142857
25.0,684,24209330,27.36
16.0,350,24209680,21.875
30.0,988,24210668,32.93333333333333
15.0,304,24210972,20.266666666666666
29.0,886,24211858,30.551724137931036
24.0,583,24212441,24.291666666666668
5.0,168,24212609,33.6
18.0,419,24213028,23.27777777777778
1.0,38,24213066,38.0
5.0,74,24213140,14.8
1.0,471,24213611,471.0
9.0,259,24213870,28.77777777777778
18.0,828,24214698,46.0
24.0,684,24215382,28.5
34.0,739,24216121,21.735294117647058
8.0,178,24216299,22.25
26.0,532,24216831,20.46153846153846
27.0,642,24217473,23.77777777777778
17.0,380,24217853,22.352941176470587
9.0,267,24218120,29.666666666666668
17.0,400,24218520,23.529411764705884
11.0,200,24218720,18.181818181818183
12.0,377,24219097,31.416666666666668
30.0,793,24219890,26.433333333333334
12.0,220,24220110,18.333333333333332
8.0,216,24220326,27.0
13.0,303,24220629,23.307692307692307
11.0,198,24220827,18.0
22.0,443,24221270,20.136363636363637
23.0,453,24221723,19.695652173913043
6.0,584,24222307,97.33333333333333
1.0,21,24222328,21.0
27.0,923,24223251,34.18518518518518
22.0,547,24223798,24.863636363636363
31.0,1021,24224819,32.935483870967744
7.0,168,24224987,24.0
13.0,323,24225310,24.846153846153847
17.0,371,24225681,21.823529411764707
24.0,601,24226282,25.041666666666668
26.0,695,24226977,26.73076923076923
9.0,210,24227187,23.333333333333332
23.0,491,24227678,21.347826086956523
8.0,164,24227842,20.5
18.0,357,24228199,19.833333333333332
26.0,695,24228894,26.73076923076923
20.0,469,24229363,23.45
7.0,122,24229485,17.428571428571427
31.0,961,24230446,31.0
3.0,73,24230519,24.333333333333332
21.0,539,24231058,25.666666666666668
43.0,954,24232012,22.186046511627907
26.0,692,24232704,26.615384615384617
3.0,92,24232796,30.666666666666668
19.0,408,24233204,21.473684210526315
26.0,1051,24234255,40.42307692307692
28.0,806,24235061,28.785714285714285
23.0,977,24236038,42.47826086956522
18.0,364,24236402,20.22222222222222
13.0,407,24236809,31.307692307692307
8.0,163,24236972,20.375
24.0,962,24237934,40.083333333333336
12.0,253,24238187,21.083333333333332
10.0,189,24238376,18.9
34.0,867,24239243,25.5
22.0,399,24239642,18.136363636363637
23.0,502,24240144,21.82608695652174
18.0,339,24240483,18.833333333333332
3.0,60,24240543,20.0
10.0,191,24240734,19.1
10.0,176,24240910,17.6
20.0,454,24241364,22.7
12.0,307,24241671,25.583333333333332
27.0,640,24242311,23.703703703703702
18.0,671,24242982,37.27777777777778
8.0,173,24243155,21.625
30.0,749,24243904,24.966666666666665
33.0,729,24244633,22.09090909090909
16.0,335,24244968,20.9375
24.0,426,24245394,17.75
36.0,867,24246261,24.083333333333332
19.0,448,24246709,23.57894736842105
13.0,219,24246928,16.846153846153847
29.0,831,24247759,28.655172413793103
24.0,619,24248378,25.791666666666668
28.0,592,24248970,21.142857142857142
17.0,369,24249339,21.705882352941178
17.0,296,24249635,17.41176470588235
8.0,108,24249743,13.5
27.0,680,24250423,25.185185185185187
25.0,618,24251041,24.72
42.0,952,24251993,22.666666666666668
27.0,1262,24253255,46.74074074074074
8.0,139,24253394,17.375
33.0,634,24254028,19.21212121212121
18.0,500,24254528,27.77777777777778
23.0,418,24254946,18.17391304347826
30.0,634,24255580,21.133333333333333
7.0,132,24255712,18.857142857142858
23.0,480,24256192,20.869565217391305
13.0,281,24256473,21.615384615384617
19.0,381,24256854,20.05263157894737
26.0,634,24257488,24.384615384615383
18.0,333,24257821,18.5
29.0,689,24258510,23.75862068965517
18.0,363,24258873,20.166666666666668
34.0,697,24259570,20.5
13.0,281,24259851,21.615384615384617
35.0,923,24260774,26.37142857142857
3.0,82,24260856,27.333333333333332
3.0,49,24260905,16.333333333333332
25.0,477,24261382,19.08
10.0,209,24261591,20.9
23.0,876,24262467,38.08695652173913
4.0,71,24262538,17.75
3.0,112,24262650,37.333333333333336
22.0,494,24263144,22.454545454545453
16.0,332,24263476,20.75
14.0,224,24263700,16.0
12.0,256,24263956,21.333333333333332
19.0,483,24264439,25.42105263157895
49.0,1150,24265589,23.46938775510204
7.0,115,24265704,16.428571428571427
20.0,403,24266107,20.15
8.0,121,24266228,15.125
24.0,570,24266798,23.75
12.0,258,24267056,21.5
9.0,163,24267219,18.11111111111111
1.0,24,24267243,24.0
15.0,384,24267627,25.6
37.0,746,24268373,20.16216216216216
9.0,263,24268636,29.22222222222222
22.0,427,24269063,19.40909090909091
20.0,534,24269597,26.7
21.0,497,24270094,23.666666666666668
43.0,1224,24271318,28.46511627906977
27.0,540,24271858,20.0
13.0,287,24272145,22.076923076923077
25.0,724,24272869,28.96
22.0,421,24273290,19.136363636363637
11.0,218,24273508,19.818181818181817
20.0,391,24273899,19.55
12.0,271,24274170,22.583333333333332
4.0,72,24274242,18.0
15.0,241,24274483,16.066666666666666
22.0,580,24275063,26.363636363636363
28.0,784,24275847,28.0
15.0,434,24276281,28.933333333333334
29.0,650,24276931,22.413793103448278
21.0,1023,24277954,48.714285714285715
8.0,195,24278149,24.375
5.0,101,24278250,20.2
38.0,1042,24279292,27.42105263157895
26.0,522,24279814,20.076923076923077
17.0,396,24280210,23.294117647058822
24.0,393,24280603,16.375
25.0,578,24281181,23.12
2.0,35,24281216,17.5
37.0,882,24282098,23.83783783783784
31.0,775,24282873,25.0
28.0,1087,24283960,38.82142857142857
12.0,234,24284194,19.5
18.0,327,24284521,18.166666666666668
21.0,499,24285020,23.761904761904763
30.0,669,24285689,22.3
12.0,191,24285880,15.916666666666666
17.0,242,24286122,14.235294117647058
29.0,746,24286868,25.724137931034484
10.0,209,24287077,20.9
30.0,725,24287802,24.166666666666668
19.0,368,24288170,19.36842105263158
39.0,913,24289083,23.41025641025641
4.0,72,24289155,18.0
22.0,388,24289543,17.636363636363637
26.0,585,24290128,22.5
20.0,472,24290600,23.6
22.0,509,24291109,23.136363636363637
14.0,280,24291389,20.0
2.0,81,24291470,40.5
25.0,493,24291963,19.72
24.0,468,24292431,19.5
20.0,373,24292804,18.65
17.0,425,24293229,25.0
33.0,700,24293929,21.21212121212121
8.0,165,24294094,20.625
7.0,173,24294267,24.714285714285715
22.0,576,24294843,26.181818181818183
3.0,61,24294904,20.333333333333332
34.0,736,24295640,21.647058823529413
7.0,124,24295764,17.714285714285715
24.0,593,24296357,24.708333333333332
10.0,153,24296510,15.3
15.0,261,24296771,17.4
7.0,148,24296919,21.142857142857142
9.0,241,24297160,26.77777777777778
28.0,1159,24298319,41.392857142857146
28.0,516,24298835,18.428571428571427
25.0,449,24299284,17.96
23.0,510,24299794,22.17391304347826
20.0,403,24300197,20.15
29.0,1263,24301460,43.55172413793103
9.0,192,24301652,21.333333333333332
15.0,330,24301982,22.0
16.0,357,24302339,22.3125
16.0,352,24302691,22.0
14.0,223,24302914,15.928571428571429
15.0,380,24303294,25.333333333333332
9.0,170,24303464,18.88888888888889
10.0,193,24303657,19.3
28.0,813,24304470,29.035714285714285
28.0,745,24305215,26.607142857142858
4.0,67,24305282,16.75
10.0,179,24305461,17.9
36.0,893,24306354,24.805555555555557
34.0,782,24307136,23.0
34.0,937,24308073,27.558823529411764
40.0,1133,24309206,28.325
35.0,804,24310010,22.97142857142857
22.0,393,24310403,17.863636363636363
12.0,289,24310692,24.083333333333332
3.0,60,24310752,20.0
9.0,182,24310934,20.22222222222222
20.0,568,24311502,28.4
17.0,368,24311870,21.647058823529413
18.0,387,24312257,21.5
14.0,357,24312614,25.5
23.0,592,24313206,25.73913043478261
32.0,648,24313854,20.25
13.0,328,24314182,25.23076923076923
26.0,697,24314879,26.807692307692307
9.0,162,24315041,18.0
16.0,406,24315447,25.375
35.0,979,24316426,27.97142857142857
3.0,72,24316498,24.0
25.0,549,24317047,21.96
6.0,97,24317144,16.166666666666668
11.0,132,24317276,12.0
27.0,510,24317786,18.88888888888889
15.0,376,24318162,25.066666666666666
29.0,693,24318855,23.896551724137932
5.0,181,24319036,36.2
13.0,284,24319320,21.846153846153847
29.0,672,24319992,23.17241379310345
27.0,602,24320594,22.296296296296298
2.0,75,24320669,37.5
4.0,99,24320768,24.75
6.0,130,24320898,21.666666666666668
9.0,161,24321059,17.88888888888889
25.0,422,24321481,16.88
24.0,538,24322019,22.416666666666668
3.0,60,24322079,20.0
10.0,174,24322253,17.4
12.0,257,24322510,21.416666666666668
31.0,1148,24323658,37.03225806451613
2.0,43,24323701,21.5
30.0,701,24324402,23.366666666666667
7.0,105,24324507,15.0
14.0,379,24324886,27.071428571428573
32.0,804,24325690,25.125
6.0,139,24325829,23.166666666666668
4.0,69,24325898,17.25
14.0,263,24326161,18.785714285714285
24.0,531,24326692,22.125
22.0,456,24327148,20.727272727272727
19.0,365,24327513,19.210526315789473
21.0,560,24328073,26.666666666666668
18.0,394,24328467,21.88888888888889
15.0,370,24328837,24.666666666666668
21.0,436,24329273,20.761904761904763
17.0,338,24329611,19.88235294117647
9.0,148,24329759,16.444444444444443
23.0,596,24330355,25.91304347826087
1.0,23,24330378,23.0
29.0,567,24330945,19.551724137931036
21.0,549,24331494,26.142857142857142
25.0,786,24332280,31.44
6.0,146,24332426,24.333333333333332
11.0,220,24332646,20.0
33.0,758,24333404,22.96969696969697
1.0,21,24333425,21.0
5.0,36,24333461,7.2
5.0,108,24333569,21.6
26.0,709,24334278,27.26923076923077
25.0,507,24334785,20.28
24.0,556,24335341,23.166666666666668
35.0,818,24336159,23.37142857142857
22.0,535,24336694,24.318181818181817
33.0,864,24337558,26.181818181818183
3.0,61,24337619,20.333333333333332
31.0,1256,24338875,40.516129032258064
32.0,559,24339434,17.46875
14.0,350,24339784,25.0
11.0,192,24339976,17.454545454545453
3.0,81,24340057,27.0
1.0,35,24340092,35.0
15.0,357,24340449,23.8
15.0,401,24340850,26.733333333333334
15.0,410,24341260,27.333333333333332
26.0,1046,24342306,40.23076923076923
19.0,493,24342799,25.94736842105263
14.0,331,24343130,23.642857142857142
22.0,414,24343544,18.818181818181817
8.0,177,24343721,22.125
19.0,377,24344098,19.842105263157894
24.0,598,24344696,24.916666666666668
42.0,912,24345608,21.714285714285715
16.0,262,24345870,16.375
22.0,504,24346374,22.90909090909091
19.0,389,24346763,20.473684210526315
20.0,468,24347231,23.4
29.0,627,24347858,21.620689655172413
17.0,396,24348254,23.294117647058822
16.0,384,24348638,24.0
18.0,412,24349050,22.88888888888889
39.0,1197,24350247,30.692307692307693
37.0,892,24351139,24.10810810810811
24.0,498,24351637,20.75
38.0,885,24352522,23.289473684210527
25.0,595,24353117,23.8
3.0,110,24353227,36.666666666666664
9.0,137,24353364,15.222222222222221
28.0,543,24353907,19.392857142857142
5.0,115,24354022,23.0
20.0,409,24354431,20.45
10.0,256,24354687,25.6
31.0,680,24355367,21.93548387096774
31.0,579,24355946,18.677419354838708
25.0,514,24356460,20.56
8.0,211,24356671,26.375
12.0,213,24356884,17.75
5.0,102,24356986,20.4
21.0,550,24357536,26.19047619047619
24.0,482,24358018,20.083333333333332
26.0,620,24358638,23.846153846153847
4.0,84,24358722,21.0
19.0,408,24359130,21.473684210526315
19.0,347,24359477,18.263157894736842
13.0,267,24359744,20.53846153846154
1.0,19,24359763,19.0
12.0,252,24360015,21.0
2.0,76,24360091,38.0
11.0,248,24360339,22.545454545454547
10.0,198,24360537,19.8
22.0,502,24361039,22.818181818181817
19.0,390,24361429,20.526315789473685
7.0,152,24361581,21.714285714285715
30.0,606,24362187,20.2
31.0,677,24362864,21.838709677419356
15.0,288,24363152,19.2
2.0,63,24363215,31.5
22.0,526,24363741,23.90909090909091
18.0,386,24364127,21.444444444444443
20.0,542,24364669,27.1
24.0,462,24365131,19.25
28.0,602,24365733,21.5
6.0,81,24365814,13.5
36.0,748,24366562,20.77777777777778
14.0,259,24366821,18.5
29.0,594,24367415,20.482758620689655
23.0,508,24367923,22.08695652173913
9.0,172,24368095,19.11111111111111
18.0,377,24368472,20.944444444444443
27.0,551,24369023,20.40740740740741
9.0,148,24369171,16.444444444444443
9.0,123,24369294,13.666666666666666
12.0,323,24369617,26.916666666666668
12.0,367,24369984,30.583333333333332
33.0,768,24370752,23.272727272727273
26.0,547,24371299,21.03846153846154
14.0,316,24371615,22.571428571428573
6.0,204,24371819,34.0
40.0,824,24372643,20.6
24.0,456,24373099,19.0
24.0,579,24373678,24.125
29.0,1105,24374783,38.10344827586207
36.0,1094,24375877,30.38888888888889
10.0,219,24376096,21.9
18.0,283,24376379,15.722222222222221
2.0,23,24376402,11.5
20.0,575,24376977,28.75
32.0,1238,24378215,38.6875
14.0,314,24378529,22.428571428571427
36.0,840,24379369,23.333333333333332
19.0,452,24379821,23.789473684210527
38.0,813,24380634,21.394736842105264
36.0,1091,24381725,30.305555555555557
13.0,242,24381967,18.615384615384617
13.0,237,24382204,18.23076923076923
8.0,143,24382347,17.875
6.0,101,24382448,16.833333333333332
12.0,280,24382728,23.333333333333332
13.0,311,24383039,23.923076923076923
22.0,490,24383529,22.272727272727273
26.0,589,24384118,22.653846153846153
18.0,344,24384462,19.11111111111111
22.0,529,24384991,24.045454545454547
13.0,306,24385297,23.53846153846154
13.0,223,24385520,17.153846153846153
9.0,173,24385693,19.22222222222222
33.0,812,24386505,24.606060606060606
8.0,163,24386668,20.375
20.0,506,24387174,25.3
5.0,75,24387249,15.0
12.0,275,24387524,22.916666666666668
26.0,577,24388101,22.192307692307693
42.0,1048,24389149,24.952380952380953
25.0,386,24389535,15.44
24.0,913,24390448,38.041666666666664
28.0,1215,24391663,43.392857142857146
20.0,337,24392000,16.85
21.0,481,24392481,22.904761904761905
17.0,490,24392971,28.823529411764707
13.0,353,24393324,27.153846153846153
14.0,232,24393556,16.571428571428573
20.0,482,24394038,24.1
28.0,512,24394550,18.285714285714285
8.0,261,24394811,32.625
12.0,215,24395026,17.916666666666668
4.0,49,24395075,12.25
21.0,460,24395535,21.904761904761905
22.0,510,24396045,23.181818181818183
5.0,110,24396155,22.0
9.0,133,24396288,14.777777777777779
22.0,809,24397097,36.77272727272727
12.0,222,24397319,18.5
10.0,199,24397518,19.9
6.0,115,24397633,19.166666666666668
20.0,516,24398149,25.8
12.0,272,24398421,22.666666666666668
31.0,859,24399280,27.70967741935484
17.0,396,24399676,23.294117647058822
17.0,422,24400098,24.823529411764707
21.0,437,24400535,20.80952380952381
15.0,333,24400868,22.2
18.0,403,24401271,22.38888888888889
37.0,963,24402234,26.027027027027028
9.0,190,24402424,21.11111111111111
37.0,774,24403198,20.91891891891892
33.0,751,24403949,22.757575757575758
35.0,855,24404804,24.428571428571427
22.0,481,24405285,21.863636363636363
28.0,611,24405896,21.821428571428573
29.0,832,24406728,28.689655172413794
13.0,199,24406927,15.307692307692308
16.0,265,24407192,16.5625
27.0,1024,24408216,37.925925925925924
26.0,631,24408847,24.26923076923077
35.0,786,24409633,22.457142857142856
18.0,636,24410269,35.333333333333336
26.0,573,24410842,22.03846153846154
14.0,305,24411147,21.785714285714285
32.0,1293,24412440,40.40625
48.0,1157,24413597,24.104166666666668
11.0,189,24413786,17.181818181818183
30.0,607,24414393,20.233333333333334
18.0,432,24414825,24.0
26.0,860,24415685,33.07692307692308
7.0,123,24415808,17.571428571428573
26.0,453,24416261,17.423076923076923
11.0,276,24416537,25.09090909090909
31.0,765,24417302,24.677419354838708
15.0,307,24417609,20.466666666666665
17.0,295,24417904,17.352941176470587
24.0,631,24418535,26.291666666666668
30.0,648,24419183,21.6
34.0,842,24420025,24.764705882352942
8.0,258,24420283,32.25
26.0,676,24420959,26.0
11.0,225,24421184,20.454545454545453
24.0,405,24421589,16.875
30.0,596,24422185,19.866666666666667
12.0,244,24422429,20.333333333333332
23.0,467,24422896,20.304347826086957
6.0,129,24423025,21.5
26.0,588,24423613,22.615384615384617
15.0,313,24423926,20.866666666666667
11.0,257,24424183,23.363636363636363
15.0,380,24424563,25.333333333333332
17.0,368,24424931,21.647058823529413
9.0,263,24425194,29.22222222222222
10.0,142,24425336,14.2
28.0,625,24425961,22.321428571428573
18.0,335,24426296,18.61111111111111
17.0,341,24426637,20.058823529411764
26.0,601,24427238,23.115384615384617
41.0,1166,24428404,28.4390243902439
22.0,549,24428953,24.954545454545453
15.0,315,24429268,21.0
9.0,185,24429453,20.555555555555557
18.0,347,24429800,19.27777777777778
8.0,158,24429958,19.75
17.0,446,24430404,26.235294117647058
16.0,387,24430791,24.1875
9.0,218,24431009,24.22222222222222
20.0,553,24431562,27.65
7.0,105,24431667,15.0
28.0,616,24432283,22.0
13.0,251,24432534,19.307692307692307
7.0,155,24432689,22.142857142857142
10.0,251,24432940,25.1
6.0,160,24433100,26.666666666666668
14.0,317,24433417,22.642857142857142
9.0,202,24433619,22.444444444444443
27.0,785,24434404,29.074074074074073
23.0,566,24434970,24.608695652173914
23.0,384,24435354,16.695652173913043
2.0,42,24435396,21.0
31.0,770,24436166,24.838709677419356
14.0,216,24436382,15.428571428571429
35.0,858,24437240,24.514285714285716
20.0,439,24437679,21.95
1.0,23,24437702,23.0
1.0,38,24437740,38.0
32.0,777,24438517,24.28125
18.0,417,24438934,23.166666666666668
34.0,703,24439637,20.676470588235293
34.0,905,24440542,26.61764705882353
24.0,570,24441112,23.75
9.0,138,24441250,15.333333333333334
18.0,308,24441558,17.11111111111111
7.0,111,24441669,15.857142857142858
5.0,131,24441800,26.2
14.0,320,24442120,22.857142857142858
9.0,252,24442372,28.0
28.0,676,24443048,24.142857142857142
9.0,173,24443221,19.22222222222222
27.0,666,24443887,24.666666666666668
42.0,1043,24444930,24.833333333333332
17.0,423,24445353,24.88235294117647
31.0,778,24446131,25.096774193548388
17.0,378,24446509,22.235294117647058
31.0,734,24447243,23.677419354838708
26.0,1035,24448278,39.80769230769231
28.0,767,24449045,27.392857142857142
15.0,284,24449329,18.933333333333334
42.0,1447,24450776,34.45238095238095
29.0,643,24451419,22.17241379310345
11.0,298,24451717,27.09090909090909
6.0,89,24451806,14.833333333333334
23.0,522,24452328,22.695652173913043
6.0,143,24452471,23.833333333333332
34.0,707,24453178,20.794117647058822
8.0,142,24453320,17.75
25.0,487,24453807,19.48
24.0,568,24454375,23.666666666666668
18.0,415,24454790,23.055555555555557
21.0,497,24455287,23.666666666666668
27.0,585,24455872,21.666666666666668
22.0,409,24456281,18.59090909090909
30.0,1318,24457599,43.93333333333333
17.0,347,24457946,20.41176470588235
7.0,257,24458203,36.714285714285715
9.0,214,24458417,23.77777777777778
36.0,776,24459193,21.555555555555557
33.0,814,24460007,24.666666666666668
30.0,836,24460843,27.866666666666667
36.0,866,24461709,24.055555555555557
20.0,390,24462099,19.5
4.0,108,24462207,27.0
2.0,75,24462282,37.5
17.0,334,24462616,19.647058823529413
36.0,939,24463555,26.083333333333332
11.0,226,24463781,20.545454545454547
5.0,102,24463883,20.4
9.0,203,24464086,22.555555555555557
22.0,429,24464515,19.5
8.0,218,24464733,27.25
26.0,568,24465301,21.846153846153847
26.0,543,24465844,20.884615384615383
26.0,554,24466398,21.307692307692307
30.0,1112,24467510,37.06666666666667
21.0,470,24467980,22.38095238095238
16.0,325,24468305,20.3125
25.0,674,24468979,26.96
19.0,347,24469326,18.263157894736842
16.0,404,24469730,25.25
17.0,381,24470111,22.41176470588235
39.0,958,24471069,24.564102564102566
11.0,232,24471301,21.09090909090909
10.0,211,24471512,21.1
5.0,159,24471671,31.8
8.0,98,24471769,12.25
19.0,407,24472176,21.42105263157895
4.0,128,24472304,32.0
12.0,285,24472589,23.75
21.0,440,24473029,20.952380952380953
2.0,127,24473156,63.5
0.0,13,24473169,inf
14.0,282,24473451,20.142857142857142
11.0,437,24473888,39.72727272727273
14.0,237,24474125,16.928571428571427
24.0,573,24474698,23.875
3.0,41,24474739,13.666666666666666
15.0,304,24475043,20.266666666666666
6.0,132,24475175,22.0
16.0,271,24475446,16.9375
7.0,181,24475627,25.857142857142858
22.0,479,24476106,21.772727272727273
17.0,397,24476503,23.352941176470587
8.0,122,24476625,15.25
14.0,293,24476918,20.928571428571427
8.0,170,24477088,21.25
21.0,460,24477548,21.904761904761905
14.0,324,24477872,23.142857142857142
0.0,11,24477883,inf
0.0,22,24477905,inf
3.0,52,24477957,17.333333333333332
14.0,273,24478230,19.5
0.0,23,24478253,inf
6.0,155,24478408,25.833333333333332
7.0,173,24478581,24.714285714285715
8.0,126,24478707,15.75
1.0,22,24478729,22.0
5.0,96,24478825,19.2
6.0,57,24478882,9.5
29.0,654,24479536,22.551724137931036
12.0,707,24480243,58.916666666666664
28.0,694,24480937,24.785714285714285
11.0,640,24481577,58.18181818181818
4.0,83,24481660,20.75
30.0,554,24482214,18.466666666666665
10.0,205,24482419,20.5
9.0,170,24482589,18.88888888888889
10.0,238,24482827,23.8
16.0,291,24483118,18.1875
30.0,736,24483854,24.533333333333335
13.0,726,24484580,55.84615384615385
21.0,381,24484961,18.142857142857142
16.0,393,24485354,24.5625
15.0,311,24485665,20.733333333333334
16.0,768,24486433,48.0
6.0,76,24486509,12.666666666666666
1.0,22,24486531,22.0
12.0,206,24486737,17.166666666666668
29.0,741,24487478,25.551724137931036
8.0,136,24487614,17.0
8.0,196,24487810,24.5
7.0,536,24488346,76.57142857142857
20.0,541,24488887,27.05
15.0,327,24489214,21.8
26.0,654,24489868,25.153846153846153
16.0,293,24490161,18.3125
19.0,528,24490689,27.789473684210527
21.0,417,24491106,19.857142857142858
20.0,412,24491518,20.6
28.0,749,24492267,26.75
19.0,382,24492649,20.105263157894736
16.0,713,24493362,44.5625
28.0,603,24493965,21.535714285714285
15.0,328,24494293,21.866666666666667
29.0,678,24494971,23.379310344827587
27.0,509,24495480,18.85185185185185
30.0,776,24496256,25.866666666666667
4.0,125,24496381,31.25
27.0,560,24496941,20.74074074074074
31.0,668,24497609,21.548387096774192
5.0,97,24497706,19.4
8.0,602,24498308,75.25
11.0,156,24498464,14.181818181818182
12.0,241,24498705,20.083333333333332
12.0,207,24498912,17.25
10.0,703,24499615,70.3
10.0,273,24499888,27.3
11.0,181,24500069,16.454545454545453
7.0,558,24500627,79.71428571428571
34.0,701,24501328,20.61764705882353
18.0,397,24501725,22.055555555555557
32.0,818,24502543,25.5625
25.0,960,24503503,38.4
12.0,318,24503821,26.5
6.0,127,24503948,21.166666666666668
11.0,253,24504201,23.0
13.0,250,24504451,19.23076923076923
7.0,169,24504620,24.142857142857142
22.0,538,24505158,24.454545454545453
6.0,85,24505243,14.166666666666666
17.0,422,24505665,24.823529411764707
20.0,425,24506090,21.25
28.0,641,24506731,22.892857142857142
19.0,894,24507625,47.05263157894737
14.0,468,24508093,33.42857142857143
24.0,520,24508613,21.666666666666668
7.0,574,24509187,82.0
17.0,315,24509502,18.529411764705884
29.0,619,24510121,21.344827586206897
10.0,622,24510743,62.2
9.0,204,24510947,22.666666666666668
22.0,436,24511383,19.818181818181817
15.0,336,24511719,22.4
7.0,98,24511817,14.0
14.0,273,24512090,19.5
8.0,201,24512291,25.125
7.0,143,24512434,20.428571428571427
10.0,226,24512660,22.6
21.0,425,24513085,20.238095238095237
8.0,182,24513267,22.75
6.0,127,24513394,21.166666666666668
17.0,295,24513689,17.352941176470587
11.0,608,24514297,55.27272727272727
32.0,661,24514958,20.65625
11.0,255,24515213,23.181818181818183
15.0,306,24515519,20.4
8.0,583,24516102,72.875
24.0,443,24516545,18.458333333333332
6.0,128,24516673,21.333333333333332
12.0,229,24516902,19.083333333333332
11.0,210,24517112,19.09090909090909
28.0,625,24517737,22.321428571428573
21.0,404,24518141,19.238095238095237
12.0,196,24518337,16.333333333333332
26.0,647,24518984,24.884615384615383
12.0,291,24519275,24.25
16.0,321,24519596,20.0625
38.0,850,24520446,22.36842105263158
25.0,564,24521010,22.56
22.0,477,24521487,21.681818181818183
12.0,231,24521718,19.25
15.0,276,24521994,18.4
24.0,1059,24523053,44.125
15.0,404,24523457,26.933333333333334
12.0,736,24524193,61.333333333333336
23.0,440,24524633,19.130434782608695
12.0,262,24524895,21.833333333333332
23.0,954,24525849,41.47826086956522
8.0,209,24526058,26.125
21.0,406,24526464,19.333333333333332
10.0,215,24526679,21.5
11.0,235,24526914,21.363636363636363
9.0,127,24527041,14.11111111111111
27.0,519,24527560,19.22222222222222
23.0,408,24527968,17.73913043478261
14.0,181,24528149,12.928571428571429
10.0,123,24528272,12.3
30.0,798,24529070,26.6
23.0,612,24529682,26.608695652173914
13.0,280,24529962,21.53846153846154
25.0,646,24530608,25.84
20.0,456,24531064,22.8
9.0,254,24531318,28.22222222222222
12.0,247,24531565,20.583333333333332
22.0,398,24531963,18.09090909090909
8.0,102,24532065,12.75
29.0,886,24532951,30.551724137931036
7.0,175,24533126,25.0
27.0,1173,24534299,43.44444444444444
23.0,380,24534679,16.52173913043478
12.0,239,24534918,19.916666666666668
15.0,282,24535200,18.8
4.0,101,24535301,25.25
20.0,461,24535762,23.05
21.0,459,24536221,21.857142857142858
11.0,287,24536508,26.09090909090909
26.0,643,24537151,24.73076923076923
25.0,953,24538104,38.12
24.0,590,24538694,24.583333333333332
26.0,458,24539152,17.615384615384617
1.0,27,24539179,27.0
22.0,587,24539766,26.681818181818183
28.0,537,24540303,19.178571428571427
20.0,358,24540661,17.9
7.0,131,24540792,18.714285714285715
10.0,248,24541040,24.8
21.0,449,24541489,21.38095238095238
37.0,1064,24542553,28.756756756756758
15.0,348,24542901,23.2
40.0,612,24543513,15.3
1.0,17,24543530,17.0
21.0,398,24543928,18.952380952380953
38.0,1032,24544960,27.157894736842106
31.0,759,24545719,24.483870967741936
7.0,147,24545866,21.0
25.0,443,24546309,17.72
13.0,213,24546522,16.384615384615383
7.0,159,24546681,22.714285714285715
18.0,436,24547117,24.22222222222222
19.0,715,24547832,37.63157894736842
21.0,425,24548257,20.238095238095237
6.0,606,24548863,101.0
9.0,155,24549018,17.22222222222222
20.0,370,24549388,18.5
10.0,155,24549543,15.5
38.0,1086,24550629,28.57894736842105
7.0,88,24550717,12.571428571428571
19.0,320,24551037,16.842105263157894
18.0,362,24551399,20.11111111111111
24.0,521,24551920,21.708333333333332
20.0,847,24552767,42.35
16.0,281,24553048,17.5625
8.0,135,24553183,16.875
22.0,423,24553606,19.227272727272727
8.0,175,24553781,21.875
32.0,698,24554479,21.8125
13.0,358,24554837,27.53846153846154
21.0,406,24555243,19.333333333333332
19.0,398,24555641,20.94736842105263
21.0,528,24556169,25.142857142857142
3.0,125,24556294,41.666666666666664
16.0,439,24556733,27.4375
24.0,334,24557067,13.916666666666666
10.0,180,24557247,18.0
34.0,735,24557982,21.61764705882353
40.0,1028,24559010,25.7
29.0,556,24559566,19.17241379310345
16.0,693,24560259,43.3125
20.0,481,24560740,24.05
12.0,256,24560996,21.333333333333332
34.0,688,24561684,20.235294117647058
23.0,596,24562280,25.91304347826087
15.0,397,24562677,26.466666666666665
25.0,1094,24563771,43.76
9.0,309,24564080,34.333333333333336
11.0,282,24564362,25.636363636363637
18.0,449,24564811,24.944444444444443
16.0,298,24565109,18.625
27.0,570,24565679,21.11111111111111
8.0,180,24565859,22.5
3.0,86,24565945,28.666666666666668
10.0,717,24566662,71.7
25.0,537,24567199,21.48
11.0,207,24567406,18.818181818181817
13.0,339,24567745,26.076923076923077
3.0,119,24567864,39.666666666666664
30.0,684,24568548,22.8
24.0,1066,24569614,44.416666666666664
15.0,358,24569972,23.866666666666667
35.0,814,24570786,23.257142857142856
43.0,938,24571724,21.813953488372093
13.0,231,24571955,17.76923076923077
7.0,98,24572053,14.0
23.0,561,24572614,24.391304347826086
17.0,433,24573047,25.470588235294116
19.0,397,24573444,20.894736842105264
27.0,621,24574065,23.0
0.0,441,24574506,inf
17.0,277,24574783,16.294117647058822
29.0,529,24575312,18.24137931034483
6.0,116,24575428,19.333333333333332
16.0,262,24575690,16.375
7.0,139,24575829,19.857142857142858
19.0,793,24576622,41.73684210526316
27.0,562,24577184,20.814814814814813
14.0,311,24577495,22.214285714285715
5.0,149,24577644,29.8
28.0,790,24578434,28.214285714285715
26.0,475,24578909,18.26923076923077
21.0,463,24579372,22.047619047619047
15.0,284,24579656,18.933333333333334
21.0,380,24580036,18.095238095238095
27.0,673,24580709,24.925925925925927
23.0,531,24581240,23.08695652173913
12.0,341,24581581,28.416666666666668
10.0,199,24581780,19.9
19.0,366,24582146,19.263157894736842
9.0,672,24582818,74.66666666666667
11.0,235,24583053,21.363636363636363
25.0,458,24583511,18.32
26.0,572,24584083,22.0
15.0,267,24584350,17.8
19.0,414,24584764,21.789473684210527
16.0,269,24585033,16.8125
33.0,1218,24586251,36.90909090909091
48.0,1446,24587697,30.125
10.0,273,24587970,27.3
27.0,613,24588583,22.703703703703702
4.0,79,24588662,19.75
26.0,539,24589201,20.73076923076923
23.0,534,24589735,23.217391304347824
14.0,246,24589981,17.571428571428573
55.0,1477,24591458,26.854545454545455
4.0,104,24591562,26.0
17.0,269,24591831,15.823529411764707
28.0,522,24592353,18.642857142857142
24.0,559,24592912,23.291666666666668
27.0,547,24593459,20.25925925925926
33.0,858,24594317,26.0
21.0,463,24594780,22.047619047619047
31.0,601,24595381,19.387096774193548
9.0,171,24595552,19.0
26.0,605,24596157,23.26923076923077
14.0,371,24596528,26.5
18.0,372,24596900,20.666666666666668
9.0,178,24597078,19.77777777777778
42.0,1045,24598123,24.88095238095238
18.0,307,24598430,17.055555555555557
22.0,525,24598955,23.863636363636363
19.0,330,24599285,17.36842105263158
28.0,510,24599795,18.214285714285715
6.0,150,24599945,25.0
10.0,146,24600091,14.6
29.0,699,24600790,24.103448275862068
30.0,769,24601559,25.633333333333333
31.0,620,24602179,20.0
18.0,376,24602555,20.88888888888889
27.0,514,24603069,19.037037037037038
21.0,417,24603486,19.857142857142858
28.0,961,24604447,34.32142857142857
33.0,760,24605207,23.03030303030303
15.0,427,24605634,28.466666666666665
2.0,463,24606097,231.5
4.0,66,24606163,16.5
20.0,430,24606593,21.5
39.0,884,24607477,22.666666666666668
26.0,593,24608070,22.807692307692307
21.0,412,24608482,19.61904761904762
15.0,291,24608773,19.4
10.0,211,24608984,21.1
7.0,109,24609093,15.571428571428571
43.0,1090,24610183,25.348837209302324
13.0,734,24610917,56.46153846153846
6.0,117,24611034,19.5
6.0,246,24611280,41.0
10.0,229,24611509,22.9
25.0,609,24612118,24.36
9.0,221,24612339,24.555555555555557
11.0,184,24612523,16.727272727272727
29.0,789,24613312,27.20689655172414
23.0,400,24613712,17.391304347826086
14.0,255,24613967,18.214285714285715
4.0,84,24614051,21.0
8.0,220,24614271,27.5
31.0,703,24614974,22.677419354838708
18.0,286,24615260,15.88888888888889
16.0,317,24615577,19.8125
10.0,207,24615784,20.7
5.0,557,24616341,111.4
9.0,207,24616548,23.0
19.0,391,24616939,20.57894736842105
30.0,617,24617556,20.566666666666666
15.0,656,24618212,43.733333333333334
25.0,489,24618701,19.56
8.0,158,24618859,19.75
26.0,562,24619421,21.615384615384617
31.0,749,24620170,24.161290322580644
11.0,280,24620450,25.454545454545453
12.0,281,24620731,23.416666666666668
25.0,507,24621238,20.28
33.0,737,24621975,22.333333333333332
14.0,263,24622238,18.785714285714285
6.0,547,24622785,91.16666666666667
8.0,160,24622945,20.0
28.0,576,24623521,20.571428571428573
13.0,263,24623784,20.23076923076923
26.0,1041,24624825,40.03846153846154
22.0,435,24625260,19.772727272727273
16.0,360,24625620,22.5
25.0,503,24626123,20.12
27.0,826,24626949,30.59259259259259
17.0,339,24627288,19.941176470588236
21.0,880,24628168,41.904761904761905
28.0,609,24628777,21.75
10.0,356,24629133,35.6
20.0,459,24629592,22.95
14.0,274,24629866,19.571428571428573
26.0,633,24630499,24.346153846153847
22.0,949,24631448,43.13636363636363
28.0,431,24631879,15.392857142857142
12.0,283,24632162,23.583333333333332
38.0,847,24633009,22.289473684210527
28.0,420,24633429,15.0
26.0,462,24633891,17.76923076923077
23.0,1022,24634913,44.43478260869565
15.0,312,24635225,20.8
33.0,744,24635969,22.545454545454547
43.0,1059,24637028,24.627906976744185
41.0,920,24637948,22.4390243902439
6.0,110,24638058,18.333333333333332
34.0,703,24638761,20.676470588235293
10.0,201,24638962,20.1
21.0,345,24639307,16.428571428571427
25.0,552,24639859,22.08
15.0,349,24640208,23.266666666666666
28.0,548,24640756,19.571428571428573
18.0,397,24641153,22.055555555555557
8.0,607,24641760,75.875
19.0,407,24642167,21.42105263157895
28.0,678,24642845,24.214285714285715
29.0,521,24643366,17.96551724137931
27.0,712,24644078,26.37037037037037
16.0,436,24644514,27.25
24.0,589,24645103,24.541666666666668
7.0,185,24645288,26.428571428571427
21.0,346,24645634,16.476190476190474
19.0,395,24646029,20.789473684210527
40.0,1006,24647035,25.15
13.0,308,24647343,23.692307692307693
31.0,737,24648080,23.774193548387096
17.0,463,24648543,27.235294117647058
26.0,549,24649092,21.115384615384617
18.0,812,24649904,45.111111111111114
24.0,883,24650787,36.791666666666664
20.0,398,24651185,19.9
14.0,292,24651477,20.857142857142858
7.0,578,24652055,82.57142857142857
18.0,425,24652480,23.61111111111111
31.0,682,24653162,22.0
14.0,278,24653440,19.857142857142858
8.0,173,24653613,21.625
4.0,63,24653676,15.75
32.0,763,24654439,23.84375
17.0,299,24654738,17.58823529411765
25.0,597,24655335,23.88
26.0,622,24655957,23.923076923076923
26.0,524,24656481,20.153846153846153
27.0,627,24657108,23.22222222222222
12.0,775,24657883,64.58333333333333
12.0,221,24658104,18.416666666666668
13.0,267,24658371,20.53846153846154
28.0,516,24658887,18.428571428571427
25.0,388,24659275,15.52
25.0,551,24659826,22.04
29.0,813,24660639,28.03448275862069
22.0,457,24661096,20.772727272727273
36.0,856,24661952,23.77777777777778
24.0,575,24662527,23.958333333333332
25.0,348,24662875,13.92
4.0,517,24663392,129.25
31.0,638,24664030,20.580645161290324
15.0,240,24664270,16.0
20.0,416,24664686,20.8
24.0,416,24665102,17.333333333333332
2.0,459,24665561,229.5
30.0,675,24666236,22.5
24.0,473,24666709,19.708333333333332
44.0,1085,24667794,24.65909090909091
26.0,589,24668383,22.653846153846153
33.0,705,24669088,21.363636363636363
18.0,827,24669915,45.94444444444444
20.0,469,24670384,23.45
11.0,248,24670632,22.545454545454547
30.0,595,24671227,19.833333333333332
10.0,277,24671504,27.7
22.0,445,24671949,20.227272727272727
37.0,874,24672823,23.62162162162162
26.0,612,24673435,23.53846153846154
10.0,230,24673665,23.0
44.0,931,24674596,21.15909090909091
25.0,548,24675144,21.92
41.0,1017,24676161,24.804878048780488
12.0,235,24676396,19.583333333333332
18.0,504,24676900,28.0
3.0,475,24677375,158.33333333333334
14.0,398,24677773,28.428571428571427
30.0,860,24678633,28.666666666666668
38.0,880,24679513,23.157894736842106
14.0,215,24679728,15.357142857142858
18.0,451,24680179,25.055555555555557
11.0,293,24680472,26.636363636363637
23.0,481,24680953,20.91304347826087
37.0,1233,24682186,33.32432432432432
19.0,349,24682535,18.36842105263158
22.0,646,24683181,29.363636363636363
21.0,490,24683671,23.333333333333332
33.0,750,24684421,22.727272727272727
27.0,410,24684831,15.185185185185185
21.0,486,24685317,23.142857142857142
20.0,420,24685737,21.0
13.0,338,24686075,26.0
12.0,235,24686310,19.583333333333332
27.0,576,24686886,21.333333333333332
34.0,735,24687621,21.61764705882353
15.0,277,24687898,18.466666666666665
7.0,125,24688023,17.857142857142858
8.0,131,24688154,16.375
19.0,416,24688570,21.894736842105264
18.0,396,24688966,22.0
15.0,268,24689234,17.866666666666667
5.0,83,24689317,16.6
14.0,270,24689587,19.285714285714285
29.0,564,24690151,19.448275862068964
27.0,652,24690803,24.14814814814815
11.0,615,24691418,55.90909090909091
34.0,719,24692137,21.147058823529413
12.0,276,24692413,23.0
36.0,720,24693133,20.0
16.0,267,24693400,16.6875
12.0,182,24693582,15.166666666666666
31.0,627,24694209,20.225806451612904
13.0,197,24694406,15.153846153846153
7.0,147,24694553,21.0
35.0,539,24695092,15.4
32.0,554,24695646,17.3125
28.0,441,24696087,15.75
22.0,432,24696519,19.636363636363637
15.0,279,24696798,18.6
24.0,465,24697263,19.375
14.0,410,24697673,29.285714285714285
18.0,364,24698037,20.22222222222222
2.0,45,24698082,22.5
16.0,323,24698405,20.1875
10.0,148,24698553,14.8
8.0,118,24698671,14.75
8.0,181,24698852,22.625
17.0,323,24699175,19.0
21.0,404,24699579,19.238095238095237
36.0,808,24700387,22.444444444444443
11.0,157,24700544,14.272727272727273
12.0,180,24700724,15.0
23.0,548,24701272,23.82608695652174
14.0,723,24701995,51.642857142857146
22.0,387,24702382,17.59090909090909
28.0,518,24702900,18.5
16.0,329,24703229,20.5625
12.0,148,24703377,12.333333333333334
31.0,712,24704089,22.967741935483872
25.0,532,24704621,21.28
39.0,793,24705414,20.333333333333332
13.0,219,24705633,16.846153846153847
13.0,199,24705832,15.307692307692308
15.0,251,24706083,16.733333333333334
22.0,504,24706587,22.90909090909091
6.0,54,24706641,9.0
31.0,572,24707213,18.451612903225808
23.0,398,24707611,17.304347826086957
22.0,492,24708103,22.363636363636363
24.0,496,24708599,20.666666666666668
16.0,321,24708920,20.0625
18.0,277,24709197,15.38888888888889
21.0,429,24709626,20.428571428571427
12.0,656,24710282,54.666666666666664
24.0,470,24710752,19.583333333333332
14.0,636,24711388,45.42857142857143
17.0,394,24711782,23.176470588235293
26.0,470,24712252,18.076923076923077
29.0,575,24712827,19.82758620689655
29.0,520,24713347,17.93103448275862
20.0,345,24713692,17.25
23.0,398,24714090,17.304347826086957
17.0,303,24714393,17.823529411764707
5.0,104,24714497,20.8
13.0,223,24714720,17.153846153846153
27.0,1033,24715753,38.25925925925926
17.0,475,24716228,27.941176470588236
24.0,474,24716702,19.75
7.0,91,24716793,13.0
20.0,358,24717151,17.9
32.0,652,24717803,20.375
8.0,166,24717969,20.75
13.0,270,24718239,20.76923076923077
18.0,386,24718625,21.444444444444443
16.0,255,24718880,15.9375
26.0,453,24719333,17.423076923076923
13.0,237,24719570,18.23076923076923
17.0,344,24719914,20.235294117647058
15.0,258,24720172,17.2
14.0,690,24720862,49.285714285714285
20.0,371,24721233,18.55
9.0,202,24721435,22.444444444444443
10.0,580,24722015,58.0
28.0,546,24722561,19.5
31.0,607,24723168,19.580645161290324
23.0,551,24723719,23.956521739130434
8.0,157,24723876,19.625
14.0,219,24724095,15.642857142857142
27.0,560,24724655,20.74074074074074
13.0,227,24724882,17.46153846153846
37.0,748,24725630,20.216216216216218
21.0,311,24725941,14.80952380952381
21.0,419,24726360,19.952380952380953
1.0,22,24726382,22.0
19.0,300,24726682,15.789473684210526
19.0,351,24727033,18.473684210526315
16.0,256,24727289,16.0
24.0,664,24727953,27.666666666666668
17.0,385,24728338,22.647058823529413
19.0,585,24728923,30.789473684210527
24.0,524,24729447,21.833333333333332
24.0,527,24729974,21.958333333333332
29.0,844,24730818,29.103448275862068
17.0,843,24731661,49.588235294117645
27.0,651,24732312,24.11111111111111
16.0,459,24732771,28.6875
17.0,360,24733131,21.176470588235293
24.0,595,24733726,24.791666666666668
24.0,706,24734432,29.416666666666668
29.0,660,24735092,22.75862068965517
8.0,179,24735271,22.375
19.0,994,24736265,52.31578947368421
16.0,298,24736563,18.625
16.0,866,24737429,54.125
45.0,1275,24738704,28.333333333333332
10.0,659,24739363,65.9
25.0,685,24740048,27.4
29.0,613,24740661,21.137931034482758
9.0,188,24740849,20.88888888888889
1.0,68,24740917,68.0
0.0,441,24741358,inf
17.0,400,24741758,23.529411764705884
19.0,413,24742171,21.736842105263158
33.0,998,24743169,30.242424242424242
24.0,523,24743692,21.791666666666668
11.0,259,24743951,23.545454545454547
22.0,503,24744454,22.863636363636363
27.0,716,24745170,26.51851851851852
11.0,200,24745370,18.181818181818183
22.0,610,24745980,27.727272727272727
39.0,903,24746883,23.153846153846153
1.0,443,24747326,443.0
19.0,489,24747815,25.736842105263158
5.0,122,24747937,24.4
10.0,321,24748258,32.1
20.0,500,24748758,25.0
14.0,313,24749071,22.357142857142858
39.0,929,24750000,23.82051282051282
9.0,253,24750253,28.11111111111111
43.0,980,24751233,22.790697674418606
24.0,535,24751768,22.291666666666668
31.0,753,24752521,24.29032258064516
12.0,207,24752728,17.25
9.0,196,24752924,21.77777777777778
13.0,389,24753313,29.923076923076923
22.0,467,24753780,21.227272727272727
4.0,128,24753908,32.0
24.0,590,24754498,24.583333333333332
0.0,441,24754939,inf
17.0,496,24755435,29.176470588235293
23.0,570,24756005,24.782608695652176
16.0,409,24756414,25.5625
22.0,493,24756907,22.40909090909091
29.0,702,24757609,24.20689655172414
14.0,737,24758346,52.642857142857146
38.0,860,24759206,22.63157894736842
16.0,404,24759610,25.25
16.0,400,24760010,25.0
20.0,520,24760530,26.0
16.0,716,24761246,44.75
14.0,252,24761498,18.0
9.0,166,24761664,18.444444444444443
6.0,570,24762234,95.0
12.0,350,24762584,29.166666666666668
27.0,625,24763209,23.14814814814815
15.0,347,24763556,23.133333333333333
3.0,72,24763628,24.0
6.0,125,24763753,20.833333333333332
0.0,441,24764194,inf
8.0,232,24764426,29.0
7.0,247,24764673,35.285714285714285
47.0,1362,24766035,28.97872340425532
30.0,897,24766932,29.9
37.0,966,24767898,26.10810810810811
31.0,751,24768649,24.225806451612904
6.0,102,24768751,17.0
28.0,797,24769548,28.464285714285715
23.0,580,24770128,25.217391304347824
4.0,46,24770174,11.5
43.0,968,24771142,22.511627906976745
12.0,303,24771445,25.25
16.0,476,24771921,29.75
12.0,283,24772204,23.583333333333332
16.0,431,24772635,26.9375
7.0,563,24773198,80.42857142857143
4.0,91,24773289,22.75
11.0,220,24773509,20.0
19.0,369,24773878,19.42105263157895
8.0,133,24774011,16.625
12.0,272,24774283,22.666666666666668
1.0,468,24774751,468.0
10.0,233,24774984,23.3
6.0,175,24775159,29.166666666666668
19.0,493,24775652,25.94736842105263
15.0,342,24775994,22.8
12.0,301,24776295,25.083333333333332
26.0,709,24777004,27.26923076923077
9.0,183,24777187,20.333333333333332
40.0,994,24778181,24.85
27.0,728,24778909,26.962962962962962
24.0,969,24779878,40.375
18.0,343,24780221,19.055555555555557
35.0,991,24781212,28.314285714285713
24.0,681,24781893,28.375
11.0,754,24782647,68.54545454545455
22.0,510,24783157,23.181818181818183
18.0,428,24783585,23.77777777777778
13.0,630,24784215,48.46153846153846
14.0,311,24784526,22.214285714285715
6.0,519,24785045,86.5
4.0,138,24785183,34.5
12.0,294,24785477,24.5
35.0,951,24786428,27.17142857142857
26.0,548,24786976,21.076923076923077
8.0,627,24787603,78.375
36.0,819,24788422,22.75
16.0,344,24788766,21.5
19.0,435,24789201,22.894736842105264
4.0,114,24789315,28.5
25.0,550,24789865,22.0
21.0,573,24790438,27.285714285714285
13.0,184,24790622,14.153846153846153
19.0,529,24791151,27.842105263157894
20.0,453,24791604,22.65
9.0,174,24791778,19.333333333333332
1.0,448,24792226,448.0
23.0,622,24792848,27.043478260869566
37.0,867,24793715,23.43243243243243
29.0,857,24794572,29.551724137931036
8.0,170,24794742,21.25
13.0,698,24795440,53.69230769230769
13.0,324,24795764,24.923076923076923
20.0,480,24796244,24.0
35.0,1218,24797462,34.8
19.0,408,24797870,21.473684210526315
20.0,507,24798377,25.35
14.0,339,24798716,24.214285714285715
8.0,256,24798972,32.0
39.0,1270,24800242,32.56410256410256
30.0,645,24800887,21.5
33.0,839,24801726,25.424242424242426
27.0,651,24802377,24.11111111111111
13.0,320,24802697,24.615384615384617
39.0,900,24803597,23.076923076923077
7.0,598,24804195,85.42857142857143
20.0,421,24804616,21.05
37.0,1026,24805642,27.72972972972973
48.0,1095,24806737,22.8125
25.0,527,24807264,21.08
34.0,842,24808106,24.764705882352942
29.0,673,24808779,23.20689655172414
11.0,247,24809026,22.454545454545453
28.0,736,24809762,26.285714285714285
3.0,100,24809862,33.333333333333336
7.0,147,24810009,21.0
16.0,399,24810408,24.9375
29.0,647,24811055,22.310344827586206
9.0,202,24811257,22.444444444444443
11.0,232,24811489,21.09090909090909
21.0,576,24812065,27.428571428571427
30.0,909,24812974,30.3
45.0,1176,24814150,26.133333333333333
25.0,529,24814679,21.16
16.0,455,24815134,28.4375
6.0,599,24815733,99.83333333333333
23.0,425,24816158,18.47826086956522
19.0,401,24816559,21.105263157894736
27.0,604,24817163,22.37037037037037
22.0,398,24817561,18.09090909090909
13.0,385,24817946,29.615384615384617
14.0,323,24818269,23.071428571428573
8.0,593,24818862,74.125
6.0,156,24819018,26.0
0.0,441,24819459,inf
18.0,433,24819892,24.055555555555557
24.0,554,24820446,23.083333333333332
0.0,441,24820887,inf
14.0,345,24821232,24.642857142857142
17.0,368,24821600,21.647058823529413
33.0,925,24822525,28.03030303030303
25.0,664,24823189,26.56
26.0,535,24823724,20.576923076923077
13.0,758,24824482,58.30769230769231
24.0,546,24825028,22.75
16.0,369,24825397,23.0625
17.0,373,24825770,21.941176470588236
31.0,767,24826537,24.741935483870968
18.0,432,24826969,24.0
19.0,794,24827763,41.78947368421053
2.0,460,24828223,230.0
16.0,450,24828673,28.125
14.0,316,24828989,22.571428571428573
17.0,316,24829305,18.58823529411765
26.0,574,24829879,22.076923076923077
18.0,457,24830336,25.38888888888889
26.0,618,24830954,23.76923076923077
26.0,556,24831510,21.384615384615383
15.0,464,24831974,30.933333333333334
23.0,614,24832588,26.695652173913043
28.0,834,24833422,29.785714285714285
0.0,441,24833863,inf
20.0,413,24834276,20.65
18.0,301,24834577,16.72222222222222
23.0,516,24835093,22.434782608695652
29.0,764,24835857,26.344827586206897
35.0,966,24836823,27.6
5.0,110,24836933,22.0
15.0,428,24837361,28.533333333333335
29.0,631,24837992,21.75862068965517
12.0,659,24838651,54.916666666666664
12.0,288,24838939,24.0
31.0,693,24839632,22.35483870967742
15.0,316,24839948,21.066666666666666
3.0,533,24840481,177.66666666666666
17.0,350,24840831,20.58823529411765
9.0,247,24841078,27.444444444444443
11.0,264,24841342,24.0
13.0,355,24841697,27.307692307692307
27.0,722,24842419,26.74074074074074
16.0,454,24842873,28.375
16.0,491,24843364,30.6875
26.0,713,24844077,27.423076923076923
23.0,531,24844608,23.08695652173913
16.0,376,24844984,23.5
22.0,548,24845532,24.90909090909091
17.0,299,24845831,17.58823529411765
30.0,622,24846453,20.733333333333334
16.0,409,24846862,25.5625
30.0,680,24847542,22.666666666666668
2.0,471,24848013,235.5
16.0,277,24848290,17.3125
24.0,635,24848925,26.458333333333332
4.0,170,24849095,42.5
16.0,383,24849478,23.9375
16.0,359,24849837,22.4375
11.0,248,24850085,22.545454545454547
14.0,265,24850350,18.928571428571427
5.0,116,24850466,23.2
24.0,930,24851396,38.75
21.0,587,24851983,27.952380952380953
9.0,583,24852566,64.77777777777777
16.0,388,24852954,24.25
18.0,468,24853422,26.0
34.0,647,24854069,19.029411764705884
17.0,438,24854507,25.764705882352942
3.0,507,24855014,169.0
23.0,1002,24856016,43.56521739130435
23.0,677,24856693,29.434782608695652
24.0,473,24857166,19.708333333333332
8.0,617,24857783,77.125
17.0,492,24858275,28.941176470588236
32.0,639,24858914,19.96875
9.0,318,24859232,35.333333333333336
4.0,109,24859341,27.25
11.0,295,24859636,26.818181818181817
19.0,775,24860411,40.78947368421053
21.0,447,24860858,21.285714285714285
26.0,861,24861719,33.11538461538461
1.0,457,24862176,457.0
20.0,320,24862496,16.0
2.0,68,24862564,34.0
3.0,114,24862678,38.0
12.0,745,24863423,62.083333333333336
17.0,429,24863852,25.235294117647058
23.0,635,24864487,27.608695652173914
18.0,840,24865327,46.666666666666664
14.0,218,24865545,15.571428571428571
11.0,269,24865814,24.454545454545453
20.0,868,24866682,43.4
28.0,572,24867254,20.428571428571427
25.0,654,24867908,26.16
22.0,580,24868488,26.363636363636363
28.0,696,24869184,24.857142857142858
16.0,747,24869931,46.6875
12.0,297,24870228,24.75
12.0,700,24870928,58.333333333333336
5.0,530,24871458,106.0
13.0,254,24871712,19.53846153846154
11.0,379,24872091,34.45454545454545
22.0,551,24872642,25.045454545454547
18.0,371,24873013,20.61111111111111
10.0,266,24873279,26.6
0.0,441,24873720,inf
6.0,494,24874214,82.33333333333333
22.0,544,24874758,24.727272727272727
18.0,504,24875262,28.0
6.0,92,24875354,15.333333333333334
23.0,555,24875909,24.130434782608695
12.0,311,24876220,25.916666666666668
19.0,502,24876722,26.42105263157895
20.0,567,24877289,28.35
14.0,435,24877724,31.071428571428573
20.0,472,24878196,23.6
10.0,636,24878832,63.6
12.0,846,24879678,70.5
12.0,270,24879948,22.5
13.0,227,24880175,17.46153846153846
9.0,164,24880339,18.22222222222222
35.0,853,24881192,24.37142857142857
11.0,297,24881489,27.0
15.0,406,24881895,27.066666666666666
17.0,455,24882350,26.764705882352942
9.0,214,24882564,23.77777777777778
16.0,415,24882979,25.9375
11.0,360,24883339,32.72727272727273
26.0,496,24883835,19.076923076923077
14.0,382,24884217,27.285714285714285
2.0,67,24884284,33.5
20.0,585,24884869,29.25
7.0,148,24885017,21.142857142857142
6.0,547,24885564,91.16666666666667
28.0,614,24886178,21.928571428571427
31.0,790,24886968,25.483870967741936
11.0,293,24887261,26.636363636363637
13.0,378,24887639,29.076923076923077
23.0,945,24888584,41.08695652173913
20.0,960,24889544,48.0
11.0,272,24889816,24.727272727272727
12.0,358,24890174,29.833333333333332
11.0,278,24890452,25.272727272727273
34.0,873,24891325,25.676470588235293
28.0,527,24891852,18.821428571428573
24.0,593,24892445,24.708333333333332
24.0,626,24893071,26.083333333333332
19.0,521,24893592,27.42105263157895
23.0,601,24894193,26.130434782608695
8.0,180,24894373,22.5
1.0,26,24894399,26.0
19.0,869,24895268,45.73684210526316
25.0,667,24895935,26.68
8.0,588,24896523,73.5
17.0,379,24896902,22.294117647058822
25.0,507,24897409,20.28
17.0,333,24897742,19.58823529411765
20.0,515,24898257,25.75
13.0,231,24898488,17.76923076923077
19.0,888,24899376,46.73684210526316
11.0,209,24899585,19.0
5.0,131,24899716,26.2
20.0,624,24900340,31.2
11.0,210,24900550,19.09090909090909
22.0,446,24900996,20.272727272727273
14.0,435,24901431,31.071428571428573
15.0,326,24901757,21.733333333333334
4.0,121,24901878,30.25
29.0,728,24902606,25.103448275862068
12.0,216,24902822,18.0
23.0,672,24903494,29.217391304347824
16.0,424,24903918,26.5
6.0,116,24904034,19.333333333333332
21.0,639,24904673,30.428571428571427
5.0,167,24904840,33.4
32.0,750,24905590,23.4375
5.0,600,24906190,120.0
5.0,560,24906750,112.0
4.0,537,24907287,134.25
46.0,1336,24908623,29.043478260869566
30.0,760,24909383,25.333333333333332
0.0,441,24909824,inf
16.0,404,24910228,25.25
25.0,829,24911057,33.16
28.0,603,24911660,21.535714285714285
44.0,1264,24912924,28.727272727272727
31.0,747,24913671,24.096774193548388
30.0,645,24914316,21.5
11.0,236,24914552,21.454545454545453
26.0,577,24915129,22.192307692307693
24.0,458,24915587,19.083333333333332
11.0,230,24915817,20.90909090909091
9.0,199,24916016,22.11111111111111
36.0,851,24916867,23.63888888888889
27.0,815,24917682,30.185185185185187
2.0,476,24918158,238.0
14.0,375,24918533,26.785714285714285
27.0,571,24919104,21.14814814814815
20.0,493,24919597,24.65
28.0,744,24920341,26.571428571428573
28.0,773,24921114,27.607142857142858
19.0,329,24921443,17.31578947368421
5.0,229,24921672,45.8
40.0,1440,24923112,36.0
20.0,885,24923997,44.25
19.0,434,24924431,22.842105263157894
26.0,784,24925215,30.153846153846153
12.0,335,24925550,27.916666666666668
17.0,341,24925891,20.058823529411764
23.0,606,24926497,26.347826086956523
30.0,639,24927136,21.3
13.0,285,24927421,21.923076923076923
5.0,93,24927514,18.6
8.0,179,24927693,22.375
14.0,256,24927949,18.285714285714285
34.0,589,24928538,17.323529411764707
21.0,538,24929076,25.61904761904762
25.0,617,24929693,24.68
12.0,243,24929936,20.25
13.0,348,24930284,26.76923076923077
8.0,217,24930501,27.125
34.0,996,24931497,29.294117647058822
15.0,287,24931784,19.133333333333333
29.0,681,24932465,23.482758620689655
16.0,288,24932753,18.0
28.0,659,24933412,23.535714285714285
4.0,531,24933943,132.75
27.0,670,24934613,24.814814814814813
14.0,374,24934987,26.714285714285715
23.0,531,24935518,23.08695652173913
17.0,412,24935930,24.235294117647058
19.0,477,24936407,25.105263157894736
5.0,210,24936617,42.0
39.0,903,24937520,23.153846153846153
21.0,453,24937973,21.571428571428573
24.0,530,24938503,22.083333333333332
26.0,625,24939128,24.03846153846154
13.0,734,24939862,56.46153846153846
6.0,123,24939985,20.5
6.0,546,24940531,91.0
13.0,250,24940781,19.23076923076923
23.0,359,24941140,15.608695652173912
30.0,602,24941742,20.066666666666666
33.0,881,24942623,26.696969696969695
19.0,395,24943018,20.789473684210527
12.0,600,24943618,50.0
39.0,898,24944516,23.025641025641026
9.0,200,24944716,22.22222222222222
13.0,277,24944993,21.307692307692307
25.0,569,24945562,22.76
4.0,63,24945625,15.75
26.0,546,24946171,21.0
28.0,476,24946647,17.0
22.0,418,24947065,19.0
40.0,988,24948053,24.7
10.0,256,24948309,25.6
23.0,939,24949248,40.82608695652174
19.0,936,24950184,49.26315789473684
16.0,334,24950518,20.875
37.0,838,24951356,22.64864864864865
10.0,315,24951671,31.5
24.0,573,24952244,23.875
2.0,32,24952276,16.0
20.0,505,24952781,25.25
10.0,693,24953474,69.3
21.0,555,24954029,26.428571428571427
21.0,418,24954447,19.904761904761905
12.0,206,24954653,17.166666666666668
16.0,811,24955464,50.6875
30.0,689,24956153,22.966666666666665
34.0,736,24956889,21.647058823529413
25.0,927,24957816,37.08
3.0,84,24957900,28.0
40.0,789,24958689,19.725
8.0,616,24959305,77.0
6.0,528,24959833,88.0
13.0,157,24959990,12.076923076923077
25.0,580,24960570,23.2
5.0,164,24960734,32.8
17.0,405,24961139,23.823529411764707
26.0,638,24961777,24.53846153846154
19.0,479,24962256,25.210526315789473
28.0,739,24962995,26.392857142857142
32.0,775,24963770,24.21875
29.0,721,24964491,24.862068965517242
48.0,1171,24965662,24.395833333333332
19.0,533,24966195,28.05263157894737
18.0,364,24966559,20.22222222222222
20.0,428,24966987,21.4
42.0,1090,24968077,25.952380952380953
15.0,295,24968372,19.666666666666668
27.0,518,24968890,19.185185185185187
28.0,694,24969584,24.785714285714285
39.0,849,24970433,21.76923076923077
11.0,217,24970650,19.727272727272727
9.0,619,24971269,68.77777777777777
24.0,585,24971854,24.375
26.0,646,24972500,24.846153846153847
26.0,559,24973059,21.5
3.0,490,24973549,163.33333333333334
48.0,1139,24974688,23.729166666666668
9.0,140,24974828,15.555555555555555
20.0,437,24975265,21.85
12.0,222,24975487,18.5
2.0,41,24975528,20.5
25.0,566,24976094,22.64
3.0,115,24976209,38.333333333333336
29.0,711,24976920,24.517241379310345
14.0,268,24977188,19.142857142857142
42.0,1038,24978226,24.714285714285715
13.0,764,24978990,58.76923076923077
43.0,989,24979979,23.0
5.0,574,24980553,114.8
30.0,811,24981364,27.033333333333335
15.0,353,24981717,23.533333333333335
6.0,133,24981850,22.166666666666668
16.0,295,24982145,18.4375
21.0,889,24983034,42.333333333333336
15.0,262,24983296,17.466666666666665
15.0,309,24983605,20.6
15.0,327,24983932,21.8
24.0,357,24984289,14.875
4.0,72,24984361,18.0
8.0,159,24984520,19.875
7.0,205,24984725,29.285714285714285
15.0,314,24985039,20.933333333333334
25.0,689,24985728,27.56
18.0,757,24986485,42.05555555555556
25.0,656,24987141,26.24
9.0,204,24987345,22.666666666666668
28.0,580,24987925,20.714285714285715
25.0,402,24988327,16.08
34.0,854,24989181,25.11764705882353
14.0,698,24989879,49.857142857142854
18.0,401,24990280,22.27777777777778
3.0,509,24990789,169.66666666666666
21.0,513,24991302,24.428571428571427
6.0,109,24991411,18.166666666666668
23.0,495,24991906,21.52173913043478
19.0,435,24992341,22.894736842105264
10.0,316,24992657,31.6
25.0,607,24993264,24.28
15.0,227,24993491,15.133333333333333
32.0,699,24994190,21.84375
33.0,945,24995135,28.636363636363637
16.0,346,24995481,21.625
16.0,726,24996207,45.375
14.0,338,24996545,24.142857142857142
25.0,568,24997113,22.72
10.0,201,24997314,20.1
41.0,1157,24998471,28.21951219512195
26.0,400,24998871,15.384615384615385
1.0,41,24998912,41.0
12.0,247,24999159,20.583333333333332
14.0,362,24999521,25.857142857142858
17.0,333,24999854,19.58823529411765
5.0,140,24999994,28.0
32.0,716,25000710,22.375
30.0,901,25001611,30.033333333333335
5.0,126,25001737,25.2
28.0,675,25002412,24.107142857142858
13.0,358,25002770,27.53846153846154
28.0,556,25003326,19.857142857142858
16.0,337,25003663,21.0625
20.0,439,25004102,21.95
31.0,624,25004726,20.129032258064516
13.0,348,25005074,26.76923076923077
9.0,230,25005304,25.555555555555557
16.0,310,25005614,19.375
3.0,61,25005675,20.333333333333332
9.0,203,25005878,22.555555555555557
21.0,455,25006333,21.666666666666668
14.0,249,25006582,17.785714285714285
27.0,660,25007242,24.444444444444443
27.0,667,25007909,24.703703703703702
36.0,1145,25009054,31.805555555555557
18.0,389,25009443,21.61111111111111
7.0,143,25009586,20.428571428571427
28.0,545,25010131,19.464285714285715
18.0,439,25010570,24.38888888888889
20.0,394,25010964,19.7
6.0,127,25011091,21.166666666666668
4.0,489,25011580,122.25
19.0,352,25011932,18.526315789473685
13.0,267,25012199,20.53846153846154
20.0,371,25012570,18.55
14.0,413,25012983,29.5
21.0,388,25013371,18.476190476190474
31.0,795,25014166,25.64516129032258
19.0,869,25015035,45.73684210526316
29.0,706,25015741,24.344827586206897
33.0,688,25016429,20.848484848484848
42.0,1091,25017520,25.976190476190474
14.0,308,25017828,22.0
16.0,348,25018176,21.75
20.0,484,25018660,24.2
3.0,79,25018739,26.333333333333332
20.0,368,25019107,18.4
19.0,398,25019505,20.94736842105263
4.0,90,25019595,22.5
34.0,786,25020381,23.11764705882353
16.0,348,25020729,21.75
19.0,304,25021033,16.0
15.0,283,25021316,18.866666666666667
21.0,445,25021761,21.19047619047619
24.0,632,25022393,26.333333333333332
20.0,378,25022771,18.9
20.0,447,25023218,22.35
18.0,347,25023565,19.27777777777778
18.0,373,25023938,20.72222222222222
8.0,145,25024083,18.125
24.0,543,25024626,22.625
41.0,898,25025524,21.902439024390244
12.0,328,25025852,27.333333333333332
21.0,453,25026305,21.571428571428573
24.0,562,25026867,23.416666666666668
5.0,108,25026975,21.6
13.0,322,25027297,24.76923076923077
29.0,631,25027928,21.75862068965517
20.0,538,25028466,26.9
44.0,983,25029449,22.34090909090909
24.0,475,25029924,19.791666666666668
29.0,564,25030488,19.448275862068964
22.0,532,25031020,24.181818181818183
28.0,640,25031660,22.857142857142858
40.0,1123,25032783,28.075
20.0,510,25033293,25.5
16.0,412,25033705,25.75
24.0,514,25034219,21.416666666666668
12.0,286,25034505,23.833333333333332
20.0,393,25034898,19.65
4.0,99,25034997,24.75
8.0,114,25035111,14.25
24.0,583,25035694,24.291666666666668
33.0,730,25036424,22.12121212121212
22.0,515,25036939,23.40909090909091
23.0,425,25037364,18.47826086956522
14.0,352,25037716,25.142857142857142
13.0,259,25037975,19.923076923076923
33.0,753,25038728,22.818181818181817
7.0,177,25038905,25.285714285714285
24.0,1122,25040027,46.75
22.0,469,25040496,21.318181818181817
7.0,117,25040613,16.714285714285715
20.0,555,25041168,27.75
38.0,1213,25042381,31.92105263157895
29.0,690,25043071,23.79310344827586
31.0,835,25043906,26.93548387096774
3.0,57,25043963,19.0
20.0,302,25044265,15.1
24.0,554,25044819,23.083333333333332
24.0,468,25045287,19.5
32.0,837,25046124,26.15625
34.0,797,25046921,23.441176470588236
31.0,767,25047688,24.741935483870968
1.0,68,25047756,68.0
15.0,292,25048048,19.466666666666665
41.0,809,25048857,19.73170731707317
3.0,475,25049332,158.33333333333334
42.0,945,25050277,22.5
29.0,619,25050896,21.344827586206897
29.0,628,25051524,21.655172413793103
21.0,430,25051954,20.476190476190474
35.0,824,25052778,23.542857142857144
25.0,521,25053299,20.84
17.0,388,25053687,22.823529411764707
26.0,543,25054230,20.884615384615383
17.0,367,25054597,21.58823529411765
24.0,639,25055236,26.625
23.0,461,25055697,20.043478260869566
25.0,462,25056159,18.48
11.0,217,25056376,19.727272727272727
13.0,319,25056695,24.53846153846154
10.0,141,25056836,14.1
33.0,955,25057791,28.939393939393938
32.0,667,25058458,20.84375
14.0,337,25058795,24.071428571428573
20.0,450,25059245,22.5
28.0,581,25059826,20.75
20.0,432,25060258,21.6
23.0,461,25060719,20.043478260869566
46.0,1232,25061951,26.782608695652176
39.0,1003,25062954,25.71794871794872
26.0,733,25063687,28.192307692307693
2.0,481,25064168,240.5
17.0,332,25064500,19.529411764705884
10.0,216,25064716,21.6
34.0,1036,25065752,30.470588235294116
34.0,769,25066521,22.61764705882353
7.0,127,25066648,18.142857142857142
23.0,534,25067182,23.217391304347824
21.0,325,25067507,15.476190476190476
16.0,252,25067759,15.75
24.0,562,25068321,23.416666666666668
10.0,176,25068497,17.6
16.0,350,25068847,21.875
8.0,186,25069033,23.25
9.0,207,25069240,23.0
34.0,967,25070207,28.441176470588236
29.0,666,25070873,22.96551724137931
32.0,966,25071839,30.1875
10.0,252,25072091,25.2
26.0,673,25072764,25.884615384615383
25.0,492,25073256,19.68
26.0,598,25073854,23.0
38.0,846,25074700,22.263157894736842
26.0,529,25075229,20.346153846153847
5.0,76,25075305,15.2
38.0,1059,25076364,27.86842105263158
34.0,794,25077158,23.352941176470587
25.0,725,25077883,29.0
28.0,610,25078493,21.785714285714285
9.0,201,25078694,22.333333333333332
37.0,865,25079559,23.37837837837838
24.0,676,25080235,28.166666666666668
14.0,300,25080535,21.428571428571427
39.0,1029,25081564,26.384615384615383
18.0,365,25081929,20.27777777777778
32.0,756,25082685,23.625
5.0,582,25083267,116.4
11.0,277,25083544,25.181818181818183
35.0,720,25084264,20.571428571428573
20.0,537,25084801,26.85
20.0,438,25085239,21.9
9.0,229,25085468,25.444444444444443
16.0,434,25085902,27.125
1.0,448,25086350,448.0
30.0,633,25086983,21.1
19.0,448,25087431,23.57894736842105
9.0,586,25088017,65.11111111111111
27.0,590,25088607,21.85185185185185
18.0,337,25088944,18.72222222222222
37.0,991,25089935,26.783783783783782
2.0,37,25089972,18.5
14.0,238,25090210,17.0
15.0,252,25090462,16.8
15.0,371,25090833,24.733333333333334
31.0,853,25091686,27.516129032258064
17.0,335,25092021,19.705882352941178
5.0,542,25092563,108.4
29.0,597,25093160,20.586206896551722
11.0,262,25093422,23.818181818181817
8.0,667,25094089,83.375
22.0,426,25094515,19.363636363636363
34.0,834,25095349,24.529411764705884
4.0,61,25095410,15.25
37.0,1128,25096538,30.486486486486488
12.0,264,25096802,22.0
36.0,734,25097536,20.38888888888889
31.0,719,25098255,23.193548387096776
7.0,179,25098434,25.571428571428573
10.0,203,25098637,20.3
26.0,568,25099205,21.846153846153847
31.0,776,25099981,25.032258064516128
20.0,516,25100497,25.8
20.0,875,25101372,43.75
22.0,548,25101920,24.90909090909091
25.0,553,25102473,22.12
30.0,753,25103226,25.1
47.0,1369,25104595,29.127659574468087
19.0,417,25105012,21.94736842105263
7.0,107,25105119,15.285714285714286
11.0,255,25105374,23.181818181818183
38.0,828,25106202,21.789473684210527
20.0,498,25106700,24.9
6.0,171,25106871,28.5
19.0,493,25107364,25.94736842105263
12.0,174,25107538,14.5
23.0,604,25108142,26.26086956521739
15.0,731,25108873,48.733333333333334
44.0,1067,25109940,24.25
31.0,758,25110698,24.451612903225808
33.0,681,25111379,20.636363636363637
20.0,528,25111907,26.4
30.0,713,25112620,23.766666666666666
13.0,198,25112818,15.23076923076923
32.0,561,25113379,17.53125
20.0,470,25113849,23.5
16.0,319,25114168,19.9375
20.0,409,25114577,20.45
18.0,1000,25115577,55.55555555555556
11.0,678,25116255,61.63636363636363
19.0,483,25116738,25.42105263157895
26.0,589,25117327,22.653846153846153
37.0,870,25118197,23.513513513513512
26.0,617,25118814,23.73076923076923
29.0,495,25119309,17.06896551724138
23.0,456,25119765,19.82608695652174
25.0,670,25120435,26.8
23.0,438,25120873,19.043478260869566
25.0,671,25121544,26.84
17.0,272,25121816,16.0
8.0,188,25122004,23.5
34.0,908,25122912,26.705882352941178
22.0,557,25123469,25.318181818181817
22.0,523,25123992,23.772727272727273
17.0,381,25124373,22.41176470588235
31.0,769,25125142,24.806451612903224
18.0,497,25125639,27.61111111111111
12.0,705,25126344,58.75
2.0,469,25126813,234.5
24.0,538,25127351,22.416666666666668
26.0,602,25127953,23.153846153846153
13.0,437,25128390,33.61538461538461
29.0,660,25129050,22.75862068965517
11.0,243,25129293,22.09090909090909
18.0,343,25129636,19.055555555555557
27.0,741,25130377,27.444444444444443
27.0,550,25130927,20.37037037037037
17.0,529,25131456,31.11764705882353
9.0,109,25131565,12.11111111111111
28.0,682,25132247,24.357142857142858
8.0,557,25132804,69.625
29.0,600,25133404,20.689655172413794
38.0,1058,25134462,27.842105263157894
7.0,551,25135013,78.71428571428571
12.0,674,25135687,56.166666666666664
21.0,449,25136136,21.38095238095238
6.0,151,25136287,25.166666666666668
32.0,911,25137198,28.46875
22.0,535,25137733,24.318181818181817
12.0,199,25137932,16.583333333333332
6.0,183,25138115,30.5
21.0,544,25138659,25.904761904761905
6.0,133,25138792,22.166666666666668
6.0,98,25138890,16.333333333333332
25.0,492,25139382,19.68
6.0,211,25139593,35.166666666666664
16.0,354,25139947,22.125
3.0,68,25140015,22.666666666666668
24.0,423,25140438,17.625
10.0,628,25141066,62.8
33.0,836,25141902,25.333333333333332
17.0,409,25142311,24.058823529411764
23.0,441,25142752,19.17391304347826
17.0,309,25143061,18.176470588235293
25.0,544,25143605,21.76
19.0,809,25144414,42.578947368421055
28.0,501,25144915,17.892857142857142
14.0,699,25145614,49.92857142857143
32.0,888,25146502,27.75
15.0,367,25146869,24.466666666666665
4.0,89,25146958,22.25
25.0,491,25147449,19.64
8.0,152,25147601,19.0
3.0,109,25147710,36.333333333333336
17.0,369,25148079,21.705882352941178
12.0,308,25148387,25.666666666666668
16.0,419,25148806,26.1875
11.0,273,25149079,24.818181818181817
8.0,247,25149326,30.875
12.0,202,25149528,16.833333333333332
22.0,497,25150025,22.59090909090909
18.0,349,25150374,19.38888888888889
23.0,631,25151005,27.434782608695652
15.0,253,25151258,16.866666666666667
28.0,675,25151933,24.107142857142858
13.0,334,25152267,25.692307692307693
15.0,291,25152558,19.4
10.0,253,25152811,25.3
30.0,682,25153493,22.733333333333334
16.0,719,25154212,44.9375
10.0,224,25154436,22.4
22.0,426,25154862,19.363636363636363
20.0,399,25155261,19.95
22.0,439,25155700,19.954545454545453
18.0,386,25156086,21.444444444444443
16.0,376,25156462,23.5
39.0,978,25157440,25.076923076923077
15.0,402,25157842,26.8
9.0,154,25157996,17.11111111111111
17.0,367,25158363,21.58823529411765
41.0,860,25159223,20.975609756097562
7.0,124,25159347,17.714285714285715
10.0,630,25159977,63.0
5.0,155,25160132,31.0
11.0,271,25160403,24.636363636363637
36.0,928,25161331,25.77777777777778
8.0,163,25161494,20.375
6.0,104,25161598,17.333333333333332
19.0,415,25162013,21.842105263157894
13.0,350,25162363,26.923076923076923
13.0,726,25163089,55.84615384615385
23.0,444,25163533,19.304347826086957
45.0,1117,25164650,24.822222222222223
17.0,336,25164986,19.764705882352942
22.0,487,25165473,22.136363636363637
14.0,344,25165817,24.571428571428573
21.0,460,25166277,21.904761904761905
30.0,1120,25167397,37.333333333333336
16.0,366,25167763,22.875
21.0,498,25168261,23.714285714285715
24.0,578,25168839,24.083333333333332
12.0,244,25169083,20.333333333333332
28.0,662,25169745,23.642857142857142
42.0,897,25170642,21.357142857142858
24.0,478,25171120,19.916666666666668
15.0,376,25171496,25.066666666666666
23.0,450,25171946,19.565217391304348
23.0,846,25172792,36.78260869565217
20.0,431,25173223,21.55
31.0,762,25173985,24.580645161290324
2.0,66,25174051,33.0
30.0,1159,25175210,38.63333333333333
31.0,889,25176099,28.677419354838708
3.0,73,25176172,24.333333333333332
11.0,295,25176467,26.818181818181817
14.0,395,25176862,28.214285714285715
15.0,270,25177132,18.0
13.0,260,25177392,20.0
31.0,837,25178229,27.0
12.0,256,25178485,21.333333333333332
18.0,431,25178916,23.944444444444443
19.0,435,25179351,22.894736842105264
40.0,895,25180246,22.375
26.0,644,25180890,24.76923076923077
32.0,714,25181604,22.3125
6.0,89,25181693,14.833333333333334
17.0,475,25182168,27.941176470588236
6.0,116,25182284,19.333333333333332
26.0,620,25182904,23.846153846153847
22.0,454,25183358,20.636363636363637
26.0,521,25183879,20.03846153846154
27.0,636,25184515,23.555555555555557
42.0,878,25185393,20.904761904761905
18.0,433,25185826,24.055555555555557
8.0,191,25186017,23.875
10.0,174,25186191,17.4
17.0,829,25187020,48.76470588235294
32.0,720,25187740,22.5
16.0,362,25188102,22.625
30.0,600,25188702,20.0
22.0,981,25189683,44.59090909090909
2.0,52,25189735,26.0
25.0,564,25190299,22.56
13.0,352,25190651,27.076923076923077
1.0,80,25190731,80.0
8.0,246,25190977,30.75
15.0,293,25191270,19.533333333333335
34.0,855,25192125,25.147058823529413
24.0,664,25192789,27.666666666666668
1.0,93,25192882,93.0
22.0,654,25193536,29.727272727272727
13.0,199,25193735,15.307692307692308
24.0,441,25194176,18.375
6.0,539,25194715,89.83333333333333
30.0,743,25195458,24.766666666666666
16.0,490,25195948,30.625
19.0,398,25196346,20.94736842105263
4.0,114,25196460,28.5
5.0,138,25196598,27.6
29.0,600,25197198,20.689655172413794
24.0,408,25197606,17.0
16.0,393,25197999,24.5625
34.0,873,25198872,25.676470588235293
11.0,209,25199081,19.0
30.0,651,25199732,21.7
22.0,474,25200206,21.545454545454547
24.0,648,25200854,27.0
23.0,522,25201376,22.695652173913043
27.0,621,25201997,23.0
27.0,570,25202567,21.11111111111111
1.0,26,25202593,26.0
26.0,580,25203173,22.307692307692307
14.0,287,25203460,20.5
6.0,574,25204034,95.66666666666667
37.0,743,25204777,20.08108108108108
29.0,736,25205513,25.379310344827587
2.0,85,25205598,42.5
30.0,649,25206247,21.633333333333333
34.0,801,25207048,23.558823529411764
28.0,834,25207882,29.785714285714285
48.0,1291,25209173,26.895833333333332
18.0,345,25209518,19.166666666666668
9.0,217,25209735,24.11111111111111
22.0,593,25210328,26.954545454545453
28.0,646,25210974,23.071428571428573
5.0,74,25211048,14.8
37.0,995,25212043,26.89189189189189
37.0,930,25212973,25.135135135135137
25.0,482,25213455,19.28
12.0,273,25213728,22.75
23.0,917,25214645,39.869565217391305
17.0,346,25214991,20.352941176470587
16.0,810,25215801,50.625
16.0,355,25216156,22.1875
16.0,354,25216510,22.125
18.0,306,25216816,17.0
21.0,472,25217288,22.476190476190474
8.0,178,25217466,22.25
25.0,601,25218067,24.04
40.0,1052,25219119,26.3
18.0,425,25219544,23.61111111111111
47.0,979,25220523,20.829787234042552
26.0,507,25221030,19.5
26.0,753,25221783,28.96153846153846
18.0,852,25222635,47.333333333333336
9.0,188,25222823,20.88888888888889
46.0,1372,25224195,29.82608695652174
29.0,671,25224866,23.137931034482758
36.0,775,25225641,21.52777777777778
13.0,293,25225934,22.53846153846154
3.0,64,25225998,21.333333333333332
19.0,442,25226440,23.263157894736842
18.0,889,25227329,49.388888888888886
18.0,476,25227805,26.444444444444443
53.0,1377,25229182,25.9811320754717
19.0,369,25229551,19.42105263157895
39.0,1166,25230717,29.897435897435898
17.0,448,25231165,26.352941176470587
21.0,518,25231683,24.666666666666668
17.0,347,25232030,20.41176470588235
8.0,211,25232241,26.375
26.0,554,25232795,21.307692307692307
29.0,710,25233505,24.482758620689655
8.0,139,25233644,17.375
38.0,1003,25234647,26.394736842105264
26.0,508,25235155,19.53846153846154
15.0,342,25235497,22.8
19.0,383,25235880,20.157894736842106
25.0,929,25236809,37.16
43.0,952,25237761,22.13953488372093
30.0,655,25238416,21.833333333333332
35.0,808,25239224,23.085714285714285
25.0,538,25239762,21.52
14.0,246,25240008,17.571428571428573
33.0,817,25240825,24.757575757575758
6.0,148,25240973,24.666666666666668
12.0,318,25241291,26.5
25.0,594,25241885,23.76
39.0,872,25242757,22.358974358974358
15.0,304,25243061,20.266666666666666
21.0,501,25243562,23.857142857142858
33.0,677,25244239,20.515151515151516
13.0,288,25244527,22.153846153846153
19.0,381,25244908,20.05263157894737
6.0,96,25245004,16.0
13.0,651,25245655,50.07692307692308
14.0,225,25245880,16.071428571428573
36.0,913,25246793,25.36111111111111
24.0,469,25247262,19.541666666666668
12.0,291,25247553,24.25
38.0,815,25248368,21.44736842105263
39.0,1077,25249445,27.615384615384617
19.0,346,25249791,18.210526315789473
10.0,284,25250075,28.4
22.0,457,25250532,20.772727272727273
8.0,588,25251120,73.5
22.0,526,25251646,23.90909090909091
32.0,724,25252370,22.625
18.0,399,25252769,22.166666666666668
11.0,181,25252950,16.454545454545453
4.0,84,25253034,21.0
20.0,479,25253513,23.95
20.0,361,25253874,18.05
38.0,854,25254728,22.473684210526315
32.0,746,25255474,23.3125
25.0,557,25256031,22.28
43.0,932,25256963,21.674418604651162
24.0,575,25257538,23.958333333333332
25.0,503,25258041,20.12
10.0,155,25258196,15.5
8.0,172,25258368,21.5
9.0,183,25258551,20.333333333333332
38.0,878,25259429,23.105263157894736
23.0,473,25259902,20.565217391304348
32.0,806,25260708,25.1875
5.0,545,25261253,109.0
28.0,531,25261784,18.964285714285715
14.0,322,25262106,23.0
19.0,433,25262539,22.789473684210527
35.0,742,25263281,21.2
7.0,86,25263367,12.285714285714286
19.0,425,25263792,22.36842105263158
27.0,588,25264380,21.77777777777778
14.0,259,25264639,18.5
24.0,667,25265306,27.791666666666668
17.0,422,25265728,24.823529411764707
28.0,618,25266346,22.071428571428573
35.0,858,25267204,24.514285714285716
12.0,245,25267449,20.416666666666668
16.0,367,25267816,22.9375
25.0,455,25268271,18.2
36.0,932,25269203,25.88888888888889
29.0,599,25269802,20.655172413793103
11.0,203,25270005,18.454545454545453
15.0,263,25270268,17.533333333333335
46.0,1195,25271463,25.97826086956522
10.0,641,25272104,64.1
11.0,262,25272366,23.818181818181817
4.0,82,25272448,20.5
30.0,562,25273010,18.733333333333334
17.0,301,25273311,17.705882352941178
14.0,230,25273541,16.428571428571427
30.0,573,25274114,19.1
16.0,756,25274870,47.25
21.0,516,25275386,24.571428571428573
30.0,790,25276176,26.333333333333332
20.0,375,25276551,18.75
7.0,122,25276673,17.428571428571427
12.0,265,25276938,22.083333333333332
33.0,764,25277702,23.151515151515152
20.0,414,25278116,20.7
14.0,268,25278384,19.142857142857142
18.0,377,25278761,20.944444444444443
13.0,315,25279076,24.23076923076923
12.0,646,25279722,53.833333333333336
6.0,118,25279840,19.666666666666668
36.0,1190,25281030,33.05555555555556
11.0,292,25281322,26.545454545454547
23.0,893,25282215,38.82608695652174
20.0,353,25282568,17.65
16.0,313,25282881,19.5625
33.0,1078,25283959,32.666666666666664
29.0,653,25284612,22.517241379310345
7.0,552,25285164,78.85714285714286
5.0,65,25285229,13.0
15.0,327,25285556,21.8
20.0,450,25286006,22.5
22.0,463,25286469,21.045454545454547
41.0,910,25287379,22.195121951219512
36.0,863,25288242,23.97222222222222
23.0,419,25288661,18.217391304347824
35.0,743,25289404,21.228571428571428
17.0,401,25289805,23.58823529411765
22.0,409,25290214,18.59090909090909
30.0,707,25290921,23.566666666666666
17.0,435,25291356,25.58823529411765
21.0,480,25291836,22.857142857142858
14.0,241,25292077,17.214285714285715
34.0,885,25292962,26.029411764705884
22.0,422,25293384,19.181818181818183
7.0,562,25293946,80.28571428571429
17.0,739,25294685,43.470588235294116
21.0,510,25295195,24.285714285714285
15.0,339,25295534,22.6
26.0,530,25296064,20.384615384615383
20.0,511,25296575,25.55
24.0,450,25297025,18.75
25.0,456,25297481,18.24
23.0,558,25298039,24.26086956521739
43.0,853,25298892,19.837209302325583
18.0,380,25299272,21.11111111111111
29.0,527,25299799,18.17241379310345
19.0,406,25300205,21.36842105263158
22.0,391,25300596,17.772727272727273
26.0,901,25301497,34.65384615384615
23.0,455,25301952,19.782608695652176
28.0,812,25302764,29.0
30.0,621,25303385,20.7
19.0,329,25303714,17.31578947368421
30.0,687,25304401,22.9
27.0,508,25304909,18.814814814814813
6.0,104,25305013,17.333333333333332
21.0,428,25305441,20.38095238095238
34.0,767,25306208,22.558823529411764
30.0,720,25306928,24.0
3.0,486,25307414,162.0
30.0,726,25308140,24.2
16.0,280,25308420,17.5
36.0,1004,25309424,27.88888888888889
9.0,120,25309544,13.333333333333334
26.0,561,25310105,21.576923076923077
21.0,492,25310597,23.428571428571427
21.0,561,25311158,26.714285714285715
38.0,939,25312097,24.710526315789473
16.0,300,25312397,18.75
12.0,275,25312672,22.916666666666668
15.0,356,25313028,23.733333333333334
9.0,182,25313210,20.22222222222222
27.0,684,25313894,25.333333333333332
27.0,703,25314597,26.037037037037038
4.0,85,25314682,21.25
15.0,453,25315135,30.2
32.0,697,25315832,21.78125
21.0,947,25316779,45.095238095238095
38.0,1093,25317872,28.763157894736842
2.0,29,25317901,14.5
16.0,302,25318203,18.875
28.0,710,25318913,25.357142857142858
29.0,590,25319503,20.344827586206897
29.0,559,25320062,19.275862068965516
20.0,374,25320436,18.7
16.0,393,25320829,24.5625
20.0,550,25321379,27.5
20.0,403,25321782,20.15
24.0,569,25322351,23.708333333333332
40.0,999,25323350,24.975
17.0,407,25323757,23.941176470588236
40.0,1062,25324819,26.55
31.0,710,25325529,22.903225806451612
36.0,840,25326369,23.333333333333332
32.0,985,25327354,30.78125
1.0,34,25327388,34.0
20.0,480,25327868,24.0
26.0,598,25328466,23.0
25.0,612,25329078,24.48
27.0,584,25329662,21.62962962962963
47.0,1384,25331046,29.4468085106383
11.0,264,25331310,24.0
19.0,300,25331610,15.789473684210526
26.0,601,25332211,23.115384615384617
15.0,430,25332641,28.666666666666668
43.0,1051,25333692,24.441860465116278
13.0,323,25334015,24.846153846153847
39.0,976,25334991,25.025641025641026
10.0,247,25335238,24.7
26.0,513,25335751,19.73076923076923
8.0,187,25335938,23.375
35.0,937,25336875,26.771428571428572
26.0,635,25337510,24.423076923076923
34.0,709,25338219,20.852941176470587
13.0,256,25338475,19.692307692307693
19.0,421,25338896,22.157894736842106
7.0,165,25339061,23.571428571428573
11.0,246,25339307,22.363636363636363
19.0,417,25339724,21.94736842105263
24.0,409,25340133,17.041666666666668
34.0,658,25340791,19.352941176470587
13.0,182,25340973,14.0
17.0,425,25341398,25.0
4.0,533,25341931,133.25
28.0,650,25342581,23.214285714285715
22.0,445,25343026,20.227272727272727
23.0,509,25343535,22.130434782608695
6.0,69,25343604,11.5
15.0,286,25343890,19.066666666666666
36.0,653,25344543,18.13888888888889
11.0,669,25345212,60.81818181818182
34.0,658,25345870,19.352941176470587
26.0,598,25346468,23.0
12.0,270,25346738,22.5
3.0,482,25347220,160.66666666666666
7.0,617,25347837,88.14285714285714
15.0,374,25348211,24.933333333333334
30.0,711,25348922,23.7
28.0,455,25349377,16.25
36.0,836,25350213,23.22222222222222
4.0,509,25350722,127.25
14.0,288,25351010,20.571428571428573
17.0,383,25351393,22.529411764705884
35.0,932,25352325,26.62857142857143
19.0,467,25352792,24.57894736842105
11.0,226,25353018,20.545454545454547
12.0,250,25353268,20.833333333333332
6.0,515,25353783,85.83333333333333
28.0,809,25354592,28.892857142857142
6.0,550,25355142,91.66666666666667
13.0,227,25355369,17.46153846153846
20.0,827,25356196,41.35
24.0,589,25356785,24.541666666666668
28.0,738,25357523,26.357142857142858
26.0,479,25358002,18.423076923076923
6.0,570,25358572,95.0
21.0,450,25359022,21.428571428571427
32.0,742,25359764,23.1875
16.0,278,25360042,17.375
19.0,580,25360622,30.526315789473685
19.0,488,25361110,25.68421052631579
35.0,642,25361752,18.34285714285714
9.0,213,25361965,23.666666666666668
20.0,374,25362339,18.7
24.0,452,25362791,18.833333333333332
41.0,860,25363651,20.975609756097562
25.0,691,25364342,27.64
15.0,347,25364689,23.133333333333333
29.0,719,25365408,24.79310344827586
34.0,853,25366261,25.08823529411765
12.0,196,25366457,16.333333333333332
25.0,491,25366948,19.64
35.0,785,25367733,22.428571428571427
23.0,397,25368130,17.26086956521739
2.0,453,25368583,226.5
17.0,448,25369031,26.352941176470587
15.0,303,25369334,20.2
17.0,449,25369783,26.41176470588235
17.0,343,25370126,20.176470588235293
4.0,482,25370608,120.5
16.0,419,25371027,26.1875
25.0,519,25371546,20.76
18.0,517,25372063,28.72222222222222
28.0,607,25372670,21.678571428571427
19.0,477,25373147,25.105263157894736
21.0,532,25373679,25.333333333333332
20.0,411,25374090,20.55
13.0,274,25374364,21.076923076923077
18.0,519,25374883,28.833333333333332
17.0,809,25375692,47.588235294117645
10.0,239,25375931,23.9
34.0,930,25376861,27.352941176470587
14.0,235,25377096,16.785714285714285
7.0,211,25377307,30.142857142857142
15.0,432,25377739,28.8
26.0,542,25378281,20.846153846153847
39.0,825,25379106,21.153846153846153
28.0,559,25379665,19.964285714285715
18.0,330,25379995,18.333333333333332
33.0,738,25380733,22.363636363636363
12.0,289,25381022,24.083333333333332
31.0,770,25381792,24.838709677419356
21.0,408,25382200,19.428571428571427
19.0,306,25382506,16.105263157894736
27.0,551,25383057,20.40740740740741
26.0,628,25383685,24.153846153846153
3.0,55,25383740,18.333333333333332
12.0,317,25384057,26.416666666666668
21.0,550,25384607,26.19047619047619
15.0,318,25384925,21.2
34.0,814,25385739,23.941176470588236
18.0,348,25386087,19.333333333333332
31.0,807,25386894,26.032258064516128
34.0,1029,25387923,30.264705882352942
15.0,355,25388278,23.666666666666668
31.0,619,25388897,19.967741935483872
17.0,393,25389290,23.11764705882353
43.0,904,25390194,21.023255813953487
26.0,567,25390761,21.807692307692307
9.0,177,25390938,19.666666666666668
17.0,374,25391312,22.0
23.0,515,25391827,22.391304347826086
14.0,377,25392204,26.928571428571427
22.0,414,25392618,18.818181818181817
2.0,71,25392689,35.5
6.0,90,25392779,15.0
6.0,101,25392880,16.833333333333332
28.0,742,25393622,26.5
27.0,653,25394275,24.185185185185187
35.0,790,25395065,22.571428571428573
2.0,480,25395545,240.0
20.0,345,25395890,17.25
39.0,897,25396787,23.0
33.0,727,25397514,22.03030303030303
26.0,612,25398126,23.53846153846154
54.0,1405,25399531,26.01851851851852
17.0,254,25399785,14.941176470588236
9.0,245,25400030,27.22222222222222
27.0,634,25400664,23.48148148148148
21.0,500,25401164,23.80952380952381
23.0,515,25401679,22.391304347826086
21.0,469,25402148,22.333333333333332
16.0,288,25402436,18.0
32.0,733,25403169,22.90625
13.0,285,25403454,21.923076923076923
10.0,648,25404102,64.8
4.0,504,25404606,126.0
33.0,755,25405361,22.87878787878788
24.0,622,25405983,25.916666666666668
21.0,512,25406495,24.38095238095238
23.0,544,25407039,23.652173913043477
32.0,722,25407761,22.5625
26.0,483,25408244,18.576923076923077
35.0,867,25409111,24.771428571428572
33.0,766,25409877,23.21212121212121
15.0,248,25410125,16.533333333333335
29.0,582,25410707,20.06896551724138
27.0,531,25411238,19.666666666666668
30.0,634,25411872,21.133333333333333
34.0,708,25412580,20.823529411764707
16.0,359,25412939,22.4375
21.0,461,25413400,21.952380952380953
17.0,378,25413778,22.235294117647058
32.0,775,25414553,24.21875
8.0,170,25414723,21.25
10.0,206,25414929,20.6
25.0,549,25415478,21.96
14.0,870,25416348,62.142857142857146
33.0,853,25417201,25.848484848484848
21.0,450,25417651,21.428571428571427
7.0,204,25417855,29.142857142857142
28.0,655,25418510,23.392857142857142
12.0,720,25419230,60.0
17.0,362,25419592,21.294117647058822
21.0,397,25419989,18.904761904761905
14.0,242,25420231,17.285714285714285
21.0,839,25421070,39.95238095238095
17.0,380,25421450,22.352941176470587
18.0,472,25421922,26.22222222222222
29.0,604,25422526,20.82758620689655
7.0,148,25422674,21.142857142857142
20.0,439,25423113,21.95
22.0,1019,25424132,46.31818181818182
11.0,239,25424371,21.727272727272727
7.0,139,25424510,19.857142857142858
30.0,652,25425162,21.733333333333334
23.0,521,25425683,22.652173913043477
2.0,64,25425747,32.0
9.0,191,25425938,21.22222222222222
6.0,147,25426085,24.5
13.0,341,25426426,26.23076923076923
24.0,581,25427007,24.208333333333332
35.0,767,25427774,21.914285714285715
17.0,824,25428598,48.470588235294116
31.0,565,25429163,18.225806451612904
13.0,273,25429436,21.0
19.0,350,25429786,18.42105263157895
21.0,877,25430663,41.76190476190476
19.0,372,25431035,19.57894736842105
22.0,387,25431422,17.59090909090909
4.0,38,25431460,9.5
29.0,648,25432108,22.344827586206897
25.0,597,25432705,23.88
22.0,452,25433157,20.545454545454547
24.0,474,25433631,19.75
32.0,728,25434359,22.75
31.0,571,25434930,18.419354838709676
31.0,732,25435662,23.612903225806452
33.0,755,25436417,22.87878787878788
18.0,417,25436834,23.166666666666668
39.0,960,25437794,24.615384615384617
29.0,671,25438465,23.137931034482758
25.0,502,25438967,20.08
35.0,683,25439650,19.514285714285716
26.0,631,25440281,24.26923076923077
18.0,368,25440649,20.444444444444443
19.0,371,25441020,19.526315789473685
15.0,335,25441355,22.333333333333332
23.0,453,25441808,19.695652173913043
13.0,283,25442091,21.76923076923077
6.0,87,25442178,14.5
20.0,455,25442633,22.75
27.0,600,25443233,22.22222222222222
6.0,509,25443742,84.83333333333333
19.0,377,25444119,19.842105263157894
27.0,577,25444696,21.37037037037037
33.0,659,25445355,19.96969696969697
43.0,1126,25446481,26.186046511627907
30.0,595,25447076,19.833333333333332
35.0,849,25447925,24.257142857142856
15.0,301,25448226,20.066666666666666
24.0,421,25448647,17.541666666666668
36.0,818,25449465,22.72222222222222
16.0,840,25450305,52.5
17.0,332,25450637,19.529411764705884
23.0,397,25451034,17.26086956521739
29.0,768,25451802,26.482758620689655
22.0,411,25452213,18.681818181818183
27.0,519,25452732,19.22222222222222
8.0,622,25453354,77.75
22.0,925,25454279,42.04545454545455
18.0,273,25454552,15.166666666666666
33.0,878,25455430,26.606060606060606
25.0,554,25455984,22.16
32.0,649,25456633,20.28125
22.0,510,25457143,23.181818181818183
43.0,995,25458138,23.13953488372093
40.0,887,25459025,22.175
43.0,978,25460003,22.74418604651163
46.0,987,25460990,21.456521739130434
19.0,390,25461380,20.526315789473685
13.0,237,25461617,18.23076923076923
17.0,380,25461997,22.352941176470587
16.0,393,25462390,24.5625
28.0,1014,25463404,36.214285714285715
12.0,254,25463658,21.166666666666668
39.0,864,25464522,22.153846153846153
33.0,698,25465220,21.151515151515152
38.0,1078,25466298,28.36842105263158
29.0,770,25467068,26.551724137931036
14.0,215,25467283,15.357142857142858
34.0,996,25468279,29.294117647058822
16.0,373,25468652,23.3125
21.0,445,25469097,21.19047619047619
26.0,596,25469693,22.923076923076923
23.0,535,25470228,23.26086956521739
14.0,793,25471021,56.642857142857146
21.0,618,25471639,29.428571428571427
14.0,787,25472426,56.214285714285715
37.0,851,25473277,23.0
28.0,658,25473935,23.5
33.0,740,25474675,22.424242424242426
5.0,144,25474819,28.8
35.0,765,25475584,21.857142857142858
19.0,409,25475993,21.526315789473685
16.0,307,25476300,19.1875
22.0,550,25476850,25.0
20.0,395,25477245,19.75
20.0,408,25477653,20.4
26.0,482,25478135,18.53846153846154
18.0,381,25478516,21.166666666666668
24.0,537,25479053,22.375
21.0,426,25479479,20.285714285714285
15.0,483,25479962,32.2
30.0,1284,25481246,42.8
36.0,707,25481953,19.63888888888889
30.0,706,25482659,23.533333333333335
26.0,571,25483230,21.96153846153846
4.0,495,25483725,123.75
8.0,151,25483876,18.875
4.0,70,25483946,17.5
19.0,631,25484577,33.21052631578947
29.0,660,25485237,22.75862068965517
7.0,152,25485389,21.714285714285715
26.0,617,25486006,23.73076923076923
8.0,163,25486169,20.375
55.0,1412,25487581,25.672727272727272
8.0,151,25487732,18.875
35.0,762,25488494,21.771428571428572
9.0,697,25489191,77.44444444444444
34.0,795,25489986,23.38235294117647
35.0,945,25490931,27.0
37.0,830,25491761,22.43243243243243
14.0,260,25492021,18.571428571428573
4.0,57,25492078,14.25
17.0,353,25492431,20.764705882352942
20.0,512,25492943,25.6
37.0,791,25493734,21.37837837837838
12.0,238,25493972,19.833333333333332
24.0,504,25494476,21.0
9.0,587,25495063,65.22222222222223
19.0,406,25495469,21.36842105263158
18.0,385,25495854,21.38888888888889
20.0,583,25496437,29.15
20.0,364,25496801,18.2
27.0,502,25497303,18.59259259259259
29.0,678,25497981,23.379310344827587
9.0,205,25498186,22.77777777777778
22.0,477,25498663,21.681818181818183
22.0,376,25499039,17.09090909090909
3.0,70,25499109,23.333333333333332
6.0,141,25499250,23.5
20.0,446,25499696,22.3
5.0,112,25499808,22.4
9.0,165,25499973,18.333333333333332
20.0,382,25500355,19.1
17.0,402,25500757,23.647058823529413
35.0,802,25501559,22.914285714285715
26.0,496,25502055,19.076923076923077
29.0,659,25502714,22.724137931034484
5.0,537,25503251,107.4
5.0,557,25503808,111.4
37.0,975,25504783,26.35135135135135
13.0,206,25504989,15.846153846153847
21.0,599,25505588,28.523809523809526
9.0,209,25505797,23.22222222222222
21.0,441,25506238,21.0
11.0,197,25506435,17.90909090909091
16.0,380,25506815,23.75
20.0,476,25507291,23.8
9.0,196,25507487,21.77777777777778
16.0,506,25507993,31.625
41.0,828,25508821,20.195121951219512
24.0,450,25509271,18.75
20.0,451,25509722,22.55
23.0,447,25510169,19.434782608695652
25.0,474,25510643,18.96
2.0,41,25510684,20.5
29.0,671,25511355,23.137931034482758
13.0,203,25511558,15.615384615384615
25.0,755,25512313,30.2
8.0,198,25512511,24.75
22.0,443,25512954,20.136363636363637
29.0,674,25513628,23.24137931034483
34.0,708,25514336,20.823529411764707
42.0,975,25515311,23.214285714285715
12.0,698,25516009,58.166666666666664
10.0,143,25516152,14.3
24.0,434,25516586,18.083333333333332
14.0,290,25516876,20.714285714285715
40.0,1041,25517917,26.025
16.0,235,25518152,14.6875
29.0,689,25518841,23.75862068965517
16.0,511,25519352,31.9375
19.0,366,25519718,19.263157894736842
32.0,719,25520437,22.46875
10.0,224,25520661,22.4
29.0,610,25521271,21.03448275862069
7.0,565,25521836,80.71428571428571
6.0,126,25521962,21.0
38.0,939,25522901,24.710526315789473
16.0,318,25523219,19.875
43.0,814,25524033,18.930232558139537
30.0,742,25524775,24.733333333333334
15.0,340,25525115,22.666666666666668
23.0,543,25525658,23.608695652173914
24.0,517,25526175,21.541666666666668
42.0,1067,25527242,25.404761904761905
12.0,227,25527469,18.916666666666668
28.0,640,25528109,22.857142857142858
15.0,406,25528515,27.066666666666666
33.0,795,25529310,24.09090909090909
11.0,746,25530056,67.81818181818181
18.0,424,25530480,23.555555555555557
34.0,868,25531348,25.529411764705884
2.0,81,25531429,40.5
22.0,619,25532048,28.136363636363637
27.0,483,25532531,17.88888888888889
16.0,353,25532884,22.0625
20.0,440,25533324,22.0
28.0,744,25534068,26.571428571428573
24.0,586,25534654,24.416666666666668
6.0,127,25534781,21.166666666666668
24.0,457,25535238,19.041666666666668
16.0,353,25535591,22.0625
15.0,263,25535854,17.533333333333335
24.0,619,25536473,25.791666666666668
26.0,526,25536999,20.23076923076923
20.0,467,25537466,23.35
18.0,352,25537818,19.555555555555557
27.0,598,25538416,22.14814814814815
28.0,636,25539052,22.714285714285715
17.0,396,25539448,23.294117647058822
13.0,239,25539687,18.384615384615383
43.0,993,25540680,23.093023255813954
2.0,44,25540724,22.0
13.0,320,25541044,24.615384615384617
16.0,346,25541390,21.625
38.0,759,25542149,19.973684210526315
24.0,509,25542658,21.208333333333332
7.0,198,25542856,28.285714285714285
28.0,778,25543634,27.785714285714285
7.0,174,25543808,24.857142857142858
17.0,384,25544192,22.58823529411765
42.0,962,25545154,22.904761904761905
15.0,351,25545505,23.4
4.0,54,25545559,13.5
41.0,856,25546415,20.878048780487806
23.0,569,25546984,24.73913043478261
20.0,452,25547436,22.6
20.0,419,25547855,20.95
14.0,201,25548056,14.357142857142858
1.0,23,25548079,23.0
18.0,398,25548477,22.11111111111111
40.0,737,25549214,18.425
20.0,454,25549668,22.7
14.0,210,25549878,15.0
42.0,701,25550579,16.69047619047619
20.0,455,25551034,22.75
11.0,273,25551307,24.818181818181817
32.0,709,25552016,22.15625
54.0,1286,25553302,23.814814814814813
22.0,445,25553747,20.227272727272727
27.0,594,25554341,22.0
40.0,1357,25555698,33.925
30.0,802,25556500,26.733333333333334
20.0,536,25557036,26.8
30.0,704,25557740,23.466666666666665
18.0,307,25558047,17.055555555555557
10.0,601,25558648,60.1
23.0,609,25559257,26.47826086956522
16.0,341,25559598,21.3125
27.0,604,25560202,22.37037037037037
19.0,416,25560618,21.894736842105264
17.0,457,25561075,26.88235294117647
28.0,654,25561729,23.357142857142858
28.0,832,25562561,29.714285714285715
18.0,379,25562940,21.055555555555557
20.0,393,25563333,19.65
13.0,627,25563960,48.23076923076923
30.0,543,25564503,18.1
5.0,176,25564679,35.2
28.0,502,25565181,17.928571428571427
26.0,576,25565757,22.153846153846153
43.0,1056,25566813,24.558139534883722
20.0,917,25567730,45.85
2.0,65,25567795,32.5
19.0,402,25568197,21.157894736842106
18.0,418,25568615,23.22222222222222
27.0,510,25569125,18.88888888888889
34.0,1002,25570127,29.470588235294116
2.0,498,25570625,249.0
4.0,61,25570686,15.25
20.0,436,25571122,21.8
20.0,364,25571486,18.2
37.0,753,25572239,20.35135135135135
34.0,700,25572939,20.58823529411765
18.0,813,25573752,45.166666666666664
14.0,411,25574163,29.357142857142858
19.0,395,25574558,20.789473684210527
21.0,479,25575037,22.80952380952381
31.0,609,25575646,19.64516129032258
27.0,541,25576187,20.037037037037038
17.0,803,25576990,47.23529411764706
19.0,304,25577294,16.0
15.0,311,25577605,20.733333333333334
26.0,532,25578137,20.46153846153846
17.0,773,25578910,45.470588235294116
24.0,502,25579412,20.916666666666668
20.0,446,25579858,22.3
27.0,516,25580374,19.11111111111111
10.0,707,25581081,70.7
28.0,712,25581793,25.428571428571427
2.0,52,25581845,26.0
17.0,378,25582223,22.235294117647058
21.0,451,25582674,21.476190476190474
40.0,868,25583542,21.7
30.0,849,25584391,28.3
37.0,726,25585117,19.62162162162162
15.0,407,25585524,27.133333333333333
39.0,1066,25586590,27.333333333333332
21.0,423,25587013,20.142857142857142
14.0,249,25587262,17.785714285714285
15.0,249,25587511,16.6
21.0,438,25587949,20.857142857142858
19.0,281,25588230,14.789473684210526
18.0,457,25588687,25.38888888888889
31.0,633,25589320,20.419354838709676
24.0,375,25589695,15.625
11.0,256,25589951,23.272727272727273
34.0,939,25590890,27.61764705882353
24.0,469,25591359,19.541666666666668
8.0,198,25591557,24.75
23.0,588,25592145,25.565217391304348
28.0,640,25592785,22.857142857142858
25.0,538,25593323,21.52
13.0,282,25593605,21.692307692307693
22.0,510,25594115,23.181818181818183
14.0,293,25594408,20.928571428571427
1.0,20,25594428,20.0
5.0,523,25594951,104.6
24.0,469,25595420,19.541666666666668
11.0,274,25595694,24.90909090909091
35.0,789,25596483,22.542857142857144
23.0,617,25597100,26.82608695652174
31.0,690,25597790,22.258064516129032
34.0,995,25598785,29.264705882352942
33.0,649,25599434,19.666666666666668
36.0,1071,25600505,29.75
17.0,749,25601254,44.05882352941177
47.0,1168,25602422,24.851063829787233
36.0,862,25603284,23.944444444444443
21.0,415,25603699,19.761904761904763
15.0,743,25604442,49.53333333333333
25.0,539,25604981,21.56
30.0,871,25605852,29.033333333333335
20.0,409,25606261,20.45
11.0,653,25606914,59.36363636363637
32.0,679,25607593,21.21875
11.0,184,25607777,16.727272727272727
29.0,609,25608386,21.0
19.0,456,25608842,24.0
28.0,671,25609513,23.964285714285715
26.0,575,25610088,22.115384615384617
24.0,923,25611011,38.458333333333336
19.0,432,25611443,22.736842105263158
45.0,1112,25612555,24.711111111111112
37.0,826,25613381,22.324324324324323
12.0,236,25613617,19.666666666666668
19.0,414,25614031,21.789473684210527
11.0,343,25614374,31.181818181818183
27.0,626,25615000,23.185185185185187
14.0,390,25615390,27.857142857142858
8.0,130,25615520,16.25
22.0,484,25616004,22.0
33.0,747,25616751,22.636363636363637
25.0,402,25617153,16.08
47.0,1292,25618445,27.48936170212766
12.0,301,25618746,25.083333333333332
28.0,602,25619348,21.5
8.0,149,25619497,18.625
24.0,522,25620019,21.75
14.0,319,25620338,22.785714285714285
31.0,903,25621241,29.129032258064516
13.0,376,25621617,28.923076923076923
18.0,447,25622064,24.833333333333332
32.0,705,25622769,22.03125
35.0,761,25623530,21.742857142857144
17.0,385,25623915,22.647058823529413
17.0,457,25624372,26.88235294117647
25.0,664,25625036,26.56
17.0,370,25625406,21.764705882352942
10.0,216,25625622,21.6
17.0,361,25625983,21.235294117647058
26.0,629,25626612,24.192307692307693
31.0,736,25627348,23.741935483870968
16.0,337,25627685,21.0625
27.0,543,25628228,20.11111111111111
41.0,1030,25629258,25.121951219512194
3.0,58,25629316,19.333333333333332
8.0,124,25629440,15.5
50.0,1359,25630799,27.18
23.0,558,25631357,24.26086956521739
24.0,560,25631917,23.333333333333332
20.0,743,25632660,37.15
46.0,1380,25634040,30.0
17.0,753,25634793,44.294117647058826
33.0,872,25635665,26.424242424242426
16.0,376,25636041,23.5
8.0,599,25636640,74.875
22.0,559,25637199,25.40909090909091
49.0,1081,25638280,22.06122448979592
30.0,571,25638851,19.033333333333335
12.0,329,25639180,27.416666666666668
30.0,742,25639922,24.733333333333334
22.0,519,25640441,23.59090909090909
7.0,123,25640564,17.571428571428573
32.0,735,25641299,22.96875
15.0,353,25641652,23.533333333333335
32.0,761,25642413,23.78125
53.0,1372,25643785,25.88679245283019
21.0,427,25644212,20.333333333333332
4.0,98,25644310,24.5
26.0,648,25644958,24.923076923076923
17.0,353,25645311,20.764705882352942
9.0,149,25645460,16.555555555555557
13.0,213,25645673,16.384615384615383
26.0,561,25646234,21.576923076923077
25.0,516,25646750,20.64
8.0,155,25646905,19.375
8.0,138,25647043,17.25
17.0,304,25647347,17.88235294117647
1.0,22,25647369,22.0
34.0,740,25648109,21.764705882352942
16.0,348,25648457,21.75
48.0,1120,25649577,23.333333333333332
37.0,840,25650417,22.7027027027027
31.0,945,25651362,30.483870967741936
7.0,565,25651927,80.71428571428571
10.0,199,25652126,19.9
2.0,31,25652157,15.5
17.0,337,25652494,19.823529411764707
29.0,625,25653119,21.551724137931036
6.0,183,25653302,30.5
9.0,587,25653889,65.22222222222223
30.0,808,25654697,26.933333333333334
13.0,646,25655343,49.69230769230769
27.0,597,25655940,22.11111111111111
24.0,509,25656449,21.208333333333332
51.0,1490,25657939,29.215686274509803
18.0,384,25658323,21.333333333333332
13.0,212,25658535,16.307692307692307
36.0,838,25659373,23.27777777777778
26.0,540,25659913,20.76923076923077
21.0,390,25660303,18.571428571428573
13.0,227,25660530,17.46153846153846
25.0,563,25661093,22.52
25.0,405,25661498,16.2
25.0,530,25662028,21.2
36.0,1029,25663057,28.583333333333332
9.0,668,25663725,74.22222222222223
26.0,576,25664301,22.153846153846153
16.0,358,25664659,22.375
21.0,435,25665094,20.714285714285715
18.0,439,25665533,24.38888888888889
26.0,567,25666100,21.807692307692307
14.0,283,25666383,20.214285714285715
28.0,510,25666893,18.214285714285715
30.0,725,25667618,24.166666666666668
27.0,673,25668291,24.925925925925927
12.0,695,25668986,57.916666666666664
8.0,137,25669123,17.125
19.0,406,25669529,21.36842105263158
29.0,680,25670209,23.448275862068964
30.0,692,25670901,23.066666666666666
49.0,1252,25672153,25.551020408163264
9.0,156,25672309,17.333333333333332
1.0,20,25672329,20.0
11.0,314,25672643,28.545454545454547
22.0,510,25673153,23.181818181818183
29.0,637,25673790,21.96551724137931
39.0,872,25674662,22.358974358974358
19.0,466,25675128,24.526315789473685
12.0,276,25675404,23.0
27.0,614,25676018,22.74074074074074
14.0,317,25676335,22.642857142857142
36.0,765,25677100,21.25
5.0,107,25677207,21.4
16.0,376,25677583,23.5
19.0,406,25677989,21.36842105263158
42.0,1049,25679038,24.976190476190474
23.0,562,25679600,24.434782608695652
28.0,634,25680234,22.642857142857142
19.0,495,25680729,26.05263157894737
28.0,535,25681264,19.107142857142858
31.0,837,25682101,27.0
18.0,385,25682486,21.38888888888889
25.0,649,25683135,25.96
36.0,789,25683924,21.916666666666668
13.0,255,25684179,19.615384615384617
14.0,343,25684522,24.5
3.0,46,25684568,15.333333333333334
19.0,392,25684960,20.63157894736842
0.0,59,25685019,inf
28.0,686,25685705,24.5
37.0,887,25686592,23.972972972972972
22.0,498,25687090,22.636363636363637
20.0,417,25687507,20.85
24.0,564,25688071,23.5
33.0,705,25688776,21.363636363636363
22.0,489,25689265,22.227272727272727
25.0,616,25689881,24.64
13.0,237,25690118,18.23076923076923
18.0,331,25690449,18.38888888888889
33.0,637,25691086,19.303030303030305
3.0,78,25691164,26.0
3.0,42,25691206,14.0
31.0,657,25691863,21.193548387096776
8.0,188,25692051,23.5
41.0,970,25693021,23.658536585365855
15.0,350,25693371,23.333333333333332
2.0,84,25693455,42.0
27.0,630,25694085,23.333333333333332
34.0,835,25694920,24.558823529411764
15.0,340,25695260,22.666666666666668
20.0,454,25695714,22.7
22.0,548,25696262,24.90909090909091
31.0,702,25696964,22.64516129032258
42.0,998,25697962,23.761904761904763
31.0,724,25698686,23.35483870967742
39.0,972,25699658,24.923076923076923
9.0,198,25699856,22.0
31.0,810,25700666,26.129032258064516
6.0,552,25701218,92.0
45.0,946,25702164,21.022222222222222
19.0,526,25702690,27.68421052631579
37.0,844,25703534,22.81081081081081
27.0,524,25704058,19.40740740740741
41.0,958,25705016,23.365853658536587
33.0,667,25705683,20.21212121212121
8.0,555,25706238,69.375
21.0,504,25706742,24.0
27.0,546,25707288,20.22222222222222
18.0,352,25707640,19.555555555555557
31.0,596,25708236,19.225806451612904
10.0,714,25708950,71.4
8.0,100,25709050,12.5
10.0,174,25709224,17.4
28.0,873,25710097,31.178571428571427
4.0,114,25710211,28.5
27.0,509,25710720,18.85185185185185
1.0,452,25711172,452.0
12.0,218,25711390,18.166666666666668
34.0,791,25712181,23.264705882352942
16.0,276,25712457,17.25
22.0,588,25713045,26.727272727272727
19.0,398,25713443,20.94736842105263
25.0,605,25714048,24.2
7.0,174,25714222,24.857142857142858
27.0,512,25714734,18.962962962962962
31.0,592,25715326,19.096774193548388
42.0,956,25716282,22.761904761904763
17.0,403,25716685,23.705882352941178
15.0,358,25717043,23.866666666666667
44.0,895,25717938,20.34090909090909
19.0,858,25718796,45.1578947368421
11.0,269,25719065,24.454545454545453
17.0,343,25719408,20.176470588235293
22.0,631,25720039,28.681818181818183
11.0,659,25720698,59.90909090909091
17.0,246,25720944,14.470588235294118
21.0,469,25721413,22.333333333333332
31.0,591,25722004,19.06451612903226
35.0,1010,25723014,28.857142857142858
28.0,561,25723575,20.035714285714285
18.0,351,25723926,19.5
12.0,654,25724580,54.5
17.0,326,25724906,19.176470588235293
19.0,395,25725301,20.789473684210527
30.0,666,25725967,22.2
17.0,404,25726371,23.764705882352942
18.0,392,25726763,21.77777777777778
28.0,544,25727307,19.428571428571427
25.0,450,25727757,18.0
24.0,525,25728282,21.875
0.0,63,25728345,inf
0.0,21,25728366,inf
21.0,627,25728993,29.857142857142858
7.0,118,25729111,16.857142857142858
26.0,609,25729720,23.423076923076923
30.0,643,25730363,21.433333333333334
4.0,96,25730459,24.0
7.0,570,25731029,81.42857142857143
18.0,318,25731347,17.666666666666668
17.0,305,25731652,17.941176470588236
27.0,616,25732268,22.814814814814813
30.0,819,25733087,27.3
45.0,1040,25734127,23.11111111111111
12.0,194,25734321,16.166666666666668
11.0,309,25734630,28.09090909090909
29.0,758,25735388,26.137931034482758
13.0,238,25735626,18.307692307692307
27.0,479,25736105,17.74074074074074
11.0,361,25736466,32.81818181818182
15.0,289,25736755,19.266666666666666
30.0,566,25737321,18.866666666666667
25.0,474,25737795,18.96
37.0,929,25738724,25.10810810810811
1.0,22,25738746,22.0
33.0,717,25739463,21.727272727272727
19.0,335,25739798,17.63157894736842
14.0,673,25740471,48.07142857142857
28.0,765,25741236,27.321428571428573
21.0,380,25741616,18.095238095238095
28.0,537,25742153,19.178571428571427
3.0,148,25742301,49.333333333333336
4.0,66,25742367,16.5
21.0,469,25742836,22.333333333333332
19.0,452,25743288,23.789473684210527
27.0,529,25743817,19.59259259259259
6.0,92,25743909,15.333333333333334
29.0,653,25744562,22.517241379310345
31.0,681,25745243,21.967741935483872
22.0,500,25745743,22.727272727272727
16.0,341,25746084,21.3125
32.0,872,25746956,27.25
27.0,599,25747555,22.185185185185187
17.0,341,25747896,20.058823529411764
23.0,497,25748393,21.608695652173914
3.0,39,25748432,13.0
46.0,1266,25749698,27.52173913043478
14.0,245,25749943,17.5
15.0,365,25750308,24.333333333333332
0.0,42,25750350,inf
14.0,322,25750672,23.0
28.0,642,25751314,22.928571428571427
11.0,232,25751546,21.09090909090909
25.0,539,25752085,21.56
8.0,177,25752262,22.125
18.0,467,25752729,25.944444444444443
46.0,1105,25753834,24.02173913043478
24.0,435,25754269,18.125
14.0,245,25754514,17.5
19.0,751,25755265,39.526315789473685
17.0,410,25755675,24.11764705882353
27.0,625,25756300,23.14814814814815
43.0,1265,25757565,29.41860465116279
19.0,378,25757943,19.894736842105264
10.0,265,25758208,26.5
35.0,772,25758980,22.057142857142857
39.0,847,25759827,21.71794871794872
39.0,854,25760681,21.897435897435898
25.0,575,25761256,23.0
13.0,778,25762034,59.84615384615385
19.0,902,25762936,47.473684210526315
26.0,754,25763690,29.0
11.0,223,25763913,20.272727272727273
11.0,264,25764177,24.0
24.0,485,25764662,20.208333333333332
2.0,465,25765127,232.5
30.0,515,25765642,17.166666666666668
30.0,657,25766299,21.9
4.0,134,25766433,33.5
30.0,582,25767015,19.4
25.0,490,25767505,19.6
36.0,865,25768370,24.02777777777778
20.0,452,25768822,22.6
13.0,228,25769050,17.53846153846154
28.0,536,25769586,19.142857142857142
12.0,325,25769911,27.083333333333332
31.0,767,25770678,24.741935483870968
4.0,64,25770742,16.0
19.0,560,25771302,29.473684210526315
5.0,101,25771403,20.2
11.0,298,25771701,27.09090909090909
13.0,349,25772050,26.846153846153847
22.0,335,25772385,15.227272727272727
20.0,888,25773273,44.4
13.0,356,25773629,27.384615384615383
24.0,596,25774225,24.833333333333332
2.0,100,25774325,50.0
21.0,475,25774800,22.61904761904762
28.0,554,25775354,19.785714285714285
14.0,335,25775689,23.928571428571427
34.0,837,25776526,24.61764705882353
28.0,604,25777130,21.571428571428573
47.0,1269,25778399,27.0
10.0,208,25778607,20.8
8.0,575,25779182,71.875
29.0,655,25779837,22.586206896551722
17.0,477,25780314,28.058823529411764
1.0,23,25780337,23.0
14.0,680,25781017,48.57142857142857
16.0,317,25781334,19.8125
14.0,269,25781603,19.214285714285715
23.0,409,25782012,17.782608695652176
22.0,424,25782436,19.272727272727273
32.0,600,25783036,18.75
23.0,1020,25784056,44.34782608695652
3.0,101,25784157,33.666666666666664
38.0,920,25785077,24.210526315789473
27.0,528,25785605,19.555555555555557
24.0,492,25786097,20.5
11.0,165,25786262,15.0
24.0,461,25786723,19.208333333333332
9.0,329,25787052,36.55555555555556
25.0,492,25787544,19.68
18.0,404,25787948,22.444444444444443
32.0,612,25788560,19.125
12.0,360,25788920,30.0
28.0,626,25789546,22.357142857142858
32.0,561,25790107,17.53125
32.0,800,25790907,25.0
34.0,687,25791594,20.205882352941178
42.0,832,25792426,19.80952380952381
18.0,379,25792805,21.055555555555557
11.0,321,25793126,29.181818181818183
17.0,437,25793563,25.705882352941178
15.0,326,25793889,21.733333333333334
14.0,311,25794200,22.214285714285715
31.0,726,25794926,23.419354838709676
25.0,431,25795357,17.24
17.0,344,25795701,20.235294117647058
7.0,134,25795835,19.142857142857142
21.0,453,25796288,21.571428571428573
20.0,408,25796696,20.4
37.0,1166,25797862,31.513513513513512
27.0,474,25798336,17.555555555555557
15.0,366,25798702,24.4
7.0,146,25798848,20.857142857142858
9.0,225,25799073,25.0
9.0,189,25799262,21.0
29.0,633,25799895,21.82758620689655
13.0,265,25800160,20.384615384615383
30.0,769,25800929,25.633333333333333
20.0,436,25801365,21.8
33.0,831,25802196,25.181818181818183
8.0,113,25802309,14.125
27.0,689,25802998,25.51851851851852
30.0,684,25803682,22.8
35.0,755,25804437,21.571428571428573
43.0,978,25805415,22.74418604651163
17.0,408,25805823,24.0
24.0,570,25806393,23.75
33.0,635,25807028,19.242424242424242
20.0,415,25807443,20.75
31.0,574,25808017,18.516129032258064
10.0,174,25808191,17.4
24.0,518,25808709,21.583333333333332
30.0,664,25809373,22.133333333333333
10.0,146,25809519,14.6
29.0,679,25810198,23.413793103448278
26.0,522,25810720,20.076923076923077
16.0,762,25811482,47.625
15.0,316,25811798,21.066666666666666
32.0,742,25812540,23.1875
8.0,171,25812711,21.375
16.0,315,25813026,19.6875
13.0,678,25813704,52.15384615384615
16.0,324,25814028,20.25
29.0,646,25814674,22.275862068965516
15.0,322,25814996,21.466666666666665
25.0,550,25815546,22.0
19.0,332,25815878,17.473684210526315
38.0,790,25816668,20.789473684210527
20.0,391,25817059,19.55
18.0,342,25817401,19.0
14.0,329,25817730,23.5
15.0,288,25818018,19.2
9.0,128,25818146,14.222222222222221
28.0,603,25818749,21.535714285714285
9.0,171,25818920,19.0
25.0,446,25819366,17.84
42.0,1106,25820472,26.333333333333332
4.0,510,25820982,127.5
44.0,1053,25822035,23.931818181818183
16.0,378,25822413,23.625
16.0,351,25822764,21.9375
20.0,810,25823574,40.5
21.0,525,25824099,25.0
1.0,27,25824126,27.0
23.0,458,25824584,19.91304347826087
13.0,282,25824866,21.692307692307693
18.0,376,25825242,20.88888888888889
33.0,753,25825995,22.818181818181817
12.0,224,25826219,18.666666666666668
22.0,447,25826666,20.318181818181817
6.0,532,25827198,88.66666666666667
16.0,469,25827667,29.3125
9.0,210,25827877,23.333333333333332
44.0,985,25828862,22.386363636363637
20.0,380,25829242,19.0
38.0,927,25830169,24.394736842105264
10.0,271,25830440,27.1
21.0,444,25830884,21.142857142857142
8.0,160,25831044,20.0
1.0,461,25831505,461.0
23.0,591,25832096,25.695652173913043
2.0,51,25832147,25.5
22.0,438,25832585,19.90909090909091
27.0,473,25833058,17.51851851851852
50.0,1159,25834217,23.18
21.0,408,25834625,19.428571428571427
26.0,621,25835246,23.884615384615383
17.0,414,25835660,24.352941176470587
28.0,582,25836242,20.785714285714285
1.0,70,25836312,70.0
41.0,1097,25837409,26.75609756097561
20.0,455,25837864,22.75
14.0,381,25838245,27.214285714285715
11.0,622,25838867,56.54545454545455
38.0,784,25839651,20.63157894736842
25.0,538,25840189,21.52
2.0,36,25840225,18.0
29.0,547,25840772,18.862068965517242
1.0,23,25840795,23.0
20.0,831,25841626,41.55
24.0,627,25842253,26.125
10.0,351,25842604,35.1
23.0,423,25843027,18.391304347826086
15.0,351,25843378,23.4
19.0,416,25843794,21.894736842105264
31.0,697,25844491,22.483870967741936
31.0,1083,25845574,34.935483870967744
12.0,246,25845820,20.5
23.0,519,25846339,22.565217391304348
17.0,390,25846729,22.941176470588236
35.0,773,25847502,22.085714285714285
3.0,61,25847563,20.333333333333332
5.0,110,25847673,22.0
19.0,439,25848112,23.105263157894736
17.0,310,25848422,18.235294117647058
47.0,1156,25849578,24.595744680851062
7.0,107,25849685,15.285714285714286
13.0,242,25849927,18.615384615384617
15.0,260,25850187,17.333333333333332
20.0,466,25850653,23.3
26.0,598,25851251,23.0
20.0,445,25851696,22.25
21.0,470,25852166,22.38095238095238
11.0,295,25852461,26.818181818181817
29.0,704,25853165,24.275862068965516
27.0,601,25853766,22.25925925925926
8.0,209,25853975,26.125
15.0,837,25854812,55.8
21.0,492,25855304,23.428571428571427
45.0,1039,25856343,23.08888888888889
34.0,813,25857156,23.91176470588235
0.0,40,25857196,inf
18.0,416,25857612,23.11111111111111
39.0,961,25858573,24.641025641025642
30.0,743,25859316,24.766666666666666
44.0,1310,25860626,29.772727272727273
12.0,256,25860882,21.333333333333332
11.0,629,25861511,57.18181818181818
23.0,580,25862091,25.217391304347824
7.0,121,25862212,17.285714285714285
35.0,642,25862854,18.34285714285714
34.0,861,25863715,25.323529411764707
11.0,222,25863937,20.181818181818183
27.0,649,25864586,24.037037037037038
7.0,163,25864749,23.285714285714285
17.0,368,25865117,21.647058823529413
13.0,303,25865420,23.307692307692307
7.0,580,25866000,82.85714285714286
24.0,553,25866553,23.041666666666668
18.0,425,25866978,23.61111111111111
4.0,45,25867023,11.25
4.0,67,25867090,16.75
10.0,319,25867409,31.9
19.0,511,25867920,26.894736842105264
18.0,450,25868370,25.0
14.0,244,25868614,17.428571428571427
19.0,855,25869469,45.0
5.0,64,25869533,12.8
7.0,146,25869679,20.857142857142858
17.0,334,25870013,19.647058823529413
43.0,1024,25871037,23.813953488372093
27.0,575,25871612,21.296296296296298
21.0,570,25872182,27.142857142857142
23.0,507,25872689,22.043478260869566
8.0,572,25873261,71.5
12.0,316,25873577,26.333333333333332
15.0,363,25873940,24.2
22.0,448,25874388,20.363636363636363
27.0,557,25874945,20.62962962962963
3.0,64,25875009,21.333333333333332
29.0,727,25875736,25.06896551724138
17.0,411,25876147,24.176470588235293
2.0,78,25876225,39.0
26.0,507,25876732,19.5
14.0,325,25877057,23.214285714285715
17.0,265,25877322,15.588235294117647
20.0,357,25877679,17.85
29.0,680,25878359,23.448275862068964
2.0,41,25878400,20.5
1.0,454,25878854,454.0
8.0,156,25879010,19.5
10.0,281,25879291,28.1
21.0,415,25879706,19.761904761904763
24.0,583,25880289,24.291666666666668
16.0,306,25880595,19.125
15.0,316,25880911,21.066666666666666
8.0,110,25881021,13.75
21.0,486,25881507,23.142857142857142
17.0,321,25881828,18.88235294117647
18.0,430,25882258,23.88888888888889
16.0,338,25882596,21.125
28.0,530,25883126,18.928571428571427
13.0,728,25883854,56.0
20.0,399,25884253,19.95
22.0,523,25884776,23.772727272727273
32.0,699,25885475,21.84375
25.0,493,25885968,19.72
13.0,268,25886236,20.615384615384617
28.0,692,25886928,24.714285714285715
11.0,219,25887147,19.90909090909091
18.0,370,25887517,20.555555555555557
31.0,643,25888160,20.741935483870968
11.0,174,25888334,15.818181818181818
20.0,457,25888791,22.85
23.0,468,25889259,20.347826086956523
0.0,21,25889280,inf
26.0,555,25889835,21.346153846153847
26.0,902,25890737,34.69230769230769
20.0,422,25891159,21.1
16.0,378,25891537,23.625
12.0,318,25891855,26.5
9.0,224,25892079,24.88888888888889
33.0,718,25892797,21.757575757575758
22.0,911,25893708,41.40909090909091
23.0,477,25894185,20.73913043478261
20.0,393,25894578,19.65
34.0,725,25895303,21.323529411764707
40.0,1076,25896379,26.9
1.0,15,25896394,15.0
11.0,182,25896576,16.545454545454547
19.0,328,25896904,17.263157894736842
20.0,441,25897345,22.05
6.0,253,25897598,42.166666666666664
31.0,644,25898242,20.774193548387096
10.0,274,25898516,27.4
3.0,43,25898559,14.333333333333334
7.0,104,25898663,14.857142857142858
4.0,528,25899191,132.0
16.0,339,25899530,21.1875
28.0,544,25900074,19.428571428571427
36.0,843,25900917,23.416666666666668
23.0,530,25901447,23.043478260869566
34.0,1010,25902457,29.705882352941178
37.0,1008,25903465,27.243243243243242
10.0,260,25903725,26.0
15.0,275,25904000,18.333333333333332
1.0,11,25904011,11.0
9.0,217,25904228,24.11111111111111
13.0,320,25904548,24.615384615384617
30.0,793,25905341,26.433333333333334
25.0,646,25905987,25.84
8.0,183,25906170,22.875
3.0,62,25906232,20.666666666666668
7.0,172,25906404,24.571428571428573
16.0,831,25907235,51.9375
18.0,318,25907553,17.666666666666668
20.0,431,25907984,21.55
3.0,104,25908088,34.666666666666664
2.0,490,25908578,245.0
14.0,255,25908833,18.214285714285715
16.0,316,25909149,19.75
10.0,174,25909323,17.4
7.0,119,25909442,17.0
5.0,116,25909558,23.2
22.0,471,25910029,21.40909090909091
12.0,295,25910324,24.583333333333332
11.0,190,25910514,17.272727272727273
8.0,214,25910728,26.75
12.0,277,25911005,23.083333333333332
1.0,69,25911074,69.0
45.0,1108,25912182,24.622222222222224
11.0,251,25912433,22.818181818181817
25.0,521,25912954,20.84
27.0,1035,25913989,38.333333333333336
11.0,222,25914211,20.181818181818183
12.0,639,25914850,53.25
0.0,20,25914870,inf
5.0,97,25914967,19.4
3.0,56,25915023,18.666666666666668
3.0,68,25915091,22.666666666666668
3.0,49,25915140,16.333333333333332
8.0,216,25915356,27.0
8.0,243,25915599,30.375
13.0,302,25915901,23.23076923076923
8.0,135,25916036,16.875
1.0,449,25916485,449.0
7.0,124,25916609,17.714285714285715
41.0,1001,25917610,24.414634146341463
12.0,229,25917839,19.083333333333332
7.0,205,25918044,29.285714285714285
13.0,226,25918270,17.384615384615383
0.0,23,25918293,inf
17.0,341,25918634,20.058823529411764
7.0,98,25918732,14.0
1.0,16,25918748,16.0
11.0,207,25918955,18.818181818181817
17.0,350,25919305,20.58823529411765
20.0,508,25919813,25.4
16.0,318,25920131,19.875
16.0,439,25920570,27.4375
3.0,57,25920627,19.0
5.0,70,25920697,14.0
17.0,245,25920942,14.411764705882353
20.0,491,25921433,24.55
9.0,148,25921581,16.444444444444443
3.0,42,25921623,14.0
17.0,392,25922015,23.058823529411764
16.0,369,25922384,23.0625
3.0,35,25922419,11.666666666666666
19.0,356,25922775,18.736842105263158
0.0,441,25923216,inf
27.0,768,25923984,28.444444444444443
19.0,461,25924445,24.263157894736842
5.0,584,25925029,116.8
6.0,113,25925142,18.833333333333332
14.0,314,25925456,22.428571428571427
6.0,114,25925570,19.0
8.0,147,25925717,18.375
24.0,436,25926153,18.166666666666668
6.0,147,25926300,24.5
7.0,105,25926405,15.0
18.0,359,25926764,19.944444444444443
34.0,1002,25927766,29.470588235294116
11.0,162,25927928,14.727272727272727
23.0,497,25928425,21.608695652173914
13.0,322,25928747,24.76923076923077
1.0,18,25928765,18.0
20.0,431,25929196,21.55
21.0,475,25929671,22.61904761904762
29.0,765,25930436,26.379310344827587
29.0,662,25931098,22.82758620689655
5.0,132,25931230,26.4
9.0,184,25931414,20.444444444444443
14.0,281,25931695,20.071428571428573
10.0,223,25931918,22.3
32.0,687,25932605,21.46875
17.0,772,25933377,45.411764705882355
18.0,363,25933740,20.166666666666668
4.0,105,25933845,26.25
27.0,568,25934413,21.037037037037038
10.0,250,25934663,25.0
8.0,184,25934847,23.0
13.0,247,25935094,19.0
20.0,768,25935862,38.4
11.0,208,25936070,18.90909090909091
14.0,348,25936418,24.857142857142858
13.0,276,25936694,21.23076923076923
20.0,289,25936983,14.45
32.0,880,25937863,27.5
0.0,25,25937888,inf
13.0,221,25938109,17.0
2.0,43,25938152,21.5
18.0,343,25938495,19.055555555555557
23.0,475,25938970,20.652173913043477
17.0,322,25939292,18.941176470588236
27.0,602,25939894,22.296296296296298
17.0,394,25940288,23.176470588235293
2.0,47,25940335,23.5
7.0,160,25940495,22.857142857142858
24.0,483,25940978,20.125
10.0,251,25941229,25.1
2.0,17,25941246,8.5
7.0,187,25941433,26.714285714285715
17.0,362,25941795,21.294117647058822
7.0,107,25941902,15.285714285714286
17.0,280,25942182,16.470588235294116
29.0,660,25942842,22.75862068965517
24.0,511,25943353,21.291666666666668
11.0,214,25943567,19.454545454545453
35.0,695,25944262,19.857142857142858
3.0,88,25944350,29.333333333333332
18.0,312,25944662,17.333333333333332
40.0,929,25945591,23.225
13.0,684,25946275,52.61538461538461
20.0,425,25946700,21.25
3.0,145,25946845,48.333333333333336
9.0,150,25946995,16.666666666666668
5.0,98,25947093,19.6
1.0,21,25947114,21.0
14.0,248,25947362,17.714285714285715
28.0,726,25948088,25.928571428571427
26.0,584,25948672,22.46153846153846
17.0,360,25949032,21.176470588235293
21.0,459,25949491,21.857142857142858
1.0,21,25949512,21.0
11.0,277,25949789,25.181818181818183
17.0,299,25950088,17.58823529411765
3.0,28,25950116,9.333333333333334
28.0,724,25950840,25.857142857142858
22.0,431,25951271,19.59090909090909
29.0,625,25951896,21.551724137931036
36.0,924,25952820,25.666666666666668
9.0,309,25953129,34.333333333333336
15.0,298,25953427,19.866666666666667
28.0,797,25954224,28.464285714285715
20.0,413,25954637,20.65
10.0,246,25954883,24.6
8.0,158,25955041,19.75
24.0,520,25955561,21.666666666666668
11.0,163,25955724,14.818181818181818
20.0,431,25956155,21.55
8.0,631,25956786,78.875
9.0,240,25957026,26.666666666666668
13.0,269,25957295,20.692307692307693
2.0,97,25957392,48.5
37.0,768,25958160,20.756756756756758
20.0,488,25958648,24.4
29.0,810,25959458,27.93103448275862
1.0,32,25959490,32.0
28.0,585,25960075,20.892857142857142
18.0,364,25960439,20.22222222222222
16.0,460,25960899,28.75
33.0,797,25961696,24.151515151515152
1.0,21,25961717,21.0
18.0,378,25962095,21.0
3.0,38,25962133,12.666666666666666
6.0,573,25962706,95.5
28.0,520,25963226,18.571428571428573
4.0,498,25963724,124.5
30.0,803,25964527,26.766666666666666
18.0,294,25964821,16.333333333333332
13.0,249,25965070,19.153846153846153
2.0,40,25965110,20.0
15.0,507,25965617,33.8
4.0,525,25966142,131.25
11.0,410,25966552,37.27272727272727
16.0,321,25966873,20.0625
12.0,223,25967096,18.583333333333332
21.0,344,25967440,16.38095238095238
14.0,234,25967674,16.714285714285715
18.0,544,25968218,30.22222222222222
4.0,135,25968353,33.75
36.0,720,25969073,20.0
2.0,78,25969151,39.0
38.0,850,25970001,22.36842105263158
1.0,12,25970013,12.0
15.0,341,25970354,22.733333333333334
45.0,1079,25971433,23.977777777777778
26.0,584,25972017,22.46153846153846
6.0,110,25972127,18.333333333333332
1.0,18,25972145,18.0
21.0,382,25972527,18.19047619047619
15.0,323,25972850,21.533333333333335
36.0,751,25973601,20.86111111111111
21.0,425,25974026,20.238095238095237
24.0,587,25974613,24.458333333333332
15.0,332,25974945,22.133333333333333
28.0,620,25975565,22.142857142857142
27.0,612,25976177,22.666666666666668
10.0,201,25976378,20.1
30.0,585,25976963,19.5
2.0,41,25977004,20.5
3.0,42,25977046,14.0
39.0,886,25977932,22.71794871794872
32.0,625,25978557,19.53125
29.0,672,25979229,23.17241379310345
21.0,308,25979537,14.666666666666666
1.0,451,25979988,451.0
19.0,390,25980378,20.526315789473685
29.0,559,25980937,19.275862068965516
19.0,468,25981405,24.63157894736842
20.0,440,25981845,22.0
17.0,323,25982168,19.0
13.0,205,25982373,15.76923076923077
38.0,827,25983200,21.763157894736842
24.0,390,25983590,16.25
33.0,741,25984331,22.454545454545453
29.0,708,25985039,24.413793103448278
23.0,470,25985509,20.434782608695652
6.0,115,25985624,19.166666666666668
30.0,664,25986288,22.133333333333333
2.0,75,25986363,37.5
0.0,441,25986804,inf
32.0,684,25987488,21.375
33.0,634,25988122,19.21212121212121
8.0,96,25988218,12.0
16.0,239,25988457,14.9375
39.0,956,25989413,24.512820512820515
22.0,589,25990002,26.772727272727273
34.0,695,25990697,20.441176470588236
1.0,15,25990712,15.0
22.0,444,25991156,20.181818181818183
13.0,240,25991396,18.46153846153846
18.0,411,25991807,22.833333333333332
28.0,504,25992311,18.0
3.0,33,25992344,11.0
11.0,162,25992506,14.727272727272727
32.0,628,25993134,19.625
13.0,738,25993872,56.76923076923077
27.0,634,25994506,23.48148148148148
6.0,290,25994796,48.333333333333336
8.0,169,25994965,21.125
15.0,270,25995235,18.0
46.0,1095,25996330,23.804347826086957
43.0,916,25997246,21.302325581395348
34.0,837,25998083,24.61764705882353
35.0,857,25998940,24.485714285714284
13.0,197,25999137,15.153846153846153
13.0,250,25999387,19.23076923076923
1.0,89,25999476,89.0
24.0,492,25999968,20.5
29.0,503,26000471,17.344827586206897
23.0,576,26001047,25.043478260869566
5.0,93,26001140,18.6
32.0,890,26002030,27.8125
30.0,591,26002621,19.7
5.0,148,26002769,29.6
17.0,831,26003600,48.88235294117647
16.0,333,26003933,20.8125
9.0,201,26004134,22.333333333333332
4.0,91,26004225,22.75
13.0,316,26004541,24.307692307692307
22.0,434,26004975,19.727272727272727
26.0,666,26005641,25.615384615384617
13.0,344,26005985,26.46153846153846
30.0,792,26006777,26.4
16.0,312,26007089,19.5
22.0,489,26007578,22.227272727272727
5.0,534,26008112,106.8
16.0,271,26008383,16.9375
6.0,85,26008468,14.166666666666666
32.0,833,26009301,26.03125
5.0,65,26009366,13.0
22.0,464,26009830,21.09090909090909
9.0,573,26010403,63.666666666666664
15.0,816,26011219,54.4
11.0,225,26011444,20.454545454545453
22.0,471,26011915,21.40909090909091
1.0,11,26011926,11.0
18.0,365,26012291,20.27777777777778
20.0,505,26012796,25.25
12.0,263,26013059,21.916666666666668
23.0,431,26013490,18.73913043478261
11.0,626,26014116,56.90909090909091
41.0,1531,26015647,37.34146341463415
7.0,136,26015783,19.428571428571427
20.0,359,26016142,17.95
8.0,171,26016313,21.375
25.0,520,26016833,20.8
24.0,580,26017413,24.166666666666668
10.0,161,26017574,16.1
7.0,135,26017709,19.285714285714285
4.0,167,26017876,41.75
19.0,373,26018249,19.63157894736842
11.0,342,26018591,31.09090909090909
1.0,81,26018672,81.0
25.0,443,26019115,17.72
28.0,554,26019669,19.785714285714285
24.0,699,26020368,29.125
9.0,194,26020562,21.555555555555557
27.0,602,26021164,22.296296296296298
7.0,142,26021306,20.285714285714285
10.0,334,26021640,33.4
10.0,248,26021888,24.8
6.0,204,26022092,34.0
46.0,958,26023050,20.82608695652174
15.0,300,26023350,20.0
30.0,800,26024150,26.666666666666668
3.0,153,26024303,51.0
13.0,240,26024543,18.46153846153846
10.0,160,26024703,16.0
18.0,336,26025039,18.666666666666668
31.0,850,26025889,27.419354838709676
22.0,405,26026294,18.40909090909091
15.0,331,26026625,22.066666666666666
7.0,168,26026793,24.0
22.0,507,26027300,23.045454545454547
36.0,826,26028126,22.944444444444443
35.0,862,26028988,24.62857142857143
38.0,888,26029876,23.36842105263158
3.0,86,26029962,28.666666666666668
26.0,590,26030552,22.692307692307693
6.0,142,26030694,23.666666666666668
30.0,742,26031436,24.733333333333334
6.0,155,26031591,25.833333333333332
29.0,694,26032285,23.93103448275862
6.0,140,26032425,23.333333333333332
4.0,43,26032468,10.75
5.0,105,26032573,21.0
5.0,132,26032705,26.4
18.0,374,26033079,20.77777777777778
2.0,38,26033117,19.0
26.0,590,26033707,22.692307692307693
12.0,186,26033893,15.5
37.0,867,26034760,23.43243243243243
4.0,142,26034902,35.5
13.0,203,26035105,15.615384615384615
29.0,590,26035695,20.344827586206897
17.0,309,26036004,18.176470588235293
21.0,314,26036318,14.952380952380953
23.0,413,26036731,17.956521739130434
16.0,309,26037040,19.3125
0.0,30,26037070,inf
1.0,28,26037098,28.0
22.0,648,26037746,29.454545454545453
45.0,1081,26038827,24.022222222222222
0.0,31,26038858,inf
43.0,1184,26040042,27.53488372093023
16.0,262,26040304,16.375
13.0,444,26040748,34.15384615384615
33.0,719,26041467,21.78787878787879
20.0,412,26041879,20.6
16.0,327,26042206,20.4375
22.0,471,26042677,21.40909090909091
24.0,546,26043223,22.75
4.0,104,26043327,26.0
9.0,216,26043543,24.0
11.0,206,26043749,18.727272727272727
41.0,882,26044631,21.51219512195122
10.0,293,26044924,29.3
17.0,387,26045311,22.764705882352942
1.0,80,26045391,80.0
14.0,272,26045663,19.428571428571427
12.0,310,26045973,25.833333333333332
2.0,117,26046090,58.5
7.0,121,26046211,17.285714285714285
24.0,544,26046755,22.666666666666668
14.0,216,26046971,15.428571428571429
10.0,277,26047248,27.7
2.0,72,26047320,36.0
9.0,165,26047485,18.333333333333332
33.0,844,26048329,25.575757575757574
18.0,266,26048595,14.777777777777779
17.0,766,26049361,45.05882352941177
9.0,626,26049987,69.55555555555556
39.0,943,26050930,24.17948717948718
19.0,422,26051352,22.210526315789473
9.0,647,26051999,71.88888888888889
17.0,289,26052288,17.0
11.0,459,26052747,41.72727272727273
27.0,597,26053344,22.11111111111111
3.0,90,26053434,30.0
6.0,179,26053613,29.833333333333332
27.0,625,26054238,23.14814814814815
20.0,498,26054736,24.9
19.0,465,26055201,24.473684210526315
18.0,372,26055573,20.666666666666668
1.0,203,26055776,203.0
4.0,97,26055873,24.25
40.0,978,26056851,24.45
22.0,478,26057329,21.727272727272727
4.0,141,26057470,35.25
37.0,767,26058237,20.72972972972973
20.0,397,26058634,19.85
22.0,547,26059181,24.863636363636363
9.0,324,26059505,36.0
4.0,568,26060073,142.0
40.0,853,26060926,21.325
14.0,381,26061307,27.214285714285715
7.0,85,26061392,12.142857142857142
14.0,283,26061675,20.214285714285715
10.0,148,26061823,14.8
16.0,327,26062150,20.4375
19.0,452,26062602,23.789473684210527
7.0,176,26062778,25.142857142857142
0.0,28,26062806,inf
17.0,792,26063598,46.588235294117645
24.0,548,26064146,22.833333333333332
35.0,897,26065043,25.62857142857143
13.0,331,26065374,25.46153846153846
15.0,279,26065653,18.6
11.0,309,26065962,28.09090909090909
12.0,219,26066181,18.25
1.0,81,26066262,81.0
7.0,154,26066416,22.0
22.0,541,26066957,24.59090909090909
35.0,700,26067657,20.0
34.0,668,26068325,19.647058823529413
24.0,626,26068951,26.083333333333332
24.0,601,26069552,25.041666666666668
10.0,217,26069769,21.7
29.0,700,26070469,24.137931034482758
28.0,467,26070936,16.678571428571427
21.0,529,26071465,25.19047619047619
6.0,221,26071686,36.833333333333336
25.0,497,26072183,19.88
2.0,38,26072221,19.0
45.0,1037,26073258,23.044444444444444
30.0,665,26073923,22.166666666666668
23.0,494,26074417,21.47826086956522
25.0,521,26074938,20.84
16.0,313,26075251,19.5625
14.0,337,26075588,24.071428571428573
30.0,664,26076252,22.133333333333333
13.0,195,26076447,15.0
40.0,842,26077289,21.05
5.0,253,26077542,50.6
22.0,526,26078068,23.90909090909091
24.0,458,26078526,19.083333333333332
26.0,602,26079128,23.153846153846153
28.0,765,26079893,27.321428571428573
16.0,332,26080225,20.75
6.0,133,26080358,22.166666666666668
10.0,658,26081016,65.8
17.0,339,26081355,19.941176470588236
32.0,693,26082048,21.65625
10.0,191,26082239,19.1
25.0,498,26082737,19.92
6.0,103,26082840,17.166666666666668
8.0,201,26083041,25.125
28.0,557,26083598,19.892857142857142
6.0,195,26083793,32.5
20.0,492,26084285,24.6
10.0,652,26084937,65.2
20.0,382,26085319,19.1
14.0,276,26085595,19.714285714285715
33.0,857,26086452,25.96969696969697
16.0,393,26086845,24.5625
33.0,758,26087603,22.96969696969697
17.0,322,26087925,18.941176470588236
40.0,869,26088794,21.725
6.0,66,26088860,11.0
28.0,623,26089483,22.25
21.0,311,26089794,14.80952380952381
25.0,530,26090324,21.2
26.0,498,26090822,19.153846153846153
15.0,354,26091176,23.6
35.0,826,26092002,23.6
23.0,462,26092464,20.08695652173913
4.0,69,26092533,17.25
9.0,216,26092749,24.0
43.0,842,26093591,19.58139534883721
8.0,184,26093775,23.0
38.0,1047,26094822,27.55263157894737
17.0,328,26095150,19.294117647058822
41.0,996,26096146,24.29268292682927
33.0,658,26096804,19.939393939393938
1.0,45,26096849,45.0
13.0,289,26097138,22.23076923076923
12.0,267,26097405,22.25
13.0,244,26097649,18.76923076923077
13.0,371,26098020,28.53846153846154
1.0,14,26098034,14.0
5.0,91,26098125,18.2
23.0,517,26098642,22.47826086956522
36.0,874,26099516,24.27777777777778
13.0,283,26099799,21.76923076923077
35.0,1300,26101099,37.142857142857146
4.0,544,26101643,136.0
31.0,733,26102376,23.64516129032258
20.0,464,26102840,23.2
35.0,1016,26103856,29.02857142857143
10.0,307,26104163,30.7
8.0,115,26104278,14.375
25.0,522,26104800,20.88
16.0,358,26105158,22.375
11.0,256,26105414,23.272727272727273
17.0,486,26105900,28.58823529411765
2.0,16,26105916,8.0
12.0,307,26106223,25.583333333333332
19.0,484,26106707,25.473684210526315
29.0,648,26107355,22.344827586206897
3.0,78,26107433,26.0
16.0,343,26107776,21.4375
28.0,652,26108428,23.285714285714285
21.0,358,26108786,17.047619047619047
3.0,57,26108843,19.0
1.0,15,26108858,15.0
8.0,639,26109497,79.875
7.0,163,26109660,23.285714285714285
28.0,702,26110362,25.071428571428573
1.0,78,26110440,78.0
8.0,113,26110553,14.125
15.0,400,26110953,26.666666666666668
3.0,69,26111022,23.0
25.0,527,26111549,21.08
10.0,270,26111819,27.0
20.0,277,26112096,13.85
29.0,601,26112697,20.724137931034484
18.0,268,26112965,14.88888888888889
9.0,224,26113189,24.88888888888889
10.0,181,26113370,18.1
7.0,236,26113606,33.714285714285715
36.0,786,26114392,21.833333333333332
24.0,491,26114883,20.458333333333332
10.0,294,26115177,29.4
22.0,454,26115631,20.636363636363637
32.0,632,26116263,19.75
4.0,512,26116775,128.0
12.0,326,26117101,27.166666666666668
20.0,411,26117512,20.55
28.0,695,26118207,24.821428571428573
42.0,1008,26119215,24.0
17.0,275,26119490,16.176470588235293
3.0,92,26119582,30.666666666666668
26.0,518,26120100,19.923076923076923
36.0,732,26120832,20.333333333333332
14.0,464,26121296,33.142857142857146
6.0,131,26121427,21.833333333333332
16.0,262,26121689,16.375
27.0,534,26122223,19.77777777777778
36.0,780,26123003,21.666666666666668
18.0,397,26123400,22.055555555555557
33.0,657,26124057,19.90909090909091
6.0,97,26124154,16.166666666666668
13.0,650,26124804,50.0
2.0,73,26124877,36.5
26.0,470,26125347,18.076923076923077
1.0,27,26125374,27.0
25.0,489,26125863,19.56
31.0,622,26126485,20.06451612903226
5.0,138,26126623,27.6
5.0,146,26126769,29.2
15.0,322,26127091,21.466666666666665
17.0,338,26127429,19.88235294117647
11.0,677,26128106,61.54545454545455
3.0,48,26128154,16.0
26.0,457,26128611,17.576923076923077
11.0,228,26128839,20.727272727272727
17.0,327,26129166,19.235294117647058
15.0,346,26129512,23.066666666666666
7.0,192,26129704,27.428571428571427
8.0,156,26129860,19.5
22.0,572,26130432,26.0
1.0,86,26130518,86.0
12.0,258,26130776,21.5
29.0,611,26131387,21.06896551724138
40.0,931,26132318,23.275
26.0,634,26132952,24.384615384615383
20.0,520,26133472,26.0
2.0,452,26133924,226.0
27.0,482,26134406,17.85185185185185
25.0,513,26134919,20.52
27.0,758,26135677,28.074074074074073
14.0,305,26135982,21.785714285714285
9.0,182,26136164,20.22222222222222
16.0,347,26136511,21.6875
27.0,688,26137199,25.48148148148148
12.0,827,26138026,68.91666666666667
33.0,653,26138679,19.78787878787879
24.0,598,26139277,24.916666666666668
17.0,351,26139628,20.647058823529413
16.0,305,26139933,19.0625
19.0,336,26140269,17.68421052631579
46.0,1306,26141575,28.391304347826086
34.0,759,26142334,22.323529411764707
18.0,287,26142621,15.944444444444445
11.0,269,26142890,24.454545454545453
30.0,850,26143740,28.333333333333332
16.0,831,26144571,51.9375
30.0,735,26145306,24.5
10.0,218,26145524,21.8
21.0,417,26145941,19.857142857142858
9.0,151,26146092,16.77777777777778
33.0,585,26146677,17.727272727272727
3.0,75,26146752,25.0
46.0,1262,26148014,27.434782608695652
10.0,162,26148176,16.2
18.0,477,26148653,26.5
6.0,538,26149191,89.66666666666667
27.0,708,26149899,26.22222222222222
11.0,266,26150165,24.181818181818183
13.0,355,26150520,27.307692307692307
15.0,292,26150812,19.466666666666665
6.0,103,26150915,17.166666666666668
20.0,332,26151247,16.6
29.0,1097,26152344,37.827586206896555
4.0,56,26152400,14.0
7.0,114,26152514,16.285714285714285
39.0,893,26153407,22.897435897435898
13.0,371,26153778,28.53846153846154
30.0,577,26154355,19.233333333333334
30.0,612,26154967,20.4
17.0,483,26155450,28.41176470588235
19.0,548,26155998,28.842105263157894
5.0,132,26156130,26.4
1.0,13,26156143,13.0
25.0,1014,26157157,40.56
17.0,347,26157504,20.41176470588235
11.0,240,26157744,21.818181818181817
22.0,528,26158272,24.0
32.0,776,26159048,24.25
5.0,116,26159164,23.2
6.0,534,26159698,89.0
34.0,761,26160459,22.38235294117647
19.0,427,26160886,22.473684210526315
10.0,600,26161486,60.0
4.0,87,26161573,21.75
10.0,276,26161849,27.6
4.0,96,26161945,24.0
6.0,140,26162085,23.333333333333332
21.0,357,26162442,17.0
41.0,794,26163236,19.365853658536587
3.0,87,26163323,29.0
27.0,642,26163965,23.77777777777778
26.0,530,26164495,20.384615384615383
29.0,461,26164956,15.89655172413793
4.0,61,26165017,15.25
9.0,120,26165137,13.333333333333334
6.0,266,26165403,44.333333333333336
31.0,606,26166009,19.548387096774192
14.0,236,26166245,16.857142857142858
35.0,748,26166993,21.37142857142857
15.0,271,26167264,18.066666666666666
6.0,255,26167519,42.5
23.0,885,26168404,38.47826086956522
14.0,330,26168734,23.571428571428573
19.0,405,26169139,21.31578947368421
8.0,244,26169383,30.5
30.0,777,26170160,25.9
7.0,125,26170285,17.857142857142858
22.0,533,26170818,24.227272727272727
23.0,577,26171395,25.08695652173913
27.0,521,26171916,19.296296296296298
39.0,855,26172771,21.923076923076923
20.0,796,26173567,39.8
22.0,418,26173985,19.0
23.0,505,26174490,21.956521739130434
12.0,361,26174851,30.083333333333332
7.0,215,26175066,30.714285714285715
15.0,252,26175318,16.8
12.0,206,26175524,17.166666666666668
14.0,460,26175984,32.857142857142854
33.0,696,26176680,21.09090909090909
31.0,729,26177409,23.516129032258064
15.0,349,26177758,23.266666666666666
36.0,815,26178573,22.63888888888889
20.0,547,26179120,27.35
14.0,334,26179454,23.857142857142858
54.0,1326,26180780,24.555555555555557
16.0,402,26181182,25.125
15.0,345,26181527,23.0
11.0,216,26181743,19.636363636363637
20.0,409,26182152,20.45
24.0,568,26182720,23.666666666666668
27.0,775,26183495,28.703703703703702
8.0,634,26184129,79.25
16.0,743,26184872,46.4375
13.0,722,26185594,55.53846153846154
0.0,29,26185623,inf
22.0,407,26186030,18.5
7.0,121,26186151,17.285714285714285
7.0,233,26186384,33.285714285714285
5.0,109,26186493,21.8
30.0,616,26187109,20.533333333333335
4.0,125,26187234,31.25
8.0,155,26187389,19.375
37.0,758,26188147,20.486486486486488
16.0,362,26188509,22.625
3.0,118,26188627,39.333333333333336
8.0,168,26188795,21.0
28.0,555,26189350,19.821428571428573
20.0,520,26189870,26.0
11.0,168,26190038,15.272727272727273
26.0,582,26190620,22.384615384615383
26.0,504,26191124,19.384615384615383
14.0,299,26191423,21.357142857142858
10.0,303,26191726,30.3
1.0,46,26191772,46.0
3.0,33,26191805,11.0
10.0,143,26191948,14.3
8.0,548,26192496,68.5
33.0,731,26193227,22.151515151515152
25.0,497,26193724,19.88
36.0,777,26194501,21.583333333333332
24.0,544,26195045,22.666666666666668
29.0,564,26195609,19.448275862068964
16.0,323,26195932,20.1875
0.0,441,26196373,inf
22.0,392,26196765,17.818181818181817
9.0,224,26196989,24.88888888888889
40.0,1119,26198108,27.975
10.0,173,26198281,17.3
16.0,330,26198611,20.625
27.0,616,26199227,22.814814814814813
10.0,151,26199378,15.1
30.0,677,26200055,22.566666666666666
0.0,441,26200496,inf
23.0,588,26201084,25.565217391304348
22.0,623,26201707,28.318181818181817
27.0,567,26202274,21.0
12.0,226,26202500,18.833333333333332
13.0,336,26202836,25.846153846153847
17.0,308,26203144,18.11764705882353
18.0,265,26203409,14.722222222222221
15.0,299,26203708,19.933333333333334
21.0,525,26204233,25.0
11.0,327,26204560,29.727272727272727
5.0,122,26204682,24.4
19.0,401,26205083,21.105263157894736
42.0,1028,26206111,24.476190476190474
40.0,910,26207021,22.75
3.0,37,26207058,12.333333333333334
14.0,806,26207864,57.57142857142857
29.0,857,26208721,29.551724137931036
1.0,36,26208757,36.0
15.0,355,26209112,23.666666666666668
3.0,100,26209212,33.333333333333336
6.0,143,26209355,23.833333333333332
18.0,404,26209759,22.444444444444443
10.0,210,26209969,21.0
9.0,153,26210122,17.0
17.0,369,26210491,21.705882352941178
1.0,15,26210506,15.0
31.0,985,26211491,31.774193548387096
28.0,617,26212108,22.035714285714285
19.0,430,26212538,22.63157894736842
20.0,435,26212973,21.75
28.0,634,26213607,22.642857142857142
28.0,621,26214228,22.178571428571427
13.0,383,26214611,29.46153846153846
14.0,299,26214910,21.357142857142858
14.0,255,26215165,18.214285714285715
11.0,172,26215337,15.636363636363637
24.0,713,26216050,29.708333333333332
26.0,548,26216598,21.076923076923077
30.0,687,26217285,22.9
9.0,195,26217480,21.666666666666668
17.0,298,26217778,17.529411764705884
17.0,341,26218119,20.058823529411764
13.0,254,26218373,19.53846153846154
2.0,29,26218402,14.5
3.0,48,26218450,16.0
22.0,460,26218910,20.90909090909091
9.0,159,26219069,17.666666666666668
14.0,256,26219325,18.285714285714285
0.0,28,26219353,inf
7.0,220,26219573,31.428571428571427
32.0,582,26220155,18.1875
32.0,764,26220919,23.875
32.0,653,26221572,20.40625
36.0,850,26222422,23.61111111111111
0.0,32,26222454,inf
40.0,935,26223389,23.375
26.0,668,26224057,25.692307692307693
15.0,276,26224333,18.4
26.0,481,26224814,18.5
22.0,567,26225381,25.772727272727273
30.0,720,26226101,24.0
15.0,357,26226458,23.8
0.0,33,26226491,inf
16.0,371,26226862,23.1875
9.0,254,26227116,28.22222222222222
26.0,545,26227661,20.96153846153846
15.0,347,26228008,23.133333333333333
20.0,356,26228364,17.8
26.0,631,26228995,24.26923076923077
28.0,578,26229573,20.642857142857142
37.0,835,26230408,22.56756756756757
18.0,386,26230794,21.444444444444443
2.0,25,26230819,12.5
34.0,801,26231620,23.558823529411764
5.0,77,26231697,15.4
36.0,914,26232611,25.38888888888889
7.0,135,26232746,19.285714285714285
10.0,202,26232948,20.2
35.0,955,26233903,27.285714285714285
1.0,17,26233920,17.0
21.0,399,26234319,19.0
2.0,23,26234342,11.5
1.0,12,26234354,12.0
7.0,114,26234468,16.285714285714285
14.0,294,26234762,21.0
6.0,141,26234903,23.5
11.0,305,26235208,27.727272727272727
3.0,64,26235272,21.333333333333332
33.0,818,26236090,24.78787878787879
1.0,15,26236105,15.0
30.0,812,26236917,27.066666666666666
16.0,401,26237318,25.0625
7.0,149,26237467,21.285714285714285
8.0,140,26237607,17.5
29.0,543,26238150,18.724137931034484
1.0,24,26238174,24.0
14.0,313,26238487,22.357142857142858
13.0,244,26238731,18.76923076923077
34.0,901,26239632,26.5
16.0,311,26239943,19.4375
4.0,118,26240061,29.5
21.0,433,26240494,20.61904761904762
3.0,142,26240636,47.333333333333336
9.0,97,26240733,10.777777777777779
17.0,282,26241015,16.58823529411765
10.0,250,26241265,25.0
4.0,484,26241749,121.0
14.0,276,26242025,19.714285714285715
16.0,270,26242295,16.875
29.0,741,26243036,25.551724137931036
10.0,225,26243261,22.5
19.0,324,26243585,17.05263157894737
5.0,114,26243699,22.8
6.0,130,26243829,21.666666666666668
14.0,257,26244086,18.357142857142858
27.0,590,26244676,21.85185185185185
7.0,212,26244888,30.285714285714285
22.0,497,26245385,22.59090909090909
18.0,376,26245761,20.88888888888889
6.0,201,26245962,33.5
27.0,698,26246660,25.85185185185185
9.0,213,26246873,23.666666666666668
4.0,118,26246991,29.5
24.0,501,26247492,20.875
6.0,304,26247796,50.666666666666664
11.0,172,26247968,15.636363636363637
9.0,155,26248123,17.22222222222222
22.0,465,26248588,21.136363636363637
5.0,99,26248687,19.8
27.0,734,26249421,27.185185185185187
21.0,407,26249828,19.38095238095238
5.0,92,26249920,18.4
8.0,242,26250162,30.25
10.0,147,26250309,14.7
14.0,239,26250548,17.071428571428573
1.0,17,26250565,17.0
34.0,727,26251292,21.38235294117647
11.0,187,26251479,17.0
4.0,100,26251579,25.0
7.0,172,26251751,24.571428571428573
20.0,391,26252142,19.55
15.0,372,26252514,24.8
8.0,612,26253126,76.5
19.0,406,26253532,21.36842105263158
25.0,569,26254101,22.76
5.0,54,26254155,10.8
20.0,387,26254542,19.35
16.0,291,26254833,18.1875
22.0,428,26255261,19.454545454545453
14.0,286,26255547,20.428571428571427
26.0,490,26256037,18.846153846153847
22.0,445,26256482,20.227272727272727
20.0,471,26256953,23.55
6.0,148,26257101,24.666666666666668
31.0,605,26257706,19.516129032258064
2.0,488,26258194,244.0
35.0,601,26258795,17.17142857142857
11.0,244,26259039,22.181818181818183
5.0,98,26259137,19.6
33.0,690,26259827,20.90909090909091
11.0,216,26260043,19.636363636363637
37.0,768,26260811,20.756756756756758
21.0,545,26261356,25.952380952380953
10.0,302,26261658,30.2
34.0,856,26262514,25.176470588235293
4.0,104,26262618,26.0
25.0,452,26263070,18.08
30.0,672,26263742,22.4
13.0,266,26264008,20.46153846153846
28.0,694,26264702,24.785714285714285
4.0,129,26264831,32.25
9.0,142,26264973,15.777777777777779
10.0,201,26265174,20.1
22.0,399,26265573,18.136363636363637
4.0,42,26265615,10.5
20.0,602,26266217,30.1
15.0,290,26266507,19.333333333333332
25.0,595,26267102,23.8
32.0,712,26267814,22.25
22.0,575,26268389,26.136363636363637
18.0,419,26268808,23.27777777777778
3.0,81,26268889,27.0
10.0,201,26269090,20.1
21.0,430,26269520,20.476190476190474
16.0,380,26269900,23.75
7.0,159,26270059,22.714285714285715
30.0,662,26270721,22.066666666666666
21.0,423,26271144,20.142857142857142
1.0,15,26271159,15.0
3.0,107,26271266,35.666666666666664
1.0,83,26271349,83.0
3.0,141,26271490,47.0
15.0,282,26271772,18.8
23.0,465,26272237,20.217391304347824
11.0,222,26272459,20.181818181818183
15.0,221,26272680,14.733333333333333
34.0,844,26273524,24.823529411764707
15.0,457,26273981,30.466666666666665
24.0,483,26274464,20.125
22.0,440,26274904,20.0
15.0,283,26275187,18.866666666666667
27.0,624,26275811,23.11111111111111
18.0,397,26276208,22.055555555555557
37.0,836,26277044,22.594594594594593
26.0,638,26277682,24.53846153846154
28.0,582,26278264,20.785714285714285
9.0,246,26278510,27.333333333333332
8.0,166,26278676,20.75
34.0,656,26279332,19.294117647058822
1.0,77,26279409,77.0
25.0,629,26280038,25.16
9.0,195,26280233,21.666666666666668
6.0,250,26280483,41.666666666666664
21.0,452,26280935,21.523809523809526
11.0,239,26281174,21.727272727272727
6.0,106,26281280,17.666666666666668
2.0,57,26281337,28.5
11.0,191,26281528,17.363636363636363
18.0,465,26281993,25.833333333333332
18.0,395,26282388,21.944444444444443
34.0,705,26283093,20.735294117647058
22.0,413,26283506,18.772727272727273
8.0,180,26283686,22.5
26.0,675,26284361,25.96153846153846
5.0,124,26284485,24.8
1.0,67,26284552,67.0
5.0,92,26284644,18.4
5.0,120,26284764,24.0
16.0,472,26285236,29.5
4.0,42,26285278,10.5
5.0,84,26285362,16.8
2.0,77,26285439,38.5
8.0,146,26285585,18.25
36.0,816,26286401,22.666666666666668
3.0,73,26286474,24.333333333333332
6.0,157,26286631,26.166666666666668
19.0,497,26287128,26.157894736842106
15.0,254,26287382,16.933333333333334
16.0,445,26287827,27.8125
26.0,565,26288392,21.73076923076923
8.0,132,26288524,16.5
38.0,796,26289320,20.94736842105263
4.0,211,26289531,52.75
1.0,71,26289602,71.0
5.0,74,26289676,14.8
12.0,312,26289988,26.0
25.0,562,26290550,22.48
7.0,204,26290754,29.142857142857142
5.0,64,26290818,12.8
2.0,96,26290914,48.0
19.0,402,26291316,21.157894736842106
23.0,587,26291903,25.52173913043478
15.0,431,26292334,28.733333333333334
23.0,434,26292768,18.869565217391305
8.0,274,26293042,34.25
24.0,469,26293511,19.541666666666668
3.0,53,26293564,17.666666666666668
37.0,872,26294436,23.56756756756757
24.0,571,26295007,23.791666666666668
16.0,347,26295354,21.6875
17.0,354,26295708,20.823529411764707
20.0,457,26296165,22.85
4.0,96,26296261,24.0
9.0,201,26296462,22.333333333333332
30.0,876,26297338,29.2
21.0,380,26297718,18.095238095238095
12.0,166,26297884,13.833333333333334
2.0,93,26297977,46.5
14.0,398,26298375,28.428571428571427
24.0,448,26298823,18.666666666666668
10.0,180,26299003,18.0
28.0,658,26299661,23.5
18.0,422,26300083,23.444444444444443
14.0,319,26300402,22.785714285714285
22.0,467,26300869,21.227272727272727
21.0,354,26301223,16.857142857142858
34.0,825,26302048,24.264705882352942
2.0,40,26302088,20.0
4.0,90,26302178,22.5
31.0,731,26302909,23.580645161290324
30.0,586,26303495,19.533333333333335
15.0,512,26304007,34.13333333333333
18.0,335,26304342,18.61111111111111
3.0,131,26304473,43.666666666666664
18.0,300,26304773,16.666666666666668
5.0,158,26304931,31.6
15.0,363,26305294,24.2
14.0,251,26305545,17.928571428571427
9.0,158,26305703,17.555555555555557
28.0,659,26306362,23.535714285714285
14.0,364,26306726,26.0
4.0,129,26306855,32.25
8.0,224,26307079,28.0
21.0,492,26307571,23.428571428571427
1.0,135,26307706,135.0
23.0,481,26308187,20.91304347826087
9.0,618,26308805,68.66666666666667
27.0,383,26309188,14.185185185185185
17.0,397,26309585,23.352941176470587
14.0,348,26309933,24.857142857142858
5.0,76,26310009,15.2
9.0,170,26310179,18.88888888888889
52.0,1293,26311472,24.865384615384617
5.0,103,26311575,20.6
11.0,313,26311888,28.454545454545453
20.0,443,26312331,22.15
28.0,649,26312980,23.178571428571427
48.0,1386,26314366,28.875
32.0,777,26315143,24.28125
25.0,626,26315769,25.04
8.0,126,26315895,15.75
21.0,483,26316378,23.0
40.0,822,26317200,20.55
28.0,580,26317780,20.714285714285715
34.0,756,26318536,22.235294117647058
15.0,379,26318915,25.266666666666666
14.0,287,26319202,20.5
1.0,97,26319299,97.0
16.0,244,26319543,15.25
19.0,417,26319960,21.94736842105263
12.0,199,26320159,16.583333333333332
31.0,667,26320826,21.516129032258064
13.0,759,26321585,58.38461538461539
23.0,456,26322041,19.82608695652174
33.0,747,26322788,22.636363636363637
42.0,1012,26323800,24.095238095238095
19.0,327,26324127,17.210526315789473
34.0,775,26324902,22.794117647058822
32.0,582,26325484,18.1875
28.0,502,26325986,17.928571428571427
34.0,835,26326821,24.558823529411764
29.0,569,26327390,19.620689655172413
44.0,1177,26328567,26.75
22.0,398,26328965,18.09090909090909
27.0,704,26329669,26.074074074074073
22.0,369,26330038,16.772727272727273
13.0,354,26330392,27.23076923076923
12.0,215,26330607,17.916666666666668
31.0,783,26331390,25.258064516129032
3.0,104,26331494,34.666666666666664
45.0,1146,26332640,25.466666666666665
14.0,292,26332932,20.857142857142858
5.0,197,26333129,39.4
9.0,653,26333782,72.55555555555556
21.0,465,26334247,22.142857142857142
16.0,353,26334600,22.0625
26.0,603,26335203,23.192307692307693
23.0,456,26335659,19.82608695652174
26.0,603,26336262,23.192307692307693
3.0,198,26336460,66.0
23.0,369,26336829,16.043478260869566
28.0,787,26337616,28.107142857142858
15.0,464,26338080,30.933333333333334
29.0,621,26338701,21.413793103448278
6.0,199,26338900,33.166666666666664
14.0,355,26339255,25.357142857142858
19.0,413,26339668,21.736842105263158
17.0,345,26340013,20.294117647058822
4.0,76,26340089,19.0
35.0,687,26340776,19.62857142857143
22.0,476,26341252,21.636363636363637
14.0,307,26341559,21.928571428571427
26.0,555,26342114,21.346153846153847
22.0,906,26343020,41.18181818181818
13.0,310,26343330,23.846153846153847
45.0,939,26344269,20.866666666666667
12.0,315,26344584,26.25
22.0,407,26344991,18.5
22.0,412,26345403,18.727272727272727
27.0,565,26345968,20.925925925925927
32.0,829,26346797,25.90625
26.0,512,26347309,19.692307692307693
26.0,618,26347927,23.76923076923077
41.0,1050,26348977,25.609756097560975
27.0,611,26349588,22.62962962962963
27.0,568,26350156,21.037037037037038
41.0,819,26350975,19.975609756097562
11.0,290,26351265,26.363636363636363
3.0,167,26351432,55.666666666666664
14.0,650,26352082,46.42857142857143
2.0,470,26352552,235.0
18.0,411,26352963,22.833333333333332
21.0,521,26353484,24.80952380952381
7.0,156,26353640,22.285714285714285
10.0,205,26353845,20.5
16.0,348,26354193,21.75
9.0,175,26354368,19.444444444444443
16.0,495,26354863,30.9375
18.0,425,26355288,23.61111111111111
21.0,394,26355682,18.761904761904763
22.0,482,26356164,21.90909090909091
19.0,482,26356646,25.36842105263158
10.0,227,26356873,22.7
34.0,808,26357681,23.764705882352942
15.0,248,26357929,16.533333333333335
6.0,177,26358106,29.5
34.0,924,26359030,27.176470588235293
22.0,490,26359520,22.272727272727273
13.0,384,26359904,29.53846153846154
10.0,200,26360104,20.0
4.0,99,26360203,24.75
38.0,876,26361079,23.05263157894737
7.0,199,26361278,28.428571428571427
23.0,588,26361866,25.565217391304348
18.0,573,26362439,31.833333333333332
37.0,791,26363230,21.37837837837838
31.0,734,26363964,23.677419354838708
4.0,47,26364011,11.75
35.0,757,26364768,21.62857142857143
11.0,212,26364980,19.272727272727273
32.0,1103,26366083,34.46875
8.0,190,26366273,23.75
39.0,833,26367106,21.358974358974358
31.0,715,26367821,23.06451612903226
35.0,708,26368529,20.228571428571428
20.0,416,26368945,20.8
22.0,424,26369369,19.272727272727273
13.0,261,26369630,20.076923076923077
22.0,485,26370115,22.045454545454547
40.0,931,26371046,23.275
21.0,526,26371572,25.047619047619047
43.0,842,26372414,19.58139534883721
3.0,176,26372590,58.666666666666664
18.0,438,26373028,24.333333333333332
44.0,980,26374008,22.272727272727273
32.0,732,26374740,22.875
35.0,726,26375466,20.742857142857144
18.0,359,26375825,19.944444444444443
18.0,828,26376653,46.0
22.0,442,26377095,20.09090909090909
11.0,232,26377327,21.09090909090909
3.0,559,26377886,186.33333333333334
16.0,335,26378221,20.9375
23.0,553,26378774,24.043478260869566
25.0,655,26379429,26.2
16.0,305,26379734,19.0625
15.0,357,26380091,23.8
20.0,501,26380592,25.05
9.0,198,26380790,22.0
20.0,582,26381372,29.1
15.0,232,26381604,15.466666666666667
11.0,214,26381818,19.454545454545453
20.0,496,26382314,24.8
10.0,177,26382491,17.7
32.0,692,26383183,21.625
2.0,63,26383246,31.5
11.0,621,26383867,56.45454545454545
17.0,718,26384585,42.23529411764706
27.0,494,26385079,18.296296296296298
23.0,460,26385539,20.0
15.0,254,26385793,16.933333333333334
14.0,302,26386095,21.571428571428573
9.0,590,26386685,65.55555555555556
45.0,1024,26387709,22.755555555555556
40.0,918,26388627,22.95
26.0,557,26389184,21.423076923076923
20.0,849,26390033,42.45
3.0,67,26390100,22.333333333333332
9.0,134,26390234,14.88888888888889
8.0,269,26390503,33.625
29.0,537,26391040,18.517241379310345
24.0,580,26391620,24.166666666666668
43.0,885,26392505,20.58139534883721
25.0,536,26393041,21.44
20.0,404,26393445,20.2
37.0,862,26394307,23.2972972972973
18.0,381,26394688,21.166666666666668
12.0,278,26394966,23.166666666666668
32.0,912,26395878,28.5
24.0,782,26396660,32.583333333333336
8.0,173,26396833,21.625
15.0,280,26397113,18.666666666666668
26.0,537,26397650,20.653846153846153
19.0,524,26398174,27.57894736842105
18.0,373,26398547,20.72222222222222
28.0,568,26399115,20.285714285714285
22.0,512,26399627,23.272727272727273
9.0,205,26399832,22.77777777777778
7.0,171,26400003,24.428571428571427
22.0,484,26400487,22.0
30.0,658,26401145,21.933333333333334
33.0,692,26401837,20.96969696969697
1.0,23,26401860,23.0
22.0,471,26402331,21.40909090909091
13.0,373,26402704,28.692307692307693
25.0,629,26403333,25.16
7.0,171,26403504,24.428571428571427
23.0,603,26404107,26.217391304347824
20.0,433,26404540,21.65
35.0,857,26405397,24.485714285714284
29.0,476,26405873,16.413793103448278
9.0,166,26406039,18.444444444444443
20.0,549,26406588,27.45
31.0,614,26407202,19.806451612903224
23.0,483,26407685,21.0
19.0,455,26408140,23.94736842105263
11.0,208,26408348,18.90909090909091
19.0,445,26408793,23.42105263157895
7.0,155,26408948,22.142857142857142
30.0,880,26409828,29.333333333333332
39.0,877,26410705,22.487179487179485
5.0,108,26410813,21.6
13.0,361,26411174,27.76923076923077
22.0,473,26411647,21.5
35.0,802,26412449,22.914285714285715
33.0,740,26413189,22.424242424242426
12.0,669,26413858,55.75
10.0,204,26414062,20.4
19.0,419,26414481,22.05263157894737
35.0,710,26415191,20.285714285714285
1.0,27,26415218,27.0
15.0,335,26415553,22.333333333333332
37.0,814,26416367,22.0
23.0,494,26416861,21.47826086956522
35.0,700,26417561,20.0
21.0,512,26418073,24.38095238095238
34.0,800,26418873,23.529411764705884
14.0,220,26419093,15.714285714285714
29.0,708,26419801,24.413793103448278
30.0,595,26420396,19.833333333333332
39.0,831,26421227,21.307692307692307
41.0,1089,26422316,26.5609756097561
10.0,204,26422520,20.4
30.0,756,26423276,25.2
29.0,684,26423960,23.586206896551722
7.0,186,26424146,26.571428571428573
21.0,396,26424542,18.857142857142858
25.0,525,26425067,21.0
1.0,25,26425092,25.0
16.0,293,26425385,18.3125
7.0,71,26425456,10.142857142857142
27.0,647,26426103,23.962962962962962
16.0,366,26426469,22.875
32.0,606,26427075,18.9375
15.0,399,26427474,26.6
6.0,88,26427562,14.666666666666666
27.0,607,26428169,22.48148148148148
37.0,1011,26429180,27.324324324324323
18.0,325,26429505,18.055555555555557
27.0,735,26430240,27.22222222222222
27.0,720,26430960,26.666666666666668
30.0,608,26431568,20.266666666666666
30.0,730,26432298,24.333333333333332
13.0,324,26432622,24.923076923076923
13.0,247,26432869,19.0
10.0,200,26433069,20.0
25.0,488,26433557,19.52
26.0,579,26434136,22.26923076923077
31.0,727,26434863,23.451612903225808
28.0,498,26435361,17.785714285714285
5.0,545,26435906,109.0
12.0,187,26436093,15.583333333333334
18.0,356,26436449,19.77777777777778
41.0,850,26437299,20.73170731707317
16.0,342,26437641,21.375
26.0,533,26438174,20.5
4.0,125,26438299,31.25
16.0,410,26438709,25.625
23.0,510,26439219,22.17391304347826
20.0,458,26439677,22.9
22.0,404,26440081,18.363636363636363
2.0,32,26440113,16.0
33.0,771,26440884,23.363636363636363
22.0,502,26441386,22.818181818181817
22.0,558,26441944,25.363636363636363
27.0,632,26442576,23.40740740740741
37.0,995,26443571,26.89189189189189
16.0,290,26443861,18.125
4.0,547,26444408,136.75
9.0,299,26444707,33.22222222222222
20.0,557,26445264,27.85
22.0,422,26445686,19.181818181818183
7.0,184,26445870,26.285714285714285
13.0,201,26446071,15.461538461538462
28.0,706,26446777,25.214285714285715
25.0,632,26447409,25.28
3.0,497,26447906,165.66666666666666
17.0,436,26448342,25.647058823529413
12.0,256,26448598,21.333333333333332
38.0,806,26449404,21.210526315789473
1.0,66,26449470,66.0
17.0,305,26449775,17.941176470588236
34.0,969,26450744,28.5
36.0,916,26451660,25.444444444444443
34.0,790,26452450,23.235294117647058
4.0,84,26452534,21.0
32.0,643,26453177,20.09375
8.0,278,26453455,34.75
32.0,827,26454282,25.84375
32.0,762,26455044,23.8125
3.0,165,26455209,55.0
28.0,666,26455875,23.785714285714285
3.0,191,26456066,63.666666666666664
26.0,561,26456627,21.576923076923077
25.0,808,26457435,32.32
31.0,625,26458060,20.161290322580644
26.0,581,26458641,22.346153846153847
33.0,825,26459466,25.0
11.0,239,26459705,21.727272727272727
10.0,159,26459864,15.9
4.0,125,26459989,31.25
24.0,410,26460399,17.083333333333332
20.0,484,26460883,24.2
36.0,920,26461803,25.555555555555557
24.0,468,26462271,19.5
2.0,84,26462355,42.0
19.0,426,26462781,22.42105263157895
16.0,733,26463514,45.8125
21.0,460,26463974,21.904761904761905
8.0,111,26464085,13.875
19.0,258,26464343,13.578947368421053
22.0,533,26464876,24.227272727272727
4.0,128,26465004,32.0
42.0,1010,26466014,24.047619047619047
10.0,636,26466650,63.6
13.0,239,26466889,18.384615384615383
24.0,523,26467412,21.791666666666668
16.0,263,26467675,16.4375
19.0,374,26468049,19.68421052631579
6.0,76,26468125,12.666666666666666
21.0,375,26468500,17.857142857142858
34.0,630,26469130,18.529411764705884
29.0,619,26469749,21.344827586206897
40.0,939,26470688,23.475
13.0,262,26470950,20.153846153846153
19.0,340,26471290,17.894736842105264
29.0,474,26471764,16.344827586206897
39.0,854,26472618,21.897435897435898
14.0,275,26472893,19.642857142857142
20.0,365,26473258,18.25
31.0,803,26474061,25.903225806451612
21.0,791,26474852,37.666666666666664
19.0,375,26475227,19.736842105263158
36.0,798,26476025,22.166666666666668
23.0,632,26476657,27.47826086956522
29.0,661,26477318,22.79310344827586
11.0,253,26477571,23.0
21.0,403,26477974,19.19047619047619
7.0,100,26478074,14.285714285714286
2.0,66,26478140,33.0
39.0,881,26479021,22.58974358974359
40.0,991,26480012,24.775
23.0,435,26480447,18.91304347826087
15.0,285,26480732,19.0
30.0,869,26481601,28.966666666666665
43.0,850,26482451,19.767441860465116
19.0,431,26482882,22.68421052631579
1.0,63,26482945,63.0
3.0,70,26483015,23.333333333333332
20.0,392,26483407,19.6
32.0,634,26484041,19.8125
29.0,602,26484643,20.75862068965517
15.0,329,26484972,21.933333333333334
30.0,503,26485475,16.766666666666666
14.0,367,26485842,26.214285714285715
20.0,419,26486261,20.95
13.0,694,26486955,53.38461538461539
20.0,370,26487325,18.5
22.0,461,26487786,20.954545454545453
26.0,661,26488447,25.423076923076923
10.0,228,26488675,22.8
19.0,309,26488984,16.263157894736842
7.0,207,26489191,29.571428571428573
17.0,351,26489542,20.647058823529413
27.0,543,26490085,20.11111111111111
35.0,871,26490956,24.885714285714286
7.0,116,26491072,16.571428571428573
20.0,368,26491440,18.4
14.0,289,26491729,20.642857142857142
34.0,793,26492522,23.323529411764707
17.0,358,26492880,21.058823529411764
36.0,839,26493719,23.305555555555557
16.0,321,26494040,20.0625
21.0,419,26494459,19.952380952380953
23.0,511,26494970,22.217391304347824
24.0,453,26495423,18.875
28.0,627,26496050,22.392857142857142
30.0,640,26496690,21.333333333333332
19.0,359,26497049,18.894736842105264
16.0,275,26497324,17.1875
48.0,996,26498320,20.75
8.0,137,26498457,17.125
15.0,264,26498721,17.6
21.0,479,26499200,22.80952380952381
32.0,586,26499786,18.3125
34.0,830,26500616,24.41176470588235
16.0,301,26500917,18.8125
15.0,753,26501670,50.2
13.0,657,26502327,50.53846153846154
26.0,439,26502766,16.884615384615383
7.0,82,26502848,11.714285714285714
37.0,902,26503750,24.37837837837838
46.0,1064,26504814,23.130434782608695
1.0,25,26504839,25.0
11.0,194,26505033,17.636363636363637
23.0,419,26505452,18.217391304347824
24.0,657,26506109,27.375
17.0,381,26506490,22.41176470588235
30.0,703,26507193,23.433333333333334
13.0,164,26507357,12.615384615384615
5.0,113,26507470,22.6
26.0,534,26508004,20.53846153846154
26.0,522,26508526,20.076923076923077
24.0,498,26509024,20.75
27.0,628,26509652,23.25925925925926
32.0,616,26510268,19.25
19.0,423,26510691,22.263157894736842
38.0,949,26511640,24.973684210526315
14.0,311,26511951,22.214285714285715
25.0,489,26512440,19.56
11.0,175,26512615,15.909090909090908
6.0,240,26512855,40.0
28.0,604,26513459,21.571428571428573
14.0,682,26514141,48.714285714285715
20.0,556,26514697,27.8
34.0,969,26515666,28.5
23.0,404,26516070,17.565217391304348
27.0,578,26516648,21.40740740740741
24.0,468,26517116,19.5
21.0,477,26517593,22.714285714285715
12.0,721,26518314,60.083333333333336
15.0,319,26518633,21.266666666666666
8.0,105,26518738,13.125
37.0,738,26519476,19.945945945945947
21.0,639,26520115,30.428571428571427
21.0,428,26520543,20.38095238095238
20.0,845,26521388,42.25
27.0,646,26522034,23.925925925925927
33.0,721,26522755,21.848484848484848
24.0,481,26523236,20.041666666666668
16.0,314,26523550,19.625
16.0,316,26523866,19.75
19.0,331,26524197,17.42105263157895
5.0,89,26524286,17.8
34.0,984,26525270,28.941176470588236
33.0,795,26526065,24.09090909090909
22.0,502,26526567,22.818181818181817
28.0,611,26527178,21.821428571428573
16.0,252,26527430,15.75
28.0,520,26527950,18.571428571428573
18.0,354,26528304,19.666666666666668
12.0,252,26528556,21.0
17.0,423,26528979,24.88235294117647
0.0,58,26529037,inf
17.0,381,26529418,22.41176470588235
14.0,188,26529606,13.428571428571429
23.0,534,26530140,23.217391304347824
27.0,504,26530644,18.666666666666668
17.0,331,26530975,19.470588235294116
46.0,1251,26532226,27.195652173913043
16.0,311,26532537,19.4375
26.0,421,26532958,16.192307692307693
39.0,791,26533749,20.28205128205128
19.0,420,26534169,22.105263157894736
20.0,525,26534694,26.25
13.0,217,26534911,16.692307692307693
7.0,549,26535460,78.42857142857143
24.0,517,26535977,21.541666666666668
28.0,502,26536479,17.928571428571427
15.0,287,26536766,19.133333333333333
29.0,609,26537375,21.0
17.0,272,26537647,16.0
29.0,686,26538333,23.655172413793103
22.0,463,26538796,21.045454545454547
38.0,757,26539553,19.92105263157895
25.0,650,26540203,26.0
19.0,393,26540596,20.68421052631579
31.0,960,26541556,30.967741935483872
30.0,464,26542020,15.466666666666667
31.0,804,26542824,25.93548387096774
4.0,75,26542899,18.75
3.0,78,26542977,26.0
24.0,553,26543530,23.041666666666668
15.0,337,26543867,22.466666666666665
44.0,993,26544860,22.568181818181817
8.0,219,26545079,27.375
14.0,340,26545419,24.285714285714285
34.0,1120,26546539,32.94117647058823
38.0,1129,26547668,29.710526315789473
39.0,831,26548499,21.307692307692307
10.0,107,26548606,10.7
35.0,657,26549263,18.771428571428572
27.0,654,26549917,24.22222222222222
18.0,287,26550204,15.944444444444445
14.0,249,26550453,17.785714285714285
25.0,571,26551024,22.84
16.0,370,26551394,23.125
6.0,86,26551480,14.333333333333334
16.0,366,26551846,22.875
13.0,286,26552132,22.0
3.0,156,26552288,52.0
37.0,832,26553120,22.486486486486488
27.0,539,26553659,19.962962962962962
3.0,135,26553794,45.0
27.0,661,26554455,24.48148148148148
16.0,334,26554789,20.875
41.0,1125,26555914,27.4390243902439
24.0,449,26556363,18.708333333333332
41.0,950,26557313,23.170731707317074
20.0,844,26558157,42.2
31.0,626,26558783,20.193548387096776
14.0,298,26559081,21.285714285714285
18.0,626,26559707,34.77777777777778
12.0,332,26560039,27.666666666666668
28.0,690,26560729,24.642857142857142
21.0,450,26561179,21.428571428571427
32.0,629,26561808,19.65625
39.0,842,26562650,21.58974358974359
28.0,551,26563201,19.678571428571427
4.0,215,26563416,53.75
29.0,519,26563935,17.896551724137932
11.0,325,26564260,29.545454545454547
14.0,326,26564586,23.285714285714285
32.0,671,26565257,20.96875
12.0,151,26565408,12.583333333333334
27.0,461,26565869,17.074074074074073
20.0,340,26566209,17.0
10.0,186,26566395,18.6
24.0,422,26566817,17.583333333333332
6.0,132,26566949,22.0
14.0,269,26567218,19.214285714285715
36.0,682,26567900,18.944444444444443
37.0,943,26568843,25.486486486486488
1.0,24,26568867,24.0
22.0,618,26569485,28.09090909090909
23.0,504,26569989,21.91304347826087
27.0,639,26570628,23.666666666666668
3.0,484,26571112,161.33333333333334
10.0,305,26571417,30.5
34.0,972,26572389,28.58823529411765
11.0,244,26572633,22.181818181818183
22.0,401,26573034,18.227272727272727
16.0,339,26573373,21.1875
12.0,230,26573603,19.166666666666668
27.0,569,26574172,21.074074074074073
5.0,125,26574297,25.0
33.0,663,26574960,20.09090909090909
27.0,633,26575593,23.444444444444443
39.0,958,26576551,24.564102564102566
25.0,579,26577130,23.16
23.0,503,26577633,21.869565217391305
16.0,350,26577983,21.875
16.0,246,26578229,15.375
43.0,864,26579093,20.093023255813954
17.0,298,26579391,17.529411764705884
28.0,670,26580061,23.928571428571427
11.0,676,26580737,61.45454545454545
48.0,1130,26581867,23.541666666666668
5.0,131,26581998,26.2
37.0,721,26582719,19.486486486486488
11.0,624,26583343,56.72727272727273
48.0,1221,26584564,25.4375
19.0,331,26584895,17.42105263157895
10.0,236,26585131,23.6
22.0,600,26585731,27.272727272727273
27.0,514,26586245,19.037037037037038
21.0,429,26586674,20.428571428571427
11.0,270,26586944,24.545454545454547
13.0,246,26587190,18.923076923076923
31.0,664,26587854,21.419354838709676
12.0,281,26588135,23.416666666666668
32.0,750,26588885,23.4375
29.0,663,26589548,22.862068965517242
24.0,432,26589980,18.0
26.0,539,26590519,20.73076923076923
48.0,1104,26591623,23.0
15.0,285,26591908,19.0
23.0,435,26592343,18.91304347826087
15.0,246,26592589,16.4
30.0,669,26593258,22.3
32.0,653,26593911,20.40625
28.0,771,26594682,27.535714285714285
32.0,781,26595463,24.40625
9.0,657,26596120,73.0
35.0,702,26596822,20.057142857142857
28.0,652,26597474,23.285714285714285
8.0,163,26597637,20.375
36.0,830,26598467,23.055555555555557
11.0,240,26598707,21.818181818181817
20.0,373,26599080,18.65
7.0,125,26599205,17.857142857142858
13.0,283,26599488,21.76923076923077
35.0,803,26600291,22.942857142857143
22.0,482,26600773,21.90909090909091
24.0,476,26601249,19.833333333333332
33.0,633,26601882,19.181818181818183
36.0,647,26602529,17.97222222222222
33.0,830,26603359,25.151515151515152
22.0,384,26603743,17.454545454545453
26.0,604,26604347,23.23076923076923
12.0,322,26604669,26.833333333333332
9.0,125,26604794,13.88888888888889
21.0,543,26605337,25.857142857142858
13.0,234,26605571,18.0
41.0,845,26606416,20.609756097560975
25.0,549,26606965,21.96
33.0,686,26607651,20.78787878787879
17.0,391,26608042,23.0
14.0,358,26608400,25.571428571428573
18.0,374,26608774,20.77777777777778
19.0,471,26609245,24.789473684210527
46.0,1053,26610298,22.891304347826086
21.0,386,26610684,18.38095238095238
17.0,352,26611036,20.705882352941178
37.0,843,26611879,22.783783783783782
12.0,169,26612048,14.083333333333334
5.0,499,26612547,99.8
14.0,315,26612862,22.5
14.0,226,26613088,16.142857142857142
22.0,812,26613900,36.90909090909091
11.0,262,26614162,23.818181818181817
9.0,195,26614357,21.666666666666668
17.0,304,26614661,17.88235294117647
8.0,149,26614810,18.625
28.0,529,26615339,18.892857142857142
14.0,330,26615669,23.571428571428573
41.0,1007,26616676,24.5609756097561
24.0,965,26617641,40.208333333333336
29.0,681,26618322,23.482758620689655
10.0,659,26618981,65.9
8.0,280,26619261,35.0
20.0,358,26619619,17.9
32.0,626,26620245,19.5625
30.0,619,26620864,20.633333333333333
29.0,604,26621468,20.82758620689655
41.0,812,26622280,19.804878048780488
18.0,302,26622582,16.77777777777778
39.0,751,26623333,19.256410256410255
34.0,727,26624060,21.38235294117647
15.0,260,26624320,17.333333333333332
40.0,1002,26625322,25.05
23.0,538,26625860,23.391304347826086
22.0,501,26626361,22.772727272727273
20.0,510,26626871,25.5
13.0,263,26627134,20.23076923076923
12.0,710,26627844,59.166666666666664
17.0,423,26628267,24.88235294117647
28.0,691,26628958,24.678571428571427
37.0,907,26629865,24.513513513513512
18.0,368,26630233,20.444444444444443
18.0,262,26630495,14.555555555555555
21.0,543,26631038,25.857142857142858
14.0,299,26631337,21.357142857142858
40.0,731,26632068,18.275
16.0,448,26632516,28.0
21.0,427,26632943,20.333333333333332
22.0,393,26633336,17.863636363636363
13.0,708,26634044,54.46153846153846
32.0,701,26634745,21.90625
13.0,291,26635036,22.384615384615383
29.0,1143,26636179,39.41379310344828
22.0,687,26636866,31.227272727272727
31.0,634,26637500,20.451612903225808
21.0,595,26638095,28.333333333333332
25.0,507,26638602,20.28
17.0,279,26638881,16.41176470588235
10.0,225,26639106,22.5
26.0,518,26639624,19.923076923076923
17.0,339,26639963,19.941176470588236
13.0,218,26640181,16.76923076923077
7.0,126,26640307,18.0
8.0,157,26640464,19.625
16.0,237,26640701,14.8125
35.0,903,26641604,25.8
15.0,275,26641879,18.333333333333332
32.0,751,26642630,23.46875
32.0,628,26643258,19.625
48.0,1199,26644457,24.979166666666668
35.0,772,26645229,22.057142857142857
9.0,119,26645348,13.222222222222221
12.0,226,26645574,18.833333333333332
27.0,668,26646242,24.74074074074074
12.0,195,26646437,16.25
26.0,485,26646922,18.653846153846153
34.0,724,26647646,21.294117647058822
40.0,884,26648530,22.1
38.0,974,26649504,25.63157894736842
22.0,542,26650046,24.636363636363637
20.0,403,26650449,20.15
22.0,367,26650816,16.681818181818183
1.0,55,26650871,55.0
2.0,475,26651346,237.5
6.0,121,26651467,20.166666666666668
23.0,936,26652403,40.69565217391305
21.0,406,26652809,19.333333333333332
28.0,969,26653778,34.607142857142854
33.0,717,26654495,21.727272727272727
15.0,276,26654771,18.4
33.0,621,26655392,18.818181818181817
43.0,987,26656379,22.953488372093023
26.0,604,26656983,23.23076923076923
22.0,437,26657420,19.863636363636363
21.0,831,26658251,39.57142857142857
10.0,572,26658823,57.2
37.0,788,26659611,21.2972972972973
2.0,152,26659763,76.0
13.0,451,26660214,34.69230769230769
23.0,588,26660802,25.565217391304348
34.0,874,26661676,25.705882352941178
14.0,298,26661974,21.285714285714285
21.0,359,26662333,17.095238095238095
22.0,376,26662709,17.09090909090909
30.0,695,26663404,23.166666666666668
22.0,493,26663897,22.40909090909091
26.0,680,26664577,26.153846153846153
28.0,576,26665153,20.571428571428573
6.0,85,26665238,14.166666666666666
19.0,779,26666017,41.0
9.0,221,26666238,24.555555555555557
30.0,634,26666872,21.133333333333333
0.0,27,26666899,inf
10.0,756,26667655,75.6
14.0,287,26667942,20.5
27.0,968,26668910,35.851851851851855
0.0,28,26668938,inf
19.0,401,26669339,21.105263157894736
29.0,618,26669957,21.310344827586206
30.0,885,26670842,29.5
23.0,564,26671406,24.52173913043478
26.0,449,26671855,17.26923076923077
13.0,237,26672092,18.23076923076923
0.0,25,26672117,inf
20.0,409,26672526,20.45
52.0,1300,26673826,25.0
21.0,381,26674207,18.142857142857142
13.0,252,26674459,19.384615384615383
22.0,400,26674859,18.181818181818183
12.0,247,26675106,20.583333333333332
24.0,404,26675510,16.833333333333332
19.0,509,26676019,26.789473684210527
38.0,845,26676864,22.236842105263158
11.0,246,26677110,22.363636363636363
23.0,351,26677461,15.26086956521739
7.0,230,26677691,32.857142857142854
40.0,1007,26678698,25.175
29.0,516,26679214,17.79310344827586
8.0,128,26679342,16.0
33.0,587,26679929,17.78787878787879
15.0,399,26680328,26.6
40.0,913,26681241,22.825
10.0,348,26681589,34.8
11.0,401,26681990,36.45454545454545
15.0,333,26682323,22.2
32.0,809,26683132,25.28125
24.0,610,26683742,25.416666666666668
20.0,459,26684201,22.95
4.0,77,26684278,19.25
38.0,842,26685120,22.157894736842106
43.0,1124,26686244,26.13953488372093
29.0,608,26686852,20.96551724137931
29.0,754,26687606,26.0
13.0,220,26687826,16.923076923076923
36.0,879,26688705,24.416666666666668
8.0,232,26688937,29.0
23.0,545,26689482,23.695652173913043
6.0,69,26689551,11.5
30.0,743,26690294,24.766666666666666
29.0,572,26690866,19.724137931034484
20.0,463,26691329,23.15
18.0,400,26691729,22.22222222222222
37.0,1068,26692797,28.864864864864863
4.0,156,26692953,39.0
30.0,513,26693466,17.1
10.0,276,26693742,27.6
25.0,538,26694280,21.52
2.0,77,26694357,38.5
45.0,1055,26695412,23.444444444444443
40.0,939,26696351,23.475
35.0,831,26697182,23.742857142857144
36.0,849,26698031,23.583333333333332
14.0,329,26698360,23.5
32.0,852,26699212,26.625
22.0,419,26699631,19.045454545454547
31.0,616,26700247,19.870967741935484
37.0,700,26700947,18.91891891891892
17.0,438,26701385,25.764705882352942
1.0,24,26701409,24.0
9.0,121,26701530,13.444444444444445
6.0,622,26702152,103.66666666666667
16.0,373,26702525,23.3125
15.0,268,26702793,17.866666666666667
9.0,300,26703093,33.333333333333336
32.0,802,26703895,25.0625
18.0,329,26704224,18.27777777777778
3.0,118,26704342,39.333333333333336
20.0,471,26704813,23.55
14.0,233,26705046,16.642857142857142
31.0,827,26705873,26.677419354838708
23.0,389,26706262,16.91304347826087
15.0,354,26706616,23.6
6.0,139,26706755,23.166666666666668
36.0,847,26707602,23.52777777777778
32.0,701,26708303,21.90625
26.0,609,26708912,23.423076923076923
13.0,179,26709091,13.76923076923077
26.0,498,26709589,19.153846153846153
26.0,619,26710208,23.807692307692307
38.0,788,26710996,20.736842105263158
19.0,392,26711388,20.63157894736842
27.0,594,26711982,22.0
20.0,494,26712476,24.7
19.0,342,26712818,18.0
26.0,529,26713347,20.346153846153847
37.0,915,26714262,24.72972972972973
27.0,689,26714951,25.51851851851852
20.0,588,26715539,29.4
38.0,864,26716403,22.736842105263158
10.0,141,26716544,14.1
28.0,615,26717159,21.964285714285715
25.0,534,26717693,21.36
43.0,919,26718612,21.372093023255815
29.0,669,26719281,23.06896551724138
11.0,254,26719535,23.09090909090909
36.0,874,26720409,24.27777777777778
41.0,1083,26721492,26.414634146341463
13.0,653,26722145,50.23076923076923
28.0,594,26722739,21.214285714285715
25.0,554,26723293,22.16
13.0,265,26723558,20.384615384615383
13.0,736,26724294,56.61538461538461
29.0,687,26724981,23.689655172413794
20.0,436,26725417,21.8
1.0,86,26725503,86.0
12.0,288,26725791,24.0
8.0,134,26725925,16.75
15.0,331,26726256,22.066666666666666
25.0,690,26726946,27.6
16.0,268,26727214,16.75
12.0,294,26727508,24.5
8.0,113,26727621,14.125
28.0,792,26728413,28.285714285714285
19.0,770,26729183,40.526315789473685
23.0,433,26729616,18.82608695652174
43.0,1044,26730660,24.27906976744186
18.0,375,26731035,20.833333333333332
24.0,515,26731550,21.458333333333332
21.0,360,26731910,17.142857142857142
12.0,214,26732124,17.833333333333332
1.0,36,26732160,36.0
18.0,342,26732502,19.0
20.0,422,26732924,21.1
20.0,424,26733348,21.2
24.0,659,26734007,27.458333333333332
28.0,1118,26735125,39.92857142857143
41.0,944,26736069,23.024390243902438
9.0,250,26736319,27.77777777777778
3.0,65,26736384,21.666666666666668
15.0,286,26736670,19.066666666666666
26.0,542,26737212,20.846153846153847
40.0,820,26738032,20.5
14.0,243,26738275,17.357142857142858
22.0,641,26738916,29.136363636363637
11.0,678,26739594,61.63636363636363
39.0,1008,26740602,25.846153846153847
0.0,441,26741043,inf
18.0,541,26741584,30.055555555555557
36.0,923,26742507,25.63888888888889
3.0,91,26742598,30.333333333333332
24.0,492,26743090,20.5
29.0,589,26743679,20.310344827586206
17.0,353,26744032,20.764705882352942
33.0,715,26744747,21.666666666666668
24.0,420,26745167,17.5
33.0,752,26745919,22.78787878787879
15.0,350,26746269,23.333333333333332
15.0,319,26746588,21.266666666666666
30.0,724,26747312,24.133333333333333
30.0,811,26748123,27.033333333333335
7.0,118,26748241,16.857142857142858
42.0,859,26749100,20.452380952380953
15.0,274,26749374,18.266666666666666
21.0,453,26749827,21.571428571428573
22.0,495,26750322,22.5
7.0,610,26750932,87.14285714285714
19.0,320,26751252,16.842105263157894
46.0,1071,26752323,23.282608695652176
11.0,226,26752549,20.545454545454547
23.0,483,26753032,21.0
25.0,523,26753555,20.92
33.0,662,26754217,20.060606060606062
18.0,447,26754664,24.833333333333332
34.0,890,26755554,26.176470588235293
25.0,512,26756066,20.48
24.0,562,26756628,23.416666666666668
18.0,351,26756979,19.5
22.0,552,26757531,25.09090909090909
14.0,232,26757763,16.571428571428573
7.0,156,26757919,22.285714285714285
33.0,624,26758543,18.90909090909091
1.0,84,26758627,84.0
26.0,933,26759560,35.88461538461539
8.0,202,26759762,25.25
16.0,399,26760161,24.9375
14.0,295,26760456,21.071428571428573
20.0,442,26760898,22.1
10.0,382,26761280,38.2
13.0,350,26761630,26.923076923076923
4.0,70,26761700,17.5
20.0,365,26762065,18.25
14.0,354,26762419,25.285714285714285
22.0,714,26763133,32.45454545454545
15.0,388,26763521,25.866666666666667
7.0,155,26763676,22.142857142857142
32.0,685,26764361,21.40625
30.0,734,26765095,24.466666666666665
33.0,871,26765966,26.393939393939394
3.0,75,26766041,25.0
1.0,27,26766068,27.0
21.0,510,26766578,24.285714285714285
14.0,317,26766895,22.642857142857142
16.0,437,26767332,27.3125
30.0,532,26767864,17.733333333333334
15.0,324,26768188,21.6
30.0,712,26768900,23.733333333333334
10.0,213,26769113,21.3
17.0,404,26769517,23.764705882352942
33.0,543,26770060,16.454545454545453
15.0,380,26770440,25.333333333333332
16.0,301,26770741,18.8125
11.0,193,26770934,17.545454545454547
10.0,229,26771163,22.9
44.0,998,26772161,22.681818181818183
31.0,826,26772987,26.64516129032258
53.0,1117,26774104,21.07547169811321
7.0,190,26774294,27.142857142857142
33.0,766,26775060,23.21212121212121
13.0,766,26775826,58.92307692307692
26.0,605,26776431,23.26923076923077
11.0,254,26776685,23.09090909090909
19.0,432,26777117,22.736842105263158
1.0,22,26777139,22.0
10.0,162,26777301,16.2
7.0,143,26777444,20.428571428571427
22.0,920,26778364,41.81818181818182
30.0,646,26779010,21.533333333333335
16.0,361,26779371,22.5625
40.0,891,26780262,22.275
15.0,251,26780513,16.733333333333334
2.0,44,26780557,22.0
28.0,643,26781200,22.964285714285715
27.0,639,26781839,23.666666666666668
18.0,304,26782143,16.88888888888889
12.0,716,26782859,59.666666666666664
15.0,318,26783177,21.2
16.0,480,26783657,30.0
4.0,558,26784215,139.5
14.0,679,26784894,48.5
18.0,635,26785529,35.27777777777778
27.0,604,26786133,22.37037037037037
15.0,382,26786515,25.466666666666665
3.0,148,26786663,49.333333333333336
18.0,364,26787027,20.22222222222222
13.0,358,26787385,27.53846153846154
40.0,954,26788339,23.85
10.0,271,26788610,27.1
25.0,632,26789242,25.28
7.0,118,26789360,16.857142857142858
35.0,839,26790199,23.97142857142857
30.0,596,26790795,19.866666666666667
20.0,435,26791230,21.75
2.0,84,26791314,42.0
19.0,366,26791680,19.263157894736842
13.0,247,26791927,19.0
13.0,274,26792201,21.076923076923077
38.0,850,26793051,22.36842105263158
21.0,459,26793510,21.857142857142858
20.0,395,26793905,19.75
33.0,781,26794686,23.666666666666668
29.0,737,26795423,25.413793103448278
22.0,430,26795853,19.545454545454547
33.0,700,26796553,21.21212121212121
36.0,791,26797344,21.97222222222222
6.0,131,26797475,21.833333333333332
5.0,117,26797592,23.4
14.0,713,26798305,50.92857142857143
15.0,346,26798651,23.066666666666666
28.0,630,26799281,22.5
45.0,1029,26800310,22.866666666666667
47.0,908,26801218,19.319148936170212
14.0,201,26801419,14.357142857142858
28.0,542,26801961,19.357142857142858
41.0,768,26802729,18.73170731707317
30.0,656,26803385,21.866666666666667
0.0,31,26803416,inf
8.0,184,26803600,23.0
29.0,579,26804179,19.96551724137931
15.0,294,26804473,19.6
9.0,200,26804673,22.22222222222222
23.0,432,26805105,18.782608695652176
15.0,372,26805477,24.8
28.0,659,26806136,23.535714285714285
32.0,1036,26807172,32.375
24.0,544,26807716,22.666666666666668
11.0,263,26807979,23.90909090909091
46.0,1121,26809100,24.369565217391305
18.0,390,26809490,21.666666666666668
46.0,941,26810431,20.456521739130434
14.0,754,26811185,53.857142857142854
35.0,682,26811867,19.485714285714284
16.0,410,26812277,25.625
10.0,257,26812534,25.7
31.0,677,26813211,21.838709677419356
52.0,1314,26814525,25.26923076923077
20.0,443,26814968,22.15
32.0,685,26815653,21.40625
24.0,511,26816164,21.291666666666668
27.0,581,26816745,21.51851851851852
41.0,861,26817606,21.0
10.0,222,26817828,22.2
1.0,25,26817853,25.0
26.0,609,26818462,23.423076923076923
18.0,357,26818819,19.833333333333332
16.0,280,26819099,17.5
28.0,612,26819711,21.857142857142858
8.0,133,26819844,16.625
21.0,872,26820716,41.523809523809526
15.0,216,26820932,14.4
15.0,249,26821181,16.6
31.0,581,26821762,18.741935483870968
28.0,687,26822449,24.535714285714285
19.0,302,26822751,15.894736842105264
21.0,395,26823146,18.80952380952381
20.0,435,26823581,21.75
22.0,412,26823993,18.727272727272727
34.0,817,26824810,24.029411764705884
56.0,1159,26825969,20.696428571428573
24.0,503,26826472,20.958333333333332
11.0,265,26826737,24.09090909090909
16.0,929,26827666,58.0625
23.0,456,26828122,19.82608695652174
29.0,708,26828830,24.413793103448278
16.0,805,26829635,50.3125
28.0,467,26830102,16.678571428571427
9.0,330,26830432,36.666666666666664
3.0,66,26830498,22.0
18.0,302,26830800,16.77777777777778
53.0,1177,26831977,22.20754716981132
27.0,436,26832413,16.14814814814815
7.0,554,26832967,79.14285714285714
28.0,631,26833598,22.535714285714285
17.0,323,26833921,19.0
0.0,27,26833948,inf
29.0,565,26834513,19.482758620689655
11.0,235,26834748,21.363636363636363
20.0,472,26835220,23.6
20.0,390,26835610,19.5
34.0,685,26836295,20.147058823529413
42.0,931,26837226,22.166666666666668
16.0,358,26837584,22.375
19.0,462,26838046,24.31578947368421
13.0,276,26838322,21.23076923076923
26.0,652,26838974,25.076923076923077
10.0,211,26839185,21.1
27.0,571,26839756,21.14814814814815
23.0,418,26840174,18.17391304347826
10.0,216,26840390,21.6
34.0,612,26841002,18.0
26.0,671,26841673,25.807692307692307
46.0,1232,26842905,26.782608695652176
17.0,278,26843183,16.352941176470587
17.0,367,26843550,21.58823529411765
4.0,111,26843661,27.75
47.0,1177,26844838,25.04255319148936
3.0,47,26844885,15.666666666666666
28.0,550,26845435,19.642857142857142
9.0,183,26845618,20.333333333333332
34.0,672,26846290,19.764705882352942
14.0,321,26846611,22.928571428571427
36.0,784,26847395,21.77777777777778
34.0,761,26848156,22.38235294117647
5.0,105,26848261,21.0
29.0,842,26849103,29.03448275862069
19.0,429,26849532,22.57894736842105
26.0,634,26850166,24.384615384615383
6.0,215,26850381,35.833333333333336
31.0,773,26851154,24.93548387096774
26.0,565,26851719,21.73076923076923
23.0,418,26852137,18.17391304347826
8.0,607,26852744,75.875
13.0,357,26853101,27.46153846153846
29.0,597,26853698,20.586206896551722
37.0,823,26854521,22.243243243243242
9.0,150,26854671,16.666666666666668
8.0,264,26854935,33.0
21.0,457,26855392,21.761904761904763
11.0,337,26855729,30.636363636363637
6.0,141,26855870,23.5
27.0,602,26856472,22.296296296296298
19.0,299,26856771,15.736842105263158
12.0,220,26856991,18.333333333333332
27.0,540,26857531,20.0
39.0,901,26858432,23.102564102564102
28.0,710,26859142,25.357142857142858
12.0,330,26859472,27.5
28.0,799,26860271,28.535714285714285
36.0,687,26860958,19.083333333333332
23.0,502,26861460,21.82608695652174
5.0,77,26861537,15.4
20.0,309,26861846,15.45
22.0,547,26862393,24.863636363636363
1.0,28,26862421,28.0
11.0,270,26862691,24.545454545454547
43.0,843,26863534,19.6046511627907
34.0,777,26864311,22.852941176470587
18.0,441,26864752,24.5
29.0,641,26865393,22.103448275862068
20.0,350,26865743,17.5
19.0,368,26866111,19.36842105263158
13.0,336,26866447,25.846153846153847
14.0,396,26866843,28.285714285714285
38.0,705,26867548,18.55263157894737
33.0,628,26868176,19.03030303030303
27.0,647,26868823,23.962962962962962
16.0,303,26869126,18.9375
14.0,233,26869359,16.642857142857142
32.0,784,26870143,24.5
14.0,314,26870457,22.428571428571427
19.0,388,26870845,20.42105263157895
22.0,459,26871304,20.863636363636363
15.0,296,26871600,19.733333333333334
20.0,398,26871998,19.9
7.0,132,26872130,18.857142857142858
17.0,396,26872526,23.294117647058822
34.0,783,26873309,23.029411764705884
1.0,83,26873392,83.0
24.0,464,26873856,19.333333333333332
25.0,559,26874415,22.36
14.0,222,26874637,15.857142857142858
44.0,905,26875542,20.568181818181817
28.0,630,26876172,22.5
6.0,166,26876338,27.666666666666668
8.0,200,26876538,25.0
24.0,451,26876989,18.791666666666668
25.0,642,26877631,25.68
26.0,529,26878160,20.346153846153847
24.0,654,26878814,27.25
21.0,450,26879264,21.428571428571427
26.0,562,26879826,21.615384615384617
6.0,176,26880002,29.333333333333332
14.0,364,26880366,26.0
41.0,975,26881341,23.78048780487805
18.0,421,26881762,23.38888888888889
36.0,894,26882656,24.833333333333332
11.0,237,26882893,21.545454545454547
23.0,471,26883364,20.47826086956522
22.0,333,26883697,15.136363636363637
4.0,189,26883886,47.25
6.0,84,26883970,14.0
22.0,618,26884588,28.09090909090909
23.0,479,26885067,20.82608695652174
22.0,562,26885629,25.545454545454547
20.0,471,26886100,23.55
41.0,1013,26887113,24.70731707317073
26.0,657,26887770,25.26923076923077
22.0,459,26888229,20.863636363636363
8.0,210,26888439,26.25
30.0,729,26889168,24.3
11.0,203,26889371,18.454545454545453
35.0,727,26890098,20.771428571428572
2.0,527,26890625,263.5
39.0,963,26891588,24.692307692307693
32.0,1043,26892631,32.59375
31.0,760,26893391,24.516129032258064
31.0,775,26894166,25.0
24.0,597,26894763,24.875
8.0,285,26895048,35.625
22.0,508,26895556,23.09090909090909
21.0,387,26895943,18.428571428571427
49.0,1284,26897227,26.20408163265306
38.0,752,26897979,19.789473684210527
21.0,423,26898402,20.142857142857142
28.0,635,26899037,22.678571428571427
37.0,666,26899703,18.0
6.0,517,26900220,86.16666666666667
17.0,430,26900650,25.294117647058822
18.0,425,26901075,23.61111111111111
54.0,1241,26902316,22.98148148148148
34.0,908,26903224,26.705882352941178
6.0,95,26903319,15.833333333333334
26.0,484,26903803,18.615384615384617
24.0,442,26904245,18.416666666666668
2.0,82,26904327,41.0
21.0,423,26904750,20.142857142857142
16.0,321,26905071,20.0625
43.0,963,26906034,22.3953488372093
23.0,454,26906488,19.73913043478261
39.0,936,26907424,24.0
33.0,619,26908043,18.757575757575758
30.0,804,26908847,26.8
31.0,768,26909615,24.774193548387096
16.0,338,26909953,21.125
13.0,264,26910217,20.307692307692307
0.0,441,26910658,inf
21.0,381,26911039,18.142857142857142
32.0,577,26911616,18.03125
12.0,295,26911911,24.583333333333332
17.0,398,26912309,23.41176470588235
11.0,319,26912628,29.0
29.0,749,26913377,25.82758620689655
17.0,281,26913658,16.529411764705884
14.0,313,26913971,22.357142857142858
15.0,354,26914325,23.6
34.0,776,26915101,22.823529411764707
30.0,726,26915827,24.2
14.0,223,26916050,15.928571428571429
2.0,43,26916093,21.5
21.0,884,26916977,42.095238095238095
19.0,413,26917390,21.736842105263158
30.0,708,26918098,23.6
22.0,545,26918643,24.772727272727273
36.0,659,26919302,18.305555555555557
1.0,25,26919327,25.0
12.0,233,26919560,19.416666666666668
8.0,130,26919690,16.25
1.0,40,26919730,40.0
36.0,773,26920503,21.47222222222222
32.0,595,26921098,18.59375
18.0,423,26921521,23.5
9.0,606,26922127,67.33333333333333
26.0,663,26922790,25.5
8.0,202,26922992,25.25
34.0,809,26923801,23.794117647058822
15.0,365,26924166,24.333333333333332
5.0,122,26924288,24.4
6.0,535,26924823,89.16666666666667
45.0,1125,26925948,25.0
30.0,738,26926686,24.6
12.0,278,26926964,23.166666666666668
32.0,666,26927630,20.8125
9.0,189,26927819,21.0
12.0,209,26928028,17.416666666666668
23.0,550,26928578,23.91304347826087
11.0,193,26928771,17.545454545454547
10.0,190,26928961,19.0
16.0,471,26929432,29.4375
28.0,586,26930018,20.928571428571427
28.0,769,26930787,27.464285714285715
0.0,31,26930818,inf
11.0,388,26931206,35.27272727272727
22.0,440,26931646,20.0
26.0,530,26932176,20.384615384615383
33.0,839,26933015,25.424242424242426
6.0,147,26933162,24.5
7.0,140,26933302,20.0
10.0,268,26933570,26.8
24.0,573,26934143,23.875
9.0,210,26934353,23.333333333333332
27.0,582,26934935,21.555555555555557
1.0,26,26934961,26.0
29.0,985,26935946,33.96551724137931
39.0,834,26936780,21.384615384615383
21.0,494,26937274,23.523809523809526
2.0,70,26937344,35.0
25.0,544,26937888,21.76
17.0,327,26938215,19.235294117647058
22.0,475,26938690,21.59090909090909
6.0,68,26938758,11.333333333333334
13.0,365,26939123,28.076923076923077
9.0,184,26939307,20.444444444444443
34.0,753,26940060,22.147058823529413
5.0,496,26940556,99.2
38.0,864,26941420,22.736842105263158
12.0,310,26941730,25.833333333333332
12.0,224,26941954,18.666666666666668
23.0,583,26942537,25.347826086956523
13.0,247,26942784,19.0
35.0,882,26943666,25.2
37.0,727,26944393,19.64864864864865
33.0,701,26945094,21.242424242424242
36.0,926,26946020,25.72222222222222
7.0,178,26946198,25.428571428571427
8.0,238,26946436,29.75
29.0,569,26947005,19.620689655172413
47.0,1186,26948191,25.23404255319149
18.0,409,26948600,22.72222222222222
34.0,899,26949499,26.441176470588236
28.0,597,26950096,21.321428571428573
14.0,732,26950828,52.285714285714285
16.0,367,26951195,22.9375
25.0,559,26951754,22.36
40.0,851,26952605,21.275
27.0,626,26953231,23.185185185185187
22.0,576,26953807,26.181818181818183
15.0,257,26954064,17.133333333333333
6.0,568,26954632,94.66666666666667
18.0,384,26955016,21.333333333333332
18.0,393,26955409,21.833333333333332
7.0,114,26955523,16.285714285714285
19.0,377,26955900,19.842105263157894
10.0,589,26956489,58.9
10.0,192,26956681,19.2
17.0,313,26956994,18.41176470588235
28.0,789,26957783,28.178571428571427
13.0,303,26958086,23.307692307692307
36.0,730,26958816,20.27777777777778
18.0,367,26959183,20.38888888888889
38.0,969,26960152,25.5
16.0,731,26960883,45.6875
4.0,181,26961064,45.25
12.0,159,26961223,13.25
29.0,616,26961839,21.24137931034483
42.0,1084,26962923,25.80952380952381
20.0,432,26963355,21.6
44.0,1162,26964517,26.40909090909091
35.0,733,26965250,20.942857142857143
30.0,544,26965794,18.133333333333333
44.0,971,26966765,22.068181818181817
18.0,396,26967161,22.0
13.0,214,26967375,16.46153846153846
8.0,214,26967589,26.75
19.0,386,26967975,20.31578947368421
21.0,831,26968806,39.57142857142857
28.0,588,26969394,21.0
52.0,1188,26970582,22.846153846153847
43.0,904,26971486,21.023255813953487
0.0,31,26971517,inf
30.0,658,26972175,21.933333333333334
24.0,566,26972741,23.583333333333332
5.0,101,26972842,20.2
27.0,498,26973340,18.444444444444443
31.0,647,26973987,20.870967741935484
29.0,676,26974663,23.310344827586206
37.0,892,26975555,24.10810810810811
24.0,457,26976012,19.041666666666668
5.0,182,26976194,36.4
17.0,366,26976560,21.529411764705884
3.0,51,26976611,17.0
18.0,385,26976996,21.38888888888889
17.0,358,26977354,21.058823529411764
35.0,787,26978141,22.485714285714284
10.0,195,26978336,19.5
18.0,315,26978651,17.5
27.0,614,26979265,22.74074074074074
47.0,960,26980225,20.425531914893618
33.0,999,26981224,30.272727272727273
19.0,818,26982042,43.05263157894737
7.0,592,26982634,84.57142857142857
30.0,752,26983386,25.066666666666666
35.0,845,26984231,24.142857142857142
36.0,803,26985034,22.305555555555557
21.0,447,26985481,21.285714285714285
15.0,398,26985879,26.533333333333335
6.0,144,26986023,24.0
22.0,512,26986535,23.272727272727273
31.0,855,26987390,27.580645161290324
15.0,688,26988078,45.86666666666667
20.0,411,26988489,20.55
20.0,871,26989360,43.55
41.0,1238,26990598,30.195121951219512
35.0,913,26991511,26.085714285714285
31.0,728,26992239,23.483870967741936
23.0,587,26992826,25.52173913043478
43.0,873,26993699,20.302325581395348
32.0,638,26994337,19.9375
28.0,487,26994824,17.392857142857142
18.0,899,26995723,49.94444444444444
35.0,715,26996438,20.428571428571427
22.0,484,26996922,22.0
33.0,584,26997506,17.696969696969695
9.0,135,26997641,15.0
33.0,839,26998480,25.424242424242426
20.0,381,26998861,19.05
4.0,110,26998971,27.5
23.0,563,26999534,24.47826086956522
22.0,460,26999994,20.90909090909091
25.0,521,27000515,20.84
21.0,426,27000941,20.285714285714285
30.0,649,27001590,21.633333333333333
9.0,166,27001756,18.444444444444443
35.0,746,27002502,21.314285714285713
40.0,1062,27003564,26.55
24.0,454,27004018,18.916666666666668
23.0,398,27004416,17.304347826086957
30.0,676,27005092,22.533333333333335
14.0,244,27005336,17.428571428571427
38.0,932,27006268,24.526315789473685
46.0,1190,27007458,25.869565217391305
35.0,905,27008363,25.857142857142858
28.0,664,27009027,23.714285714285715
9.0,179,27009206,19.88888888888889
12.0,248,27009454,20.666666666666668
10.0,188,27009642,18.8
12.0,721,27010363,60.083333333333336
25.0,474,27010837,18.96
38.0,830,27011667,21.842105263157894
14.0,255,27011922,18.214285714285715
17.0,347,27012269,20.41176470588235
10.0,234,27012503,23.4
34.0,720,27013223,21.176470588235293
32.0,603,27013826,18.84375
23.0,533,27014359,23.17391304347826
23.0,415,27014774,18.043478260869566
38.0,839,27015613,22.07894736842105
32.0,669,27016282,20.90625
31.0,631,27016913,20.35483870967742
20.0,402,27017315,20.1
37.0,891,27018206,24.08108108108108
32.0,864,27019070,27.0
7.0,152,27019222,21.714285714285715
26.0,654,27019876,25.153846153846153
16.0,388,27020264,24.25
31.0,748,27021012,24.129032258064516
26.0,695,27021707,26.73076923076923
25.0,584,27022291,23.36
16.0,767,27023058,47.9375
24.0,566,27023624,23.583333333333332
24.0,475,27024099,19.791666666666668
10.0,214,27024313,21.4
25.0,485,27024798,19.4
13.0,226,27025024,17.384615384615383
16.0,381,27025405,23.8125
29.0,572,27025977,19.724137931034484
37.0,798,27026775,21.56756756756757
36.0,787,27027562,21.86111111111111
24.0,503,27028065,20.958333333333332
26.0,462,27028527,17.76923076923077
6.0,143,27028670,23.833333333333332
22.0,571,27029241,25.954545454545453
29.0,624,27029865,21.517241379310345
19.0,421,27030286,22.157894736842106
29.0,566,27030852,19.517241379310345
11.0,211,27031063,19.181818181818183
11.0,158,27031221,14.363636363636363
32.0,757,27031978,23.65625
14.0,298,27032276,21.285714285714285
22.0,458,27032734,20.818181818181817
17.0,331,27033065,19.470588235294116
52.0,1270,27034335,24.423076923076923
33.0,705,27035040,21.363636363636363
38.0,1101,27036141,28.973684210526315
16.0,731,27036872,45.6875
35.0,811,27037683,23.17142857142857
10.0,233,27037916,23.3
18.0,378,27038294,21.0
10.0,169,27038463,16.9
22.0,525,27038988,23.863636363636363
31.0,806,27039794,26.0
27.0,479,27040273,17.74074074074074
28.0,610,27040883,21.785714285714285
34.0,881,27041764,25.91176470588235
24.0,493,27042257,20.541666666666668
8.0,587,27042844,73.375
22.0,449,27043293,20.40909090909091
34.0,670,27043963,19.705882352941178
17.0,374,27044337,22.0
44.0,943,27045280,21.431818181818183
10.0,160,27045440,16.0
29.0,797,27046237,27.482758620689655
36.0,845,27047082,23.47222222222222
39.0,768,27047850,19.692307692307693
41.0,1011,27048861,24.658536585365855
34.0,690,27049551,20.294117647058822
17.0,335,27049886,19.705882352941178
1.0,21,27049907,21.0
25.0,577,27050484,23.08
30.0,558,27051042,18.6
17.0,348,27051390,20.470588235294116
11.0,233,27051623,21.181818181818183
23.0,471,27052094,20.47826086956522
7.0,561,27052655,80.14285714285714
17.0,283,27052938,16.647058823529413
13.0,292,27053230,22.46153846153846
16.0,708,27053938,44.25
26.0,492,27054430,18.923076923076923
18.0,395,27054825,21.944444444444443
33.0,824,27055649,24.96969696969697
14.0,253,27055902,18.071428571428573
18.0,387,27056289,21.5
27.0,575,27056864,21.296296296296298
34.0,669,27057533,19.676470588235293
23.0,466,27057999,20.26086956521739
26.0,603,27058602,23.192307692307693
30.0,567,27059169,18.9
18.0,240,27059409,13.333333333333334
14.0,297,27059706,21.214285714285715
2.0,35,27059741,17.5
34.0,670,27060411,19.705882352941178
27.0,655,27061066,24.25925925925926
30.0,660,27061726,22.0
34.0,686,27062412,20.176470588235293
38.0,927,27063339,24.394736842105264
28.0,540,27063879,19.285714285714285
27.0,649,27064528,24.037037037037038
7.0,183,27064711,26.142857142857142
8.0,102,27064813,12.75
22.0,549,27065362,24.954545454545453
25.0,526,27065888,21.04
13.0,288,27066176,22.153846153846153
24.0,629,27066805,26.208333333333332
24.0,550,27067355,22.916666666666668
23.0,398,27067753,17.304347826086957
31.0,1243,27068996,40.096774193548384
32.0,627,27069623,19.59375
27.0,621,27070244,23.0
27.0,531,27070775,19.666666666666668
12.0,673,27071448,56.083333333333336
9.0,694,27072142,77.11111111111111
29.0,611,27072753,21.06896551724138
14.0,255,27073008,18.214285714285715
7.0,149,27073157,21.285714285714285
20.0,409,27073566,20.45
19.0,461,27074027,24.263157894736842
28.0,468,27074495,16.714285714285715
43.0,945,27075440,21.976744186046513
35.0,743,27076183,21.228571428571428
37.0,1022,27077205,27.62162162162162
20.0,490,27077695,24.5
32.0,761,27078456,23.78125
18.0,369,27078825,20.5
29.0,645,27079470,22.24137931034483
28.0,785,27080255,28.035714285714285
39.0,921,27081176,23.615384615384617
26.0,612,27081788,23.53846153846154
44.0,1156,27082944,26.272727272727273
23.0,519,27083463,22.565217391304348
41.0,946,27084409,23.073170731707318
38.0,948,27085357,24.94736842105263
29.0,551,27085908,19.0
27.0,555,27086463,20.555555555555557
33.0,785,27087248,23.78787878787879
21.0,431,27087679,20.523809523809526
22.0,446,27088125,20.272727272727273
9.0,197,27088322,21.88888888888889
35.0,873,27089195,24.942857142857143
26.0,752,27089947,28.923076923076923
35.0,860,27090807,24.571428571428573
22.0,455,27091262,20.681818181818183
29.0,560,27091822,19.310344827586206
39.0,912,27092734,23.384615384615383
13.0,281,27093015,21.615384615384617
7.0,560,27093575,80.0
4.0,92,27093667,23.0
34.0,716,27094383,21.058823529411764
8.0,161,27094544,20.125
22.0,519,27095063,23.59090909090909
37.0,1057,27096120,28.56756756756757
23.0,493,27096613,21.434782608695652
24.0,464,27097077,19.333333333333332
10.0,206,27097283,20.6
33.0,774,27098057,23.454545454545453
21.0,487,27098544,23.19047619047619
17.0,228,27098772,13.411764705882353
19.0,428,27099200,22.526315789473685
31.0,804,27100004,25.93548387096774
13.0,330,27100334,25.384615384615383
30.0,633,27100967,21.1
27.0,559,27101526,20.703703703703702
15.0,257,27101783,17.133333333333333
16.0,326,27102109,20.375
45.0,1084,27103193,24.08888888888889
16.0,264,27103457,16.5
14.0,248,27103705,17.714285714285715
24.0,503,27104208,20.958333333333332
5.0,130,27104338,26.0
32.0,821,27105159,25.65625
2.0,67,27105226,33.5
11.0,233,27105459,21.181818181818183
20.0,387,27105846,19.35
4.0,93,27105939,23.25
19.0,419,27106358,22.05263157894737
34.0,678,27107036,19.941176470588236
17.0,547,27107583,32.1764705882353
13.0,291,27107874,22.384615384615383
18.0,433,27108307,24.055555555555557
7.0,560,27108867,80.0
19.0,471,27109338,24.789473684210527
29.0,612,27109950,21.103448275862068
20.0,569,27110519,28.45
10.0,197,27110716,19.7
24.0,387,27111103,16.125
20.0,423,27111526,21.15
22.0,467,27111993,21.227272727272727
29.0,559,27112552,19.275862068965516
20.0,331,27112883,16.55
27.0,637,27113520,23.59259259259259
19.0,272,27113792,14.31578947368421
22.0,663,27114455,30.136363636363637
28.0,477,27114932,17.035714285714285
17.0,374,27115306,22.0
8.0,153,27115459,19.125
11.0,227,27115686,20.636363636363637
19.0,806,27116492,42.421052631578945
11.0,190,27116682,17.272727272727273
3.0,135,27116817,45.0
27.0,678,27117495,25.11111111111111
16.0,277,27117772,17.3125
30.0,777,27118549,25.9
20.0,404,27118953,20.2
3.0,82,27119035,27.333333333333332
12.0,295,27119330,24.583333333333332
17.0,368,27119698,21.647058823529413
30.0,510,27120208,17.0
7.0,539,27120747,77.0
38.0,789,27121536,20.763157894736842
28.0,560,27122096,20.0
7.0,203,27122299,29.0
21.0,441,27122740,21.0
27.0,629,27123369,23.296296296296298
32.0,589,27123958,18.40625
14.0,295,27124253,21.071428571428573
8.0,647,27124900,80.875
13.0,191,27125091,14.692307692307692
33.0,693,27125784,21.0
19.0,284,27126068,14.947368421052632
5.0,622,27126690,124.4
11.0,229,27126919,20.818181818181817
33.0,657,27127576,19.90909090909091
24.0,613,27128189,25.541666666666668
25.0,565,27128754,22.6
24.0,595,27129349,24.791666666666668
18.0,465,27129814,25.833333333333332
39.0,837,27130651,21.46153846153846
7.0,206,27130857,29.428571428571427
38.0,816,27131673,21.473684210526315
17.0,317,27131990,18.647058823529413
32.0,607,27132597,18.96875
61.0,1510,27134107,24.75409836065574
9.0,200,27134307,22.22222222222222
15.0,336,27134643,22.4
3.0,103,27134746,34.333333333333336
17.0,345,27135091,20.294117647058822
61.0,1527,27136618,25.0327868852459
32.0,587,27137205,18.34375
6.0,512,27137717,85.33333333333333
20.0,419,27138136,20.95
22.0,665,27138801,30.227272727272727
24.0,651,27139452,27.125
26.0,638,27140090,24.53846153846154
46.0,1077,27141167,23.41304347826087
18.0,338,27141505,18.77777777777778
0.0,28,27141533,inf
15.0,376,27141909,25.066666666666666
24.0,496,27142405,20.666666666666668
38.0,831,27143236,21.86842105263158
34.0,792,27144028,23.294117647058822
44.0,1018,27145046,23.136363636363637
24.0,489,27145535,20.375
31.0,798,27146333,25.741935483870968
15.0,256,27146589,17.066666666666666
13.0,349,27146938,26.846153846153847
26.0,546,27147484,21.0
33.0,755,27148239,22.87878787878788
30.0,673,27148912,22.433333333333334
18.0,330,27149242,18.333333333333332
44.0,1047,27150289,23.795454545454547
13.0,809,27151098,62.23076923076923
13.0,726,27151824,55.84615384615385
30.0,685,27152509,22.833333333333332
25.0,500,27153009,20.0
12.0,701,27153710,58.416666666666664
19.0,333,27154043,17.526315789473685
19.0,372,27154415,19.57894736842105
34.0,679,27155094,19.970588235294116
26.0,637,27155731,24.5
11.0,686,27156417,62.36363636363637
0.0,26,27156443,inf
37.0,867,27157310,23.43243243243243
32.0,757,27158067,23.65625
19.0,469,27158536,24.68421052631579
10.0,624,27159160,62.4
20.0,480,27159640,24.0
24.0,525,27160165,21.875
0.0,441,27160606,inf
5.0,543,27161149,108.6
37.0,786,27161935,21.243243243243242
6.0,111,27162046,18.5
17.0,401,27162447,23.58823529411765
12.0,259,27162706,21.583333333333332
22.0,362,27163068,16.454545454545453
32.0,563,27163631,17.59375
28.0,712,27164343,25.428571428571427
6.0,556,27164899,92.66666666666667
21.0,639,27165538,30.428571428571427
23.0,441,27165979,19.17391304347826
23.0,517,27166496,22.47826086956522
39.0,841,27167337,21.564102564102566
26.0,457,27167794,17.576923076923077
32.0,823,27168617,25.71875
28.0,915,27169532,32.67857142857143
19.0,336,27169868,17.68421052631579
25.0,479,27170347,19.16
26.0,657,27171004,25.26923076923077
25.0,611,27171615,24.44
28.0,506,27172121,18.071428571428573
5.0,119,27172240,23.8
16.0,263,27172503,16.4375
17.0,428,27172931,25.176470588235293
15.0,751,27173682,50.06666666666667
10.0,349,27174031,34.9
14.0,279,27174310,19.928571428571427
34.0,789,27175099,23.205882352941178
16.0,352,27175451,22.0
36.0,788,27176239,21.88888888888889
26.0,549,27176788,21.115384615384617
21.0,469,27177257,22.333333333333332
8.0,238,27177495,29.75
46.0,1154,27178649,25.08695652173913
0.0,32,27178681,inf
28.0,478,27179159,17.071428571428573
18.0,311,27179470,17.27777777777778
31.0,590,27180060,19.032258064516128
22.0,481,27180541,21.863636363636363
18.0,855,27181396,47.5
34.0,749,27182145,22.029411764705884
11.0,154,27182299,14.0
21.0,416,27182715,19.80952380952381
35.0,822,27183537,23.485714285714284
41.0,1055,27184592,25.73170731707317
26.0,592,27185184,22.76923076923077
8.0,627,27185811,78.375
12.0,314,27186125,26.166666666666668
18.0,372,27186497,20.666666666666668
31.0,551,27187048,17.774193548387096
20.0,369,27187417,18.45
17.0,262,27187679,15.411764705882353
36.0,747,27188426,20.75
30.0,693,27189119,23.1
28.0,651,27189770,23.25
28.0,627,27190397,22.392857142857142
35.0,824,27191221,23.542857142857144
3.0,76,27191297,25.333333333333332
28.0,642,27191939,22.928571428571427
42.0,989,27192928,23.547619047619047
38.0,897,27193825,23.605263157894736
15.0,217,27194042,14.466666666666667
21.0,425,27194467,20.238095238095237
36.0,872,27195339,24.22222222222222
23.0,650,27195989,28.26086956521739
19.0,349,27196338,18.36842105263158
31.0,679,27197017,21.903225806451612
12.0,282,27197299,23.5
29.0,619,27197918,21.344827586206897
33.0,672,27198590,20.363636363636363
50.0,1196,27199786,23.92
26.0,494,27200280,19.0
21.0,413,27200693,19.666666666666668
16.0,300,27200993,18.75
31.0,654,27201647,21.096774193548388
7.0,630,27202277,90.0
35.0,692,27202969,19.771428571428572
29.0,636,27203605,21.93103448275862
6.0,89,27203694,14.833333333333334
27.0,757,27204451,28.037037037037038
45.0,1171,27205622,26.022222222222222
15.0,735,27206357,49.0
19.0,908,27207265,47.78947368421053
0.0,29,27207294,inf
17.0,242,27207536,14.235294117647058
16.0,260,27207796,16.25
38.0,889,27208685,23.394736842105264
25.0,664,27209349,26.56
11.0,190,27209539,17.272727272727273
33.0,828,27210367,25.09090909090909
2.0,106,27210473,53.0
2.0,108,27210581,54.0
30.0,577,27211158,19.233333333333334
12.0,232,27211390,19.333333333333332
15.0,247,27211637,16.466666666666665
21.0,427,27212064,20.333333333333332
34.0,791,27212855,23.264705882352942
33.0,661,27213516,20.03030303030303
17.0,278,27213794,16.352941176470587
11.0,261,27214055,23.727272727272727
31.0,876,27214931,28.258064516129032
42.0,793,27215724,18.88095238095238
39.0,943,27216667,24.17948717948718
19.0,329,27216996,17.31578947368421
39.0,998,27217994,25.58974358974359
19.0,303,27218297,15.947368421052632
13.0,338,27218635,26.0
30.0,862,27219497,28.733333333333334
15.0,418,27219915,27.866666666666667
16.0,322,27220237,20.125
2.0,104,27220341,52.0
27.0,676,27221017,25.037037037037038
24.0,492,27221509,20.5
27.0,689,27222198,25.51851851851852
11.0,142,27222340,12.909090909090908
30.0,618,27222958,20.6
23.0,382,27223340,16.608695652173914
17.0,432,27223772,25.41176470588235
14.0,230,27224002,16.428571428571427
29.0,554,27224556,19.103448275862068
0.0,441,27224997,inf
21.0,401,27225398,19.095238095238095
24.0,367,27225765,15.291666666666666
30.0,679,27226444,22.633333333333333
27.0,581,27227025,21.51851851851852
19.0,308,27227333,16.210526315789473
36.0,768,27228101,21.333333333333332
19.0,405,27228506,21.31578947368421
44.0,1175,27229681,26.704545454545453
15.0,294,27229975,19.6
40.0,799,27230774,19.975
31.0,792,27231566,25.548387096774192
4.0,126,27231692,31.5
31.0,773,27232465,24.93548387096774
18.0,351,27232816,19.5
1.0,451,27233267,451.0
23.0,502,27233769,21.82608695652174
29.0,691,27234460,23.82758620689655
17.0,296,27234756,17.41176470588235
3.0,95,27234851,31.666666666666668
30.0,1084,27235935,36.13333333333333
13.0,225,27236160,17.307692307692307
39.0,1021,27237181,26.17948717948718
22.0,446,27237627,20.272727272727273
25.0,448,27238075,17.92
18.0,295,27238370,16.38888888888889
33.0,718,27239088,21.757575757575758
11.0,207,27239295,18.818181818181817
28.0,729,27240024,26.035714285714285
20.0,628,27240652,31.4
25.0,600,27241252,24.0
30.0,535,27241787,17.833333333333332
19.0,357,27242144,18.789473684210527
23.0,496,27242640,21.565217391304348
30.0,628,27243268,20.933333333333334
43.0,911,27244179,21.186046511627907
29.0,679,27244858,23.413793103448278
6.0,116,27244974,19.333333333333332
24.0,545,27245519,22.708333333333332
21.0,394,27245913,18.761904761904763
26.0,724,27246637,27.846153846153847
44.0,1126,27247763,25.59090909090909
29.0,622,27248385,21.448275862068964
31.0,687,27249072,22.161290322580644
27.0,562,27249634,20.814814814814813
7.0,161,27249795,23.0
6.0,110,27249905,18.333333333333332
33.0,718,27250623,21.757575757575758
25.0,944,27251567,37.76
26.0,563,27252130,21.653846153846153
5.0,105,27252235,21.0
52.0,1296,27253531,24.923076923076923
29.0,633,27254164,21.82758620689655
29.0,858,27255022,29.586206896551722
41.0,765,27255787,18.658536585365855
35.0,861,27256648,24.6
22.0,458,27257106,20.818181818181817
23.0,465,27257571,20.217391304347824
21.0,475,27258046,22.61904761904762
36.0,930,27258976,25.833333333333332
14.0,231,27259207,16.5
24.0,503,27259710,20.958333333333332
21.0,703,27260413,33.476190476190474
38.0,928,27261341,24.42105263157895
26.0,550,27261891,21.153846153846153
24.0,556,27262447,23.166666666666668
33.0,707,27263154,21.424242424242426
13.0,183,27263337,14.076923076923077
17.0,389,27263726,22.88235294117647
18.0,332,27264058,18.444444444444443
32.0,790,27264848,24.6875
16.0,375,27265223,23.4375
6.0,141,27265364,23.5
20.0,388,27265752,19.4
43.0,1160,27266912,26.976744186046513
33.0,782,27267694,23.696969696969695
11.0,246,27267940,22.363636363636363
9.0,686,27268626,76.22222222222223
6.0,549,27269175,91.5
36.0,838,27270013,23.27777777777778
38.0,824,27270837,21.68421052631579
2.0,59,27270896,29.5
43.0,984,27271880,22.88372093023256
51.0,1386,27273266,27.176470588235293
13.0,212,27273478,16.307692307692307
29.0,555,27274033,19.137931034482758
29.0,816,27274849,28.137931034482758
23.0,480,27275329,20.869565217391305
40.0,1078,27276407,26.95
34.0,858,27277265,25.235294117647058
23.0,431,27277696,18.73913043478261
35.0,835,27278531,23.857142857142858
34.0,814,27279345,23.941176470588236
27.0,511,27279856,18.925925925925927
30.0,533,27280389,17.766666666666666
41.0,955,27281344,23.29268292682927
13.0,226,27281570,17.384615384615383
24.0,574,27282144,23.916666666666668
20.0,497,27282641,24.85
38.0,758,27283399,19.94736842105263
21.0,511,27283910,24.333333333333332
31.0,645,27284555,20.806451612903224
35.0,798,27285353,22.8
21.0,463,27285816,22.047619047619047
39.0,833,27286649,21.358974358974358
25.0,586,27287235,23.44
6.0,592,27287827,98.66666666666667
20.0,448,27288275,22.4
12.0,253,27288528,21.083333333333332
34.0,1025,27289553,30.147058823529413
28.0,609,27290162,21.75
31.0,902,27291064,29.096774193548388
32.0,716,27291780,22.375
22.0,529,27292309,24.045454545454547
45.0,1249,27293558,27.755555555555556
8.0,157,27293715,19.625
29.0,564,27294279,19.448275862068964
26.0,560,27294839,21.53846153846154
33.0,728,27295567,22.060606060606062
19.0,362,27295929,19.05263157894737
28.0,535,27296464,19.107142857142858
16.0,301,27296765,18.8125
10.0,306,27297071,30.6
28.0,811,27297882,28.964285714285715
18.0,400,27298282,22.22222222222222
0.0,25,27298307,inf
15.0,260,27298567,17.333333333333332
10.0,276,27298843,27.6
28.0,727,27299570,25.964285714285715
29.0,738,27300308,25.448275862068964
11.0,197,27300505,17.90909090909091
30.0,727,27301232,24.233333333333334
1.0,30,27301262,30.0
13.0,285,27301547,21.923076923076923
7.0,148,27301695,21.142857142857142
32.0,690,27302385,21.5625
29.0,692,27303077,23.862068965517242
31.0,627,27303704,20.225806451612904
21.0,392,27304096,18.666666666666668
46.0,958,27305054,20.82608695652174
29.0,581,27305635,20.03448275862069
5.0,129,27305764,25.8
31.0,628,27306392,20.258064516129032
25.0,596,27306988,23.84
21.0,464,27307452,22.095238095238095
33.0,796,27308248,24.12121212121212
25.0,503,27308751,20.12
34.0,704,27309455,20.705882352941178
19.0,418,27309873,22.0
13.0,733,27310606,56.38461538461539
28.0,554,27311160,19.785714285714285
34.0,774,27311934,22.764705882352942
6.0,128,27312062,21.333333333333332
24.0,435,27312497,18.125
16.0,341,27312838,21.3125
20.0,792,27313630,39.6
22.0,506,27314136,23.0
31.0,718,27314854,23.161290322580644
18.0,343,27315197,19.055555555555557
41.0,944,27316141,23.024390243902438
21.0,378,27316519,18.0
52.0,1447,27317966,27.826923076923077
9.0,154,27318120,17.11111111111111
33.0,699,27318819,21.181818181818183
4.0,111,27318930,27.75
29.0,585,27319515,20.17241379310345
2.0,40,27319555,20.0
31.0,626,27320181,20.193548387096776
1.0,39,27320220,39.0
20.0,465,27320685,23.25
23.0,530,27321215,23.043478260869566
34.0,813,27322028,23.91176470588235
14.0,383,27322411,27.357142857142858
5.0,140,27322551,28.0
31.0,663,27323214,21.387096774193548
20.0,525,27323739,26.25
19.0,373,27324112,19.63157894736842
6.0,149,27324261,24.833333333333332
30.0,733,27324994,24.433333333333334
35.0,895,27325889,25.571428571428573
19.0,346,27326235,18.210526315789473
8.0,590,27326825,73.75
29.0,556,27327381,19.17241379310345
30.0,668,27328049,22.266666666666666
25.0,657,27328706,26.28
29.0,647,27329353,22.310344827586206
23.0,513,27329866,22.304347826086957
15.0,278,27330144,18.533333333333335
30.0,612,27330756,20.4
22.0,530,27331286,24.09090909090909
42.0,1202,27332488,28.61904761904762
17.0,356,27332844,20.941176470588236
30.0,601,27333445,20.033333333333335
16.0,321,27333766,20.0625
16.0,239,27334005,14.9375
38.0,955,27334960,25.13157894736842
24.0,553,27335513,23.041666666666668
28.0,640,27336153,22.857142857142858
34.0,609,27336762,17.91176470588235
27.0,612,27337374,22.666666666666668
11.0,341,27337715,31.0
0.0,28,27337743,inf
15.0,743,27338486,49.53333333333333
23.0,493,27338979,21.434782608695652
22.0,454,27339433,20.636363636363637
14.0,254,27339687,18.142857142857142
28.0,654,27340341,23.357142857142858
35.0,901,27341242,25.742857142857144
16.0,315,27341557,19.6875
34.0,638,27342195,18.764705882352942
24.0,483,27342678,20.125
5.0,116,27342794,23.2
22.0,444,27343238,20.181818181818183
59.0,1547,27344785,26.220338983050848
20.0,309,27345094,15.45
15.0,624,27345718,41.6
30.0,507,27346225,16.9
23.0,501,27346726,21.782608695652176
22.0,467,27347193,21.227272727272727
31.0,575,27347768,18.548387096774192
21.0,460,27348228,21.904761904761905
24.0,664,27348892,27.666666666666668
14.0,306,27349198,21.857142857142858
19.0,535,27349733,28.157894736842106
34.0,924,27350657,27.176470588235293
42.0,966,27351623,23.0
33.0,683,27352306,20.696969696969695
31.0,990,27353296,31.93548387096774
1.0,445,27353741,445.0
27.0,574,27354315,21.25925925925926
27.0,551,27354866,20.40740740740741
18.0,382,27355248,21.22222222222222
26.0,528,27355776,20.307692307692307
18.0,419,27356195,23.27777777777778
48.0,1153,27357348,24.020833333333332
37.0,815,27358163,22.027027027027028
17.0,874,27359037,51.411764705882355
15.0,289,27359326,19.266666666666666
38.0,844,27360170,22.210526315789473
35.0,832,27361002,23.771428571428572
24.0,483,27361485,20.125
22.0,471,27361956,21.40909090909091
21.0,516,27362472,24.571428571428573
23.0,606,27363078,26.347826086956523
18.0,367,27363445,20.38888888888889
8.0,119,27363564,14.875
6.0,521,27364085,86.83333333333333
28.0,593,27364678,21.178571428571427
28.0,677,27365355,24.178571428571427
29.0,692,27366047,23.862068965517242
14.0,294,27366341,21.0
26.0,582,27366923,22.384615384615383
10.0,212,27367135,21.2
11.0,222,27367357,20.181818181818183
40.0,1151,27368508,28.775
2.0,29,27368537,14.5
29.0,741,27369278,25.551724137931036
37.0,909,27370187,24.56756756756757
13.0,267,27370454,20.53846153846154
30.0,675,27371129,22.5
1.0,48,27371177,48.0
41.0,929,27372106,22.658536585365855
39.0,865,27372971,22.17948717948718
38.0,1022,27373993,26.894736842105264
21.0,419,27374412,19.952380952380953
20.0,362,27374774,18.1
13.0,245,27375019,18.846153846153847
7.0,152,27375171,21.714285714285715
44.0,950,27376121,21.59090909090909
4.0,73,27376194,18.25
26.0,630,27376824,24.23076923076923
22.0,503,27377327,22.863636363636363
27.0,662,27377989,24.51851851851852
7.0,117,27378106,16.714285714285715
45.0,1071,27379177,23.8
28.0,686,27379863,24.5
25.0,643,27380506,25.72
6.0,160,27380666,26.666666666666668
27.0,586,27381252,21.703703703703702
22.0,535,27381787,24.318181818181817
16.0,275,27382062,17.1875
49.0,1070,27383132,21.836734693877553
8.0,578,27383710,72.25
37.0,923,27384633,24.945945945945947
21.0,430,27385063,20.476190476190474
10.0,289,27385352,28.9
19.0,864,27386216,45.473684210526315
36.0,800,27387016,22.22222222222222
15.0,253,27387269,16.866666666666667
30.0,593,27387862,19.766666666666666
22.0,438,27388300,19.90909090909091
10.0,249,27388549,24.9
30.0,661,27389210,22.033333333333335
21.0,797,27390007,37.95238095238095
12.0,233,27390240,19.416666666666668
1.0,37,27390277,37.0
18.0,275,27390552,15.277777777777779
23.0,522,27391074,22.695652173913043
24.0,551,27391625,22.958333333333332
18.0,363,27391988,20.166666666666668
28.0,704,27392692,25.142857142857142
26.0,553,27393245,21.26923076923077
3.0,106,27393351,35.333333333333336
19.0,483,27393834,25.42105263157895
14.0,271,27394105,19.357142857142858
31.0,625,27394730,20.161290322580644
28.0,636,27395366,22.714285714285715
28.0,720,27396086,25.714285714285715
18.0,346,27396432,19.22222222222222
18.0,393,27396825,21.833333333333332
9.0,133,27396958,14.777777777777779
5.0,199,27397157,39.8
23.0,466,27397623,20.26086956521739
25.0,697,27398320,27.88
11.0,318,27398638,28.90909090909091
28.0,599,27399237,21.392857142857142
19.0,307,27399544,16.157894736842106
28.0,484,27400028,17.285714285714285
9.0,144,27400172,16.0
41.0,926,27401098,22.585365853658537
15.0,695,27401793,46.333333333333336
26.0,491,27402284,18.884615384615383
32.0,786,27403070,24.5625
9.0,204,27403274,22.666666666666668
21.0,928,27404202,44.19047619047619
38.0,899,27405101,23.657894736842106
29.0,900,27406001,31.03448275862069
27.0,475,27406476,17.59259259259259
14.0,235,27406711,16.785714285714285
32.0,644,27407355,20.125
28.0,560,27407915,20.0
10.0,169,27408084,16.9
33.0,720,27408804,21.818181818181817
12.0,264,27409068,22.0
18.0,380,27409448,21.11111111111111
41.0,833,27410281,20.317073170731707
42.0,1078,27411359,25.666666666666668
31.0,638,27411997,20.580645161290324
46.0,1027,27413024,22.32608695652174
1.0,26,27413050,26.0
22.0,418,27413468,19.0
51.0,1259,27414727,24.686274509803923
28.0,589,27415316,21.035714285714285
8.0,559,27415875,69.875
33.0,702,27416577,21.272727272727273
35.0,1032,27417609,29.485714285714284
4.0,521,27418130,130.25
14.0,161,27418291,11.5
21.0,389,27418680,18.523809523809526
5.0,114,27418794,22.8
27.0,593,27419387,21.962962962962962
30.0,620,27420007,20.666666666666668
8.0,550,27420557,68.75
5.0,121,27420678,24.2
2.0,102,27420780,51.0
14.0,327,27421107,23.357142857142858
5.0,60,27421167,12.0
19.0,440,27421607,23.157894736842106
33.0,678,27422285,20.545454545454547
44.0,898,27423183,20.40909090909091
23.0,484,27423667,21.043478260869566
25.0,611,27424278,24.44
41.0,902,27425180,22.0
34.0,690,27425870,20.294117647058822
13.0,283,27426153,21.76923076923077
1.0,35,27426188,35.0
21.0,434,27426622,20.666666666666668
27.0,578,27427200,21.40740740740741
31.0,699,27427899,22.548387096774192
13.0,269,27428168,20.692307692307693
15.0,314,27428482,20.933333333333334
22.0,502,27428984,22.818181818181817
28.0,717,27429701,25.607142857142858
9.0,211,27429912,23.444444444444443
40.0,1050,27430962,26.25
14.0,220,27431182,15.714285714285714
34.0,729,27431911,21.441176470588236
45.0,1013,27432924,22.511111111111113
41.0,736,27433660,17.951219512195124
26.0,570,27434230,21.923076923076923
27.0,539,27434769,19.962962962962962
44.0,862,27435631,19.59090909090909
20.0,434,27436065,21.7
21.0,454,27436519,21.61904761904762
40.0,976,27437495,24.4
19.0,351,27437846,18.473684210526315
29.0,713,27438559,24.586206896551722
10.0,249,27438808,24.9
51.0,1092,27439900,21.41176470588235
42.0,1082,27440982,25.761904761904763
11.0,193,27441175,17.545454545454547
1.0,449,27441624,449.0
26.0,600,27442224,23.076923076923077
24.0,603,27442827,25.125
36.0,956,27443783,26.555555555555557
19.0,382,27444165,20.105263157894736
40.0,813,27444978,20.325
40.0,750,27445728,18.75
34.0,855,27446583,25.147058823529413
24.0,537,27447120,22.375
26.0,649,27447769,24.96153846153846
6.0,534,27448303,89.0
39.0,862,27449165,22.102564102564102
33.0,691,27449856,20.939393939393938
26.0,657,27450513,25.26923076923077
12.0,253,27450766,21.083333333333332
43.0,1090,27451856,25.348837209302324
52.0,1181,27453037,22.71153846153846
9.0,169,27453206,18.77777777777778
27.0,557,27453763,20.62962962962963
7.0,206,27453969,29.428571428571427
10.0,175,27454144,17.5
34.0,600,27454744,17.647058823529413
37.0,813,27455557,21.972972972972972
36.0,785,27456342,21.805555555555557
21.0,482,27456824,22.952380952380953
5.0,579,27457403,115.8
29.0,1034,27458437,35.6551724137931
25.0,494,27458931,19.76
31.0,638,27459569,20.580645161290324
12.0,242,27459811,20.166666666666668
31.0,730,27460541,23.548387096774192
12.0,215,27460756,17.916666666666668
14.0,323,27461079,23.071428571428573
38.0,744,27461823,19.57894736842105
5.0,528,27462351,105.6
6.0,537,27462888,89.5
18.0,382,27463270,21.22222222222222
28.0,608,27463878,21.714285714285715
16.0,476,27464354,29.75
36.0,834,27465188,23.166666666666668
36.0,671,27465859,18.63888888888889
28.0,557,27466416,19.892857142857142
23.0,609,27467025,26.47826086956522
3.0,97,27467122,32.333333333333336
27.0,711,27467833,26.333333333333332
43.0,957,27468790,22.25581395348837
22.0,480,27469270,21.818181818181817
27.0,613,27469883,22.703703703703702
19.0,428,27470311,22.526315789473685
6.0,558,27470869,93.0
34.0,802,27471671,23.58823529411765
46.0,1241,27472912,26.97826086956522
41.0,845,27473757,20.609756097560975
31.0,684,27474441,22.06451612903226
40.0,950,27475391,23.75
19.0,344,27475735,18.105263157894736
14.0,273,27476008,19.5
19.0,572,27476580,30.105263157894736
3.0,54,27476634,18.0
6.0,141,27476775,23.5
27.0,627,27477402,23.22222222222222
37.0,834,27478236,22.54054054054054
38.0,977,27479213,25.710526315789473
20.0,500,27479713,25.0
26.0,424,27480137,16.307692307692307
24.0,456,27480593,19.0
22.0,524,27481117,23.818181818181817
30.0,722,27481839,24.066666666666666
35.0,640,27482479,18.285714285714285
21.0,489,27482968,23.285714285714285
13.0,165,27483133,12.692307692307692
16.0,416,27483549,26.0
20.0,380,27483929,19.0
19.0,392,27484321,20.63157894736842
32.0,696,27485017,21.75
1.0,87,27485104,87.0
4.0,73,27485177,18.25
15.0,310,27485487,20.666666666666668
29.0,675,27486162,23.275862068965516
31.0,605,27486767,19.516129032258064
15.0,321,27487088,21.4
17.0,294,27487382,17.294117647058822
14.0,387,27487769,27.642857142857142
17.0,358,27488127,21.058823529411764
26.0,596,27488723,22.923076923076923
14.0,263,27488986,18.785714285714285
27.0,677,27489663,25.074074074074073
20.0,395,27490058,19.75
19.0,868,27490926,45.68421052631579
29.0,616,27491542,21.24137931034483
28.0,516,27492058,18.428571428571427
16.0,428,27492486,26.75
36.0,809,27493295,22.47222222222222
23.0,447,27493742,19.434782608695652
18.0,360,27494102,20.0
11.0,277,27494379,25.181818181818183
10.0,259,27494638,25.9
15.0,872,27495510,58.13333333333333
34.0,835,27496345,24.558823529411764
18.0,773,27497118,42.94444444444444
30.0,769,27497887,25.633333333333333
3.0,475,27498362,158.33333333333334
16.0,311,27498673,19.4375
20.0,515,27499188,25.75
47.0,948,27500136,20.170212765957448
39.0,842,27500978,21.58974358974359
17.0,355,27501333,20.88235294117647
25.0,416,27501749,16.64
10.0,274,27502023,27.4
30.0,666,27502689,22.2
18.0,338,27503027,18.77777777777778
34.0,886,27503913,26.058823529411764
33.0,700,27504613,21.21212121212121
19.0,463,27505076,24.36842105263158
34.0,742,27505818,21.823529411764707
4.0,490,27506308,122.5
26.0,567,27506875,21.807692307692307
4.0,113,27506988,28.25
18.0,348,27507336,19.333333333333332
22.0,386,27507722,17.545454545454547
21.0,463,27508185,22.047619047619047
19.0,262,27508447,13.789473684210526
27.0,637,27509084,23.59259259259259
18.0,348,27509432,19.333333333333332
27.0,597,27510029,22.11111111111111
8.0,158,27510187,19.75
21.0,407,27510594,19.38095238095238
14.0,310,27510904,22.142857142857142
16.0,340,27511244,21.25
23.0,538,27511782,23.391304347826086
14.0,314,27512096,22.428571428571427
10.0,167,27512263,16.7
26.0,495,27512758,19.03846153846154
9.0,178,27512936,19.77777777777778
9.0,179,27513115,19.88888888888889
17.0,368,27513483,21.647058823529413
16.0,356,27513839,22.25
2.0,28,27513867,14.0
25.0,512,27514379,20.48
14.0,288,27514667,20.571428571428573
33.0,670,27515337,20.303030303030305
38.0,903,27516240,23.763157894736842
22.0,577,27516817,26.227272727272727
11.0,789,27517606,71.72727272727273
27.0,939,27518545,34.77777777777778
17.0,458,27519003,26.941176470588236
17.0,301,27519304,17.705882352941178
46.0,1230,27520534,26.73913043478261
10.0,622,27521156,62.2
30.0,614,27521770,20.466666666666665
18.0,379,27522149,21.055555555555557
31.0,541,27522690,17.451612903225808
62.0,1279,27523969,20.629032258064516
29.0,626,27524595,21.586206896551722
23.0,414,27525009,18.0
31.0,661,27525670,21.322580645161292
5.0,586,27526256,117.2
33.0,794,27527050,24.060606060606062
17.0,327,27527377,19.235294117647058
44.0,997,27528374,22.65909090909091
28.0,638,27529012,22.785714285714285
21.0,401,27529413,19.095238095238095
30.0,644,27530057,21.466666666666665
26.0,483,27530540,18.576923076923077
38.0,997,27531537,26.236842105263158
22.0,525,27532062,23.863636363636363
18.0,319,27532381,17.72222222222222
6.0,137,27532518,22.833333333333332
38.0,902,27533420,23.736842105263158
25.0,470,27533890,18.8
27.0,554,27534444,20.51851851851852
53.0,1230,27535674,23.20754716981132
17.0,305,27535979,17.941176470588236
27.0,586,27536565,21.703703703703702
36.0,642,27537207,17.833333333333332
47.0,893,27538100,19.0
16.0,371,27538471,23.1875
8.0,147,27538618,18.375
20.0,339,27538957,16.95
39.0,784,27539741,20.102564102564102
32.0,703,27540444,21.96875
32.0,693,27541137,21.65625
25.0,503,27541640,20.12
23.0,517,27542157,22.47826086956522
37.0,1048,27543205,28.324324324324323
3.0,57,27543262,19.0
34.0,843,27544105,24.794117647058822
23.0,482,27544587,20.956521739130434
41.0,915,27545502,22.317073170731707
36.0,831,27546333,23.083333333333332
20.0,365,27546698,18.25
31.0,794,27547492,25.612903225806452
19.0,328,27547820,17.263157894736842
20.0,403,27548223,20.15
28.0,580,27548803,20.714285714285715
28.0,668,27549471,23.857142857142858
28.0,708,27550179,25.285714285714285
22.0,474,27550653,21.545454545454547
23.0,559,27551212,24.304347826086957
16.0,288,27551500,18.0
41.0,964,27552464,23.51219512195122
9.0,591,27553055,65.66666666666667
21.0,427,27553482,20.333333333333332
29.0,750,27554232,25.862068965517242
21.0,359,27554591,17.095238095238095
19.0,390,27554981,20.526315789473685
21.0,521,27555502,24.80952380952381
26.0,479,27555981,18.423076923076923
25.0,514,27556495,20.56
18.0,322,27556817,17.88888888888889
45.0,972,27557789,21.6
22.0,351,27558140,15.954545454545455
6.0,183,27558323,30.5
34.0,741,27559064,21.794117647058822
0.0,441,27559505,inf
52.0,1269,27560774,24.403846153846153
41.0,801,27561575,19.536585365853657
35.0,784,27562359,22.4
34.0,731,27563090,21.5
25.0,616,27563706,24.64
51.0,1098,27564804,21.529411764705884
11.0,186,27564990,16.90909090909091
37.0,805,27565795,21.756756756756758
24.0,497,27566292,20.708333333333332
26.0,591,27566883,22.73076923076923
37.0,667,27567550,18.027027027027028
25.0,541,27568091,21.64
29.0,622,27568713,21.448275862068964
8.0,155,27568868,19.375
25.0,532,27569400,21.28
35.0,783,27570183,22.37142857142857
34.0,688,27570871,20.235294117647058
35.0,743,27571614,21.228571428571428
36.0,728,27572342,20.22222222222222
46.0,1119,27573461,24.32608695652174
15.0,322,27573783,21.466666666666665
21.0,439,27574222,20.904761904761905
39.0,880,27575102,22.564102564102566
25.0,577,27575679,23.08
32.0,683,27576362,21.34375
29.0,683,27577045,23.551724137931036
24.0,388,27577433,16.166666666666668
42.0,902,27578335,21.476190476190474
42.0,896,27579231,21.333333333333332
27.0,740,27579971,27.40740740740741
41.0,836,27580807,20.390243902439025
26.0,560,27581367,21.53846153846154
17.0,387,27581754,22.764705882352942
48.0,987,27582741,20.5625
14.0,309,27583050,22.071428571428573
24.0,351,27583401,14.625
20.0,294,27583695,14.7
33.0,677,27584372,20.515151515151516
39.0,729,27585101,18.692307692307693
14.0,257,27585358,18.357142857142858
41.0,854,27586212,20.829268292682926
21.0,491,27586703,23.38095238095238
22.0,476,27587179,21.636363636363637
31.0,665,27587844,21.451612903225808
25.0,463,27588307,18.52
24.0,521,27588828,21.708333333333332
21.0,372,27589200,17.714285714285715
19.0,484,27589684,25.473684210526315
39.0,773,27590457,19.82051282051282
19.0,478,27590935,25.157894736842106
8.0,154,27591089,19.25
38.0,719,27591808,18.92105263157895
0.0,441,27592249,inf
23.0,479,27592728,20.82608695652174
31.0,606,27593334,19.548387096774192
10.0,253,27593587,25.3
26.0,569,27594156,21.884615384615383
18.0,411,27594567,22.833333333333332
29.0,541,27595108,18.655172413793103
44.0,894,27596002,20.318181818181817
29.0,542,27596544,18.689655172413794
52.0,1019,27597563,19.596153846153847
22.0,487,27598050,22.136363636363637
21.0,414,27598464,19.714285714285715
13.0,307,27598771,23.615384615384617
29.0,502,27599273,17.310344827586206
22.0,524,27599797,23.818181818181817
22.0,457,27600254,20.772727272727273
37.0,773,27601027,20.89189189189189
32.0,736,27601763,23.0
8.0,620,27602383,77.5
36.0,773,27603156,21.47222222222222
33.0,734,27603890,22.242424242424242
51.0,1318,27605208,25.84313725490196
35.0,782,27605990,22.34285714285714
17.0,311,27606301,18.294117647058822
30.0,545,27606846,18.166666666666668
35.0,907,27607753,25.914285714285715
32.0,655,27608408,20.46875
25.0,493,27608901,19.72
19.0,355,27609256,18.68421052631579
42.0,1036,27610292,24.666666666666668
15.0,389,27610681,25.933333333333334
33.0,670,27611351,20.303030303030305
34.0,591,27611942,17.38235294117647
24.0,448,27612390,18.666666666666668
22.0,413,27612803,18.772727272727273
41.0,959,27613762,23.390243902439025
29.0,558,27614320,19.24137931034483
16.0,362,27614682,22.625
26.0,684,27615366,26.307692307692307
26.0,513,27615879,19.73076923076923
8.0,165,27616044,20.625
17.0,295,27616339,17.352941176470587
21.0,384,27616723,18.285714285714285
19.0,336,27617059,17.68421052631579
22.0,520,27617579,23.636363636363637
18.0,411,27617990,22.833333333333332
33.0,615,27618605,18.636363636363637
19.0,413,27619018,21.736842105263158
22.0,494,27619512,22.454545454545453
33.0,800,27620312,24.242424242424242
18.0,267,27620579,14.833333333333334
10.0,116,27620695,11.6
33.0,676,27621371,20.484848484848484
38.0,760,27622131,20.0
46.0,985,27623116,21.41304347826087
28.0,595,27623711,21.25
22.0,521,27624232,23.681818181818183
30.0,676,27624908,22.533333333333335
57.0,1260,27626168,22.105263157894736
22.0,429,27626597,19.5
18.0,483,27627080,26.833333333333332
31.0,653,27627733,21.06451612903226
18.0,282,27628015,15.666666666666666
8.0,161,27628176,20.125
45.0,1152,27629328,25.6
20.0,348,27629676,17.4
11.0,242,27629918,22.0
29.0,526,27630444,18.137931034482758
17.0,272,27630716,16.0
41.0,1174,27631890,28.634146341463413
23.0,343,27632233,14.91304347826087
22.0,465,27632698,21.136363636363637
20.0,309,27633007,15.45
16.0,324,27633331,20.25
30.0,869,27634200,28.966666666666665
11.0,214,27634414,19.454545454545453
12.0,238,27634652,19.833333333333332
23.0,426,27635078,18.52173913043478
16.0,252,27635330,15.75
9.0,635,27635965,70.55555555555556
15.0,261,27636226,17.4
41.0,803,27637029,19.585365853658537
26.0,486,27637515,18.692307692307693
30.0,523,27638038,17.433333333333334
42.0,860,27638898,20.476190476190474
21.0,440,27639338,20.952380952380953
33.0,736,27640074,22.303030303030305
54.0,1318,27641392,24.40740740740741
39.0,844,27642236,21.641025641025642
29.0,698,27642934,24.06896551724138
36.0,636,27643570,17.666666666666668
33.0,705,27644275,21.363636363636363
42.0,1121,27645396,26.69047619047619
17.0,301,27645697,17.705882352941178
39.0,925,27646622,23.71794871794872
36.0,681,27647303,18.916666666666668
46.0,1037,27648340,22.543478260869566
28.0,559,27648899,19.964285714285715
36.0,821,27649720,22.805555555555557
7.0,138,27649858,19.714285714285715
7.0,96,27649954,13.714285714285714
32.0,702,27650656,21.9375
41.0,777,27651433,18.951219512195124
16.0,260,27651693,16.25
25.0,499,27652192,19.96
43.0,861,27653053,20.023255813953487
14.0,227,27653280,16.214285714285715
21.0,412,27653692,19.61904761904762
33.0,438,27654130,13.272727272727273
8.0,133,27654263,16.625
13.0,748,27655011,57.53846153846154
26.0,595,27655606,22.884615384615383
20.0,331,27655937,16.55
50.0,1022,27656959,20.44
24.0,474,27657433,19.75
20.0,465,27657898,23.25
36.0,861,27658759,23.916666666666668
24.0,534,27659293,22.25
35.0,863,27660156,24.65714285714286
20.0,488,27660644,24.4
14.0,298,27660942,21.285714285714285
43.0,1026,27661968,23.86046511627907
31.0,572,27662540,18.451612903225808
45.0,1045,27663585,23.22222222222222
30.0,656,27664241,21.866666666666667
42.0,882,27665123,21.0
31.0,647,27665770,20.870967741935484
24.0,497,27666267,20.708333333333332
21.0,408,27666675,19.428571428571427
27.0,732,27667407,27.11111111111111
31.0,720,27668127,23.225806451612904
39.0,841,27668968,21.564102564102566
27.0,588,27669556,21.77777777777778
35.0,832,27670388,23.771428571428572
24.0,545,27670933,22.708333333333332
9.0,119,27671052,13.222222222222221
16.0,344,27671396,21.5
24.0,485,27671881,20.208333333333332
21.0,354,27672235,16.857142857142858
27.0,559,27672794,20.703703703703702
25.0,471,27673265,18.84
11.0,234,27673499,21.272727272727273
15.0,228,27673727,15.2
35.0,841,27674568,24.02857142857143
36.0,878,27675446,24.38888888888889
34.0,648,27676094,19.058823529411764
40.0,823,27676917,20.575
37.0,864,27677781,23.35135135135135
28.0,556,27678337,19.857142857142858
48.0,1077,27679414,22.4375
38.0,801,27680215,21.07894736842105
2.0,121,27680336,60.5
30.0,644,27680980,21.466666666666665
21.0,426,27681406,20.285714285714285
41.0,651,27682057,15.878048780487806
20.0,468,27682525,23.4
7.0,217,27682742,31.0
33.0,717,27683459,21.727272727272727
14.0,265,27683724,18.928571428571427
35.0,826,27684550,23.6
26.0,537,27685087,20.653846153846153
18.0,290,27685377,16.11111111111111
35.0,673,27686050,19.228571428571428
35.0,714,27686764,20.4
32.0,847,27687611,26.46875
38.0,875,27688486,23.026315789473685
52.0,1135,27689621,21.826923076923077
33.0,814,27690435,24.666666666666668
21.0,421,27690856,20.047619047619047
17.0,228,27691084,13.411764705882353
11.0,218,27691302,19.818181818181817
39.0,943,27692245,24.17948717948718
30.0,839,27693084,27.966666666666665
24.0,464,27693548,19.333333333333332
51.0,1018,27694566,19.96078431372549
30.0,663,27695229,22.1
30.0,592,27695821,19.733333333333334
23.0,502,27696323,21.82608695652174
27.0,567,27696890,21.0
26.0,631,27697521,24.26923076923077
51.0,1037,27698558,20.333333333333332
34.0,711,27699269,20.91176470588235
20.0,368,27699637,18.4
1.0,31,27699668,31.0
27.0,494,27700162,18.296296296296298
31.0,706,27700868,22.774193548387096
47.0,1155,27702023,24.574468085106382
13.0,778,27702801,59.84615384615385
20.0,474,27703275,23.7
34.0,641,27703916,18.852941176470587
29.0,676,27704592,23.310344827586206
23.0,651,27705243,28.304347826086957
26.0,472,27705715,18.153846153846153
40.0,791,27706506,19.775
22.0,554,27707060,25.181818181818183
30.0,631,27707691,21.033333333333335
30.0,592,27708283,19.733333333333334
41.0,780,27709063,19.024390243902438
17.0,354,27709417,20.823529411764707
32.0,595,27710012,18.59375
10.0,160,27710172,16.0
9.0,605,27710777,67.22222222222223
24.0,520,27711297,21.666666666666668
25.0,441,27711738,17.64
50.0,1084,27712822,21.68
42.0,852,27713674,20.285714285714285
9.0,148,27713822,16.444444444444443
31.0,568,27714390,18.322580645161292
12.0,174,27714564,14.5
4.0,40,27714604,10.0
24.0,420,27715024,17.5
15.0,338,27715362,22.533333333333335
37.0,737,27716099,19.91891891891892
27.0,498,27716597,18.444444444444443
14.0,288,27716885,20.571428571428573
33.0,842,27717727,25.515151515151516
29.0,619,27718346,21.344827586206897
30.0,780,27719126,26.0
33.0,595,27719721,18.03030303030303
17.0,359,27720080,21.11764705882353
36.0,879,27720959,24.416666666666668
49.0,1094,27722053,22.3265306122449
14.0,347,27722400,24.785714285714285
20.0,386,27722786,19.3
28.0,575,27723361,20.535714285714285
27.0,665,27724026,24.62962962962963
34.0,556,27724582,16.352941176470587
35.0,584,27725166,16.685714285714287
26.0,535,27725701,20.576923076923077
34.0,773,27726474,22.735294117647058
39.0,936,27727410,24.0
33.0,602,27728012,18.242424242424242
20.0,383,27728395,19.15
29.0,469,27728864,16.17241379310345
22.0,367,27729231,16.681818181818183
12.0,274,27729505,22.833333333333332
32.0,765,27730270,23.90625
30.0,694,27730964,23.133333333333333
16.0,260,27731224,16.25
37.0,767,27731991,20.72972972972973
43.0,971,27732962,22.58139534883721
15.0,361,27733323,24.066666666666666
13.0,225,27733548,17.307692307692307
15.0,300,27733848,20.0
36.0,702,27734550,19.5
31.0,830,27735380,26.774193548387096
25.0,478,27735858,19.12
10.0,229,27736087,22.9
46.0,1138,27737225,24.73913043478261
18.0,425,27737650,23.61111111111111
25.0,618,27738268,24.72
41.0,796,27739064,19.414634146341463
11.0,214,27739278,19.454545454545453
18.0,436,27739714,24.22222222222222
36.0,922,27740636,25.61111111111111
29.0,634,27741270,21.862068965517242
30.0,604,27741874,20.133333333333333
28.0,435,27742309,15.535714285714286
20.0,408,27742717,20.4
26.0,564,27743281,21.692307692307693
8.0,575,27743856,71.875
42.0,1199,27745055,28.547619047619047
19.0,337,27745392,17.736842105263158
30.0,633,27746025,21.1
30.0,710,27746735,23.666666666666668
44.0,876,27747611,19.90909090909091
1.0,22,27747633,22.0
24.0,594,27748227,24.75
46.0,917,27749144,19.934782608695652
19.0,312,27749456,16.42105263157895
33.0,785,27750241,23.78787878787879
27.0,659,27750900,24.40740740740741
25.0,493,27751393,19.72
39.0,793,27752186,20.333333333333332
22.0,358,27752544,16.272727272727273
29.0,690,27753234,23.79310344827586
18.0,286,27753520,15.88888888888889
22.0,430,27753950,19.545454545454547
38.0,717,27754667,18.86842105263158
20.0,437,27755104,21.85
36.0,729,27755833,20.25
35.0,663,27756496,18.942857142857143
28.0,605,27757101,21.607142857142858
18.0,403,27757504,22.38888888888889
25.0,477,27757981,19.08
11.0,236,27758217,21.454545454545453
43.0,928,27759145,21.58139534883721
40.0,830,27759975,20.75
22.0,373,27760348,16.954545454545453
31.0,626,27760974,20.193548387096776
28.0,586,27761560,20.928571428571427
40.0,995,27762555,24.875
31.0,673,27763228,21.70967741935484
26.0,614,27763842,23.615384615384617
29.0,684,27764526,23.586206896551722
18.0,454,27764980,25.22222222222222
25.0,538,27765518,21.52
11.0,138,27765656,12.545454545454545
39.0,941,27766597,24.128205128205128
41.0,953,27767550,23.24390243902439
36.0,832,27768382,23.11111111111111
31.0,788,27769170,25.419354838709676
23.0,470,27769640,20.434782608695652
33.0,697,27770337,21.12121212121212
26.0,579,27770916,22.26923076923077
26.0,548,27771464,21.076923076923077
29.0,556,27772020,19.17241379310345
18.0,417,27772437,23.166666666666668
35.0,748,27773185,21.37142857142857
21.0,905,27774090,43.095238095238095
33.0,559,27774649,16.939393939393938
24.0,693,27775342,28.875
30.0,643,27775985,21.433333333333334
33.0,647,27776632,19.606060606060606
16.0,217,27776849,13.5625
24.0,563,27777412,23.458333333333332
25.0,592,27778004,23.68
17.0,293,27778297,17.235294117647058
43.0,957,27779254,22.25581395348837
36.0,790,27780044,21.944444444444443
36.0,749,27780793,20.805555555555557
27.0,554,27781347,20.51851851851852
28.0,609,27781956,21.75
34.0,742,27782698,21.823529411764707
29.0,689,27783387,23.75862068965517
28.0,669,27784056,23.892857142857142
36.0,679,27784735,18.86111111111111
22.0,374,27785109,17.0
41.0,931,27786040,22.70731707317073
39.0,814,27786854,20.871794871794872
20.0,350,27787204,17.5
24.0,567,27787771,23.625
16.0,309,27788080,19.3125
43.0,867,27788947,20.162790697674417
22.0,431,27789378,19.59090909090909
27.0,589,27789967,21.814814814814813
28.0,701,27790668,25.035714285714285
36.0,727,27791395,20.194444444444443
44.0,904,27792299,20.545454545454547
48.0,957,27793256,19.9375
23.0,591,27793847,25.695652173913043
29.0,605,27794452,20.862068965517242
43.0,813,27795265,18.906976744186046
26.0,771,27796036,29.653846153846153
28.0,654,27796690,23.357142857142858
15.0,287,27796977,19.133333333333333
25.0,569,27797546,22.76
26.0,546,27798092,21.0
37.0,772,27798864,20.864864864864863
26.0,592,27799456,22.76923076923077
36.0,787,27800243,21.86111111111111
46.0,1178,27801421,25.608695652173914
31.0,770,27802191,24.838709677419356
35.0,846,27803037,24.17142857142857
14.0,287,27803324,20.5
22.0,452,27803776,20.545454545454547
36.0,717,27804493,19.916666666666668
49.0,1210,27805703,24.693877551020407
39.0,873,27806576,22.384615384615383
28.0,464,27807040,16.571428571428573
33.0,706,27807746,21.393939393939394
47.0,1184,27808930,25.19148936170213
41.0,792,27809722,19.317073170731707
34.0,826,27810548,24.294117647058822
43.0,1169,27811717,27.186046511627907
21.0,481,27812198,22.904761904761905
32.0,687,27812885,21.46875
26.0,560,27813445,21.53846153846154
30.0,632,27814077,21.066666666666666
51.0,1170,27815247,22.941176470588236
30.0,634,27815881,21.133333333333333
20.0,386,27816267,19.3
12.0,134,27816401,11.166666666666666
27.0,701,27817102,25.962962962962962
29.0,703,27817805,24.24137931034483
41.0,979,27818784,23.878048780487806
29.0,539,27819323,18.586206896551722
27.0,554,27819877,20.51851851851852
21.0,437,27820314,20.80952380952381
48.0,1084,27821398,22.583333333333332
26.0,488,27821886,18.76923076923077
30.0,656,27822542,21.866666666666667
36.0,900,27823442,25.0
16.0,333,27823775,20.8125
30.0,633,27824408,21.1
21.0,408,27824816,19.428571428571427
40.0,885,27825701,22.125
10.0,244,27825945,24.4
26.0,603,27826548,23.192307692307693
21.0,395,27826943,18.80952380952381
30.0,598,27827541,19.933333333333334
36.0,688,27828229,19.11111111111111
26.0,587,27828816,22.576923076923077
33.0,688,27829504,20.848484848484848
27.0,483,27829987,17.88888888888889
6.0,104,27830091,17.333333333333332
19.0,460,27830551,24.210526315789473
44.0,1021,27831572,23.204545454545453
7.0,101,27831673,14.428571428571429
25.0,656,27832329,26.24
12.0,217,27832546,18.083333333333332
12.0,228,27832774,19.0
33.0,684,27833458,20.727272727272727
36.0,767,27834225,21.305555555555557
20.0,369,27834594,18.45
27.0,602,27835196,22.296296296296298
45.0,908,27836104,20.177777777777777
40.0,1026,27837130,25.65
31.0,644,27837774,20.774193548387096
27.0,738,27838512,27.333333333333332
16.0,302,27838814,18.875
26.0,510,27839324,19.615384615384617
41.0,868,27840192,21.170731707317074
17.0,375,27840567,22.058823529411764
20.0,377,27840944,18.85
26.0,488,27841432,18.76923076923077
36.0,968,27842400,26.88888888888889
31.0,796,27843196,25.677419354838708
37.0,741,27843937,20.027027027027028
20.0,315,27844252,15.75
19.0,431,27844683,22.68421052631579
18.0,397,27845080,22.055555555555557
27.0,631,27845711,23.37037037037037
34.0,642,27846353,18.88235294117647
22.0,495,27846848,22.5
13.0,214,27847062,16.46153846153846
30.0,558,27847620,18.6
33.0,760,27848380,23.03030303030303
18.0,326,27848706,18.11111111111111
38.0,819,27849525,21.55263157894737
28.0,912,27850437,32.57142857142857
44.0,985,27851422,22.386363636363637
43.0,1052,27852474,24.46511627906977
31.0,635,27853109,20.483870967741936
34.0,821,27853930,24.147058823529413
11.0,148,27854078,13.454545454545455
28.0,564,27854642,20.142857142857142
14.0,278,27854920,19.857142857142858
32.0,694,27855614,21.6875
28.0,540,27856154,19.285714285714285
31.0,653,27856807,21.06451612903226
11.0,204,27857011,18.545454545454547
34.0,869,27857880,25.558823529411764
40.0,887,27858767,22.175
10.0,150,27858917,15.0
27.0,544,27859461,20.14814814814815
17.0,352,27859813,20.705882352941178
34.0,760,27860573,22.352941176470587
20.0,459,27861032,22.95
26.0,485,27861517,18.653846153846153
42.0,965,27862482,22.976190476190474
18.0,321,27862803,17.833333333333332
7.0,209,27863012,29.857142857142858
26.0,503,27863515,19.346153846153847
36.0,771,27864286,21.416666666666668
46.0,952,27865238,20.695652173913043
22.0,488,27865726,22.181818181818183
59.0,1275,27867001,21.610169491525422
20.0,428,27867429,21.4
33.0,675,27868104,20.454545454545453
42.0,1010,27869114,24.047619047619047
41.0,834,27869948,20.341463414634145
42.0,959,27870907,22.833333333333332
22.0,445,27871352,20.227272727272727
25.0,514,27871866,20.56
26.0,539,27872405,20.73076923076923
35.0,674,27873079,19.257142857142856
40.0,787,27873866,19.675
40.0,784,27874650,19.6
37.0,895,27875545,24.18918918918919
13.0,356,27875901,27.384615384615383
39.0,1002,27876903,25.692307692307693
18.0,293,27877196,16.27777777777778
13.0,247,27877443,19.0
44.0,945,27878388,21.477272727272727
41.0,950,27879338,23.170731707317074
8.0,136,27879474,17.0
35.0,719,27880193,20.542857142857144
24.0,421,27880614,17.541666666666668
0.0,20,27880634,inf
7.0,142,27880776,20.285714285714285
14.0,258,27881034,18.428571428571427
49.0,1002,27882036,20.448979591836736
6.0,167,27882203,27.833333333333332
3.0,90,27882293,30.0
28.0,483,27882776,17.25
3.0,65,27882841,21.666666666666668
13.0,214,27883055,16.46153846153846
17.0,320,27883375,18.823529411764707
37.0,893,27884268,24.135135135135137
18.0,280,27884548,15.555555555555555
6.0,150,27884698,25.0
5.0,170,27884868,34.0
4.0,141,27885009,35.25
10.0,177,27885186,17.7
4.0,77,27885263,19.25
6.0,100,27885363,16.666666666666668
35.0,588,27885951,16.8
27.0,578,27886529,21.40740740740741
5.0,91,27886620,18.2
9.0,146,27886766,16.22222222222222
6.0,186,27886952,31.0
9.0,160,27887112,17.77777777777778
14.0,182,27887294,13.0
7.0,217,27887511,31.0
13.0,244,27887755,18.76923076923077
4.0,130,27887885,32.5
22.0,411,27888296,18.681818181818183
20.0,409,27888705,20.45
23.0,497,27889202,21.608695652173914
34.0,739,27889941,21.735294117647058
15.0,339,27890280,22.6
9.0,216,27890496,24.0
16.0,341,27890837,21.3125
21.0,389,27891226,18.523809523809526
20.0,273,27891499,13.65
16.0,307,27891806,19.1875
0.0,52,27891858,inf
20.0,332,27892190,16.6
22.0,524,27892714,23.818181818181817
40.0,1187,27893901,29.675
15.0,257,27894158,17.133333333333333
8.0,127,27894285,15.875
4.0,134,27894419,33.5
18.0,361,27894780,20.055555555555557
1.0,47,27894827,47.0
4.0,96,27894923,24.0
32.0,674,27895597,21.0625
2.0,22,27895619,11.0
0.0,22,27895641,inf
8.0,133,27895774,16.625
7.0,161,27895935,23.0
23.0,473,27896408,20.565217391304348
25.0,629,27897037,25.16
6.0,121,27897158,20.166666666666668
19.0,459,27897617,24.157894736842106
16.0,415,27898032,25.9375
16.0,307,27898339,19.1875
14.0,275,27898614,19.642857142857142
11.0,243,27898857,22.09090909090909
11.0,236,27899093,21.454545454545453
20.0,355,27899448,17.75
11.0,242,27899690,22.0
14.0,269,27899959,19.214285714285715
32.0,531,27900490,16.59375
11.0,235,27900725,21.363636363636363
29.0,555,27901280,19.137931034482758
0.0,23,27901303,inf
14.0,335,27901638,23.928571428571427
11.0,242,27901880,22.0
2.0,73,27901953,36.5
16.0,393,27902346,24.5625
10.0,281,27902627,28.1
1.0,13,27902640,13.0
19.0,517,27903157,27.210526315789473
7.0,147,27903304,21.0
10.0,254,27903558,25.4
50.0,1125,27904683,22.5
3.0,116,27904799,38.666666666666664
12.0,206,27905005,17.166666666666668
12.0,271,27905276,22.583333333333332
10.0,199,27905475,19.9
33.0,656,27906131,19.87878787878788
7.0,165,27906296,23.571428571428573
14.0,236,27906532,16.857142857142858
24.0,451,27906983,18.791666666666668
5.0,89,27907072,17.8
12.0,209,27907281,17.416666666666668
8.0,239,27907520,29.875
30.0,557,27908077,18.566666666666666
1.0,14,27908091,14.0
4.0,72,27908163,18.0
5.0,91,27908254,18.2
14.0,237,27908491,16.928571428571427
6.0,179,27908670,29.833333333333332
28.0,554,27909224,19.785714285714285
20.0,313,27909537,15.65
4.0,121,27909658,30.25
8.0,168,27909826,21.0
0.0,26,27909852,inf
4.0,99,27909951,24.75
20.0,332,27910283,16.6
10.0,191,27910474,19.1
8.0,197,27910671,24.625
12.0,222,27910893,18.5
11.0,318,27911211,28.90909090909091
3.0,120,27911331,40.0
1.0,46,27911377,46.0
30.0,535,27911912,17.833333333333332
17.0,365,27912277,21.470588235294116
11.0,291,27912568,26.454545454545453
2.0,32,27912600,16.0
16.0,337,27912937,21.0625
15.0,242,27913179,16.133333333333333
11.0,232,27913411,21.09090909090909
28.0,537,27913948,19.178571428571427
1.0,42,27913990,42.0
14.0,295,27914285,21.071428571428573
33.0,590,27914875,17.87878787878788
56.0,1285,27916160,22.946428571428573
20.0,425,27916585,21.25
29.0,650,27917235,22.413793103448278
24.0,447,27917682,18.625
41.0,917,27918599,22.365853658536587
33.0,731,27919330,22.151515151515152
22.0,432,27919762,19.636363636363637
29.0,519,27920281,17.896551724137932
11.0,221,27920502,20.09090909090909
50.0,985,27921487,19.7
26.0,549,27922036,21.115384615384617
33.0,845,27922881,25.606060606060606
38.0,778,27923659,20.473684210526315
16.0,313,27923972,19.5625
34.0,837,27924809,24.61764705882353
23.0,630,27925439,27.391304347826086
32.0,804,27926243,25.125
31.0,751,27926994,24.225806451612904
32.0,639,27927633,19.96875
35.0,699,27928332,19.97142857142857
21.0,456,27928788,21.714285714285715
10.0,195,27928983,19.5
34.0,679,27929662,19.970588235294116
20.0,612,27930274,30.6
22.0,446,27930720,20.272727272727273
10.0,195,27930915,19.5
35.0,799,27931714,22.82857142857143
25.0,514,27932228,20.56
30.0,605,27932833,20.166666666666668
16.0,412,27933245,25.75
25.0,568,27933813,22.72
8.0,159,27933972,19.875
31.0,599,27934571,19.322580645161292
35.0,660,27935231,18.857142857142858
37.0,733,27935964,19.81081081081081
35.0,813,27936777,23.228571428571428
10.0,162,27936939,16.2
24.0,600,27937539,25.0
20.0,375,27937914,18.75
33.0,698,27938612,21.151515151515152
20.0,491,27939103,24.55
32.0,567,27939670,17.71875
36.0,746,27940416,20.72222222222222
43.0,954,27941370,22.186046511627907
22.0,508,27941878,23.09090909090909
37.0,679,27942557,18.35135135135135
24.0,498,27943055,20.75
47.0,1100,27944155,23.404255319148938
37.0,709,27944864,19.16216216216216
42.0,1044,27945908,24.857142857142858
22.0,490,27946398,22.272727272727273
27.0,588,27946986,21.77777777777778
28.0,529,27947515,18.892857142857142
27.0,458,27947973,16.962962962962962
25.0,499,27948472,19.96
9.0,205,27948677,22.77777777777778
25.0,513,27949190,20.52
38.0,736,27949926,19.36842105263158
17.0,281,27950207,16.529411764705884
14.0,261,27950468,18.642857142857142
19.0,351,27950819,18.473684210526315
6.0,203,27951022,33.833333333333336
35.0,775,27951797,22.142857142857142
43.0,1085,27952882,25.232558139534884
35.0,783,27953665,22.37142857142857
10.0,158,27953823,15.8
9.0,137,27953960,15.222222222222221
40.0,995,27954955,24.875
40.0,1108,27956063,27.7
22.0,490,27956553,22.272727272727273
48.0,958,27957511,19.958333333333332
36.0,853,27958364,23.694444444444443
17.0,333,27958697,19.58823529411765
18.0,364,27959061,20.22222222222222
23.0,539,27959600,23.434782608695652
37.0,962,27960562,26.0
19.0,442,27961004,23.263157894736842
35.0,673,27961677,19.228571428571428
31.0,851,27962528,27.451612903225808
20.0,499,27963027,24.95
30.0,580,27963607,19.333333333333332
11.0,199,27963806,18.09090909090909
27.0,643,27964449,23.814814814814813
29.0,606,27965055,20.896551724137932
48.0,1231,27966286,25.645833333333332
38.0,864,27967150,22.736842105263158
32.0,649,27967799,20.28125
35.0,806,27968605,23.02857142857143
12.0,701,27969306,58.416666666666664
30.0,550,27969856,18.333333333333332
38.0,743,27970599,19.55263157894737
32.0,613,27971212,19.15625
25.0,665,27971877,26.6
28.0,598,27972475,21.357142857142858
26.0,501,27972976,19.26923076923077
47.0,1022,27973998,21.74468085106383
24.0,373,27974371,15.541666666666666
47.0,896,27975267,19.06382978723404
8.0,137,27975404,17.125
23.0,368,27975772,16.0
22.0,408,27976180,18.545454545454547
10.0,189,27976369,18.9
32.0,678,27977047,21.1875
32.0,691,27977738,21.59375
44.0,1002,27978740,22.772727272727273
34.0,730,27979470,21.470588235294116
12.0,251,27979721,20.916666666666668
39.0,728,27980449,18.666666666666668
24.0,522,27980971,21.75
33.0,977,27981948,29.606060606060606
4.0,64,27982012,16.0
25.0,470,27982482,18.8
38.0,789,27983271,20.763157894736842
19.0,296,27983567,15.578947368421053
35.0,781,27984348,22.314285714285713
20.0,297,27984645,14.85
30.0,584,27985229,19.466666666666665
46.0,1229,27986458,26.717391304347824
40.0,996,27987454,24.9
32.0,665,27988119,20.78125
8.0,91,27988210,11.375
16.0,243,27988453,15.1875
31.0,526,27988979,16.967741935483872
29.0,657,27989636,22.655172413793103
23.0,524,27990160,22.782608695652176
35.0,934,27991094,26.685714285714287
37.0,723,27991817,19.54054054054054
53.0,1148,27992965,21.660377358490567
26.0,591,27993556,22.73076923076923
16.0,323,27993879,20.1875
22.0,598,27994477,27.181818181818183
28.0,656,27995133,23.428571428571427
26.0,658,27995791,25.307692307692307
18.0,493,27996284,27.38888888888889
39.0,852,27997136,21.846153846153847
46.0,941,27998077,20.456521739130434
31.0,649,27998726,20.93548387096774
20.0,402,27999128,20.1
8.0,112,27999240,14.0
30.0,632,27999872,21.066666666666666
33.0,817,28000689,24.757575757575758
10.0,144,28000833,14.4
20.0,501,28001334,25.05
5.0,66,28001400,13.2
52.0,1327,28002727,25.51923076923077
27.0,517,28003244,19.14814814814815
13.0,199,28003443,15.307692307692308
35.0,717,28004160,20.485714285714284
31.0,721,28004881,23.258064516129032
23.0,361,28005242,15.695652173913043
56.0,1318,28006560,23.535714285714285
31.0,656,28007216,21.161290322580644
33.0,809,28008025,24.515151515151516
23.0,373,28008398,16.217391304347824
42.0,919,28009317,21.88095238095238
32.0,630,28009947,19.6875
34.0,840,28010787,24.705882352941178
16.0,303,28011090,18.9375
35.0,728,28011818,20.8
35.0,771,28012589,22.02857142857143
30.0,679,28013268,22.633333333333333
8.0,555,28013823,69.375
5.0,127,28013950,25.4
9.0,150,28014100,16.666666666666668
28.0,612,28014712,21.857142857142858
21.0,505,28015217,24.047619047619047
27.0,557,28015774,20.62962962962963
39.0,830,28016604,21.28205128205128
34.0,733,28017337,21.558823529411764
26.0,589,28017926,22.653846153846153
44.0,898,28018824,20.40909090909091
29.0,704,28019528,24.275862068965516
34.0,642,28020170,18.88235294117647
37.0,768,28020938,20.756756756756758
24.0,514,28021452,21.416666666666668
20.0,437,28021889,21.85
44.0,917,28022806,20.84090909090909
48.0,1202,28024008,25.041666666666668
20.0,353,28024361,17.65
31.0,617,28024978,19.903225806451612
13.0,252,28025230,19.384615384615383
31.0,696,28025926,22.451612903225808
32.0,598,28026524,18.6875
35.0,742,28027266,21.2
23.0,546,28027812,23.73913043478261
32.0,635,28028447,19.84375
17.0,318,28028765,18.705882352941178
24.0,444,28029209,18.5
23.0,481,28029690,20.91304347826087
21.0,352,28030042,16.761904761904763
32.0,611,28030653,19.09375
18.0,291,28030944,16.166666666666668
32.0,645,28031589,20.15625
15.0,263,28031852,17.533333333333335
10.0,105,28031957,10.5
40.0,847,28032804,21.175
15.0,217,28033021,14.466666666666667
21.0,987,28034008,47.0
28.0,617,28034625,22.035714285714285
11.0,197,28034822,17.90909090909091
32.0,672,28035494,21.0
19.0,407,28035901,21.42105263157895
15.0,338,28036239,22.533333333333335
19.0,374,28036613,19.68421052631579
26.0,558,28037171,21.46153846153846
28.0,739,28037910,26.392857142857142
44.0,1139,28039049,25.886363636363637
29.0,513,28039562,17.689655172413794
31.0,667,28040229,21.516129032258064
41.0,828,28041057,20.195121951219512
17.0,312,28041369,18.352941176470587
39.0,739,28042108,18.94871794871795
28.0,484,28042592,17.285714285714285
13.0,316,28042908,24.307692307692307
38.0,843,28043751,22.18421052631579
38.0,1142,28044893,30.05263157894737
43.0,864,28045757,20.093023255813954
15.0,424,28046181,28.266666666666666
32.0,619,28046800,19.34375
43.0,817,28047617,19.0
11.0,225,28047842,20.454545454545453
20.0,434,28048276,21.7
7.0,343,28048619,49.0
17.0,396,28049015,23.294117647058822
0.0,441,28049456,inf
39.0,795,28050251,20.384615384615383
30.0,499,28050750,16.633333333333333
23.0,493,28051243,21.434782608695652
42.0,909,28052152,21.642857142857142
25.0,593,28052745,23.72
12.0,261,28053006,21.75
22.0,473,28053479,21.5
30.0,811,28054290,27.033333333333335
18.0,316,28054606,17.555555555555557
25.0,577,28055183,23.08
10.0,226,28055409,22.6
32.0,641,28056050,20.03125
26.0,594,28056644,22.846153846153847
28.0,438,28057082,15.642857142857142
16.0,321,28057403,20.0625
1.0,9,28057412,9.0
19.0,568,28057980,29.894736842105264
47.0,1071,28059051,22.78723404255319
32.0,734,28059785,22.9375
14.0,348,28060133,24.857142857142858
12.0,215,28060348,17.916666666666668
40.0,911,28061259,22.775
24.0,538,28061797,22.416666666666668
23.0,574,28062371,24.956521739130434
20.0,536,28062907,26.8
32.0,771,28063678,24.09375
25.0,558,28064236,22.32
35.0,938,28065174,26.8
19.0,297,28065471,15.631578947368421
16.0,244,28065715,15.25
24.0,357,28066072,14.875
22.0,538,28066610,24.454545454545453
42.0,995,28067605,23.69047619047619
26.0,472,28068077,18.153846153846153
33.0,617,28068694,18.696969696969695
46.0,1011,28069705,21.97826086956522
52.0,1002,28070707,19.26923076923077
18.0,344,28071051,19.11111111111111
43.0,1043,28072094,24.25581395348837
40.0,1032,28073126,25.8
10.0,121,28073247,12.1
33.0,670,28073917,20.303030303030305
30.0,690,28074607,23.0
38.0,783,28075390,20.605263157894736
26.0,487,28075877,18.73076923076923
34.0,679,28076556,19.970588235294116
39.0,890,28077446,22.82051282051282
40.0,841,28078287,21.025
30.0,632,28078919,21.066666666666666
32.0,715,28079634,22.34375
41.0,1041,28080675,25.390243902439025
40.0,746,28081421,18.65
38.0,806,28082227,21.210526315789473
18.0,423,28082650,23.5
25.0,509,28083159,20.36
35.0,750,28083909,21.428571428571427
41.0,862,28084771,21.024390243902438
48.0,1032,28085803,21.5
45.0,1002,28086805,22.266666666666666
37.0,830,28087635,22.43243243243243
38.0,953,28088588,25.07894736842105
37.0,758,28089346,20.486486486486488
36.0,803,28090149,22.305555555555557
30.0,520,28090669,17.333333333333332
19.0,357,28091026,18.789473684210527
52.0,1238,28092264,23.807692307692307
43.0,971,28093235,22.58139534883721
28.0,673,28093908,24.035714285714285
16.0,272,28094180,17.0
29.0,625,28094805,21.551724137931036
40.0,850,28095655,21.25
27.0,685,28096340,25.37037037037037
30.0,660,28097000,22.0
12.0,200,28097200,16.666666666666668
35.0,788,28097988,22.514285714285716
20.0,377,28098365,18.85
15.0,325,28098690,21.666666666666668
35.0,770,28099460,22.0
24.0,441,28099901,18.375
48.0,1177,28101078,24.520833333333332
38.0,985,28102063,25.92105263157895
31.0,622,28102685,20.06451612903226
19.0,412,28103097,21.68421052631579
19.0,421,28103518,22.157894736842106
12.0,279,28103797,23.25
26.0,452,28104249,17.384615384615383
40.0,952,28105201,23.8
23.0,395,28105596,17.17391304347826
37.0,780,28106376,21.08108108108108
35.0,703,28107079,20.085714285714285
41.0,771,28107850,18.804878048780488
25.0,589,28108439,23.56
27.0,678,28109117,25.11111111111111
25.0,599,28109716,23.96
2.0,43,28109759,21.5
42.0,751,28110510,17.88095238095238
20.0,449,28110959,22.45
19.0,397,28111356,20.894736842105264
31.0,854,28112210,27.548387096774192
31.0,668,28112878,21.548387096774192
34.0,794,28113672,23.352941176470587
31.0,652,28114324,21.032258064516128
26.0,618,28114942,23.76923076923077
26.0,418,28115360,16.076923076923077
13.0,303,28115663,23.307692307692307
11.0,157,28115820,14.272727272727273
36.0,719,28116539,19.97222222222222
30.0,661,28117200,22.033333333333335
21.0,411,28117611,19.571428571428573
22.0,389,28118000,17.681818181818183
13.0,270,28118270,20.76923076923077
26.0,450,28118720,17.307692307692307
32.0,735,28119455,22.96875
33.0,694,28120149,21.03030303030303
29.0,584,28120733,20.137931034482758
28.0,512,28121245,18.285714285714285
5.0,130,28121375,26.0
49.0,1006,28122381,20.53061224489796
32.0,630,28123011,19.6875
16.0,274,28123285,17.125
39.0,917,28124202,23.512820512820515
34.0,784,28124986,23.058823529411764
21.0,386,28125372,18.38095238095238
30.0,628,28126000,20.933333333333334
23.0,424,28126424,18.434782608695652
30.0,593,28127017,19.766666666666666
23.0,438,28127455,19.043478260869566
23.0,452,28127907,19.652173913043477
42.0,1022,28128929,24.333333333333332
30.0,610,28129539,20.333333333333332
42.0,889,28130428,21.166666666666668
13.0,200,28130628,15.384615384615385
40.0,910,28131538,22.75
33.0,650,28132188,19.696969696969695
16.0,369,28132557,23.0625
8.0,154,28132711,19.25
8.0,648,28133359,81.0
31.0,612,28133971,19.741935483870968
14.0,271,28134242,19.357142857142858
43.0,800,28135042,18.6046511627907
44.0,1084,28136126,24.636363636363637
32.0,623,28136749,19.46875
23.0,411,28137160,17.869565217391305
2.0,103,28137263,51.5
28.0,655,28137918,23.392857142857142
20.0,444,28138362,22.2
38.0,839,28139201,22.07894736842105
28.0,632,28139833,22.571428571428573
15.0,313,28140146,20.866666666666667
40.0,914,28141060,22.85
34.0,815,28141875,23.970588235294116
25.0,684,28142559,27.36
25.0,539,28143098,21.56
42.0,1079,28144177,25.69047619047619
22.0,493,28144670,22.40909090909091
30.0,520,28145190,17.333333333333332
26.0,475,28145665,18.26923076923077
47.0,1002,28146667,21.319148936170212
9.0,107,28146774,11.88888888888889
21.0,441,28147215,21.0
18.0,380,28147595,21.11111111111111
30.0,629,28148224,20.966666666666665
15.0,351,28148575,23.4
36.0,772,28149347,21.444444444444443
38.0,848,28150195,22.31578947368421
15.0,284,28150479,18.933333333333334
37.0,850,28151329,22.972972972972972
40.0,932,28152261,23.3
22.0,475,28152736,21.59090909090909
35.0,743,28153479,21.228571428571428
48.0,1144,28154623,23.833333333333332
35.0,672,28155295,19.2
6.0,227,28155522,37.833333333333336
36.0,729,28156251,20.25
17.0,349,28156600,20.529411764705884
12.0,286,28156886,23.833333333333332
20.0,402,28157288,20.1
35.0,717,28158005,20.485714285714284
30.0,842,28158847,28.066666666666666
14.0,342,28159189,24.428571428571427
0.0,441,28159630,inf
20.0,444,28160074,22.2
42.0,988,28161062,23.523809523809526
35.0,867,28161929,24.771428571428572
40.0,844,28162773,21.1
25.0,389,28163162,15.56
23.0,679,28163841,29.52173913043478
20.0,356,28164197,17.8
23.0,414,28164611,18.0
33.0,557,28165168,16.87878787878788
27.0,526,28165694,19.48148148148148
32.0,530,28166224,16.5625
49.0,1129,28167353,23.040816326530614
24.0,420,28167773,17.5
54.0,1239,28169012,22.944444444444443
27.0,535,28169547,19.814814814814813
28.0,535,28170082,19.107142857142858
17.0,258,28170340,15.176470588235293
43.0,1001,28171341,23.27906976744186
39.0,872,28172213,22.358974358974358
7.0,123,28172336,17.571428571428573
19.0,358,28172694,18.842105263157894
25.0,493,28173187,19.72
22.0,433,28173620,19.681818181818183
47.0,1015,28174635,21.595744680851062
24.0,490,28175125,20.416666666666668
26.0,543,28175668,20.884615384615383
36.0,661,28176329,18.36111111111111
33.0,594,28176923,18.0
32.0,581,28177504,18.15625
40.0,868,28178372,21.7
40.0,856,28179228,21.4
48.0,1168,28180396,24.333333333333332
18.0,258,28180654,14.333333333333334
30.0,619,28181273,20.633333333333333
29.0,526,28181799,18.137931034482758
35.0,747,28182546,21.34285714285714
36.0,788,28183334,21.88888888888889
28.0,511,28183845,18.25
33.0,571,28184416,17.303030303030305
20.0,390,28184806,19.5
16.0,288,28185094,18.0
8.0,563,28185657,70.375
23.0,454,28186111,19.73913043478261
26.0,541,28186652,20.807692307692307
49.0,1324,28187976,27.020408163265305
40.0,889,28188865,22.225
21.0,424,28189289,20.19047619047619
42.0,1056,28190345,25.142857142857142
16.0,342,28190687,21.375
31.0,651,28191338,21.0
29.0,562,28191900,19.379310344827587
2.0,18,28191918,9.0
36.0,677,28192595,18.805555555555557
20.0,491,28193086,24.55
14.0,278,28193364,19.857142857142858
32.0,604,28193968,18.875
12.0,199,28194167,16.583333333333332
27.0,563,28194730,20.85185185185185
14.0,186,28194916,13.285714285714286
30.0,677,28195593,22.566666666666666
13.0,258,28195851,19.846153846153847
20.0,369,28196220,18.45
35.0,804,28197024,22.97142857142857
20.0,405,28197429,20.25
38.0,1053,28198482,27.710526315789473
17.0,291,28198773,17.11764705882353
30.0,667,28199440,22.233333333333334
21.0,458,28199898,21.80952380952381
10.0,303,28200201,30.3
21.0,427,28200628,20.333333333333332
45.0,990,28201618,22.0
14.0,268,28201886,19.142857142857142
19.0,419,28202305,22.05263157894737
33.0,662,28202967,20.060606060606062
25.0,545,28203512,21.8
29.0,577,28204089,19.896551724137932
37.0,767,28204856,20.72972972972973
47.0,1095,28205951,23.29787234042553
37.0,942,28206893,25.45945945945946
26.0,512,28207405,19.692307692307693
43.0,1043,28208448,24.25581395348837
23.0,607,28209055,26.391304347826086
13.0,218,28209273,16.76923076923077
32.0,674,28209947,21.0625
46.0,1108,28211055,24.08695652173913
30.0,617,28211672,20.566666666666666
26.0,584,28212256,22.46153846153846
37.0,775,28213031,20.945945945945947
29.0,527,28213558,18.17241379310345
16.0,404,28213962,25.25
36.0,726,28214688,20.166666666666668
35.0,901,28215589,25.742857142857144
27.0,615,28216204,22.77777777777778
16.0,360,28216564,22.5
29.0,680,28217244,23.448275862068964
21.0,428,28217672,20.38095238095238
25.0,583,28218255,23.32
12.0,196,28218451,16.333333333333332
16.0,268,28218719,16.75
23.0,574,28219293,24.956521739130434
32.0,573,28219866,17.90625
24.0,443,28220309,18.458333333333332
31.0,572,28220881,18.451612903225808
28.0,492,28221373,17.571428571428573
13.0,340,28221713,26.153846153846153
33.0,632,28222345,19.151515151515152
34.0,713,28223058,20.970588235294116
24.0,496,28223554,20.666666666666668
2.0,84,28223638,42.0
35.0,1003,28224641,28.65714285714286
18.0,364,28225005,20.22222222222222
32.0,753,28225758,23.53125
29.0,709,28226467,24.448275862068964
15.0,321,28226788,21.4
24.0,554,28227342,23.083333333333332
31.0,795,28228137,25.64516129032258
10.0,180,28228317,18.0
2.0,110,28228427,55.0
43.0,856,28229283,19.906976744186046
17.0,305,28229588,17.941176470588236
14.0,273,28229861,19.5
37.0,628,28230489,16.972972972972972
41.0,849,28231338,20.70731707317073
40.0,850,28232188,21.25
48.0,1178,28233366,24.541666666666668
43.0,1054,28234420,24.511627906976745
23.0,496,28234916,21.565217391304348
28.0,591,28235507,21.107142857142858
17.0,203,28235710,11.941176470588236
18.0,474,28236184,26.333333333333332
30.0,914,28237098,30.466666666666665
39.0,834,28237932,21.384615384615383
29.0,560,28238492,19.310344827586206
48.0,1275,28239767,26.5625
42.0,807,28240574,19.214285714285715
23.0,520,28241094,22.608695652173914
20.0,456,28241550,22.8
10.0,358,28241908,35.8
24.0,492,28242400,20.5
20.0,449,28242849,22.45
28.0,707,28243556,25.25
9.0,675,28244231,75.0
22.0,452,28244683,20.545454545454547
35.0,728,28245411,20.8
26.0,476,28245887,18.307692307692307
45.0,977,28246864,21.711111111111112
14.0,278,28247142,19.857142857142858
24.0,383,28247525,15.958333333333334
17.0,269,28247794,15.823529411764707
20.0,398,28248192,19.9
23.0,469,28248661,20.391304347826086
39.0,750,28249411,19.23076923076923
33.0,621,28250032,18.818181818181817
24.0,531,28250563,22.125
28.0,620,28251183,22.142857142857142
12.0,310,28251493,25.833333333333332
34.0,655,28252148,19.264705882352942
12.0,275,28252423,22.916666666666668
47.0,1180,28253603,25.106382978723403
30.0,608,28254211,20.266666666666666
33.0,704,28254915,21.333333333333332
30.0,549,28255464,18.3
26.0,544,28256008,20.923076923076923
34.0,742,28256750,21.823529411764707
39.0,1162,28257912,29.794871794871796
24.0,547,28258459,22.791666666666668
22.0,394,28258853,17.90909090909091
29.0,600,28259453,20.689655172413794
15.0,334,28259787,22.266666666666666
35.0,776,28260563,22.17142857142857
27.0,594,28261157,22.0
36.0,868,28262025,24.11111111111111
35.0,849,28262874,24.257142857142856
39.0,771,28263645,19.76923076923077
15.0,273,28263918,18.2
49.0,1180,28265098,24.081632653061224
45.0,930,28266028,20.666666666666668
41.0,857,28266885,20.902439024390244
29.0,551,28267436,19.0
25.0,481,28267917,19.24
38.0,892,28268809,23.473684210526315
31.0,790,28269599,25.483870967741936
41.0,893,28270492,21.78048780487805
34.0,745,28271237,21.91176470588235
28.0,639,28271876,22.821428571428573
27.0,696,28272572,25.77777777777778
28.0,619,28273191,22.107142857142858
23.0,420,28273611,18.26086956521739
22.0,568,28274179,25.818181818181817
13.0,242,28274421,18.615384615384617
12.0,259,28274680,21.583333333333332
13.0,223,28274903,17.153846153846153
2.0,66,28274969,33.0
16.0,300,28275269,18.75
2.0,98,28275367,49.0
24.0,623,28275990,25.958333333333332
33.0,686,28276676,20.78787878787879
27.0,480,28277156,17.77777777777778
30.0,790,28277946,26.333333333333332
40.0,928,28278874,23.2
4.0,511,28279385,127.75
19.0,309,28279694,16.263157894736842
38.0,947,28280641,24.92105263157895
31.0,762,28281403,24.580645161290324
28.0,715,28282118,25.535714285714285
20.0,377,28282495,18.85
23.0,449,28282944,19.52173913043478
28.0,618,28283562,22.071428571428573
11.0,261,28283823,23.727272727272727
51.0,1134,28284957,22.235294117647058
32.0,785,28285742,24.53125
34.0,734,28286476,21.58823529411765
37.0,957,28287433,25.864864864864863
28.0,625,28288058,22.321428571428573
19.0,438,28288496,23.05263157894737
17.0,335,28288831,19.705882352941178
41.0,966,28289797,23.5609756097561
8.0,621,28290418,77.625
29.0,542,28290960,18.689655172413794
35.0,705,28291665,20.142857142857142
23.0,525,28292190,22.82608695652174
24.0,560,28292750,23.333333333333332
29.0,655,28293405,22.586206896551722
33.0,726,28294131,22.0
21.0,343,28294474,16.333333333333332
39.0,845,28295319,21.666666666666668
25.0,518,28295837,20.72
12.0,368,28296205,30.666666666666668
20.0,354,28296559,17.7
33.0,613,28297172,18.575757575757574
33.0,827,28297999,25.060606060606062
38.0,885,28298884,23.289473684210527
25.0,585,28299469,23.4
26.0,449,28299918,17.26923076923077
16.0,357,28300275,22.3125
12.0,173,28300448,14.416666666666666
11.0,152,28300600,13.818181818181818
32.0,620,28301220,19.375
28.0,693,28301913,24.75
38.0,707,28302620,18.605263157894736
32.0,717,28303337,22.40625
19.0,380,28303717,20.0
23.0,453,28304170,19.695652173913043
18.0,289,28304459,16.055555555555557
28.0,666,28305125,23.785714285714285
28.0,625,28305750,22.321428571428573
25.0,585,28306335,23.4
58.0,1369,28307704,23.603448275862068
28.0,565,28308269,20.178571428571427
26.0,505,28308774,19.423076923076923
33.0,858,28309632,26.0
25.0,375,28310007,15.0
35.0,801,28310808,22.885714285714286
46.0,750,28311558,16.304347826086957
11.0,205,28311763,18.636363636363637
39.0,731,28312494,18.743589743589745
20.0,374,28312868,18.7
26.0,417,28313285,16.03846153846154
5.0,87,28313372,17.4
29.0,461,28313833,15.89655172413793
52.0,1188,28315021,22.846153846153847
35.0,809,28315830,23.114285714285714
27.0,630,28316460,23.333333333333332
19.0,334,28316794,17.57894736842105
32.0,620,28317414,19.375
30.0,617,28318031,20.566666666666666
23.0,429,28318460,18.652173913043477
18.0,433,28318893,24.055555555555557
15.0,252,28319145,16.8
28.0,548,28319693,19.571428571428573
25.0,557,28320250,22.28
40.0,867,28321117,21.675
23.0,429,28321546,18.652173913043477
40.0,803,28322349,20.075
15.0,355,28322704,23.666666666666668
25.0,538,28323242,21.52
36.0,775,28324017,21.52777777777778
32.0,676,28324693,21.125
38.0,820,28325513,21.57894736842105
24.0,583,28326096,24.291666666666668
38.0,762,28326858,20.05263157894737
36.0,831,28327689,23.083333333333332
27.0,492,28328181,18.22222222222222
18.0,348,28328529,19.333333333333332
32.0,594,28329123,18.5625
16.0,301,28329424,18.8125
37.0,869,28330293,23.486486486486488
32.0,713,28331006,22.28125
19.0,358,28331364,18.842105263157894
25.0,456,28331820,18.24
35.0,736,28332556,21.02857142857143
29.0,631,28333187,21.75862068965517
44.0,853,28334040,19.386363636363637
8.0,153,28334193,19.125
45.0,990,28335183,22.0
26.0,587,28335770,22.576923076923077
36.0,710,28336480,19.72222222222222
27.0,584,28337064,21.62962962962963
38.0,830,28337894,21.842105263157894
38.0,668,28338562,17.57894736842105
36.0,870,28339432,24.166666666666668
23.0,491,28339923,21.347826086956523
23.0,436,28340359,18.956521739130434
12.0,300,28340659,25.0
48.0,1104,28341763,23.0
22.0,447,28342210,20.318181818181817
14.0,353,28342563,25.214285714285715
1.0,453,28343016,453.0
23.0,446,28343462,19.391304347826086
10.0,356,28343818,35.6
25.0,450,28344268,18.0
20.0,420,28344688,21.0
47.0,931,28345619,19.80851063829787
19.0,368,28345987,19.36842105263158
19.0,407,28346394,21.42105263157895
22.0,512,28346906,23.272727272727273
31.0,723,28347629,23.322580645161292
35.0,762,28348391,21.771428571428572
41.0,815,28349206,19.878048780487806
18.0,377,28349583,20.944444444444443
23.0,535,28350118,23.26086956521739
2.0,57,28350175,28.5
3.0,90,28350265,30.0
0.0,441,28350706,inf
21.0,392,28351098,18.666666666666668
39.0,991,28352089,25.41025641025641
29.0,558,28352647,19.24137931034483
21.0,381,28353028,18.142857142857142
10.0,142,28353170,14.2
25.0,441,28353611,17.64
42.0,789,28354400,18.785714285714285
33.0,638,28355038,19.333333333333332
26.0,571,28355609,21.96153846153846
20.0,378,28355987,18.9
29.0,588,28356575,20.275862068965516
15.0,303,28356878,20.2
35.0,914,28357792,26.114285714285714
34.0,683,28358475,20.08823529411765
19.0,461,28358936,24.263157894736842
29.0,593,28359529,20.448275862068964
30.0,530,28360059,17.666666666666668
44.0,1018,28361077,23.136363636363637
10.0,215,28361292,21.5
18.0,425,28361717,23.61111111111111
22.0,389,28362106,17.681818181818183
41.0,851,28362957,20.75609756097561
46.0,954,28363911,20.73913043478261
36.0,858,28364769,23.833333333333332
29.0,718,28365487,24.75862068965517
35.0,693,28366180,19.8
25.0,423,28366603,16.92
29.0,615,28367218,21.20689655172414
49.0,1040,28368258,21.224489795918366
13.0,271,28368529,20.846153846153847
17.0,386,28368915,22.705882352941178
37.0,814,28369729,22.0
44.0,1009,28370738,22.931818181818183
22.0,427,28371165,19.40909090909091
17.0,266,28371431,15.647058823529411
37.0,821,28372252,22.18918918918919
27.0,609,28372861,22.555555555555557
35.0,638,28373499,18.228571428571428
5.0,49,28373548,9.8
28.0,452,28374000,16.142857142857142
34.0,648,28374648,19.058823529411764
25.0,494,28375142,19.76
43.0,1047,28376189,24.348837209302324
16.0,229,28376418,14.3125
22.0,372,28376790,16.90909090909091
27.0,613,28377403,22.703703703703702
25.0,546,28377949,21.84
39.0,646,28378595,16.564102564102566
26.0,605,28379200,23.26923076923077
48.0,1487,28380687,30.979166666666668
9.0,147,28380834,16.333333333333332
24.0,467,28381301,19.458333333333332
23.0,617,28381918,26.82608695652174
37.0,964,28382882,26.054054054054053
30.0,619,28383501,20.633333333333333
31.0,675,28384176,21.774193548387096
32.0,714,28384890,22.3125
33.0,716,28385606,21.696969696969695
7.0,130,28385736,18.571428571428573
19.0,312,28386048,16.42105263157895
2.0,176,28386224,88.0
29.0,602,28386826,20.75862068965517
44.0,974,28387800,22.136363636363637
16.0,364,28388164,22.75
28.0,647,28388811,23.107142857142858
30.0,750,28389561,25.0
46.0,928,28390489,20.17391304347826
32.0,769,28391258,24.03125
25.0,531,28391789,21.24
8.0,161,28391950,20.125
18.0,380,28392330,21.11111111111111
52.0,1115,28393445,21.442307692307693
12.0,164,28393609,13.666666666666666
14.0,325,28393934,23.214285714285715
60.0,1305,28395239,21.75
21.0,417,28395656,19.857142857142858
20.0,440,28396096,22.0
8.0,153,28396249,19.125
37.0,780,28397029,21.08108108108108
32.0,705,28397734,22.03125
21.0,351,28398085,16.714285714285715
37.0,830,28398915,22.43243243243243
27.0,551,28399466,20.40740740740741
19.0,433,28399899,22.789473684210527
24.0,412,28400311,17.166666666666668
10.0,174,28400485,17.4
43.0,982,28401467,22.837209302325583
22.0,487,28401954,22.136363636363637
21.0,416,28402370,19.80952380952381
27.0,606,28402976,22.444444444444443
31.0,695,28403671,22.419354838709676
34.0,749,28404420,22.029411764705884
34.0,701,28405121,20.61764705882353
35.0,785,28405906,22.428571428571427
41.0,752,28406658,18.341463414634145
20.0,366,28407024,18.3
29.0,509,28407533,17.551724137931036
43.0,1013,28408546,23.558139534883722
16.0,383,28408929,23.9375
20.0,371,28409300,18.55
43.0,943,28410243,21.930232558139537
29.0,516,28410759,17.79310344827586
29.0,729,28411488,25.137931034482758
40.0,963,28412451,24.075
33.0,858,28413309,26.0
42.0,840,28414149,20.0
6.0,197,28414346,32.833333333333336
39.0,957,28415303,24.53846153846154
19.0,327,28415630,17.210526315789473
40.0,1037,28416667,25.925
43.0,1081,28417748,25.13953488372093
19.0,343,28418091,18.05263157894737
20.0,377,28418468,18.85
15.0,298,28418766,19.866666666666667
33.0,750,28419516,22.727272727272727
14.0,223,28419739,15.928571428571429
36.0,889,28420628,24.694444444444443
23.0,372,28421000,16.17391304347826
37.0,777,28421777,21.0
17.0,313,28422090,18.41176470588235
33.0,737,28422827,22.333333333333332
30.0,679,28423506,22.633333333333333
29.0,595,28424101,20.517241379310345
26.0,627,28424728,24.115384615384617
33.0,681,28425409,20.636363636363637
37.0,718,28426127,19.405405405405407
12.0,196,28426323,16.333333333333332
36.0,1019,28427342,28.305555555555557
34.0,674,28428016,19.823529411764707
23.0,625,28428641,27.17391304347826
11.0,195,28428836,17.727272727272727
15.0,322,28429158,21.466666666666665
21.0,843,28430001,40.142857142857146
50.0,1192,28431193,23.84
33.0,724,28431917,21.939393939393938
0.0,441,28432358,inf
40.0,892,28433250,22.3
18.0,355,28433605,19.72222222222222
26.0,711,28434316,27.346153846153847
21.0,396,28434712,18.857142857142858
29.0,543,28435255,18.724137931034484
34.0,879,28436134,25.852941176470587
17.0,280,28436414,16.470588235294116
53.0,1103,28437517,20.81132075471698
38.0,913,28438430,24.026315789473685
33.0,733,28439163,22.21212121212121
40.0,1074,28440237,26.85
10.0,93,28440330,9.3
23.0,448,28440778,19.47826086956522
40.0,791,28441569,19.775
31.0,807,28442376,26.032258064516128
25.0,443,28442819,17.72
38.0,915,28443734,24.07894736842105
45.0,871,28444605,19.355555555555554
14.0,271,28444876,19.357142857142858
40.0,880,28445756,22.0
10.0,148,28445904,14.8
22.0,497,28446401,22.59090909090909
19.0,343,28446744,18.05263157894737
54.0,1282,28448026,23.74074074074074
47.0,1142,28449168,24.29787234042553
30.0,643,28449811,21.433333333333334
14.0,312,28450123,22.285714285714285
28.0,598,28450721,21.357142857142858
30.0,589,28451310,19.633333333333333
34.0,697,28452007,20.5
41.0,913,28452920,22.26829268292683
25.0,463,28453383,18.52
15.0,255,28453638,17.0
30.0,551,28454189,18.366666666666667
13.0,274,28454463,21.076923076923077
33.0,762,28455225,23.09090909090909
14.0,238,28455463,17.0
39.0,842,28456305,21.58974358974359
25.0,549,28456854,21.96
30.0,706,28457560,23.533333333333335
17.0,316,28457876,18.58823529411765
36.0,814,28458690,22.61111111111111
29.0,596,28459286,20.551724137931036
38.0,768,28460054,20.210526315789473
22.0,486,28460540,22.09090909090909
2.0,107,28460647,53.5
30.0,567,28461214,18.9
33.0,682,28461896,20.666666666666668
20.0,423,28462319,21.15
32.0,820,28463139,25.625
31.0,587,28463726,18.93548387096774
18.0,514,28464240,28.555555555555557
20.0,383,28464623,19.15
37.0,743,28465366,20.08108108108108
17.0,260,28465626,15.294117647058824
24.0,519,28466145,21.625
41.0,1100,28467245,26.829268292682926
8.0,159,28467404,19.875
22.0,435,28467839,19.772727272727273
19.0,422,28468261,22.210526315789473
28.0,657,28468918,23.464285714285715
38.0,882,28469800,23.210526315789473
30.0,550,28470350,18.333333333333332
16.0,430,28470780,26.875
45.0,1126,28471906,25.022222222222222
14.0,285,28472191,20.357142857142858
24.0,455,28472646,18.958333333333332
26.0,670,28473316,25.76923076923077
37.0,753,28474069,20.35135135135135
17.0,395,28474464,23.235294117647058
37.0,872,28475336,23.56756756756757
14.0,228,28475564,16.285714285714285
21.0,454,28476018,21.61904761904762
30.0,896,28476914,29.866666666666667
7.0,119,28477033,17.0
24.0,554,28477587,23.083333333333332
25.0,722,28478309,28.88
43.0,940,28479249,21.86046511627907
18.0,426,28479675,23.666666666666668
10.0,248,28479923,24.8
34.0,717,28480640,21.08823529411765
0.0,31,28480671,inf
32.0,676,28481347,21.125
1.0,490,28481837,490.0
18.0,384,28482221,21.333333333333332
21.0,492,28482713,23.428571428571427
7.0,133,28482846,19.0
35.0,676,28483522,19.314285714285713
22.0,411,28483933,18.681818181818183
16.0,393,28484326,24.5625
12.0,319,28484645,26.583333333333332
7.0,167,28484812,23.857142857142858
15.0,306,28485118,20.4
1.0,29,28485147,29.0
18.0,437,28485584,24.27777777777778
7.0,185,28485769,26.428571428571427
5.0,161,28485930,32.2
4.0,186,28486116,46.5
12.0,294,28486410,24.5
23.0,645,28487055,28.043478260869566
26.0,651,28487706,25.03846153846154
19.0,429,28488135,22.57894736842105
33.0,899,28489034,27.242424242424242
13.0,317,28489351,24.384615384615383
14.0,348,28489699,24.857142857142858
3.0,84,28489783,28.0
25.0,598,28490381,23.92
5.0,158,28490539,31.6
12.0,286,28490825,23.833333333333332
17.0,410,28491235,24.11764705882353
15.0,386,28491621,25.733333333333334
8.0,182,28491803,22.75
14.0,306,28492109,21.857142857142858
19.0,385,28492494,20.263157894736842
8.0,119,28492613,14.875
14.0,336,28492949,24.0
20.0,452,28493401,22.6
16.0,440,28493841,27.5
9.0,323,28494164,35.888888888888886
33.0,795,28494959,24.09090909090909
16.0,347,28495306,21.6875
9.0,164,28495470,18.22222222222222
8.0,169,28495639,21.125
16.0,386,28496025,24.125
6.0,127,28496152,21.166666666666668
19.0,465,28496617,24.473684210526315
8.0,207,28496824,25.875
7.0,221,28497045,31.571428571428573
21.0,466,28497511,22.19047619047619
8.0,232,28497743,29.0
2.0,84,28497827,42.0
7.0,188,28498015,26.857142857142858
13.0,280,28498295,21.53846153846154
18.0,495,28498790,27.5
3.0,153,28498943,51.0
16.0,366,28499309,22.875
9.0,204,28499513,22.666666666666668
15.0,229,28499742,15.266666666666667
20.0,682,28500424,34.1
7.0,114,28500538,16.285714285714285
13.0,287,28500825,22.076923076923077
8.0,187,28501012,23.375
11.0,348,28501360,31.636363636363637
21.0,571,28501931,27.19047619047619
21.0,491,28502422,23.38095238095238
7.0,196,28502618,28.0
12.0,289,28502907,24.083333333333332
4.0,119,28503026,29.75
11.0,328,28503354,29.818181818181817
9.0,195,28503549,21.666666666666668
15.0,299,28503848,19.933333333333334
1.0,25,28503873,25.0
27.0,641,28504514,23.74074074074074
4.0,106,28504620,26.5
1.0,45,28504665,45.0
17.0,367,28505032,21.58823529411765
15.0,422,28505454,28.133333333333333
17.0,426,28505880,25.058823529411764
26.0,491,28506371,18.884615384615383
3.0,66,28506437,22.0
20.0,435,28506872,21.75
22.0,494,28507366,22.454545454545453
7.0,171,28507537,24.428571428571427
16.0,446,28507983,27.875
12.0,365,28508348,30.416666666666668
10.0,221,28508569,22.1
10.0,276,28508845,27.6
9.0,230,28509075,25.555555555555557
10.0,210,28509285,21.0
8.0,202,28509487,25.25
7.0,187,28509674,26.714285714285715
15.0,354,28510028,23.6
10.0,204,28510232,20.4
24.0,509,28510741,21.208333333333332
36.0,860,28511601,23.88888888888889
6.0,230,28511831,38.333333333333336
0.0,27,28511858,inf
24.0,456,28512314,19.0
12.0,276,28512590,23.0
18.0,508,28513098,28.22222222222222
18.0,321,28513419,17.833333333333332
6.0,92,28513511,15.333333333333334
10.0,170,28513681,17.0
10.0,240,28513921,24.0
14.0,360,28514281,25.714285714285715
7.0,94,28514375,13.428571428571429
18.0,429,28514804,23.833333333333332
10.0,242,28515046,24.2
21.0,468,28515514,22.285714285714285
11.0,207,28515721,18.818181818181817
8.0,199,28515920,24.875
15.0,279,28516199,18.6
17.0,400,28516599,23.529411764705884
8.0,210,28516809,26.25
14.0,371,28517180,26.5
8.0,155,28517335,19.375
9.0,152,28517487,16.88888888888889
12.0,212,28517699,17.666666666666668
20.0,622,28518321,31.1
12.0,303,28518624,25.25
6.0,104,28518728,17.333333333333332
6.0,163,28518891,27.166666666666668
20.0,498,28519389,24.9
15.0,275,28519664,18.333333333333332
30.0,649,28520313,21.633333333333333
14.0,275,28520588,19.642857142857142
8.0,282,28520870,35.25
31.0,762,28521632,24.580645161290324
12.0,179,28521811,14.916666666666666
2.0,41,28521852,20.5
21.0,505,28522357,24.047619047619047
14.0,377,28522734,26.928571428571427
23.0,589,28523323,25.608695652173914
16.0,300,28523623,18.75
1.0,34,28523657,34.0
11.0,300,28523957,27.272727272727273
1.0,83,28524040,83.0
11.0,247,28524287,22.454545454545453
16.0,358,28524645,22.375
18.0,521,28525166,28.944444444444443
24.0,553,28525719,23.041666666666668
16.0,497,28526216,31.0625
15.0,358,28526574,23.866666666666667
15.0,319,28526893,21.266666666666666
13.0,392,28527285,30.153846153846153
5.0,74,28527359,14.8
16.0,489,28527848,30.5625
29.0,616,28528464,21.24137931034483
14.0,239,28528703,17.071428571428573
2.0,44,28528747,22.0
11.0,192,28528939,17.454545454545453
22.0,442,28529381,20.09090909090909
19.0,467,28529848,24.57894736842105
2.0,84,28529932,42.0
15.0,357,28530289,23.8
20.0,476,28530765,23.8
12.0,224,28530989,18.666666666666668
8.0,233,28531222,29.125
23.0,477,28531699,20.73913043478261
15.0,291,28531990,19.4
19.0,456,28532446,24.0
15.0,422,28532868,28.133333333333333
9.0,188,28533056,20.88888888888889
12.0,296,28533352,24.666666666666668
17.0,400,28533752,23.529411764705884
4.0,131,28533883,32.75
28.0,583,28534466,20.821428571428573
13.0,404,28534870,31.076923076923077
22.0,476,28535346,21.636363636363637
10.0,175,28535521,17.5
16.0,416,28535937,26.0
34.0,789,28536726,23.205882352941178
6.0,136,28536862,22.666666666666668
15.0,322,28537184,21.466666666666665
13.0,217,28537401,16.692307692307693
8.0,159,28537560,19.875
6.0,89,28537649,14.833333333333334
2.0,28,28537677,14.0
16.0,292,28537969,18.25
36.0,896,28538865,24.88888888888889
20.0,467,28539332,23.35
6.0,184,28539516,30.666666666666668
17.0,440,28539956,25.88235294117647
16.0,378,28540334,23.625
18.0,476,28540810,26.444444444444443
9.0,244,28541054,27.11111111111111
24.0,493,28541547,20.541666666666668
16.0,399,28541946,24.9375
6.0,180,28542126,30.0
3.0,69,28542195,23.0
22.0,474,28542669,21.545454545454547
25.0,587,28543256,23.48
24.0,460,28543716,19.166666666666668
28.0,653,28544369,23.321428571428573
16.0,313,28544682,19.5625
13.0,280,28544962,21.53846153846154
13.0,329,28545291,25.307692307692307
19.0,501,28545792,26.36842105263158
2.0,50,28545842,25.0
27.0,688,28546530,25.48148148148148
16.0,506,28547036,31.625
12.0,170,28547206,14.166666666666666
7.0,240,28547446,34.285714285714285
10.0,182,28547628,18.2
23.0,455,28548083,19.782608695652176
14.0,182,28548265,13.0
21.0,395,28548660,18.80952380952381
14.0,449,28549109,32.07142857142857
13.0,312,28549421,24.0
12.0,255,28549676,21.25
10.0,187,28549863,18.7
14.0,299,28550162,21.357142857142858
5.0,168,28550330,33.6
17.0,331,28550661,19.470588235294116
8.0,174,28550835,21.75
17.0,479,28551314,28.176470588235293
15.0,382,28551696,25.466666666666665
9.0,250,28551946,27.77777777777778
6.0,67,28552013,11.166666666666666
18.0,442,28552455,24.555555555555557
4.0,109,28552564,27.25
7.0,183,28552747,26.142857142857142
15.0,302,28553049,20.133333333333333
11.0,226,28553275,20.545454545454547
2.0,69,28553344,34.5
0.0,56,28553400,inf
22.0,397,28553797,18.045454545454547
7.0,207,28554004,29.571428571428573
21.0,457,28554461,21.761904761904763
15.0,310,28554771,20.666666666666668
21.0,601,28555372,28.61904761904762
9.0,257,28555629,28.555555555555557
15.0,324,28555953,21.6
15.0,464,28556417,30.933333333333334
3.0,82,28556499,27.333333333333332
12.0,207,28556706,17.25
23.0,502,28557208,21.82608695652174
14.0,330,28557538,23.571428571428573
2.0,73,28557611,36.5
11.0,194,28557805,17.636363636363637
22.0,525,28558330,23.863636363636363
8.0,192,28558522,24.0
9.0,245,28558767,27.22222222222222
0.0,107,28558874,inf
13.0,312,28559186,24.0
14.0,524,28559710,37.42857142857143
1.0,50,28559760,50.0
12.0,256,28560016,21.333333333333332
15.0,389,28560405,25.933333333333334
16.0,398,28560803,24.875
20.0,468,28561271,23.4
10.0,201,28561472,20.1
8.0,221,28561693,27.625
23.0,628,28562321,27.304347826086957
19.0,469,28562790,24.68421052631579
8.0,163,28562953,20.375
27.0,657,28563610,24.333333333333332
20.0,540,28564150,27.0
21.0,487,28564637,23.19047619047619
16.0,453,28565090,28.3125
20.0,480,28565570,24.0
20.0,495,28566065,24.75
16.0,400,28566465,25.0
8.0,258,28566723,32.25
3.0,127,28566850,42.333333333333336
4.0,119,28566969,29.75
21.0,659,28567628,31.38095238095238
10.0,225,28567853,22.5
28.0,607,28568460,21.678571428571427
4.0,125,28568585,31.25
27.0,751,28569336,27.814814814814813
14.0,305,28569641,21.785714285714285
14.0,280,28569921,20.0
16.0,407,28570328,25.4375
16.0,307,28570635,19.1875
6.0,158,28570793,26.333333333333332
22.0,449,28571242,20.40909090909091
3.0,40,28571282,13.333333333333334
15.0,298,28571580,19.866666666666667
8.0,183,28571763,22.875
13.0,266,28572029,20.46153846153846
15.0,343,28572372,22.866666666666667
7.0,162,28572534,23.142857142857142
20.0,454,28572988,22.7
22.0,417,28573405,18.954545454545453
21.0,490,28573895,23.333333333333332
25.0,479,28574374,19.16
28.0,670,28575044,23.928571428571427
10.0,185,28575229,18.5
11.0,253,28575482,23.0
8.0,265,28575747,33.125
2.0,59,28575806,29.5
30.0,847,28576653,28.233333333333334
24.0,559,28577212,23.291666666666668
18.0,455,28577667,25.27777777777778
14.0,253,28577920,18.071428571428573
7.0,212,28578132,30.285714285714285
25.0,632,28578764,25.28
17.0,402,28579166,23.647058823529413
15.0,323,28579489,21.533333333333335
2.0,133,28579622,66.5
26.0,732,28580354,28.153846153846153
18.0,386,28580740,21.444444444444443
3.0,76,28580816,25.333333333333332
13.0,223,28581039,17.153846153846153
22.0,553,28581592,25.136363636363637
17.0,284,28581876,16.705882352941178
11.0,241,28582117,21.90909090909091
9.0,212,28582329,23.555555555555557
18.0,363,28582692,20.166666666666668
14.0,344,28583036,24.571428571428573
17.0,431,28583467,25.352941176470587
14.0,265,28583732,18.928571428571427
18.0,369,28584101,20.5
23.0,549,28584650,23.869565217391305
14.0,275,28584925,19.642857142857142
19.0,407,28585332,21.42105263157895
14.0,291,28585623,20.785714285714285
40.0,1079,28586702,26.975
16.0,380,28587082,23.75
22.0,330,28587412,15.0
9.0,182,28587594,20.22222222222222
24.0,592,28588186,24.666666666666668
16.0,334,28588520,20.875
13.0,326,28588846,25.076923076923077
14.0,268,28589114,19.142857142857142
11.0,319,28589433,29.0
18.0,295,28589728,16.38888888888889
24.0,496,28590224,20.666666666666668
25.0,556,28590780,22.24
5.0,117,28590897,23.4
19.0,488,28591385,25.68421052631579
22.0,515,28591900,23.40909090909091
14.0,290,28592190,20.714285714285715
28.0,709,28592899,25.321428571428573
15.0,341,28593240,22.733333333333334
8.0,103,28593343,12.875
12.0,241,28593584,20.083333333333332
14.0,396,28593980,28.285714285714285
20.0,352,28594332,17.6
14.0,366,28594698,26.142857142857142
12.0,222,28594920,18.5
1.0,43,28594963,43.0
5.0,116,28595079,23.2
13.0,342,28595421,26.307692307692307
18.0,494,28595915,27.444444444444443
25.0,627,28596542,25.08
26.0,592,28597134,22.76923076923077
20.0,495,28597629,24.75
5.0,101,28597730,20.2
14.0,306,28598036,21.857142857142858
3.0,124,28598160,41.333333333333336
21.0,570,28598730,27.142857142857142
20.0,594,28599324,29.7
12.0,320,28599644,26.666666666666668
5.0,108,28599752,21.6
16.0,431,28600183,26.9375
12.0,256,28600439,21.333333333333332
19.0,447,28600886,23.526315789473685
16.0,301,28601187,18.8125
10.0,195,28601382,19.5
20.0,442,28601824,22.1
1.0,22,28601846,22.0
4.0,91,28601937,22.75
24.0,622,28602559,25.916666666666668
6.0,144,28602703,24.0
9.0,225,28602928,25.0
19.0,371,28603299,19.526315789473685
14.0,339,28603638,24.214285714285715
23.0,595,28604233,25.869565217391305
22.0,596,28604829,27.09090909090909
11.0,191,28605020,17.363636363636363
14.0,275,28605295,19.642857142857142
34.0,920,28606215,27.058823529411764
14.0,292,28606507,20.857142857142858
16.0,492,28606999,30.75
23.0,533,28607532,23.17391304347826
18.0,347,28607879,19.27777777777778
17.0,426,28608305,25.058823529411764
14.0,412,28608717,29.428571428571427
23.0,603,28609320,26.217391304347824
6.0,164,28609484,27.333333333333332
10.0,193,28609677,19.3
24.0,632,28610309,26.333333333333332
19.0,502,28610811,26.42105263157895
4.0,158,28610969,39.5
18.0,264,28611233,14.666666666666666
27.0,675,28611908,25.0
17.0,444,28612352,26.11764705882353
17.0,342,28612694,20.11764705882353
15.0,328,28613022,21.866666666666667
12.0,205,28613227,17.083333333333332
7.0,243,28613470,34.714285714285715
18.0,432,28613902,24.0
0.0,25,28613927,inf
24.0,498,28614425,20.75
26.0,552,28614977,21.23076923076923
15.0,402,28615379,26.8
10.0,173,28615552,17.3
12.0,256,28615808,21.333333333333332
23.0,555,28616363,24.130434782608695
13.0,299,28616662,23.0
8.0,223,28616885,27.875
14.0,472,28617357,33.714285714285715
18.0,456,28617813,25.333333333333332
9.0,227,28618040,25.22222222222222
4.0,117,28618157,29.25
12.0,283,28618440,23.583333333333332
14.0,274,28618714,19.571428571428573
31.0,660,28619374,21.29032258064516
13.0,269,28619643,20.692307692307693
12.0,210,28619853,17.5
2.0,57,28619910,28.5
11.0,227,28620137,20.636363636363637
10.0,288,28620425,28.8
18.0,456,28620881,25.333333333333332
4.0,124,28621005,31.0
10.0,253,28621258,25.3
7.0,162,28621420,23.142857142857142
6.0,165,28621585,27.5
17.0,438,28622023,25.764705882352942
10.0,262,28622285,26.2
10.0,155,28622440,15.5
6.0,208,28622648,34.666666666666664
9.0,233,28622881,25.88888888888889
18.0,370,28623251,20.555555555555557
14.0,338,28623589,24.142857142857142
11.0,190,28623779,17.272727272727273
19.0,457,28624236,24.05263157894737
4.0,168,28624404,42.0
19.0,477,28624881,25.105263157894736
13.0,382,28625263,29.384615384615383
11.0,258,28625521,23.454545454545453
15.0,314,28625835,20.933333333333334
6.0,156,28625991,26.0
24.0,601,28626592,25.041666666666668
14.0,256,28626848,18.285714285714285
23.0,579,28627427,25.17391304347826
1.0,68,28627495,68.0
11.0,236,28627731,21.454545454545453
16.0,284,28628015,17.75
12.0,315,28628330,26.25
11.0,323,28628653,29.363636363636363
23.0,510,28629163,22.17391304347826
13.0,279,28629442,21.46153846153846
17.0,402,28629844,23.647058823529413
5.0,140,28629984,28.0
17.0,294,28630278,17.294117647058822
11.0,142,28630420,12.909090909090908
5.0,124,28630544,24.8
16.0,336,28630880,21.0
19.0,597,28631477,31.42105263157895
16.0,382,28631859,23.875
6.0,181,28632040,30.166666666666668
3.0,53,28632093,17.666666666666668
15.0,384,28632477,25.6
11.0,264,28632741,24.0
18.0,506,28633247,28.11111111111111
18.0,346,28633593,19.22222222222222
18.0,408,28634001,22.666666666666668
17.0,432,28634433,25.41176470588235
5.0,108,28634541,21.6
18.0,448,28634989,24.88888888888889
18.0,305,28635294,16.944444444444443
3.0,133,28635427,44.333333333333336
13.0,229,28635656,17.615384615384617
3.0,61,28635717,20.333333333333332
23.0,486,28636203,21.130434782608695
13.0,183,28636386,14.076923076923077
16.0,282,28636668,17.625
13.0,231,28636899,17.76923076923077
13.0,272,28637171,20.923076923076923
32.0,810,28637981,25.3125
3.0,115,28638096,38.333333333333336
15.0,331,28638427,22.066666666666666
14.0,490,28638917,35.0
20.0,401,28639318,20.05
11.0,264,28639582,24.0
32.0,840,28640422,26.25
12.0,351,28640773,29.25
24.0,527,28641300,21.958333333333332
24.0,578,28641878,24.083333333333332
15.0,362,28642240,24.133333333333333
25.0,658,28642898,26.32
21.0,460,28643358,21.904761904761905
11.0,368,28643726,33.45454545454545
12.0,242,28643968,20.166666666666668
22.0,524,28644492,23.818181818181817
11.0,266,28644758,24.181818181818183
18.0,380,28645138,21.11111111111111
17.0,406,28645544,23.88235294117647
18.0,523,28646067,29.055555555555557
13.0,316,28646383,24.307692307692307
9.0,192,28646575,21.333333333333332
6.0,121,28646696,20.166666666666668
20.0,527,28647223,26.35
7.0,146,28647369,20.857142857142858
20.0,469,28647838,23.45
17.0,399,28648237,23.470588235294116
15.0,334,28648571,22.266666666666666
15.0,272,28648843,18.133333333333333
28.0,671,28649514,23.964285714285715
14.0,321,28649835,22.928571428571427
4.0,84,28649919,21.0
19.0,360,28650279,18.94736842105263
10.0,259,28650538,25.9
19.0,250,28650788,13.157894736842104
13.0,346,28651134,26.615384615384617
11.0,364,28651498,33.09090909090909
23.0,589,28652087,25.608695652173914
8.0,232,28652319,29.0
34.0,636,28652955,18.705882352941178
10.0,319,28653274,31.9
14.0,276,28653550,19.714285714285715
13.0,251,28653801,19.307692307692307
20.0,377,28654178,18.85
22.0,439,28654617,19.954545454545453
20.0,441,28655058,22.05
18.0,461,28655519,25.61111111111111
11.0,177,28655696,16.09090909090909
16.0,374,28656070,23.375
16.0,386,28656456,24.125
22.0,518,28656974,23.545454545454547
11.0,182,28657156,16.545454545454547
26.0,757,28657913,29.115384615384617
33.0,851,28658764,25.78787878787879
17.0,360,28659124,21.176470588235293
16.0,351,28659475,21.9375
21.0,594,28660069,28.285714285714285
11.0,224,28660293,20.363636363636363
15.0,382,28660675,25.466666666666665
17.0,411,28661086,24.176470588235293
12.0,340,28661426,28.333333333333332
7.0,169,28661595,24.142857142857142
5.0,125,28661720,25.0
24.0,539,28662259,22.458333333333332
39.0,806,28663065,20.666666666666668
11.0,280,28663345,25.454545454545453
21.0,573,28663918,27.285714285714285
18.0,466,28664384,25.88888888888889
13.0,259,28664643,19.923076923076923
8.0,213,28664856,26.625
16.0,277,28665133,17.3125
16.0,457,28665590,28.5625
6.0,106,28665696,17.666666666666668
11.0,222,28665918,20.181818181818183
27.0,534,28666452,19.77777777777778
20.0,483,28666935,24.15
17.0,360,28667295,21.176470588235293
11.0,276,28667571,25.09090909090909
9.0,212,28667783,23.555555555555557
18.0,384,28668167,21.333333333333332
9.0,286,28668453,31.77777777777778
16.0,234,28668687,14.625
11.0,413,28669100,37.54545454545455
14.0,332,28669432,23.714285714285715
6.0,79,28669511,13.166666666666666
16.0,268,28669779,16.75
16.0,508,28670287,31.75
25.0,496,28670783,19.84
15.0,391,28671174,26.066666666666666
36.0,824,28671998,22.88888888888889
13.0,253,28672251,19.46153846153846
5.0,83,28672334,16.6
20.0,577,28672911,28.85
20.0,422,28673333,21.1
4.0,71,28673404,17.75
0.0,21,28673425,inf
34.0,842,28674267,24.764705882352942
6.0,141,28674408,23.5
15.0,319,28674727,21.266666666666666
10.0,272,28674999,27.2
20.0,561,28675560,28.05
22.0,489,28676049,22.227272727272727
24.0,603,28676652,25.125
15.0,332,28676984,22.133333333333333
17.0,391,28677375,23.0
30.0,754,28678129,25.133333333333333
15.0,411,28678540,27.4
16.0,350,28678890,21.875
29.0,502,28679392,17.310344827586206
10.0,309,28679701,30.9
15.0,291,28679992,19.4
11.0,269,28680261,24.454545454545453
9.0,174,28680435,19.333333333333332
14.0,271,28680706,19.357142857142858
15.0,352,28681058,23.466666666666665
19.0,475,28681533,25.0
6.0,157,28681690,26.166666666666668
9.0,247,28681937,27.444444444444443
4.0,132,28682069,33.0
20.0,509,28682578,25.45
13.0,359,28682937,27.615384615384617
18.0,395,28683332,21.944444444444443
14.0,323,28683655,23.071428571428573
17.0,382,28684037,22.470588235294116
12.0,210,28684247,17.5
28.0,781,28685028,27.892857142857142
15.0,422,28685450,28.133333333333333
16.0,345,28685795,21.5625
5.0,175,28685970,35.0
15.0,336,28686306,22.4
23.0,592,28686898,25.73913043478261
7.0,148,28687046,21.142857142857142
8.0,285,28687331,35.625
9.0,244,28687575,27.11111111111111
15.0,415,28687990,27.666666666666668
11.0,326,28688316,29.636363636363637
20.0,483,28688799,24.15
14.0,355,28689154,25.357142857142858
17.0,323,28689477,19.0
14.0,432,28689909,30.857142857142858
12.0,390,28690299,32.5
20.0,467,28690766,23.35
14.0,395,28691161,28.214285714285715
15.0,337,28691498,22.466666666666665
5.0,59,28691557,11.8
24.0,465,28692022,19.375
8.0,243,28692265,30.375
7.0,98,28692363,14.0
17.0,445,28692808,26.176470588235293
20.0,543,28693351,27.15
14.0,235,28693586,16.785714285714285
13.0,308,28693894,23.692307692307693
16.0,345,28694239,21.5625
12.0,189,28694428,15.75
25.0,516,28694944,20.64
8.0,188,28695132,23.5
8.0,188,28695320,23.5
7.0,152,28695472,21.714285714285715
24.0,513,28695985,21.375
10.0,178,28696163,17.8
10.0,362,28696525,36.2
9.0,278,28696803,30.88888888888889
18.0,414,28697217,23.0
32.0,929,28698146,29.03125
7.0,139,28698285,19.857142857142858
23.0,518,28698803,22.52173913043478
24.0,599,28699402,24.958333333333332
30.0,775,28700177,25.833333333333332
12.0,188,28700365,15.666666666666666
11.0,366,28700731,33.27272727272727
12.0,337,28701068,28.083333333333332
8.0,226,28701294,28.25
15.0,433,28701727,28.866666666666667
20.0,417,28702144,20.85
18.0,465,28702609,25.833333333333332
13.0,313,28702922,24.076923076923077
13.0,299,28703221,23.0
6.0,190,28703411,31.666666666666668
10.0,294,28703705,29.4
21.0,394,28704099,18.761904761904763
18.0,413,28704512,22.944444444444443
17.0,276,28704788,16.235294117647058
6.0,159,28704947,26.5
10.0,221,28705168,22.1
14.0,418,28705586,29.857142857142858
17.0,410,28705996,24.11764705882353
0.0,22,28706018,inf
9.0,223,28706241,24.77777777777778
14.0,314,28706555,22.428571428571427
12.0,218,28706773,18.166666666666668
13.0,247,28707020,19.0
24.0,665,28707685,27.708333333333332
14.0,314,28707999,22.428571428571427
23.0,581,28708580,25.26086956521739
26.0,663,28709243,25.5
16.0,361,28709604,22.5625
18.0,314,28709918,17.444444444444443
18.0,432,28710350,24.0
8.0,164,28710514,20.5
24.0,540,28711054,22.5
2.0,66,28711120,33.0
10.0,176,28711296,17.6
20.0,573,28711869,28.65
25.0,515,28712384,20.6
25.0,564,28712948,22.56
25.0,539,28713487,21.56
1.0,43,28713530,43.0
15.0,401,28713931,26.733333333333334
27.0,561,28714492,20.77777777777778
9.0,250,28714742,27.77777777777778
7.0,153,28714895,21.857142857142858
35.0,811,28715706,23.17142857142857
31.0,877,28716583,28.29032258064516
22.0,562,28717145,25.545454545454547
25.0,537,28717682,21.48
20.0,648,28718330,32.4
23.0,547,28718877,23.782608695652176
24.0,388,28719265,16.166666666666668
23.0,515,28719780,22.391304347826086
7.0,131,28719911,18.714285714285715
26.0,573,28720484,22.03846153846154
16.0,379,28720863,23.6875
15.0,264,28721127,17.6
20.0,550,28721677,27.5
25.0,697,28722374,27.88
28.0,718,28723092,25.642857142857142
4.0,90,28723182,22.5
9.0,227,28723409,25.22222222222222
21.0,449,28723858,21.38095238095238
16.0,304,28724162,19.0
24.0,589,28724751,24.541666666666668
24.0,535,28725286,22.291666666666668
9.0,148,28725434,16.444444444444443
18.0,444,28725878,24.666666666666668
16.0,364,28726242,22.75
8.0,117,28726359,14.625
27.0,753,28727112,27.88888888888889
8.0,209,28727321,26.125
6.0,137,28727458,22.833333333333332
22.0,441,28727899,20.045454545454547
6.0,114,28728013,19.0
16.0,505,28728518,31.5625
15.0,315,28728833,21.0
11.0,287,28729120,26.09090909090909
16.0,374,28729494,23.375
4.0,116,28729610,29.0
13.0,437,28730047,33.61538461538461
18.0,386,28730433,21.444444444444443
10.0,249,28730682,24.9
1.0,41,28730723,41.0
32.0,626,28731349,19.5625
8.0,168,28731517,21.0
23.0,503,28732020,21.869565217391305
6.0,158,28732178,26.333333333333332
11.0,230,28732408,20.90909090909091
8.0,157,28732565,19.625
28.0,571,28733136,20.392857142857142
11.0,135,28733271,12.272727272727273
14.0,355,28733626,25.357142857142858
10.0,290,28733916,29.0
27.0,652,28734568,24.14814814814815
16.0,327,28734895,20.4375
21.0,556,28735451,26.476190476190474
19.0,390,28735841,20.526315789473685
23.0,572,28736413,24.869565217391305
8.0,175,28736588,21.875
5.0,132,28736720,26.4
13.0,301,28737021,23.153846153846153
11.0,285,28737306,25.90909090909091
17.0,332,28737638,19.529411764705884
13.0,273,28737911,21.0
3.0,109,28738020,36.333333333333336
18.0,354,28738374,19.666666666666668
3.0,107,28738481,35.666666666666664
16.0,527,28739008,32.9375
4.0,132,28739140,33.0
7.0,211,28739351,30.142857142857142
15.0,243,28739594,16.2
17.0,402,28739996,23.647058823529413
9.0,280,28740276,31.11111111111111
13.0,391,28740667,30.076923076923077
10.0,227,28740894,22.7
2.0,55,28740949,27.5
25.0,447,28741396,17.88
17.0,389,28741785,22.88235294117647
40.0,847,28742632,21.175
18.0,598,28743230,33.22222222222222
0.0,48,28743278,inf
22.0,485,28743763,22.045454545454547
8.0,230,28743993,28.75
19.0,479,28744472,25.210526315789473
13.0,462,28744934,35.53846153846154
8.0,162,28745096,20.25
17.0,328,28745424,19.294117647058822
17.0,377,28745801,22.176470588235293
24.0,686,28746487,28.583333333333332
15.0,315,28746802,21.0
19.0,471,28747273,24.789473684210527
4.0,114,28747387,28.5
13.0,274,28747661,21.076923076923077
23.0,476,28748137,20.695652173913043
8.0,169,28748306,21.125
13.0,291,28748597,22.384615384615383
16.0,385,28748982,24.0625
17.0,316,28749298,18.58823529411765
14.0,307,28749605,21.928571428571427
29.0,774,28750379,26.689655172413794
24.0,626,28751005,26.083333333333332
8.0,181,28751186,22.625
8.0,188,28751374,23.5
5.0,131,28751505,26.2
12.0,241,28751746,20.083333333333332
20.0,478,28752224,23.9
17.0,505,28752729,29.705882352941178
8.0,270,28752999,33.75
12.0,305,28753304,25.416666666666668
14.0,219,28753523,15.642857142857142
25.0,571,28754094,22.84
10.0,210,28754304,21.0
28.0,586,28754890,20.928571428571427
16.0,339,28755229,21.1875
19.0,436,28755665,22.94736842105263
17.0,417,28756082,24.529411764705884
13.0,275,28756357,21.153846153846153
28.0,715,28757072,25.535714285714285
22.0,588,28757660,26.727272727272727
20.0,353,28758013,17.65
12.0,327,28758340,27.25
17.0,391,28758731,23.0
12.0,283,28759014,23.583333333333332
26.0,699,28759713,26.884615384615383
6.0,177,28759890,29.5
19.0,427,28760317,22.473684210526315
22.0,604,28760921,27.454545454545453
39.0,1050,28761971,26.923076923076923
24.0,678,28762649,28.25
17.0,312,28762961,18.352941176470587
15.0,403,28763364,26.866666666666667
20.0,473,28763837,23.65
12.0,244,28764081,20.333333333333332
24.0,486,28764567,20.25
9.0,306,28764873,34.0
10.0,190,28765063,19.0
21.0,497,28765560,23.666666666666668
13.0,348,28765908,26.76923076923077
12.0,303,28766211,25.25
15.0,428,28766639,28.533333333333335
14.0,406,28767045,29.0
17.0,442,28767487,26.0
18.0,345,28767832,19.166666666666668
16.0,399,28768231,24.9375
7.0,179,28768410,25.571428571428573
13.0,287,28768697,22.076923076923077
23.0,578,28769275,25.130434782608695
12.0,344,28769619,28.666666666666668
13.0,306,28769925,23.53846153846154
20.0,380,28770305,19.0
19.0,361,28770666,19.0
12.0,275,28770941,22.916666666666668
24.0,486,28771427,20.25
22.0,516,28771943,23.454545454545453
19.0,525,28772468,27.63157894736842
16.0,370,28772838,23.125
16.0,523,28773361,32.6875
12.0,324,28773685,27.0
22.0,548,28774233,24.90909090909091
1.0,46,28774279,46.0
6.0,63,28774342,10.5
19.0,462,28774804,24.31578947368421
14.0,362,28775166,25.857142857142858
2.0,88,28775254,44.0
7.0,161,28775415,23.0
17.0,424,28775839,24.941176470588236
18.0,387,28776226,21.5
5.0,181,28776407,36.2
15.0,348,28776755,23.2
14.0,330,28777085,23.571428571428573
2.0,61,28777146,30.5
24.0,703,28777849,29.291666666666668
11.0,271,28778120,24.636363636363637
7.0,242,28778362,34.57142857142857
11.0,195,28778557,17.727272727272727
24.0,585,28779142,24.375
16.0,373,28779515,23.3125
7.0,156,28779671,22.285714285714285
13.0,318,28779989,24.46153846153846
12.0,300,28780289,25.0
13.0,246,28780535,18.923076923076923
18.0,326,28780861,18.11111111111111
27.0,627,28781488,23.22222222222222
11.0,279,28781767,25.363636363636363
7.0,223,28781990,31.857142857142858
13.0,243,28782233,18.692307692307693
8.0,151,28782384,18.875
16.0,324,28782708,20.25
5.0,112,28782820,22.4
24.0,654,28783474,27.25
14.0,347,28783821,24.785714285714285
17.0,414,28784235,24.352941176470587
4.0,82,28784317,20.5
21.0,392,28784709,18.666666666666668
19.0,502,28785211,26.42105263157895
15.0,382,28785593,25.466666666666665
10.0,243,28785836,24.3
11.0,241,28786077,21.90909090909091
20.0,564,28786641,28.2
14.0,306,28786947,21.857142857142858
6.0,167,28787114,27.833333333333332
21.0,514,28787628,24.476190476190474
23.0,534,28788162,23.217391304347824
31.0,601,28788763,19.387096774193548
2.0,34,28788797,17.0
10.0,346,28789143,34.6
10.0,225,28789368,22.5
9.0,217,28789585,24.11111111111111
5.0,104,28789689,20.8
20.0,497,28790186,24.85
16.0,380,28790566,23.75
7.0,157,28790723,22.428571428571427
22.0,498,28791221,22.636363636363637
9.0,178,28791399,19.77777777777778
5.0,165,28791564,33.0
22.0,531,28792095,24.136363636363637
22.0,608,28792703,27.636363636363637
13.0,206,28792909,15.846153846153847
29.0,575,28793484,19.82758620689655
17.0,422,28793906,24.823529411764707
5.0,84,28793990,16.8
9.0,210,28794200,23.333333333333332
11.0,311,28794511,28.272727272727273
21.0,457,28794968,21.761904761904763
29.0,659,28795627,22.724137931034484
11.0,215,28795842,19.545454545454547
29.0,599,28796441,20.655172413793103
17.0,393,28796834,23.11764705882353
21.0,567,28797401,27.0
14.0,315,28797716,22.5
26.0,512,28798228,19.692307692307693
20.0,486,28798714,24.3
15.0,269,28798983,17.933333333333334
15.0,379,28799362,25.266666666666666
25.0,445,28799807,17.8
6.0,209,28800016,34.833333333333336
4.0,118,28800134,29.5
26.0,778,28800912,29.923076923076923
17.0,391,28801303,23.0
6.0,115,28801418,19.166666666666668
10.0,218,28801636,21.8
32.0,723,28802359,22.59375
13.0,360,28802719,27.692307692307693
17.0,346,28803065,20.352941176470587
16.0,400,28803465,25.0
17.0,479,28803944,28.176470588235293
6.0,142,28804086,23.666666666666668
24.0,584,28804670,24.333333333333332
17.0,316,28804986,18.58823529411765
16.0,338,28805324,21.125
7.0,172,28805496,24.571428571428573
39.0,884,28806380,22.666666666666668
12.0,371,28806751,30.916666666666668
11.0,170,28806921,15.454545454545455
11.0,249,28807170,22.636363636363637
11.0,248,28807418,22.545454545454547
9.0,265,28807683,29.444444444444443
13.0,372,28808055,28.615384615384617
13.0,239,28808294,18.384615384615383
11.0,274,28808568,24.90909090909091
8.0,156,28808724,19.5
30.0,700,28809424,23.333333333333332
16.0,354,28809778,22.125
6.0,136,28809914,22.666666666666668
24.0,490,28810404,20.416666666666668
17.0,435,28810839,25.58823529411765
18.0,409,28811248,22.72222222222222
24.0,580,28811828,24.166666666666668
12.0,285,28812113,23.75
8.0,169,28812282,21.125
18.0,529,28812811,29.38888888888889
16.0,440,28813251,27.5
0.0,31,28813282,inf
9.0,188,28813470,20.88888888888889
12.0,332,28813802,27.666666666666668
13.0,304,28814106,23.384615384615383
15.0,317,28814423,21.133333333333333
20.0,401,28814824,20.05
17.0,464,28815288,27.294117647058822
16.0,376,28815664,23.5
7.0,204,28815868,29.142857142857142
14.0,286,28816154,20.428571428571427
23.0,600,28816754,26.08695652173913
18.0,294,28817048,16.333333333333332
14.0,328,28817376,23.428571428571427
16.0,264,28817640,16.5
20.0,437,28818077,21.85
14.0,352,28818429,25.142857142857142
24.0,529,28818958,22.041666666666668
14.0,262,28819220,18.714285714285715
22.0,556,28819776,25.272727272727273
7.0,211,28819987,30.142857142857142
7.0,204,28820191,29.142857142857142
1.0,40,28820231,40.0
22.0,567,28820798,25.772727272727273
14.0,299,28821097,21.357142857142858
32.0,851,28821948,26.59375
11.0,255,28822203,23.181818181818183
29.0,718,28822921,24.75862068965517
28.0,618,28823539,22.071428571428573
15.0,450,28823989,30.0
7.0,195,28824184,27.857142857142858
0.0,27,28824211,inf
14.0,349,28824560,24.928571428571427
9.0,236,28824796,26.22222222222222
18.0,527,28825323,29.27777777777778
20.0,442,28825765,22.1
7.0,157,28825922,22.428571428571427
16.0,543,28826465,33.9375
4.0,79,28826544,19.75
4.0,170,28826714,42.5
6.0,72,28826786,12.0
7.0,158,28826944,22.571428571428573
23.0,516,28827460,22.434782608695652
21.0,535,28827995,25.476190476190474
9.0,222,28828217,24.666666666666668
24.0,617,28828834,25.708333333333332
14.0,396,28829230,28.285714285714285
17.0,415,28829645,24.41176470588235
12.0,323,28829968,26.916666666666668
12.0,247,28830215,20.583333333333332
15.0,284,28830499,18.933333333333334
15.0,287,28830786,19.133333333333333
7.0,149,28830935,21.285714285714285
25.0,614,28831549,24.56
17.0,452,28832001,26.58823529411765
19.0,437,28832438,23.0
7.0,215,28832653,30.714285714285715
30.0,622,28833275,20.733333333333334
12.0,239,28833514,19.916666666666668
12.0,376,28833890,31.333333333333332
14.0,301,28834191,21.5
20.0,337,28834528,16.85
30.0,685,28835213,22.833333333333332
19.0,335,28835548,17.63157894736842
11.0,350,28835898,31.818181818181817
18.0,370,28836268,20.555555555555557
9.0,152,28836420,16.88888888888889
18.0,457,28836877,25.38888888888889
21.0,523,28837400,24.904761904761905
13.0,342,28837742,26.307692307692307
15.0,288,28838030,19.2
18.0,504,28838534,28.0
8.0,137,28838671,17.125
18.0,477,28839148,26.5
24.0,593,28839741,24.708333333333332
17.0,404,28840145,23.764705882352942
5.0,80,28840225,16.0
13.0,271,28840496,20.846153846153847
21.0,480,28840976,22.857142857142858
19.0,408,28841384,21.473684210526315
17.0,333,28841717,19.58823529411765
17.0,404,28842121,23.764705882352942
17.0,373,28842494,21.941176470588236
29.0,831,28843325,28.655172413793103
7.0,140,28843465,20.0
17.0,426,28843891,25.058823529411764
17.0,308,28844199,18.11764705882353
7.0,136,28844335,19.428571428571427
15.0,325,28844660,21.666666666666668
12.0,270,28844930,22.5
26.0,613,28845543,23.576923076923077
22.0,433,28845976,19.681818181818183
11.0,367,28846343,33.36363636363637
7.0,171,28846514,24.428571428571427
14.0,283,28846797,20.214285714285715
21.0,506,28847303,24.095238095238095
18.0,453,28847756,25.166666666666668
12.0,208,28847964,17.333333333333332
18.0,463,28848427,25.72222222222222
9.0,212,28848639,23.555555555555557
14.0,414,28849053,29.571428571428573
23.0,452,28849505,19.652173913043477
22.0,659,28850164,29.954545454545453
19.0,430,28850594,22.63157894736842
22.0,560,28851154,25.454545454545453
17.0,394,28851548,23.176470588235293
11.0,366,28851914,33.27272727272727
20.0,497,28852411,24.85
3.0,70,28852481,23.333333333333332
16.0,392,28852873,24.5
10.0,227,28853100,22.7
14.0,221,28853321,15.785714285714286
10.0,252,28853573,25.2
25.0,558,28854131,22.32
4.0,158,28854289,39.5
7.0,116,28854405,16.571428571428573
3.0,62,28854467,20.666666666666668
17.0,436,28854903,25.647058823529413
10.0,217,28855120,21.7
16.0,295,28855415,18.4375
21.0,514,28855929,24.476190476190474
4.0,92,28856021,23.0
14.0,255,28856276,18.214285714285715
18.0,472,28856748,26.22222222222222
1.0,34,28856782,34.0
3.0,105,28856887,35.0
8.0,204,28857091,25.5
18.0,426,28857517,23.666666666666668
33.0,841,28858358,25.484848484848484
21.0,579,28858937,27.571428571428573
4.0,97,28859034,24.25
10.0,207,28859241,20.7
9.0,221,28859462,24.555555555555557
21.0,618,28860080,29.428571428571427
12.0,283,28860363,23.583333333333332
16.0,348,28860711,21.75
2.0,69,28860780,34.5
1.0,24,28860804,24.0
12.0,380,28861184,31.666666666666668
14.0,341,28861525,24.357142857142858
11.0,192,28861717,17.454545454545453
25.0,609,28862326,24.36
17.0,372,28862698,21.88235294117647
19.0,415,28863113,21.842105263157894
12.0,245,28863358,20.416666666666668
15.0,269,28863627,17.933333333333334
28.0,623,28864250,22.25
16.0,444,28864694,27.75
11.0,287,28864981,26.09090909090909
14.0,228,28865209,16.285714285714285
15.0,314,28865523,20.933333333333334
15.0,384,28865907,25.6
11.0,301,28866208,27.363636363636363
19.0,382,28866590,20.105263157894736
19.0,433,28867023,22.789473684210527
34.0,655,28867678,19.264705882352942
6.0,142,28867820,23.666666666666668
33.0,710,28868530,21.515151515151516
5.0,127,28868657,25.4
20.0,404,28869061,20.2
11.0,237,28869298,21.545454545454547
17.0,345,28869643,20.294117647058822
29.0,681,28870324,23.482758620689655
15.0,353,28870677,23.533333333333335
15.0,297,28870974,19.8
17.0,397,28871371,23.352941176470587
7.0,219,28871590,31.285714285714285
12.0,218,28871808,18.166666666666668
25.0,703,28872511,28.12
10.0,249,28872760,24.9
25.0,564,28873324,22.56
17.0,391,28873715,23.0
2.0,26,28873741,13.0
17.0,350,28874091,20.58823529411765
14.0,340,28874431,24.285714285714285
21.0,466,28874897,22.19047619047619
16.0,359,28875256,22.4375
6.0,179,28875435,29.833333333333332
31.0,669,28876104,21.580645161290324
10.0,254,28876358,25.4
22.0,460,28876818,20.90909090909091
30.0,643,28877461,21.433333333333334
16.0,311,28877772,19.4375
22.0,416,28878188,18.90909090909091
15.0,234,28878422,15.6
27.0,662,28879084,24.51851851851852
6.0,138,28879222,23.0
12.0,251,28879473,20.916666666666668
16.0,409,28879882,25.5625
9.0,201,28880083,22.333333333333332
27.0,518,28880601,19.185185185185187
26.0,615,28881216,23.653846153846153
14.0,218,28881434,15.571428571428571
13.0,342,28881776,26.307692307692307
16.0,339,28882115,21.1875
14.0,284,28882399,20.285714285714285
19.0,532,28882931,28.0
28.0,698,28883629,24.928571428571427
12.0,315,28883944,26.25
18.0,470,28884414,26.11111111111111
25.0,593,28885007,23.72
26.0,676,28885683,26.0
15.0,272,28885955,18.133333333333333
15.0,246,28886201,16.4
26.0,660,28886861,25.384615384615383
14.0,299,28887160,21.357142857142858
26.0,675,28887835,25.96153846153846
14.0,339,28888174,24.214285714285715
20.0,489,28888663,24.45
17.0,504,28889167,29.647058823529413
8.0,147,28889314,18.375
24.0,489,28889803,20.375
15.0,362,28890165,24.133333333333333
14.0,238,28890403,17.0
9.0,194,28890597,21.555555555555557
14.0,339,28890936,24.214285714285715
10.0,166,28891102,16.6
6.0,174,28891276,29.0
19.0,515,28891791,27.105263157894736
7.0,154,28891945,22.0
15.0,337,28892282,22.466666666666665
31.0,757,28893039,24.419354838709676
7.0,147,28893186,21.0
13.0,243,28893429,18.692307692307693
13.0,326,28893755,25.076923076923077
11.0,218,28893973,19.818181818181817
7.0,306,28894279,43.714285714285715
17.0,444,28894723,26.11764705882353
14.0,329,28895052,23.5
7.0,143,28895195,20.428571428571427
26.0,491,28895686,18.884615384615383
9.0,249,28895935,27.666666666666668
19.0,534,28896469,28.105263157894736
20.0,421,28896890,21.05
43.0,949,28897839,22.069767441860463
10.0,302,28898141,30.2
23.0,517,28898658,22.47826086956522
22.0,425,28899083,19.318181818181817
6.0,126,28899209,21.0
14.0,287,28899496,20.5
20.0,568,28900064,28.4
17.0,338,28900402,19.88235294117647
2.0,106,28900508,53.0
16.0,360,28900868,22.5
13.0,338,28901206,26.0
14.0,295,28901501,21.071428571428573
10.0,189,28901690,18.9
23.0,547,28902237,23.782608695652176
11.0,170,28902407,15.454545454545455
15.0,347,28902754,23.133333333333333
18.0,424,28903178,23.555555555555557
0.0,22,28903200,inf
30.0,765,28903965,25.5
15.0,283,28904248,18.866666666666667
26.0,690,28904938,26.53846153846154
14.0,289,28905227,20.642857142857142
19.0,562,28905789,29.57894736842105
17.0,329,28906118,19.352941176470587
5.0,175,28906293,35.0
33.0,685,28906978,20.757575757575758
9.0,186,28907164,20.666666666666668
12.0,268,28907432,22.333333333333332
21.0,535,28907967,25.476190476190474
22.0,640,28908607,29.09090909090909
3.0,113,28908720,37.666666666666664
5.0,128,28908848,25.6
28.0,575,28909423,20.535714285714285
18.0,312,28909735,17.333333333333332
18.0,372,28910107,20.666666666666668
2.0,33,28910140,16.5
19.0,475,28910615,25.0
5.0,140,28910755,28.0
27.0,591,28911346,21.88888888888889
14.0,340,28911686,24.285714285714285
10.0,330,28912016,33.0
41.0,1004,28913020,24.48780487804878
10.0,270,28913290,27.0
29.0,751,28914041,25.896551724137932
17.0,355,28914396,20.88235294117647
29.0,661,28915057,22.79310344827586
2.0,60,28915117,30.0
13.0,183,28915300,14.076923076923077
7.0,196,28915496,28.0
25.0,644,28916140,25.76
4.0,125,28916265,31.25
18.0,414,28916679,23.0
9.0,268,28916947,29.77777777777778
19.0,394,28917341,20.736842105263158
11.0,306,28917647,27.818181818181817
20.0,614,28918261,30.7
17.0,478,28918739,28.11764705882353
15.0,457,28919196,30.466666666666665
15.0,441,28919637,29.4
18.0,481,28920118,26.72222222222222
9.0,266,28920384,29.555555555555557
9.0,193,28920577,21.444444444444443
26.0,606,28921183,23.307692307692307
10.0,230,28921413,23.0
11.0,277,28921690,25.181818181818183
21.0,443,28922133,21.095238095238095
25.0,480,28922613,19.2
9.0,305,28922918,33.888888888888886
14.0,410,28923328,29.285714285714285
34.0,870,28924198,25.58823529411765
28.0,599,28924797,21.392857142857142
10.0,254,28925051,25.4
14.0,263,28925314,18.785714285714285
18.0,533,28925847,29.61111111111111
13.0,269,28926116,20.692307692307693
18.0,411,28926527,22.833333333333332
15.0,370,28926897,24.666666666666668
5.0,100,28926997,20.0
24.0,371,28927368,15.458333333333334
25.0,574,28927942,22.96
8.0,205,28928147,25.625
27.0,569,28928716,21.074074074074073
16.0,431,28929147,26.9375
13.0,274,28929421,21.076923076923077
13.0,239,28929660,18.384615384615383
31.0,783,28930443,25.258064516129032
10.0,192,28930635,19.2
8.0,179,28930814,22.375
30.0,681,28931495,22.7
19.0,437,28931932,23.0
15.0,334,28932266,22.266666666666666
14.0,385,28932651,27.5
46.0,1107,28933758,24.065217391304348
40.0,1045,28934803,26.125
7.0,97,28934900,13.857142857142858
14.0,343,28935243,24.5
20.0,470,28935713,23.5
17.0,362,28936075,21.294117647058822
26.0,583,28936658,22.423076923076923
6.0,119,28936777,19.833333333333332
24.0,490,28937267,20.416666666666668
17.0,311,28937578,18.294117647058822
15.0,386,28937964,25.733333333333334
5.0,48,28938012,9.6
2.0,87,28938099,43.5
26.0,633,28938732,24.346153846153847
18.0,459,28939191,25.5
13.0,185,28939376,14.23076923076923
26.0,710,28940086,27.307692307692307
16.0,377,28940463,23.5625
14.0,384,28940847,27.428571428571427
5.0,113,28940960,22.6
28.0,629,28941589,22.464285714285715
17.0,296,28941885,17.41176470588235
21.0,622,28942507,29.61904761904762
31.0,652,28943159,21.032258064516128
8.0,179,28943338,22.375
18.0,468,28943806,26.0
12.0,387,28944193,32.25
5.0,100,28944293,20.0
22.0,515,28944808,23.40909090909091
9.0,259,28945067,28.77777777777778
18.0,368,28945435,20.444444444444443
18.0,395,28945830,21.944444444444443
11.0,239,28946069,21.727272727272727
35.0,873,28946942,24.942857142857143
34.0,661,28947603,19.441176470588236
25.0,479,28948082,19.16
27.0,538,28948620,19.925925925925927
29.0,606,28949226,20.896551724137932
4.0,116,28949342,29.0
21.0,469,28949811,22.333333333333332
6.0,121,28949932,20.166666666666668
7.0,149,28950081,21.285714285714285
4.0,64,28950145,16.0
4.0,148,28950293,37.0
1.0,44,28950337,44.0
3.0,107,28950444,35.666666666666664
3.0,45,28950489,15.0
23.0,503,28950992,21.869565217391305
28.0,644,28951636,23.0
12.0,234,28951870,19.5
21.0,499,28952369,23.761904761904763
9.0,217,28952586,24.11111111111111
0.0,22,28952608,inf
10.0,375,28952983,37.5
8.0,243,28953226,30.375
20.0,529,28953755,26.45
24.0,496,28954251,20.666666666666668
6.0,166,28954417,27.666666666666668
16.0,346,28954763,21.625
15.0,433,28955196,28.866666666666667
3.0,44,28955240,14.666666666666666
11.0,292,28955532,26.545454545454547
14.0,255,28955787,18.214285714285715
18.0,413,28956200,22.944444444444443
16.0,281,28956481,17.5625
16.0,363,28956844,22.6875
20.0,453,28957297,22.65
22.0,619,28957916,28.136363636363637
16.0,309,28958225,19.3125
12.0,329,28958554,27.416666666666668
26.0,628,28959182,24.153846153846153
14.0,418,28959600,29.857142857142858
14.0,249,28959849,17.785714285714285
10.0,204,28960053,20.4
14.0,278,28960331,19.857142857142858
8.0,254,28960585,31.75
18.0,393,28960978,21.833333333333332
13.0,300,28961278,23.076923076923077
13.0,307,28961585,23.615384615384617
5.0,146,28961731,29.2
33.0,708,28962439,21.454545454545453
12.0,278,28962717,23.166666666666668
25.0,617,28963334,24.68
9.0,241,28963575,26.77777777777778
21.0,593,28964168,28.238095238095237
23.0,448,28964616,19.47826086956522
25.0,394,28965010,15.76
17.0,301,28965311,17.705882352941178
33.0,637,28965948,19.303030303030305
23.0,469,28966417,20.391304347826086
26.0,550,28966967,21.153846153846153
22.0,593,28967560,26.954545454545453
21.0,582,28968142,27.714285714285715
22.0,526,28968668,23.90909090909091
29.0,616,28969284,21.24137931034483
7.0,167,28969451,23.857142857142858
10.0,224,28969675,22.4
22.0,436,28970111,19.818181818181817
17.0,518,28970629,30.470588235294116
14.0,359,28970988,25.642857142857142
7.0,151,28971139,21.571428571428573
23.0,624,28971763,27.130434782608695
4.0,89,28971852,22.25
15.0,335,28972187,22.333333333333332
18.0,414,28972601,23.0
12.0,188,28972789,15.666666666666666
25.0,644,28973433,25.76
18.0,472,28973905,26.22222222222222
23.0,510,28974415,22.17391304347826
24.0,622,28975037,25.916666666666668
16.0,338,28975375,21.125
18.0,501,28975876,27.833333333333332
5.0,133,28976009,26.6
22.0,512,28976521,23.272727272727273
18.0,488,28977009,27.11111111111111
18.0,396,28977405,22.0
15.0,356,28977761,23.733333333333334
19.0,560,28978321,29.473684210526315
19.0,500,28978821,26.31578947368421
22.0,588,28979409,26.727272727272727
22.0,473,28979882,21.5
16.0,398,28980280,24.875
11.0,219,28980499,19.90909090909091
20.0,439,28980938,21.95
27.0,725,28981663,26.85185185185185
22.0,455,28982118,20.681818181818183
8.0,221,28982339,27.625
0.0,26,28982365,inf
18.0,547,28982912,30.38888888888889
11.0,312,28983224,28.363636363636363
2.0,43,28983267,21.5
15.0,363,28983630,24.2
15.0,387,28984017,25.8
14.0,221,28984238,15.785714285714286
6.0,125,28984363,20.833333333333332
27.0,570,28984933,21.11111111111111
12.0,251,28985184,20.916666666666668
22.0,500,28985684,22.727272727272727
12.0,332,28986016,27.666666666666668
21.0,441,28986457,21.0
18.0,376,28986833,20.88888888888889
7.0,165,28986998,23.571428571428573
31.0,792,28987790,25.548387096774192
5.0,188,28987978,37.6
18.0,454,28988432,25.22222222222222
11.0,286,28988718,26.0
7.0,140,28988858,20.0
21.0,554,28989412,26.38095238095238
5.0,112,28989524,22.4
18.0,395,28989919,21.944444444444443
8.0,166,28990085,20.75
33.0,810,28990895,24.545454545454547
7.0,123,28991018,17.571428571428573
16.0,364,28991382,22.75
15.0,415,28991797,27.666666666666668
10.0,142,28991939,14.2
21.0,555,28992494,26.428571428571427
8.0,274,28992768,34.25
10.0,295,28993063,29.5
11.0,303,28993366,27.545454545454547
0.0,49,28993415,inf
30.0,726,28994141,24.2
11.0,221,28994362,20.09090909090909
21.0,412,28994774,19.61904761904762
5.0,138,28994912,27.6
9.0,182,28995094,20.22222222222222
13.0,200,28995294,15.384615384615385
11.0,253,28995547,23.0
19.0,369,28995916,19.42105263157895
10.0,324,28996240,32.4
18.0,420,28996660,23.333333333333332
13.0,261,28996921,20.076923076923077
21.0,487,28997408,23.19047619047619
31.0,866,28998274,27.93548387096774
15.0,402,28998676,26.8
12.0,305,28998981,25.416666666666668
14.0,256,28999237,18.285714285714285
15.0,339,28999576,22.6
26.0,689,29000265,26.5
7.0,166,29000431,23.714285714285715
15.0,527,29000958,35.13333333333333
22.0,518,29001476,23.545454545454547
5.0,166,29001642,33.2
2.0,79,29001721,39.5
22.0,406,29002127,18.454545454545453
5.0,268,29002395,53.6
13.0,322,29002717,24.76923076923077
4.0,323,29003040,80.75
15.0,293,29003333,19.533333333333335
18.0,571,29003904,31.72222222222222
3.0,290,29004194,96.66666666666667
17.0,653,29004847,38.411764705882355
8.0,176,29005023,22.0
14.0,344,29005367,24.571428571428573
16.0,480,29005847,30.0
16.0,361,29006208,22.5625
14.0,396,29006604,28.285714285714285
23.0,501,29007105,21.782608695652176
7.0,285,29007390,40.714285714285715
1.0,53,29007443,53.0
1.0,27,29007470,27.0
15.0,263,29007733,17.533333333333335
17.0,419,29008152,24.647058823529413
19.0,550,29008702,28.94736842105263
5.0,139,29008841,27.8
7.0,214,29009055,30.571428571428573
10.0,305,29009360,30.5
10.0,291,29009651,29.1
7.0,119,29009770,17.0
12.0,302,29010072,25.166666666666668
13.0,369,29010441,28.384615384615383
5.0,527,29010968,105.4
0.0,79,29011047,inf
21.0,362,29011409,17.238095238095237
17.0,496,29011905,29.176470588235293
13.0,302,29012207,23.23076923076923
21.0,431,29012638,20.523809523809526
11.0,372,29013010,33.81818181818182
4.0,656,29013666,164.0
12.0,197,29013863,16.416666666666668
22.0,775,29014638,35.22727272727273
12.0,374,29015012,31.166666666666668
22.0,560,29015572,25.454545454545453
20.0,489,29016061,24.45
22.0,802,29016863,36.45454545454545
9.0,169,29017032,18.77777777777778
8.0,168,29017200,21.0
13.0,199,29017399,15.307692307692308
13.0,327,29017726,25.153846153846153
12.0,328,29018054,27.333333333333332
15.0,404,29018458,26.933333333333334
9.0,307,29018765,34.111111111111114
16.0,256,29019021,16.0
5.0,580,29019601,116.0
27.0,878,29020479,32.51851851851852
5.0,98,29020577,19.6
27.0,501,29021078,18.555555555555557
25.0,640,29021718,25.6
12.0,400,29022118,33.333333333333336
10.0,462,29022580,46.2
16.0,477,29023057,29.8125
15.0,470,29023527,31.333333333333332
23.0,635,29024162,27.608695652173914
15.0,424,29024586,28.266666666666666
24.0,495,29025081,20.625
8.0,177,29025258,22.125
5.0,582,29025840,116.4
13.0,291,29026131,22.384615384615383
1.0,59,29026190,59.0
23.0,834,29027024,36.26086956521739
14.0,377,29027401,26.928571428571427
27.0,915,29028316,33.888888888888886
19.0,496,29028812,26.105263157894736
23.0,653,29029465,28.391304347826086
10.0,305,29029770,30.5
9.0,270,29030040,30.0
15.0,288,29030328,19.2
11.0,354,29030682,32.18181818181818
10.0,163,29030845,16.3
9.0,217,29031062,24.11111111111111
16.0,290,29031352,18.125
12.0,285,29031637,23.75
6.0,140,29031777,23.333333333333332
21.0,636,29032413,30.285714285714285
33.0,1191,29033604,36.09090909090909
15.0,456,29034060,30.4
15.0,669,29034729,44.6
21.0,574,29035303,27.333333333333332
10.0,230,29035533,23.0
15.0,418,29035951,27.866666666666667
12.0,381,29036332,31.75
12.0,339,29036671,28.25
13.0,214,29036885,16.46153846153846
11.0,374,29037259,34.0
12.0,257,29037516,21.416666666666668
12.0,147,29037663,12.25
9.0,279,29037942,31.0
14.0,597,29038539,42.642857142857146
25.0,572,29039111,22.88
15.0,362,29039473,24.133333333333333
4.0,216,29039689,54.0
1.0,32,29039721,32.0
25.0,531,29040252,21.24
14.0,447,29040699,31.928571428571427
17.0,624,29041323,36.705882352941174
26.0,702,29042025,27.0
17.0,507,29042532,29.823529411764707
16.0,877,29043409,54.8125
14.0,379,29043788,27.071428571428573
24.0,757,29044545,31.541666666666668
6.0,215,29044760,35.833333333333336
13.0,181,29044941,13.923076923076923
12.0,229,29045170,19.083333333333332
12.0,383,29045553,31.916666666666668
24.0,511,29046064,21.291666666666668
4.0,232,29046296,58.0
1.0,39,29046335,39.0
16.0,396,29046731,24.75
9.0,253,29046984,28.11111111111111
10.0,301,29047285,30.1
16.0,510,29047795,31.875
33.0,686,29048481,20.78787878787879
5.0,143,29048624,28.6
15.0,367,29048991,24.466666666666665
4.0,61,29049052,15.25
23.0,496,29049548,21.565217391304348
15.0,301,29049849,20.066666666666666
8.0,142,29049991,17.75
11.0,416,29050407,37.81818181818182
30.0,611,29051018,20.366666666666667
15.0,326,29051344,21.733333333333334
11.0,247,29051591,22.454545454545453
2.0,71,29051662,35.5
28.0,667,29052329,23.821428571428573
10.0,218,29052547,21.8
19.0,494,29053041,26.0
19.0,424,29053465,22.31578947368421
17.0,553,29054018,32.529411764705884
9.0,263,29054281,29.22222222222222
20.0,484,29054765,24.2
15.0,560,29055325,37.333333333333336
4.0,72,29055397,18.0
5.0,163,29055560,32.6
18.0,581,29056141,32.27777777777778
30.0,757,29056898,25.233333333333334
33.0,1217,29058115,36.878787878787875
23.0,705,29058820,30.652173913043477
6.0,93,29058913,15.5
17.0,423,29059336,24.88235294117647
17.0,318,29059654,18.705882352941178
23.0,1050,29060704,45.65217391304348
22.0,488,29061192,22.181818181818183
13.0,341,29061533,26.23076923076923
5.0,132,29061665,26.4
14.0,276,29061941,19.714285714285715
14.0,452,29062393,32.285714285714285
6.0,92,29062485,15.333333333333334
7.0,325,29062810,46.42857142857143
17.0,578,29063388,34.0
1.0,52,29063440,52.0
7.0,253,29063693,36.142857142857146
1.0,57,29063750,57.0
15.0,305,29064055,20.333333333333332
24.0,919,29064974,38.291666666666664
16.0,487,29065461,30.4375
29.0,1036,29066497,35.724137931034484
4.0,718,29067215,179.5
6.0,164,29067379,27.333333333333332
11.0,224,29067603,20.363636363636363
25.0,828,29068431,33.12
7.0,184,29068615,26.285714285714285
43.0,1020,29069635,23.72093023255814
20.0,540,29070175,27.0
16.0,360,29070535,22.5
15.0,409,29070944,27.266666666666666
20.0,554,29071498,27.7
6.0,220,29071718,36.666666666666664
27.0,906,29072624,33.55555555555556
24.0,587,29073211,24.458333333333332
14.0,702,29073913,50.142857142857146
23.0,522,29074435,22.695652173913043
18.0,661,29075096,36.72222222222222
30.0,815,29075911,27.166666666666668
11.0,241,29076152,21.90909090909091
18.0,395,29076547,21.944444444444443
12.0,266,29076813,22.166666666666668
23.0,612,29077425,26.608695652173914
10.0,288,29077713,28.8
35.0,1250,29078963,35.714285714285715
15.0,514,29079477,34.266666666666666
8.0,608,29080085,76.0
15.0,518,29080603,34.53333333333333
19.0,583,29081186,30.68421052631579
7.0,173,29081359,24.714285714285715
19.0,280,29081639,14.736842105263158
12.0,387,29082026,32.25
12.0,260,29082286,21.666666666666668
16.0,321,29082607,20.0625
14.0,460,29083067,32.857142857142854
5.0,92,29083159,18.4
6.0,144,29083303,24.0
29.0,600,29083903,20.689655172413794
10.0,498,29084401,49.8
13.0,196,29084597,15.076923076923077
19.0,362,29084959,19.05263157894737
7.0,115,29085074,16.428571428571427
31.0,977,29086051,31.516129032258064
9.0,189,29086240,21.0
9.0,219,29086459,24.333333333333332
2.0,64,29086523,32.0
9.0,239,29086762,26.555555555555557
15.0,372,29087134,24.8
6.0,215,29087349,35.833333333333336
22.0,683,29088032,31.045454545454547
6.0,170,29088202,28.333333333333332
12.0,548,29088750,45.666666666666664
23.0,730,29089480,31.73913043478261
25.0,686,29090166,27.44
8.0,166,29090332,20.75
15.0,339,29090671,22.6
33.0,1097,29091768,33.24242424242424
28.0,815,29092583,29.107142857142858
41.0,1556,29094139,37.951219512195124
17.0,386,29094525,22.705882352941178
13.0,322,29094847,24.76923076923077
8.0,186,29095033,23.25
8.0,144,29095177,18.0
22.0,938,29096115,42.63636363636363
7.0,196,29096311,28.0
20.0,734,29097045,36.7
28.0,757,29097802,27.035714285714285
8.0,347,29098149,43.375
4.0,591,29098740,147.75
11.0,318,29099058,28.90909090909091
19.0,485,29099543,25.526315789473685
18.0,853,29100396,47.388888888888886
21.0,686,29101082,32.666666666666664
13.0,503,29101585,38.69230769230769
24.0,575,29102160,23.958333333333332
31.0,1040,29103200,33.54838709677419
22.0,615,29103815,27.954545454545453
21.0,697,29104512,33.19047619047619
10.0,175,29104687,17.5
9.0,278,29104965,30.88888888888889
17.0,461,29105426,27.11764705882353
19.0,492,29105918,25.894736842105264
35.0,859,29106777,24.542857142857144
7.0,186,29106963,26.571428571428573
16.0,607,29107570,37.9375
10.0,173,29107743,17.3
16.0,540,29108283,33.75
14.0,470,29108753,33.57142857142857
18.0,630,29109383,35.0
23.0,705,29110088,30.652173913043477
1.0,26,29110114,26.0
11.0,252,29110366,22.90909090909091
34.0,698,29111064,20.529411764705884
9.0,300,29111364,33.333333333333336
17.0,507,29111871,29.823529411764707
10.0,308,29112179,30.8
22.0,752,29112931,34.18181818181818
18.0,403,29113334,22.38888888888889
20.0,464,29113798,23.2
1.0,50,29113848,50.0
25.0,580,29114428,23.2
23.0,540,29114968,23.47826086956522
10.0,293,29115261,29.3
16.0,432,29115693,27.0
14.0,496,29116189,35.42857142857143
4.0,576,29116765,144.0
18.0,311,29117076,17.27777777777778
30.0,1267,29118343,42.233333333333334
12.0,226,29118569,18.833333333333332
13.0,329,29118898,25.307692307692307
9.0,213,29119111,23.666666666666668
17.0,496,29119607,29.176470588235293
5.0,74,29119681,14.8
21.0,612,29120293,29.142857142857142
6.0,183,29120476,30.5
23.0,761,29121237,33.08695652173913
26.0,923,29122160,35.5
14.0,331,29122491,23.642857142857142
14.0,427,29122918,30.5
11.0,251,29123169,22.818181818181817
5.0,130,29123299,26.0
9.0,241,29123540,26.77777777777778
12.0,376,29123916,31.333333333333332
12.0,276,29124192,23.0
15.0,340,29124532,22.666666666666668
7.0,208,29124740,29.714285714285715
22.0,459,29125199,20.863636363636363
8.0,196,29125395,24.5
27.0,545,29125940,20.185185185185187
27.0,785,29126725,29.074074074074073
13.0,521,29127246,40.07692307692308
8.0,234,29127480,29.25
15.0,277,29127757,18.466666666666665
14.0,309,29128066,22.071428571428573
10.0,166,29128232,16.6
19.0,464,29128696,24.42105263157895
5.0,92,29128788,18.4
7.0,189,29128977,27.0
18.0,418,29129395,23.22222222222222
15.0,582,29129977,38.8
21.0,439,29130416,20.904761904761905
2.0,60,29130476,30.0
7.0,126,29130602,18.0
31.0,1229,29131831,39.645161290322584
11.0,243,29132074,22.09090909090909
28.0,618,29132692,22.071428571428573
22.0,682,29133374,31.0
37.0,775,29134149,20.945945945945947
28.0,642,29134791,22.928571428571427
13.0,287,29135078,22.076923076923077
19.0,434,29135512,22.842105263157894
8.0,248,29135760,31.0
19.0,724,29136484,38.10526315789474
16.0,305,29136789,19.0625
14.0,380,29137169,27.142857142857142
14.0,274,29137443,19.571428571428573
14.0,535,29137978,38.214285714285715
13.0,465,29138443,35.76923076923077
27.0,998,29139441,36.96296296296296
1.0,23,29139464,23.0
18.0,463,29139927,25.72222222222222
0.0,24,29139951,inf
9.0,186,29140137,20.666666666666668
13.0,264,29140401,20.307692307692307
10.0,631,29141032,63.1
15.0,536,29141568,35.733333333333334
20.0,585,29142153,29.25
14.0,257,29142410,18.357142857142858
6.0,189,29142599,31.5
5.0,115,29142714,23.0
7.0,182,29142896,26.0
1.0,49,29142945,49.0
9.0,234,29143179,26.0
10.0,420,29143599,42.0
14.0,338,29143937,24.142857142857142
6.0,104,29144041,17.333333333333332
20.0,473,29144514,23.65
14.0,301,29144815,21.5
4.0,554,29145369,138.5
6.0,523,29145892,87.16666666666667
1.0,43,29145935,43.0
14.0,250,29146185,17.857142857142858
2.0,462,29146647,231.0
2.0,471,29147118,235.5
2.0,469,29147587,234.5
18.0,579,29148166,32.166666666666664
7.0,594,29148760,84.85714285714286
19.0,456,29149216,24.0
29.0,646,29149862,22.275862068965516
16.0,347,29150209,21.6875
21.0,417,29150626,19.857142857142858
10.0,741,29151367,74.1
10.0,634,29152001,63.4
3.0,498,29152499,166.0
2.0,515,29153014,257.5
2.0,476,29153490,238.0
14.0,817,29154307,58.357142857142854
2.0,498,29154805,249.0
2.0,457,29155262,228.5
3.0,77,29155339,25.666666666666668
2.0,85,29155424,42.5
10.0,660,29156084,66.0
11.0,439,29156523,39.90909090909091
3.0,492,29157015,164.0
12.0,248,29157263,20.666666666666668
3.0,509,29157772,169.66666666666666
9.0,169,29157941,18.77777777777778
3.0,487,29158428,162.33333333333334
0.0,21,29158449,inf
5.0,101,29158550,20.2
9.0,235,29158785,26.11111111111111
0.0,29,29158814,inf
24.0,735,29159549,30.625
3.0,492,29160041,164.0
3.0,497,29160538,165.66666666666666
15.0,357,29160895,23.8
2.0,89,29160984,44.5
6.0,538,29161522,89.66666666666667
6.0,577,29162099,96.16666666666667
15.0,880,29162979,58.666666666666664
19.0,872,29163851,45.89473684210526
11.0,272,29164123,24.727272727272727
11.0,868,29164991,78.9090909090909
9.0,234,29165225,26.0
7.0,682,29165907,97.42857142857143
27.0,574,29166481,21.25925925925926
12.0,419,29166900,34.916666666666664
13.0,352,29167252,27.076923076923077
16.0,321,29167573,20.0625
6.0,542,29168115,90.33333333333333
14.0,416,29168531,29.714285714285715
20.0,464,29168995,23.2
5.0,106,29169101,21.2
15.0,213,29169314,14.2
2.0,474,29169788,237.0
16.0,397,29170185,24.8125
10.0,739,29170924,73.9
10.0,181,29171105,18.1
2.0,457,29171562,228.5
17.0,360,29171922,21.176470588235293
23.0,825,29172747,35.869565217391305
8.0,201,29172948,25.125
1.0,35,29172983,35.0
21.0,571,29173554,27.19047619047619
3.0,102,29173656,34.0
27.0,653,29174309,24.185185185185187
23.0,553,29174862,24.043478260869566
19.0,319,29175181,16.789473684210527
3.0,470,29175651,156.66666666666666
10.0,621,29176272,62.1
15.0,266,29176538,17.733333333333334
6.0,483,29177021,80.5
11.0,382,29177403,34.72727272727273
9.0,662,29178065,73.55555555555556
4.0,507,29178572,126.75
6.0,203,29178775,33.833333333333336
19.0,442,29179217,23.263157894736842
6.0,584,29179801,97.33333333333333
15.0,970,29180771,64.66666666666667
3.0,476,29181247,158.66666666666666
11.0,285,29181532,25.90909090909091
18.0,533,29182065,29.61111111111111
7.0,568,29182633,81.14285714285714
15.0,629,29183262,41.93333333333333
3.0,491,29183753,163.66666666666666
2.0,560,29184313,280.0
5.0,546,29184859,109.2
6.0,228,29185087,38.0
10.0,249,29185336,24.9
11.0,840,29186176,76.36363636363636
8.0,213,29186389,26.625
3.0,510,29186899,170.0
3.0,499,29187398,166.33333333333334
3.0,483,29187881,161.0
17.0,440,29188321,25.88235294117647
7.0,169,29188490,24.142857142857142
7.0,275,29188765,39.285714285714285
15.0,472,29189237,31.466666666666665
7.0,592,29189829,84.57142857142857
8.0,255,29190084,31.875
14.0,371,29190455,26.5
25.0,706,29191161,28.24
13.0,282,29191443,21.692307692307693
18.0,350,29191793,19.444444444444443
18.0,809,29192602,44.94444444444444
2.0,479,29193081,239.5
3.0,503,29193584,167.66666666666666
27.0,589,29194173,21.814814814814813
11.0,306,29194479,27.818181818181817
2.0,461,29194940,230.5
1.0,51,29194991,51.0
2.0,458,29195449,229.0
2.0,451,29195900,225.5
3.0,110,29196010,36.666666666666664
2.0,462,29196472,231.0
7.0,191,29196663,27.285714285714285
14.0,713,29197376,50.92857142857143
19.0,486,29197862,25.57894736842105
12.0,338,29198200,28.166666666666668
3.0,543,29198743,181.0
9.0,167,29198910,18.555555555555557
21.0,401,29199311,19.095238095238095
3.0,505,29199816,168.33333333333334
9.0,146,29199962,16.22222222222222
3.0,498,29200460,166.0
14.0,311,29200771,22.214285714285715
15.0,295,29201066,19.666666666666668
9.0,219,29201285,24.333333333333332
8.0,228,29201513,28.5
19.0,512,29202025,26.94736842105263
8.0,181,29202206,22.625
3.0,520,29202726,173.33333333333334
5.0,109,29202835,21.8
14.0,467,29203302,33.357142857142854
2.0,489,29203791,244.5
7.0,619,29204410,88.42857142857143
16.0,382,29204792,23.875
6.0,172,29204964,28.666666666666668
12.0,460,29205424,38.333333333333336
3.0,543,29205967,181.0
16.0,434,29206401,27.125
2.0,83,29206484,41.5
12.0,264,29206748,22.0
12.0,282,29207030,23.5
18.0,544,29207574,30.22222222222222
14.0,315,29207889,22.5
11.0,767,29208656,69.72727272727273
6.0,663,29209319,110.5
7.0,576,29209895,82.28571428571429
20.0,488,29210383,24.4
11.0,659,29211042,59.90909090909091
5.0,164,29211206,32.8
31.0,934,29212140,30.129032258064516
10.0,230,29212370,23.0
18.0,511,29212881,28.38888888888889
7.0,661,29213542,94.42857142857143
14.0,999,29214541,71.35714285714286
18.0,856,29215397,47.55555555555556
13.0,306,29215703,23.53846153846154
6.0,132,29215835,22.0
2.0,489,29216324,244.5
6.0,532,29216856,88.66666666666667
2.0,489,29217345,244.5
11.0,250,29217595,22.727272727272727
11.0,287,29217882,26.09090909090909
16.0,695,29218577,43.4375
11.0,363,29218940,33.0
7.0,555,29219495,79.28571428571429
6.0,548,29220043,91.33333333333333
16.0,397,29220440,24.8125
3.0,522,29220962,174.0
7.0,190,29221152,27.142857142857142
15.0,809,29221961,53.93333333333333
2.0,485,29222446,242.5
2.0,519,29222965,259.5
2.0,518,29223483,259.0
13.0,347,29223830,26.692307692307693
8.0,219,29224049,27.375
10.0,579,29224628,57.9
0.0,21,29224649,inf
12.0,212,29224861,17.666666666666668
11.0,655,29225516,59.54545454545455
15.0,850,29226366,56.666666666666664
8.0,109,29226475,13.625
6.0,565,29227040,94.16666666666667
7.0,602,29227642,86.0
6.0,574,29228216,95.66666666666667
16.0,356,29228572,22.25
3.0,496,29229068,165.33333333333334
12.0,308,29229376,25.666666666666668
12.0,266,29229642,22.166666666666668
12.0,305,29229947,25.416666666666668
18.0,340,29230287,18.88888888888889
10.0,277,29230564,27.7
5.0,110,29230674,22.0
7.0,231,29230905,33.0
3.0,473,29231378,157.66666666666666
3.0,572,29231950,190.66666666666666
6.0,573,29232523,95.5
17.0,810,29233333,47.64705882352941
6.0,135,29233468,22.5
7.0,568,29234036,81.14285714285714
2.0,455,29234491,227.5
2.0,471,29234962,235.5
11.0,319,29235281,29.0
23.0,585,29235866,25.434782608695652
8.0,146,29236012,18.25
2.0,496,29236508,248.0
13.0,278,29236786,21.384615384615383
14.0,433,29237219,30.928571428571427
6.0,509,29237728,84.83333333333333
3.0,177,29237905,59.0
15.0,770,29238675,51.333333333333336
3.0,561,29239236,187.0
2.0,492,29239728,246.0
30.0,749,29240477,24.966666666666665
2.0,480,29240957,240.0
2.0,461,29241418,230.5
11.0,274,29241692,24.90909090909091
18.0,763,29242455,42.388888888888886
3.0,499,29242954,166.33333333333334
2.0,475,29243429,237.5
11.0,852,29244281,77.45454545454545
10.0,233,29244514,23.3
14.0,671,29245185,47.92857142857143
25.0,669,29245854,26.76
2.0,72,29245926,36.0
3.0,509,29246435,169.66666666666666
4.0,91,29246526,22.75
7.0,541,29247067,77.28571428571429
20.0,456,29247523,22.8
7.0,214,29247737,30.571428571428573
9.0,459,29248196,51.0
3.0,664,29248860,221.33333333333334
23.0,827,29249687,35.95652173913044
0.0,21,29249708,inf
6.0,540,29250248,90.0
22.0,894,29251142,40.63636363636363
11.0,692,29251834,62.90909090909091
18.0,367,29252201,20.38888888888889
9.0,182,29252383,20.22222222222222
4.0,498,29252881,124.5
15.0,361,29253242,24.066666666666666
15.0,631,29253873,42.06666666666667
7.0,179,29254052,25.571428571428573
6.0,543,29254595,90.5
10.0,761,29255356,76.1
2.0,476,29255832,238.0
4.0,120,29255952,30.0
9.0,186,29256138,20.666666666666668
6.0,589,29256727,98.16666666666667
7.0,694,29257421,99.14285714285714
7.0,527,29257948,75.28571428571429
14.0,294,29258242,21.0
3.0,489,29258731,163.0
7.0,570,29259301,81.42857142857143
3.0,495,29259796,165.0
10.0,167,29259963,16.7
6.0,163,29260126,27.166666666666668
5.0,515,29260641,103.0
2.0,487,29261128,243.5
20.0,449,29261577,22.45
10.0,368,29261945,36.8
11.0,782,29262727,71.0909090909091
18.0,426,29263153,23.666666666666668
11.0,851,29264004,77.36363636363636
2.0,522,29264526,261.0
3.0,500,29265026,166.66666666666666
6.0,709,29265735,118.16666666666667
13.0,492,29266227,37.84615384615385
1.0,48,29266275,48.0
6.0,116,29266391,19.333333333333332
11.0,681,29267072,61.90909090909091
3.0,516,29267588,172.0
6.0,527,29268115,87.83333333333333
4.0,85,29268200,21.25
2.0,496,29268696,248.0
13.0,236,29268932,18.153846153846153
3.0,481,29269413,160.33333333333334
23.0,676,29270089,29.391304347826086
6.0,610,29270699,101.66666666666667
12.0,323,29271022,26.916666666666668
5.0,171,29271193,34.2
14.0,285,29271478,20.357142857142858
13.0,302,29271780,23.23076923076923
18.0,289,29272069,16.055555555555557
2.0,458,29272527,229.0
30.0,750,29273277,25.0
3.0,475,29273752,158.33333333333334
37.0,824,29274576,22.27027027027027
11.0,268,29274844,24.363636363636363
13.0,344,29275188,26.46153846153846
10.0,393,29275581,39.3
7.0,561,29276142,80.14285714285714
2.0,458,29276600,229.0
11.0,896,29277496,81.45454545454545
9.0,254,29277750,28.22222222222222
11.0,423,29278173,38.45454545454545
15.0,463,29278636,30.866666666666667
35.0,1224,29279860,34.97142857142857
3.0,475,29280335,158.33333333333334
11.0,416,29280751,37.81818181818182
7.0,628,29281379,89.71428571428571
11.0,299,29281678,27.181818181818183
12.0,342,29282020,28.5
4.0,508,29282528,127.0
10.0,688,29283216,68.8
7.0,544,29283760,77.71428571428571
10.0,667,29284427,66.7
7.0,534,29284961,76.28571428571429
7.0,322,29285283,46.0
8.0,198,29285481,24.75
15.0,758,29286239,50.53333333333333
7.0,272,29286511,38.857142857142854
7.0,587,29287098,83.85714285714286
10.0,634,29287732,63.4
6.0,684,29288416,114.0
10.0,283,29288699,28.3
7.0,543,29289242,77.57142857142857
13.0,303,29289545,23.307692307692307
6.0,547,29290092,91.16666666666667
7.0,590,29290682,84.28571428571429
3.0,493,29291175,164.33333333333334
3.0,504,29291679,168.0
3.0,512,29292191,170.66666666666666
6.0,605,29292796,100.83333333333333
18.0,555,29293351,30.833333333333332
7.0,524,29293875,74.85714285714286
3.0,530,29294405,176.66666666666666
11.0,704,29295109,64.0
8.0,212,29295321,26.5
14.0,316,29295637,22.571428571428573
14.0,286,29295923,20.428571428571427
2.0,207,29296130,103.5
2.0,471,29296601,235.5
27.0,724,29297325,26.814814814814813
3.0,558,29297883,186.0
3.0,504,29298387,168.0
14.0,461,29298848,32.92857142857143
23.0,389,29299237,16.91304347826087
7.0,542,29299779,77.42857142857143
11.0,816,29300595,74.18181818181819
2.0,479,29301074,239.5
3.0,556,29301630,185.33333333333334
23.0,627,29302257,27.26086956521739
7.0,143,29302400,20.428571428571427
23.0,484,29302884,21.043478260869566
8.0,163,29303047,20.375
19.0,530,29303577,27.894736842105264
11.0,321,29303898,29.181818181818183
12.0,407,29304305,33.916666666666664
20.0,511,29304816,25.55
7.0,197,29305013,28.142857142857142
2.0,487,29305500,243.5
2.0,492,29305992,246.0
17.0,597,29306589,35.11764705882353
26.0,595,29307184,22.884615384615383
3.0,555,29307739,185.0
5.0,581,29308320,116.2
5.0,176,29308496,35.2
2.0,471,29308967,235.5
20.0,456,29309423,22.8
7.0,253,29309676,36.142857142857146
17.0,312,29309988,18.352941176470587
3.0,74,29310062,24.666666666666668
2.0,510,29310572,255.0
7.0,770,29311342,110.0
1.0,33,29311375,33.0
6.0,591,29311966,98.5
13.0,229,29312195,17.615384615384617
3.0,505,29312700,168.33333333333334
7.0,94,29312794,13.428571428571429
2.0,472,29313266,236.0
2.0,456,29313722,228.0
2.0,476,29314198,238.0
14.0,780,29314978,55.714285714285715
18.0,869,29315847,48.27777777777778
3.0,491,29316338,163.66666666666666
14.0,228,29316566,16.285714285714285
3.0,91,29316657,30.333333333333332
3.0,478,29317135,159.33333333333334
0.0,20,29317155,inf
3.0,486,29317641,162.0
7.0,648,29318289,92.57142857142857
24.0,510,29318799,21.25
2.0,467,29319266,233.5
3.0,540,29319806,180.0
14.0,345,29320151,24.642857142857142
12.0,214,29320365,17.833333333333332
2.0,484,29320849,242.0
2.0,482,29321331,241.0
2.0,483,29321814,241.5
6.0,639,29322453,106.5
4.0,547,29323000,136.75
3.0,507,29323507,169.0
3.0,115,29323622,38.333333333333336
10.0,310,29323932,31.0
0.0,21,29323953,inf
19.0,526,29324479,27.68421052631579
6.0,532,29325011,88.66666666666667
19.0,538,29325549,28.31578947368421
7.0,185,29325734,26.428571428571427
2.0,120,29325854,60.0
25.0,521,29326375,20.84
6.0,549,29326924,91.5
13.0,276,29327200,21.23076923076923
24.0,661,29327861,27.541666666666668
10.0,633,29328494,63.3
2.0,479,29328973,239.5
19.0,326,29329299,17.157894736842106
2.0,483,29329782,241.5
6.0,524,29330306,87.33333333333333
10.0,181,29330487,18.1
15.0,784,29331271,52.266666666666666
15.0,401,29331672,26.733333333333334
27.0,544,29332216,20.14814814814815
18.0,398,29332614,22.11111111111111
3.0,520,29333134,173.33333333333334
15.0,361,29333495,24.066666666666666
14.0,420,29333915,30.0
15.0,236,29334151,15.733333333333333
3.0,493,29334644,164.33333333333334
2.0,480,29335124,240.0
2.0,460,29335584,230.0
3.0,497,29336081,165.66666666666666
2.0,489,29336570,244.5
14.0,448,29337018,32.0
10.0,276,29337294,27.6
8.0,187,29337481,23.375
3.0,529,29338010,176.33333333333334
3.0,469,29338479,156.33333333333334
10.0,589,29339068,58.9
28.0,609,29339677,21.75
10.0,280,29339957,28.0
2.0,455,29340412,227.5
2.0,463,29340875,231.5
11.0,242,29341117,22.0
10.0,642,29341759,64.2
11.0,261,29342020,23.727272727272727
2.0,499,29342519,249.5
4.0,531,29343050,132.75
26.0,515,29343565,19.807692307692307
26.0,689,29344254,26.5
20.0,374,29344628,18.7
19.0,389,29345017,20.473684210526315
3.0,484,29345501,161.33333333333334
16.0,316,29345817,19.75
2.0,463,29346280,231.5
12.0,307,29346587,25.583333333333332
23.0,770,29347357,33.47826086956522
7.0,582,29347939,83.14285714285714
10.0,471,29348410,47.1
10.0,465,29348875,46.5
5.0,218,29349093,43.6
19.0,464,29349557,24.42105263157895
6.0,182,29349739,30.333333333333332
17.0,472,29350211,27.764705882352942
2.0,530,29350741,265.0
2.0,502,29351243,251.0
21.0,410,29351653,19.523809523809526
3.0,484,29352137,161.33333333333334
26.0,526,29352663,20.23076923076923
4.0,518,29353181,129.5
5.0,189,29353370,37.8
7.0,601,29353971,85.85714285714286
2.0,484,29354455,242.0
10.0,209,29354664,20.9
6.0,155,29354819,25.833333333333332
3.0,460,29355279,153.33333333333334
7.0,549,29355828,78.42857142857143
7.0,609,29356437,87.0
6.0,582,29357019,97.0
2.0,47,29357066,23.5
9.0,204,29357270,22.666666666666668
7.0,626,29357896,89.42857142857143
13.0,295,29358191,22.692307692307693
5.0,179,29358370,35.8
6.0,530,29358900,88.33333333333333
6.0,659,29359559,109.83333333333333
7.0,293,29359852,41.857142857142854
6.0,563,29360415,93.83333333333333
14.0,287,29360702,20.5
25.0,656,29361358,26.24
6.0,525,29361883,87.5
2.0,485,29362368,242.5
11.0,675,29363043,61.36363636363637
2.0,457,29363500,228.5
10.0,698,29364198,69.8
31.0,636,29364834,20.516129032258064
6.0,537,29365371,89.5
2.0,500,29365871,250.0
0.0,22,29365893,inf
14.0,426,29366319,30.428571428571427
4.0,108,29366427,27.0
10.0,645,29367072,64.5
13.0,631,29367703,48.53846153846154
16.0,362,29368065,22.625
7.0,567,29368632,81.0
19.0,408,29369040,21.473684210526315
3.0,470,29369510,156.66666666666666
13.0,410,29369920,31.53846153846154
16.0,635,29370555,39.6875
25.0,683,29371238,27.32
7.0,749,29371987,107.0
3.0,493,29372480,164.33333333333334
7.0,257,29372737,36.714285714285715
9.0,182,29372919,20.22222222222222
6.0,599,29373518,99.83333333333333
25.0,660,29374178,26.4
8.0,593,29374771,74.125
11.0,191,29374962,17.363636363636363
1.0,20,29374982,20.0
2.0,500,29375482,250.0
19.0,649,29376131,34.1578947368421
4.0,481,29376612,120.25
6.0,535,29377147,89.16666666666667
2.0,470,29377617,235.0
3.0,104,29377721,34.666666666666664
3.0,556,29378277,185.33333333333334
15.0,912,29379189,60.8
3.0,494,29379683,164.66666666666666
2.0,486,29380169,243.0
6.0,557,29380726,92.83333333333333
2.0,468,29381194,234.0
2.0,518,29381712,259.0
7.0,648,29382360,92.57142857142857
3.0,482,29382842,160.66666666666666
4.0,517,29383359,129.25
19.0,354,29383713,18.63157894736842
5.0,95,29383808,19.0
12.0,730,29384538,60.833333333333336
10.0,660,29385198,66.0
6.0,652,29385850,108.66666666666667
25.0,607,29386457,24.28
6.0,577,29387034,96.16666666666667
11.0,203,29387237,18.454545454545453
3.0,480,29387717,160.0
26.0,677,29388394,26.03846153846154
6.0,555,29388949,92.5
2.0,455,29389404,227.5
2.0,458,29389862,229.0
24.0,587,29390449,24.458333333333332
24.0,501,29390950,20.875
23.0,624,29391574,27.130434782608695
31.0,608,29392182,19.612903225806452
2.0,469,29392651,234.5
3.0,503,29393154,167.66666666666666
25.0,598,29393752,23.92
2.0,521,29394273,260.5
19.0,333,29394606,17.526315789473685
12.0,504,29395110,42.0
14.0,323,29395433,23.071428571428573
12.0,268,29395701,22.333333333333332
7.0,114,29395815,16.285714285714285
4.0,554,29396369,138.5
5.0,215,29396584,43.0
7.0,156,29396740,22.285714285714285
15.0,832,29397572,55.46666666666667
21.0,572,29398144,27.238095238095237
15.0,736,29398880,49.06666666666667
7.0,640,29399520,91.42857142857143
6.0,576,29400096,96.0
7.0,114,29400210,16.285714285714285
16.0,420,29400630,26.25
6.0,589,29401219,98.16666666666667
3.0,566,29401785,188.66666666666666
17.0,351,29402136,20.647058823529413
23.0,441,29402577,19.17391304347826
17.0,486,29403063,28.58823529411765
7.0,581,29403644,83.0
11.0,657,29404301,59.72727272727273
3.0,495,29404796,165.0
17.0,351,29405147,20.647058823529413
17.0,522,29405669,30.705882352941178
2.0,507,29406176,253.5
8.0,594,29406770,74.25
13.0,177,29406947,13.615384615384615
3.0,45,29406992,15.0
21.0,599,29407591,28.523809523809526
6.0,170,29407761,28.333333333333332
18.0,891,29408652,49.5
7.0,575,29409227,82.14285714285714
14.0,276,29409503,19.714285714285715
11.0,741,29410244,67.36363636363636
11.0,748,29410992,68.0
9.0,174,29411166,19.333333333333332
8.0,240,29411406,30.0
16.0,399,29411805,24.9375
10.0,774,29412579,77.4
12.0,274,29412853,22.833333333333332
4.0,270,29413123,67.5
25.0,635,29413758,25.4
12.0,358,29414116,29.833333333333332
6.0,663,29414779,110.5
23.0,575,29415354,25.0
10.0,572,29415926,57.2
3.0,515,29416441,171.66666666666666
15.0,367,29416808,24.466666666666665
20.0,370,29417178,18.5
6.0,134,29417312,22.333333333333332
6.0,611,29417923,101.83333333333333
2.0,518,29418441,259.0
28.0,686,29419127,24.5
15.0,875,29420002,58.333333333333336
2.0,458,29420460,229.0
3.0,94,29420554,31.333333333333332
6.0,114,29420668,19.0
2.0,507,29421175,253.5
4.0,566,29421741,141.5
2.0,504,29422245,252.0
7.0,152,29422397,21.714285714285715
25.0,447,29422844,17.88
3.0,528,29423372,176.0
3.0,476,29423848,158.66666666666666
4.0,569,29424417,142.25
3.0,503,29424920,167.66666666666666
2.0,501,29425421,250.5
2.0,495,29425916,247.5
5.0,106,29426022,21.2
6.0,673,29426695,112.16666666666667
3.0,137,29426832,45.666666666666664
2.0,519,29427351,259.5
2.0,462,29427813,231.0
7.0,138,29427951,19.714285714285715
6.0,703,29428654,117.16666666666667
14.0,254,29428908,18.142857142857142
2.0,462,29429370,231.0
14.0,700,29430070,50.0
2.0,477,29430547,238.5
6.0,556,29431103,92.66666666666667
7.0,579,29431682,82.71428571428571
4.0,113,29431795,28.25
11.0,720,29432515,65.45454545454545
17.0,602,29433117,35.411764705882355
15.0,402,29433519,26.8
7.0,676,29434195,96.57142857142857
10.0,295,29434490,29.5
3.0,113,29434603,37.666666666666664
10.0,224,29434827,22.4
17.0,354,29435181,20.823529411764707
10.0,191,29435372,19.1
18.0,245,29435617,13.61111111111111
14.0,744,29436361,53.142857142857146
28.0,732,29437093,26.142857142857142
3.0,521,29437614,173.66666666666666
0.0,21,29437635,inf
14.0,372,29438007,26.571428571428573
20.0,480,29438487,24.0
8.0,184,29438671,23.0
5.0,138,29438809,27.6
14.0,264,29439073,18.857142857142858
10.0,225,29439298,22.5
3.0,493,29439791,164.33333333333334
2.0,46,29439837,23.0
5.0,119,29439956,23.8
22.0,537,29440493,24.40909090909091
3.0,492,29440985,164.0
3.0,506,29441491,168.66666666666666
7.0,611,29442102,87.28571428571429
13.0,277,29442379,21.307692307692307
12.0,232,29442611,19.333333333333332
6.0,123,29442734,20.5
18.0,458,29443192,25.444444444444443
6.0,594,29443786,99.0
28.0,572,29444358,20.428571428571427
9.0,285,29444643,31.666666666666668
6.0,500,29445143,83.33333333333333
14.0,322,29445465,23.0
11.0,783,29446248,71.18181818181819
2.0,455,29446703,227.5
18.0,376,29447079,20.88888888888889
2.0,468,29447547,234.0
11.0,727,29448274,66.0909090909091
11.0,592,29448866,53.81818181818182
7.0,533,29449399,76.14285714285714
3.0,482,29449881,160.66666666666666
15.0,246,29450127,16.4
17.0,288,29450415,16.941176470588236
3.0,499,29450914,166.33333333333334
5.0,112,29451026,22.4
6.0,153,29451179,25.5
27.0,502,29451681,18.59259259259259
7.0,556,29452237,79.42857142857143
18.0,401,29452638,22.27777777777778
2.0,494,29453132,247.0
19.0,810,29453942,42.63157894736842
10.0,852,29454794,85.2
11.0,624,29455418,56.72727272727273
13.0,418,29455836,32.15384615384615
3.0,500,29456336,166.66666666666666
17.0,479,29456815,28.176470588235293
2.0,484,29457299,242.0
6.0,549,29457848,91.5
6.0,542,29458390,90.33333333333333
21.0,415,29458805,19.761904761904763
14.0,222,29459027,15.857142857142858
7.0,257,29459284,36.714285714285715
14.0,781,29460065,55.785714285714285
3.0,525,29460590,175.0
31.0,690,29461280,22.258064516129032
16.0,598,29461878,37.375
10.0,259,29462137,25.9
16.0,413,29462550,25.8125
3.0,499,29463049,166.33333333333334
11.0,691,29463740,62.81818181818182
8.0,201,29463941,25.125
4.0,101,29464042,25.25
29.0,742,29464784,25.586206896551722
14.0,732,29465516,52.285714285714285
9.0,419,29465935,46.55555555555556
6.0,610,29466545,101.66666666666667
10.0,610,29467155,61.0
15.0,525,29467680,35.0
19.0,462,29468142,24.31578947368421
8.0,343,29468485,42.875
14.0,743,29469228,53.07142857142857
18.0,365,29469593,20.27777777777778
16.0,430,29470023,26.875
4.0,475,29470498,118.75
3.0,500,29470998,166.66666666666666
3.0,495,29471493,165.0
10.0,379,29471872,37.9
21.0,545,29472417,25.952380952380953
34.0,1255,29473672,36.911764705882355
13.0,200,29473872,15.384615384615385
24.0,654,29474526,27.25
19.0,504,29475030,26.526315789473685
4.0,168,29475198,42.0
24.0,854,29476052,35.583333333333336
11.0,599,29476651,54.45454545454545
2.0,478,29477129,239.0
11.0,722,29477851,65.63636363636364
14.0,405,29478256,28.928571428571427
15.0,871,29479127,58.06666666666667
18.0,962,29480089,53.44444444444444
13.0,356,29480445,27.384615384615383
13.0,388,29480833,29.846153846153847
7.0,552,29481385,78.85714285714286
8.0,306,29481691,38.25
2.0,456,29482147,228.0
2.0,463,29482610,231.5
3.0,523,29483133,174.33333333333334
14.0,274,29483407,19.571428571428573
2.0,503,29483910,251.5
7.0,592,29484502,84.57142857142857
5.0,193,29484695,38.6
26.0,555,29485250,21.346153846153847
10.0,270,29485520,27.0
2.0,459,29485979,229.5
15.0,217,29486196,14.466666666666667
5.0,143,29486339,28.6
4.0,509,29486848,127.25
12.0,327,29487175,27.25
11.0,204,29487379,18.545454545454547
2.0,470,29487849,235.0
9.0,197,29488046,21.88888888888889
15.0,488,29488534,32.53333333333333
9.0,174,29488708,19.333333333333332
6.0,566,29489274,94.33333333333333
15.0,743,29490017,49.53333333333333
19.0,600,29490617,31.57894736842105
9.0,272,29490889,30.22222222222222
2.0,455,29491344,227.5
15.0,305,29491649,20.333333333333332
13.0,273,29491922,21.0
2.0,472,29492394,236.0
2.0,468,29492862,234.0
0.0,48,29492910,inf
3.0,523,29493433,174.33333333333334
3.0,484,29493917,161.33333333333334
5.0,180,29494097,36.0
15.0,363,29494460,24.2
2.0,490,29494950,245.0
2.0,488,29495438,244.0
25.0,579,29496017,23.16
10.0,241,29496258,24.1
15.0,514,29496772,34.266666666666666
13.0,178,29496950,13.692307692307692
20.0,826,29497776,41.3
18.0,393,29498169,21.833333333333332
2.0,620,29498789,310.0
10.0,674,29499463,67.4
3.0,530,29499993,176.66666666666666
2.0,476,29500469,238.0
8.0,896,29501365,112.0
6.0,614,29501979,102.33333333333333
14.0,276,29502255,19.714285714285715
15.0,782,29503037,52.13333333333333
7.0,238,29503275,34.0
2.0,494,29503769,247.0
2.0,483,29504252,241.5
25.0,580,29504832,23.2
2.0,454,29505286,227.0
4.0,116,29505402,29.0
15.0,462,29505864,30.8
7.0,647,29506511,92.42857142857143
16.0,319,29506830,19.9375
14.0,212,29507042,15.142857142857142
5.0,208,29507250,41.6
2.0,487,29507737,243.5
41.0,1272,29509009,31.024390243902438
7.0,329,29509338,47.0
2.0,456,29509794,228.0
13.0,172,29509966,13.23076923076923
9.0,235,29510201,26.11111111111111
7.0,205,29510406,29.285714285714285
11.0,236,29510642,21.454545454545453
10.0,333,29510975,33.3
25.0,1036,29512011,41.44
10.0,680,29512691,68.0
2.0,103,29512794,51.5
2.0,478,29513272,239.0
10.0,615,29513887,61.5
7.0,583,29514470,83.28571428571429
10.0,731,29515201,73.1
3.0,521,29515722,173.66666666666666
15.0,299,29516021,19.933333333333334
3.0,474,29516495,158.0
5.0,103,29516598,20.6
8.0,187,29516785,23.375
18.0,381,29517166,21.166666666666668
3.0,546,29517712,182.0
19.0,523,29518235,27.526315789473685
7.0,570,29518805,81.42857142857143
25.0,602,29519407,24.08
9.0,208,29519615,23.11111111111111
10.0,642,29520257,64.2
17.0,311,29520568,18.294117647058822
3.0,532,29521100,177.33333333333334
8.0,197,29521297,24.625
2.0,464,29521761,232.0
22.0,831,29522592,37.77272727272727
3.0,547,29523139,182.33333333333334
15.0,756,29523895,50.4
3.0,505,29524400,168.33333333333334
2.0,457,29524857,228.5
12.0,401,29525258,33.416666666666664
27.0,566,29525824,20.962962962962962
2.0,483,29526307,241.5
7.0,599,29526906,85.57142857142857
0.0,20,29526926,inf
17.0,624,29527550,36.705882352941174
15.0,427,29527977,28.466666666666665
6.0,579,29528556,96.5
7.0,674,29529230,96.28571428571429
11.0,212,29529442,19.272727272727273
11.0,707,29530149,64.27272727272727
2.0,520,29530669,260.0
20.0,455,29531124,22.75
4.0,528,29531652,132.0
3.0,492,29532144,164.0
12.0,355,29532499,29.583333333333332
2.0,513,29533012,256.5
3.0,542,29533554,180.66666666666666
15.0,573,29534127,38.2
18.0,669,29534796,37.166666666666664
15.0,333,29535129,22.2
20.0,514,29535643,25.7
2.0,457,29536100,228.5
10.0,604,29536704,60.4
3.0,510,29537214,170.0
9.0,170,29537384,18.88888888888889
3.0,478,29537862,159.33333333333334
10.0,779,29538641,77.9
3.0,467,29539108,155.66666666666666
26.0,645,29539753,24.807692307692307
21.0,399,29540152,19.0
7.0,300,29540452,42.857142857142854
5.0,85,29540537,17.0
3.0,498,29541035,166.0
15.0,315,29541350,21.0
14.0,421,29541771,30.071428571428573
2.0,490,29542261,245.0
6.0,214,29542475,35.666666666666664
12.0,205,29542680,17.083333333333332
7.0,152,29542832,21.714285714285715
22.0,494,29543326,22.454545454545453
3.0,496,29543822,165.33333333333334
3.0,494,29544316,164.66666666666666
15.0,592,29544908,39.46666666666667
19.0,620,29545528,32.63157894736842
11.0,378,29545906,34.36363636363637
10.0,583,29546489,58.3
2.0,471,29546960,235.5
3.0,83,29547043,27.666666666666668
2.0,473,29547516,236.5
7.0,687,29548203,98.14285714285714
11.0,246,29548449,22.363636363636363
5.0,504,29548953,100.8
2.0,481,29549434,240.5
11.0,412,29549846,37.45454545454545
8.0,139,29549985,17.375
12.0,223,29550208,18.583333333333332
7.0,619,29550827,88.42857142857143
3.0,485,29551312,161.66666666666666
6.0,578,29551890,96.33333333333333
26.0,572,29552462,22.0
4.0,538,29553000,134.5
11.0,323,29553323,29.363636363636363
10.0,160,29553483,16.0
9.0,183,29553666,20.333333333333332
11.0,751,29554417,68.27272727272727
7.0,589,29555006,84.14285714285714
1.0,34,29555040,34.0
2.0,457,29555497,228.5
16.0,349,29555846,21.8125
6.0,514,29556360,85.66666666666667
5.0,142,29556502,28.4
14.0,851,29557353,60.785714285714285
19.0,845,29558198,44.473684210526315
10.0,268,29558466,26.8
2.0,466,29558932,233.0
3.0,487,29559419,162.33333333333334
25.0,515,29559934,20.6
2.0,481,29560415,240.5
3.0,528,29560943,176.0
18.0,782,29561725,43.44444444444444
15.0,357,29562082,23.8
9.0,181,29562263,20.11111111111111
18.0,379,29562642,21.055555555555557
6.0,583,29563225,97.16666666666667
4.0,600,29563825,150.0
6.0,722,29564547,120.33333333333333
17.0,404,29564951,23.764705882352942
11.0,975,29565926,88.63636363636364
23.0,711,29566637,30.91304347826087
6.0,520,29567157,86.66666666666667
2.0,457,29567614,228.5
23.0,925,29568539,40.21739130434783
6.0,578,29569117,96.33333333333333
28.0,831,29569948,29.678571428571427
10.0,183,29570131,18.3
25.0,541,29570672,21.64
14.0,342,29571014,24.428571428571427
29.0,673,29571687,23.20689655172414
16.0,361,29572048,22.5625
17.0,373,29572421,21.941176470588236
2.0,469,29572890,234.5
14.0,365,29573255,26.071428571428573
2.0,461,29573716,230.5
3.0,480,29574196,160.0
41.0,1056,29575252,25.75609756097561
6.0,567,29575819,94.5
7.0,582,29576401,83.14285714285714
18.0,737,29577138,40.94444444444444
6.0,592,29577730,98.66666666666667
3.0,594,29578324,198.0
10.0,666,29578990,66.6
2.0,469,29579459,234.5
2.0,57,29579516,28.5
22.0,438,29579954,19.90909090909091
45.0,1167,29581121,25.933333333333334
8.0,154,29581275,19.25
19.0,395,29581670,20.789473684210527
18.0,393,29582063,21.833333333333332
26.0,485,29582548,18.653846153846153
12.0,289,29582837,24.083333333333332
13.0,303,29583140,23.307692307692307
23.0,483,29583623,21.0
10.0,393,29584016,39.3
15.0,394,29584410,26.266666666666666
34.0,874,29585284,25.705882352941178
12.0,228,29585512,19.0
23.0,497,29586009,21.608695652173914
21.0,464,29586473,22.095238095238095
27.0,671,29587144,24.85185185185185
28.0,607,29587751,21.678571428571427
13.0,262,29588013,20.153846153846153
22.0,554,29588567,25.181818181818183
30.0,763,29589330,25.433333333333334
6.0,119,29589449,19.833333333333332
8.0,160,29589609,20.0
4.0,134,29589743,33.5
0.0,48,29589791,inf
19.0,326,29590117,17.157894736842106
30.0,569,29590686,18.966666666666665
25.0,526,29591212,21.04
6.0,108,29591320,18.0
0.0,47,29591367,inf
11.0,302,29591669,27.454545454545453
14.0,263,29591932,18.785714285714285
20.0,416,29592348,20.8
10.0,203,29592551,20.3
3.0,96,29592647,32.0
16.0,338,29592985,21.125
2.0,38,29593023,19.0
14.0,268,29593291,19.142857142857142
16.0,273,29593564,17.0625
14.0,326,29593890,23.285714285714285
17.0,308,29594198,18.11764705882353
8.0,197,29594395,24.625
3.0,101,29594496,33.666666666666664
1.0,20,29594516,20.0
6.0,104,29594620,17.333333333333332
0.0,50,29594670,inf
15.0,243,29594913,16.2
9.0,218,29595131,24.22222222222222
11.0,178,29595309,16.181818181818183
5.0,119,29595428,23.8
1.0,61,29595489,61.0
9.0,151,29595640,16.77777777777778
16.0,266,29595906,16.625
11.0,247,29596153,22.454545454545453
15.0,280,29596433,18.666666666666668
2.0,47,29596480,23.5
11.0,208,29596688,18.90909090909091
22.0,521,29597209,23.681818181818183
10.0,184,29597393,18.4
3.0,67,29597460,22.333333333333332
18.0,374,29597834,20.77777777777778
1.0,45,29597879,45.0
0.0,17,29597896,inf
21.0,296,29598192,14.095238095238095
11.0,209,29598401,19.0
9.0,149,29598550,16.555555555555557
2.0,54,29598604,27.0
12.0,250,29598854,20.833333333333332
1.0,45,29598899,45.0
9.0,174,29599073,19.333333333333332
13.0,196,29599269,15.076923076923077
1.0,43,29599312,43.0
5.0,108,29599420,21.6
3.0,74,29599494,24.666666666666668
12.0,302,29599796,25.166666666666668
10.0,209,29600005,20.9
5.0,103,29600108,20.6
1.0,25,29600133,25.0
6.0,184,29600317,30.666666666666668
20.0,422,29600739,21.1
3.0,116,29600855,38.666666666666664
10.0,205,29601060,20.5
7.0,97,29601157,13.857142857142858
13.0,295,29601452,22.692307692307693
0.0,17,29601469,inf
11.0,308,29601777,28.0
9.0,219,29601996,24.333333333333332
3.0,75,29602071,25.0
11.0,223,29602294,20.272727272727273
8.0,185,29602479,23.125
13.0,285,29602764,21.923076923076923
14.0,316,29603080,22.571428571428573
21.0,421,29603501,20.047619047619047
33.0,745,29604246,22.575757575757574
2.0,72,29604318,36.0
14.0,279,29604597,19.928571428571427
13.0,224,29604821,17.23076923076923
17.0,398,29605219,23.41176470588235
21.0,537,29605756,25.571428571428573
6.0,123,29605879,20.5
25.0,502,29606381,20.08
11.0,282,29606663,25.636363636363637
24.0,569,29607232,23.708333333333332
12.0,267,29607499,22.25
35.0,779,29608278,22.257142857142856
23.0,448,29608726,19.47826086956522
20.0,396,29609122,19.8
6.0,136,29609258,22.666666666666668
38.0,821,29610079,21.605263157894736
11.0,253,29610332,23.0
9.0,164,29610496,18.22222222222222
21.0,504,29611000,24.0
15.0,417,29611417,27.8
17.0,480,29611897,28.235294117647058
23.0,386,29612283,16.782608695652176
21.0,497,29612780,23.666666666666668
8.0,178,29612958,22.25
15.0,438,29613396,29.2
23.0,571,29613967,24.82608695652174
19.0,399,29614366,21.0
16.0,374,29614740,23.375
21.0,497,29615237,23.666666666666668
17.0,364,29615601,21.41176470588235
22.0,489,29616090,22.227272727272727
16.0,280,29616370,17.5
20.0,426,29616796,21.3
12.0,244,29617040,20.333333333333332
18.0,362,29617402,20.11111111111111
6.0,181,29617583,30.166666666666668
15.0,414,29617997,27.6
30.0,711,29618708,23.7
21.0,511,29619219,24.333333333333332
14.0,349,29619568,24.928571428571427
26.0,497,29620065,19.115384615384617
9.0,111,29620176,12.333333333333334
9.0,189,29620365,21.0
15.0,377,29620742,25.133333333333333
17.0,283,29621025,16.647058823529413
25.0,472,29621497,18.88
25.0,527,29622024,21.08
1.0,43,29622067,43.0
31.0,635,29622702,20.483870967741936
14.0,293,29622995,20.928571428571427
29.0,740,29623735,25.517241379310345
18.0,306,29624041,17.0
6.0,161,29624202,26.833333333333332
13.0,238,29624440,18.307692307692307
19.0,381,29624821,20.05263157894737
21.0,529,29625350,25.19047619047619
20.0,441,29625791,22.05
27.0,546,29626337,20.22222222222222
22.0,448,29626785,20.363636363636363
22.0,582,29627367,26.454545454545453
32.0,653,29628020,20.40625
19.0,425,29628445,22.36842105263158
22.0,523,29628968,23.772727272727273
19.0,353,29629321,18.57894736842105
7.0,194,29629515,27.714285714285715
14.0,289,29629804,20.642857142857142
3.0,118,29629922,39.333333333333336
28.0,641,29630563,22.892857142857142
39.0,1050,29631613,26.923076923076923
13.0,331,29631944,25.46153846153846
35.0,879,29632823,25.114285714285714
23.0,456,29633279,19.82608695652174
23.0,548,29633827,23.82608695652174
15.0,407,29634234,27.133333333333333
20.0,367,29634601,18.35
30.0,579,29635180,19.3
10.0,179,29635359,17.9
4.0,90,29635449,22.5
28.0,525,29635974,18.75
19.0,451,29636425,23.736842105263158
14.0,336,29636761,24.0
17.0,279,29637040,16.41176470588235
7.0,180,29637220,25.714285714285715
28.0,538,29637758,19.214285714285715
37.0,797,29638555,21.54054054054054
17.0,322,29638877,18.941176470588236
26.0,687,29639564,26.423076923076923
15.0,249,29639813,16.6
5.0,109,29639922,21.8
23.0,478,29640400,20.782608695652176
18.0,366,29640766,20.333333333333332
14.0,289,29641055,20.642857142857142
12.0,240,29641295,20.0
14.0,314,29641609,22.428571428571427
22.0,488,29642097,22.181818181818183
31.0,792,29642889,25.548387096774192
3.0,36,29642925,12.0
14.0,250,29643175,17.857142857142858
8.0,180,29643355,22.5
16.0,304,29643659,19.0
20.0,506,29644165,25.3
24.0,532,29644697,22.166666666666668
0.0,21,29644718,inf
13.0,404,29645122,31.076923076923077
14.0,229,29645351,16.357142857142858
22.0,477,29645828,21.681818181818183
11.0,217,29646045,19.727272727272727
9.0,123,29646168,13.666666666666666
29.0,712,29646880,24.551724137931036
13.0,342,29647222,26.307692307692307
10.0,215,29647437,21.5
12.0,249,29647686,20.75
25.0,605,29648291,24.2
1.0,41,29648332,41.0
16.0,333,29648665,20.8125
26.0,513,29649178,19.73076923076923
36.0,787,29649965,21.86111111111111
15.0,293,29650258,19.533333333333335
12.0,256,29650514,21.333333333333332
18.0,389,29650903,21.61111111111111
31.0,735,29651638,23.70967741935484
6.0,123,29651761,20.5
14.0,194,29651955,13.857142857142858
5.0,148,29652103,29.6
15.0,399,29652502,26.6
24.0,545,29653047,22.708333333333332
27.0,609,29653656,22.555555555555557
27.0,635,29654291,23.51851851851852
30.0,616,29654907,20.533333333333335
19.0,498,29655405,26.210526315789473
28.0,633,29656038,22.607142857142858
26.0,556,29656594,21.384615384615383
15.0,334,29656928,22.266666666666666
15.0,287,29657215,19.133333333333333
20.0,407,29657622,20.35
6.0,143,29657765,23.833333333333332
25.0,627,29658392,25.08
23.0,485,29658877,21.08695652173913
17.0,343,29659220,20.176470588235293
13.0,313,29659533,24.076923076923077
14.0,325,29659858,23.214285714285715
12.0,211,29660069,17.583333333333332
18.0,367,29660436,20.38888888888889
12.0,327,29660763,27.25
16.0,330,29661093,20.625
16.0,351,29661444,21.9375
32.0,700,29662144,21.875
15.0,297,29662441,19.8
0.0,27,29662468,inf
17.0,315,29662783,18.529411764705884
31.0,767,29663550,24.741935483870968
14.0,355,29663905,25.357142857142858
4.0,78,29663983,19.5
15.0,441,29664424,29.4
19.0,457,29664881,24.05263157894737
15.0,364,29665245,24.266666666666666
5.0,122,29665367,24.4
13.0,314,29665681,24.153846153846153
16.0,468,29666149,29.25
10.0,195,29666344,19.5
28.0,570,29666914,20.357142857142858
13.0,307,29667221,23.615384615384617
12.0,145,29667366,12.083333333333334
12.0,346,29667712,28.833333333333332
30.0,751,29668463,25.033333333333335
10.0,221,29668684,22.1
27.0,641,29669325,23.74074074074074
31.0,920,29670245,29.677419354838708
7.0,113,29670358,16.142857142857142
12.0,270,29670628,22.5
21.0,382,29671010,18.19047619047619
13.0,288,29671298,22.153846153846153
19.0,478,29671776,25.157894736842106
23.0,404,29672180,17.565217391304348
10.0,258,29672438,25.8
29.0,710,29673148,24.482758620689655
21.0,505,29673653,24.047619047619047
10.0,254,29673907,25.4
7.0,217,29674124,31.0
15.0,329,29674453,21.933333333333334
9.0,228,29674681,25.333333333333332
7.0,159,29674840,22.714285714285715
10.0,290,29675130,29.0
23.0,541,29675671,23.52173913043478
19.0,240,29675911,12.631578947368421
3.0,84,29675995,28.0
6.0,128,29676123,21.333333333333332
12.0,326,29676449,27.166666666666668
25.0,556,29677005,22.24
25.0,459,29677464,18.36
33.0,851,29678315,25.78787878787879
24.0,660,29678975,27.5
14.0,291,29679266,20.785714285714285
13.0,255,29679521,19.615384615384617
8.0,151,29679672,18.875
29.0,634,29680306,21.862068965517242
4.0,78,29680384,19.5
13.0,294,29680678,22.615384615384617
22.0,582,29681260,26.454545454545453
10.0,291,29681551,29.1
15.0,248,29681799,16.533333333333335
16.0,331,29682130,20.6875
13.0,387,29682517,29.76923076923077
9.0,227,29682744,25.22222222222222
9.0,305,29683049,33.888888888888886
36.0,830,29683879,23.055555555555557
3.0,127,29684006,42.333333333333336
22.0,612,29684618,27.818181818181817
29.0,676,29685294,23.310344827586206
30.0,704,29685998,23.466666666666665
25.0,615,29686613,24.6
7.0,160,29686773,22.857142857142858
16.0,295,29687068,18.4375
5.0,129,29687197,25.8
16.0,444,29687641,27.75
11.0,231,29687872,21.0
9.0,233,29688105,25.88888888888889
11.0,285,29688390,25.90909090909091
17.0,388,29688778,22.823529411764707
17.0,424,29689202,24.941176470588236
17.0,532,29689734,31.294117647058822
15.0,394,29690128,26.266666666666666
21.0,476,29690604,22.666666666666668
10.0,293,29690897,29.3
27.0,769,29691666,28.48148148148148
31.0,790,29692456,25.483870967741936
12.0,341,29692797,28.416666666666668
16.0,417,29693214,26.0625
9.0,236,29693450,26.22222222222222
11.0,284,29693734,25.818181818181817
20.0,569,29694303,28.45
9.0,294,29694597,32.666666666666664
30.0,766,29695363,25.533333333333335
13.0,449,29695812,34.53846153846154
10.0,282,29696094,28.2
9.0,202,29696296,22.444444444444443
19.0,451,29696747,23.736842105263158
14.0,446,29697193,31.857142857142858
9.0,235,29697428,26.11111111111111
20.0,506,29697934,25.3
6.0,68,29698002,11.333333333333334
3.0,50,29698052,16.666666666666668
13.0,282,29698334,21.692307692307693
16.0,327,29698661,20.4375
17.0,486,29699147,28.58823529411765
7.0,120,29699267,17.142857142857142
17.0,359,29699626,21.11764705882353
9.0,251,29699877,27.88888888888889
22.0,479,29700356,21.772727272727273
18.0,483,29700839,26.833333333333332
28.0,668,29701507,23.857142857142858
11.0,244,29701751,22.181818181818183
22.0,479,29702230,21.772727272727273
5.0,151,29702381,30.2
9.0,231,29702612,25.666666666666668
10.0,236,29702848,23.6
8.0,340,29703188,42.5
14.0,235,29703423,16.785714285714285
20.0,653,29704076,32.65
9.0,216,29704292,24.0
15.0,383,29704675,25.533333333333335
16.0,385,29705060,24.0625
22.0,533,29705593,24.227272727272727
16.0,382,29705975,23.875
14.0,393,29706368,28.071428571428573
5.0,205,29706573,41.0
17.0,370,29706943,21.764705882352942
20.0,521,29707464,26.05
18.0,347,29707811,19.27777777777778
8.0,193,29708004,24.125
25.0,493,29708497,19.72
31.0,776,29709273,25.032258064516128
14.0,356,29709629,25.428571428571427
8.0,234,29709863,29.25
11.0,256,29710119,23.272727272727273
16.0,595,29710714,37.1875
24.0,633,29711347,26.375
8.0,142,29711489,17.75
23.0,591,29712080,25.695652173913043
13.0,380,29712460,29.23076923076923
16.0,356,29712816,22.25
7.0,226,29713042,32.285714285714285
24.0,518,29713560,21.583333333333332
1.0,44,29713604,44.0
19.0,440,29714044,23.157894736842106
7.0,128,29714172,18.285714285714285
27.0,606,29714778,22.444444444444443
5.0,144,29714922,28.8
8.0,194,29715116,24.25
0.0,23,29715139,inf
33.0,787,29715926,23.848484848484848
14.0,373,29716299,26.642857142857142
30.0,879,29717178,29.3
17.0,328,29717506,19.294117647058822
15.0,335,29717841,22.333333333333332
21.0,561,29718402,26.714285714285715
30.0,567,29718969,18.9
12.0,259,29719228,21.583333333333332
12.0,242,29719470,20.166666666666668
5.0,143,29719613,28.6
3.0,105,29719718,35.0
33.0,882,29720600,26.727272727272727
10.0,133,29720733,13.3
14.0,305,29721038,21.785714285714285
18.0,423,29721461,23.5
19.0,463,29721924,24.36842105263158
21.0,578,29722502,27.523809523809526
23.0,541,29723043,23.52173913043478
21.0,514,29723557,24.476190476190474
13.0,374,29723931,28.76923076923077
0.0,47,29723978,inf
2.0,71,29724049,35.5
24.0,501,29724550,20.875
12.0,336,29724886,28.0
4.0,60,29724946,15.0
5.0,141,29725087,28.2
21.0,602,29725689,28.666666666666668
33.0,802,29726491,24.303030303030305
19.0,416,29726907,21.894736842105264
13.0,268,29727175,20.615384615384617
23.0,654,29727829,28.434782608695652
23.0,614,29728443,26.695652173913043
5.0,136,29728579,27.2
7.0,167,29728746,23.857142857142858
18.0,537,29729283,29.833333333333332
22.0,516,29729799,23.454545454545453
7.0,128,29729927,18.285714285714285
20.0,375,29730302,18.75
12.0,309,29730611,25.75
12.0,220,29730831,18.333333333333332
18.0,556,29731387,30.88888888888889
12.0,260,29731647,21.666666666666668
11.0,294,29731941,26.727272727272727
24.0,480,29732421,20.0
5.0,97,29732518,19.4
13.0,401,29732919,30.846153846153847
27.0,640,29733559,23.703703703703702
11.0,206,29733765,18.727272727272727
14.0,404,29734169,28.857142857142858
21.0,496,29734665,23.61904761904762
10.0,277,29734942,27.7
8.0,218,29735160,27.25
21.0,451,29735611,21.476190476190474
13.0,298,29735909,22.923076923076923
24.0,571,29736480,23.791666666666668
33.0,738,29737218,22.363636363636363
19.0,421,29737639,22.157894736842106
7.0,208,29737847,29.714285714285715
12.0,155,29738002,12.916666666666666
12.0,292,29738294,24.333333333333332
25.0,591,29738885,23.64
8.0,178,29739063,22.25
9.0,226,29739289,25.11111111111111
9.0,208,29739497,23.11111111111111
21.0,448,29739945,21.333333333333332
20.0,505,29740450,25.25
5.0,169,29740619,33.8
23.0,588,29741207,25.565217391304348
13.0,307,29741514,23.615384615384617
25.0,610,29742124,24.4
22.0,485,29742609,22.045454545454547
10.0,291,29742900,29.1
13.0,309,29743209,23.76923076923077
23.0,568,29743777,24.695652173913043
3.0,72,29743849,24.0
23.0,561,29744410,24.391304347826086
7.0,187,29744597,26.714285714285715
7.0,161,29744758,23.0
5.0,166,29744924,33.2
13.0,329,29745253,25.307692307692307
21.0,399,29745652,19.0
11.0,248,29745900,22.545454545454547
12.0,425,29746325,35.416666666666664
26.0,506,29746831,19.46153846153846
28.0,725,29747556,25.892857142857142
7.0,267,29747823,38.142857142857146
10.0,230,29748053,23.0
13.0,351,29748404,27.0
19.0,370,29748774,19.473684210526315
9.0,190,29748964,21.11111111111111
12.0,426,29749390,35.5
15.0,402,29749792,26.8
5.0,110,29749902,22.0
16.0,383,29750285,23.9375
21.0,574,29750859,27.333333333333332
21.0,541,29751400,25.761904761904763
30.0,666,29752066,22.2
18.0,343,29752409,19.055555555555557
6.0,156,29752565,26.0
2.0,45,29752610,22.5
2.0,42,29752652,21.0
2.0,30,29752682,15.0
12.0,251,29752933,20.916666666666668
23.0,566,29753499,24.608695652173914
13.0,281,29753780,21.615384615384617
2.0,53,29753833,26.5
13.0,385,29754218,29.615384615384617
26.0,501,29754719,19.26923076923077
20.0,511,29755230,25.55
9.0,239,29755469,26.555555555555557
10.0,238,29755707,23.8
6.0,146,29755853,24.333333333333332
24.0,518,29756371,21.583333333333332
23.0,557,29756928,24.217391304347824
51.0,1210,29758138,23.725490196078432
29.0,769,29758907,26.517241379310345
17.0,465,29759372,27.352941176470587
8.0,172,29759544,21.5
18.0,411,29759955,22.833333333333332
5.0,185,29760140,37.0
23.0,630,29760770,27.391304347826086
19.0,387,29761157,20.36842105263158
12.0,263,29761420,21.916666666666668
24.0,658,29762078,27.416666666666668
24.0,458,29762536,19.083333333333332
5.0,85,29762621,17.0
5.0,91,29762712,18.2
11.0,223,29762935,20.272727272727273
28.0,748,29763683,26.714285714285715
1.0,23,29763706,23.0
13.0,303,29764009,23.307692307692307
6.0,174,29764183,29.0
3.0,91,29764274,30.333333333333332
14.0,303,29764577,21.642857142857142
36.0,933,29765510,25.916666666666668
10.0,255,29765765,25.5
12.0,331,29766096,27.583333333333332
38.0,941,29767037,24.763157894736842
1.0,30,29767067,30.0
11.0,349,29767416,31.727272727272727
1.0,35,29767451,35.0
23.0,601,29768052,26.130434782608695
16.0,350,29768402,21.875
33.0,589,29768991,17.848484848484848
28.0,648,29769639,23.142857142857142
38.0,1073,29770712,28.236842105263158
9.0,200,29770912,22.22222222222222
26.0,672,29771584,25.846153846153847
5.0,113,29771697,22.6
38.0,986,29772683,25.94736842105263
12.0,257,29772940,21.416666666666668
9.0,193,29773133,21.444444444444443
31.0,720,29773853,23.225806451612904
17.0,381,29774234,22.41176470588235
23.0,454,29774688,19.73913043478261
18.0,489,29775177,27.166666666666668
13.0,324,29775501,24.923076923076923
22.0,522,29776023,23.727272727272727
22.0,401,29776424,18.227272727272727
17.0,482,29776906,28.352941176470587
15.0,380,29777286,25.333333333333332
34.0,659,29777945,19.38235294117647
7.0,154,29778099,22.0
18.0,400,29778499,22.22222222222222
30.0,831,29779330,27.7
24.0,586,29779916,24.416666666666668
26.0,566,29780482,21.76923076923077
1.0,64,29780546,64.0
29.0,646,29781192,22.275862068965516
8.0,155,29781347,19.375
17.0,393,29781740,23.11764705882353
5.0,147,29781887,29.4
22.0,381,29782268,17.318181818181817
22.0,422,29782690,19.181818181818183
1.0,23,29782713,23.0
23.0,594,29783307,25.82608695652174
25.0,549,29783856,21.96
12.0,298,29784154,24.833333333333332
14.0,307,29784461,21.928571428571427
20.0,473,29784934,23.65
24.0,581,29785515,24.208333333333332
16.0,366,29785881,22.875
13.0,276,29786157,21.23076923076923
35.0,889,29787046,25.4
20.0,362,29787408,18.1
11.0,313,29787721,28.454545454545453
17.0,431,29788152,25.352941176470587
11.0,311,29788463,28.272727272727273
24.0,511,29788974,21.291666666666668
11.0,362,29789336,32.90909090909091
12.0,230,29789566,19.166666666666668
17.0,429,29789995,25.235294117647058
28.0,631,29790626,22.535714285714285
12.0,253,29790879,21.083333333333332
20.0,503,29791382,25.15
13.0,302,29791684,23.23076923076923
18.0,470,29792154,26.11111111111111
14.0,312,29792466,22.285714285714285
11.0,195,29792661,17.727272727272727
16.0,343,29793004,21.4375
14.0,298,29793302,21.285714285714285
19.0,439,29793741,23.105263157894736
18.0,447,29794188,24.833333333333332
9.0,219,29794407,24.333333333333332
3.0,101,29794508,33.666666666666664
19.0,566,29795074,29.789473684210527
11.0,319,29795393,29.0
14.0,423,29795816,30.214285714285715
21.0,510,29796326,24.285714285714285
16.0,465,29796791,29.0625
17.0,479,29797270,28.176470588235293
24.0,690,29797960,28.75
7.0,169,29798129,24.142857142857142
10.0,197,29798326,19.7
19.0,476,29798802,25.05263157894737
11.0,335,29799137,30.454545454545453
35.0,889,29800026,25.4
28.0,626,29800652,22.357142857142858
15.0,354,29801006,23.6
10.0,316,29801322,31.6
20.0,523,29801845,26.15
19.0,439,29802284,23.105263157894736
15.0,322,29802606,21.466666666666665
11.0,361,29802967,32.81818181818182
19.0,334,29803301,17.57894736842105
13.0,282,29803583,21.692307692307693
27.0,765,29804348,28.333333333333332
17.0,519,29804867,30.529411764705884
38.0,871,29805738,22.92105263157895
6.0,126,29805864,21.0
2.0,56,29805920,28.0
11.0,322,29806242,29.272727272727273
10.0,207,29806449,20.7
31.0,667,29807116,21.516129032258064
11.0,260,29807376,23.636363636363637
2.0,53,29807429,26.5
19.0,425,29807854,22.36842105263158
11.0,239,29808093,21.727272727272727
16.0,355,29808448,22.1875
32.0,806,29809254,25.1875
3.0,71,29809325,23.666666666666668
21.0,470,29809795,22.38095238095238
27.0,626,29810421,23.185185185185187
24.0,467,29810888,19.458333333333332
25.0,652,29811540,26.08
13.0,330,29811870,25.384615384615383
20.0,651,29812521,32.55
17.0,507,29813028,29.823529411764707
6.0,224,29813252,37.333333333333336
26.0,725,29813977,27.884615384615383
19.0,499,29814476,26.263157894736842
38.0,974,29815450,25.63157894736842
10.0,255,29815705,25.5
12.0,211,29815916,17.583333333333332
17.0,420,29816336,24.705882352941178
18.0,405,29816741,22.5
29.0,641,29817382,22.103448275862068
22.0,534,29817916,24.272727272727273
17.0,362,29818278,21.294117647058822
13.0,306,29818584,23.53846153846154
9.0,270,29818854,30.0
10.0,215,29819069,21.5
20.0,521,29819590,26.05
21.0,414,29820004,19.714285714285715
1.0,32,29820036,32.0
21.0,498,29820534,23.714285714285715
14.0,318,29820852,22.714285714285715
13.0,357,29821209,27.46153846153846
7.0,158,29821367,22.571428571428573
13.0,397,29821764,30.53846153846154
24.0,561,29822325,23.375
22.0,517,29822842,23.5
11.0,316,29823158,28.727272727272727
15.0,277,29823435,18.466666666666665
22.0,571,29824006,25.954545454545453
15.0,320,29824326,21.333333333333332
30.0,625,29824951,20.833333333333332
25.0,682,29825633,27.28
22.0,589,29826222,26.772727272727273
17.0,375,29826597,22.058823529411764
8.0,161,29826758,20.125
25.0,592,29827350,23.68
13.0,226,29827576,17.384615384615383
3.0,89,29827665,29.666666666666668
23.0,497,29828162,21.608695652173914
9.0,275,29828437,30.555555555555557
31.0,665,29829102,21.451612903225808
13.0,300,29829402,23.076923076923077
20.0,412,29829814,20.6
24.0,579,29830393,24.125
8.0,200,29830593,25.0
7.0,227,29830820,32.42857142857143
19.0,535,29831355,28.157894736842106
15.0,340,29831695,22.666666666666668
32.0,761,29832456,23.78125
4.0,103,29832559,25.75
9.0,201,29832760,22.333333333333332
9.0,210,29832970,23.333333333333332
17.0,408,29833378,24.0
18.0,480,29833858,26.666666666666668
11.0,279,29834137,25.363636363636363
28.0,569,29834706,20.321428571428573
15.0,345,29835051,23.0
5.0,111,29835162,22.2
18.0,413,29835575,22.944444444444443
26.0,543,29836118,20.884615384615383
19.0,360,29836478,18.94736842105263
25.0,693,29837171,27.72
29.0,777,29837948,26.79310344827586
37.0,1018,29838966,27.513513513513512
10.0,306,29839272,30.6
14.0,306,29839578,21.857142857142858
20.0,428,29840006,21.4
6.0,152,29840158,25.333333333333332
17.0,292,29840450,17.176470588235293
21.0,414,29840864,19.714285714285715
12.0,255,29841119,21.25
20.0,545,29841664,27.25
19.0,380,29842044,20.0
19.0,436,29842480,22.94736842105263
9.0,229,29842709,25.444444444444443
16.0,357,29843066,22.3125
26.0,684,29843750,26.307692307692307
8.0,227,29843977,28.375
10.0,204,29844181,20.4
11.0,312,29844493,28.363636363636363
17.0,556,29845049,32.705882352941174
17.0,461,29845510,27.11764705882353
18.0,367,29845877,20.38888888888889
31.0,738,29846615,23.806451612903224
13.0,390,29847005,30.0
16.0,426,29847431,26.625
25.0,593,29848024,23.72
30.0,758,29848782,25.266666666666666
15.0,374,29849156,24.933333333333334
26.0,622,29849778,23.923076923076923
34.0,790,29850568,23.235294117647058
21.0,534,29851102,25.428571428571427
15.0,381,29851483,25.4
16.0,334,29851817,20.875
23.0,637,29852454,27.695652173913043
14.0,402,29852856,28.714285714285715
29.0,740,29853596,25.517241379310345
25.0,955,29854551,38.2
23.0,603,29855154,26.217391304347824
9.0,158,29855312,17.555555555555557
13.0,291,29855603,22.384615384615383
12.0,266,29855869,22.166666666666668
20.0,573,29856442,28.65
14.0,495,29856937,35.357142857142854
23.0,625,29857562,27.17391304347826
19.0,367,29857929,19.31578947368421
21.0,591,29858520,28.142857142857142
22.0,503,29859023,22.863636363636363
3.0,81,29859104,27.0
11.0,306,29859410,27.818181818181817
18.0,394,29859804,21.88888888888889
3.0,52,29859856,17.333333333333332
21.0,579,29860435,27.571428571428573
13.0,320,29860755,24.615384615384617
4.0,105,29860860,26.25
36.0,774,29861634,21.5
25.0,626,29862260,25.04
15.0,400,29862660,26.666666666666668
22.0,516,29863176,23.454545454545453
32.0,702,29863878,21.9375
20.0,391,29864269,19.55
21.0,628,29864897,29.904761904761905
18.0,518,29865415,28.77777777777778
39.0,937,29866352,24.025641025641026
27.0,599,29866951,22.185185185185187
27.0,573,29867524,21.22222222222222
23.0,476,29868000,20.695652173913043
14.0,256,29868256,18.285714285714285
8.0,225,29868481,28.125
11.0,257,29868738,23.363636363636363
10.0,314,29869052,31.4
5.0,104,29869156,20.8
9.0,144,29869300,16.0
5.0,115,29869415,23.0
12.0,247,29869662,20.583333333333332
10.0,159,29869821,15.9
14.0,356,29870177,25.428571428571427
13.0,328,29870505,25.23076923076923
8.0,194,29870699,24.25
13.0,400,29871099,30.76923076923077
14.0,452,29871551,32.285714285714285
12.0,284,29871835,23.666666666666668
33.0,830,29872665,25.151515151515152
19.0,473,29873138,24.894736842105264
21.0,358,29873496,17.047619047619047
8.0,175,29873671,21.875
23.0,576,29874247,25.043478260869566
14.0,423,29874670,30.214285714285715
29.0,751,29875421,25.896551724137932
10.0,206,29875627,20.6
13.0,229,29875856,17.615384615384617
15.0,355,29876211,23.666666666666668
16.0,403,29876614,25.1875
14.0,395,29877009,28.214285714285715
12.0,288,29877297,24.0
11.0,307,29877604,27.90909090909091
16.0,403,29878007,25.1875
0.0,26,29878033,inf
15.0,333,29878366,22.2
23.0,634,29879000,27.565217391304348
10.0,153,29879153,15.3
8.0,154,29879307,19.25
10.0,272,29879579,27.2
19.0,374,29879953,19.68421052631579
20.0,589,29880542,29.45
12.0,341,29880883,28.416666666666668
26.0,820,29881703,31.53846153846154
7.0,142,29881845,20.285714285714285
11.0,369,29882214,33.54545454545455
15.0,451,29882665,30.066666666666666
10.0,340,29883005,34.0
5.0,101,29883106,20.2
13.0,423,29883529,32.53846153846154
24.0,615,29884144,25.625
19.0,450,29884594,23.68421052631579
34.0,939,29885533,27.61764705882353
31.0,740,29886273,23.870967741935484
33.0,885,29887158,26.818181818181817
15.0,434,29887592,28.933333333333334
14.0,342,29887934,24.428571428571427
26.0,558,29888492,21.46153846153846
14.0,367,29888859,26.214285714285715
23.0,495,29889354,21.52173913043478
6.0,264,29889618,44.0
17.0,311,29889929,18.294117647058822
12.0,397,29890326,33.083333333333336
0.0,21,29890347,inf
10.0,242,29890589,24.2
8.0,196,29890785,24.5
14.0,396,29891181,28.285714285714285
15.0,309,29891490,20.6
1.0,33,29891523,33.0
26.0,620,29892143,23.846153846153847
8.0,180,29892323,22.5
17.0,449,29892772,26.41176470588235
27.0,808,29893580,29.925925925925927
18.0,418,29893998,23.22222222222222
9.0,371,29894369,41.22222222222222
4.0,81,29894450,20.25
7.0,196,29894646,28.0
16.0,352,29894998,22.0
6.0,144,29895142,24.0
14.0,356,29895498,25.428571428571427
22.0,386,29895884,17.545454545454547
15.0,370,29896254,24.666666666666668
35.0,807,29897061,23.057142857142857
26.0,831,29897892,31.96153846153846
28.0,613,29898505,21.892857142857142
21.0,649,29899154,30.904761904761905
11.0,356,29899510,32.36363636363637
21.0,529,29900039,25.19047619047619
16.0,363,29900402,22.6875
7.0,161,29900563,23.0
24.0,565,29901128,23.541666666666668
25.0,821,29901949,32.84
10.0,308,29902257,30.8
15.0,422,29902679,28.133333333333333
25.0,723,29903402,28.92
17.0,535,29903937,31.470588235294116
10.0,261,29904198,26.1
23.0,542,29904740,23.565217391304348
27.0,686,29905426,25.40740740740741
4.0,107,29905533,26.75
20.0,533,29906066,26.65
19.0,552,29906618,29.05263157894737
28.0,750,29907368,26.785714285714285
17.0,416,29907784,24.470588235294116
19.0,521,29908305,27.42105263157895
9.0,181,29908486,20.11111111111111
28.0,652,29909138,23.285714285714285
24.0,520,29909658,21.666666666666668
21.0,517,29910175,24.61904761904762
31.0,838,29911013,27.032258064516128
16.0,468,29911481,29.25
30.0,719,29912200,23.966666666666665
21.0,582,29912782,27.714285714285715
19.0,530,29913312,27.894736842105264
17.0,435,29913747,25.58823529411765
16.0,392,29914139,24.5
20.0,550,29914689,27.5
31.0,892,29915581,28.774193548387096
27.0,664,29916245,24.59259259259259
7.0,148,29916393,21.142857142857142
7.0,159,29916552,22.714285714285715
17.0,527,29917079,31.0
6.0,141,29917220,23.5
13.0,396,29917616,30.46153846153846
10.0,275,29917891,27.5
18.0,354,29918245,19.666666666666668
19.0,401,29918646,21.105263157894736
16.0,392,29919038,24.5
29.0,635,29919673,21.896551724137932
12.0,280,29919953,23.333333333333332
15.0,331,29920284,22.066666666666666
33.0,734,29921018,22.242424242424242
21.0,627,29921645,29.857142857142858
12.0,232,29921877,19.333333333333332
12.0,237,29922114,19.75
10.0,275,29922389,27.5
0.0,37,29922426,inf
20.0,416,29922842,20.8
17.0,375,29923217,22.058823529411764
15.0,398,29923615,26.533333333333335
18.0,386,29924001,21.444444444444443
23.0,649,29924650,28.217391304347824
13.0,305,29924955,23.46153846153846
13.0,376,29925331,28.923076923076923
7.0,169,29925500,24.142857142857142
9.0,223,29925723,24.77777777777778
8.0,206,29925929,25.75
16.0,368,29926297,23.0
11.0,313,29926610,28.454545454545453
23.0,468,29927078,20.347826086956523
22.0,511,29927589,23.227272727272727
14.0,368,29927957,26.285714285714285
30.0,986,29928943,32.86666666666667
6.0,146,29929089,24.333333333333332
12.0,238,29929327,19.833333333333332
14.0,274,29929601,19.571428571428573
20.0,435,29930036,21.75
23.0,580,29930616,25.217391304347824
17.0,452,29931068,26.58823529411765
12.0,348,29931416,29.0
27.0,703,29932119,26.037037037037038
22.0,523,29932642,23.772727272727273
8.0,236,29932878,29.5
5.0,191,29933069,38.2
7.0,82,29933151,11.714285714285714
21.0,394,29933545,18.761904761904763
9.0,241,29933786,26.77777777777778
23.0,682,29934468,29.652173913043477
23.0,577,29935045,25.08695652173913
18.0,420,29935465,23.333333333333332
16.0,286,29935751,17.875
21.0,461,29936212,21.952380952380953
13.0,327,29936539,25.153846153846153
7.0,213,29936752,30.428571428571427
10.0,211,29936963,21.1
10.0,204,29937167,20.4
11.0,282,29937449,25.636363636363637
11.0,317,29937766,28.818181818181817
3.0,60,29937826,20.0
19.0,639,29938465,33.63157894736842
16.0,394,29938859,24.625
27.0,706,29939565,26.14814814814815
23.0,580,29940145,25.217391304347824
15.0,355,29940500,23.666666666666668
8.0,263,29940763,32.875
1.0,81,29940844,81.0
23.0,661,29941505,28.73913043478261
15.0,358,29941863,23.866666666666667
12.0,361,29942224,30.083333333333332
23.0,631,29942855,27.434782608695652
15.0,303,29943158,20.2
21.0,395,29943553,18.80952380952381
10.0,245,29943798,24.5
17.0,400,29944198,23.529411764705884
0.0,58,29944256,inf
7.0,185,29944441,26.428571428571427
15.0,290,29944731,19.333333333333332
17.0,442,29945173,26.0
20.0,424,29945597,21.2
11.0,268,29945865,24.363636363636363
6.0,168,29946033,28.0
19.0,571,29946604,30.05263157894737
26.0,585,29947189,22.5
16.0,383,29947572,23.9375
16.0,279,29947851,17.4375
12.0,316,29948167,26.333333333333332
19.0,416,29948583,21.894736842105264
20.0,399,29948982,19.95
19.0,508,29949490,26.736842105263158
21.0,652,29950142,31.047619047619047
44.0,1068,29951210,24.272727272727273
36.0,853,29952063,23.694444444444443
28.0,583,29952646,20.821428571428573
15.0,420,29953066,28.0
13.0,263,29953329,20.23076923076923
10.0,240,29953569,24.0
19.0,447,29954016,23.526315789473685
14.0,323,29954339,23.071428571428573
11.0,288,29954627,26.181818181818183
33.0,821,29955448,24.87878787878788
25.0,538,29955986,21.52
5.0,138,29956124,27.6
16.0,329,29956453,20.5625
39.0,1012,29957465,25.94871794871795
15.0,468,29957933,31.2
12.0,221,29958154,18.416666666666668
20.0,488,29958642,24.4
7.0,112,29958754,16.0
43.0,1213,29959967,28.209302325581394
21.0,571,29960538,27.19047619047619
20.0,358,29960896,17.9
19.0,464,29961360,24.42105263157895
19.0,554,29961914,29.157894736842106
14.0,266,29962180,19.0
24.0,697,29962877,29.041666666666668
19.0,403,29963280,21.210526315789473
30.0,692,29963972,23.066666666666666
15.0,475,29964447,31.666666666666668
24.0,625,29965072,26.041666666666668
8.0,222,29965294,27.75
11.0,247,29965541,22.454545454545453
37.0,1053,29966594,28.45945945945946
16.0,453,29967047,28.3125
15.0,482,29967529,32.13333333333333
8.0,223,29967752,27.875
5.0,107,29967859,21.4
32.0,1052,29968911,32.875
9.0,164,29969075,18.22222222222222
12.0,273,29969348,22.75
37.0,782,29970130,21.135135135135137
26.0,486,29970616,18.692307692307693
19.0,421,29971037,22.157894736842106
10.0,208,29971245,20.8
12.0,414,29971659,34.5
29.0,618,29972277,21.310344827586206
26.0,549,29972826,21.115384615384617
19.0,630,29973456,33.1578947368421
24.0,614,29974070,25.583333333333332
25.0,642,29974712,25.68
20.0,472,29975184,23.6
27.0,707,29975891,26.185185185185187
9.0,230,29976121,25.555555555555557
8.0,185,29976306,23.125
10.0,185,29976491,18.5
24.0,555,29977046,23.125
16.0,375,29977421,23.4375
5.0,108,29977529,21.6
36.0,829,29978358,23.02777777777778
18.0,500,29978858,27.77777777777778
14.0,403,29979261,28.785714285714285
1.0,45,29979306,45.0
38.0,1166,29980472,30.68421052631579
22.0,481,29980953,21.863636363636363
14.0,374,29981327,26.714285714285715
36.0,846,29982173,23.5
24.0,514,29982687,21.416666666666668
34.0,1146,29983833,33.705882352941174
21.0,529,29984362,25.19047619047619
19.0,508,29984870,26.736842105263158
5.0,149,29985019,29.8
9.0,258,29985277,28.666666666666668
15.0,321,29985598,21.4
7.0,147,29985745,21.0
35.0,825,29986570,23.571428571428573
20.0,625,29987195,31.25
14.0,336,29987531,24.0
17.0,347,29987878,20.41176470588235
13.0,270,29988148,20.76923076923077
42.0,1097,29989245,26.11904761904762
18.0,516,29989761,28.666666666666668
7.0,170,29989931,24.285714285714285
33.0,957,29990888,29.0
23.0,581,29991469,25.26086956521739
3.0,67,29991536,22.333333333333332
8.0,201,29991737,25.125
37.0,1030,29992767,27.83783783783784
20.0,447,29993214,22.35
9.0,261,29993475,29.0
18.0,573,29994048,31.833333333333332
12.0,351,29994399,29.25
3.0,120,29994519,40.0
10.0,270,29994789,27.0
35.0,735,29995524,21.0
15.0,283,29995807,18.866666666666667
26.0,696,29996503,26.76923076923077
9.0,163,29996666,18.11111111111111
29.0,634,29997300,21.862068965517242
2.0,75,29997375,37.5
12.0,317,29997692,26.416666666666668
26.0,625,29998317,24.03846153846154
16.0,384,29998701,24.0
11.0,329,29999030,29.90909090909091
17.0,365,29999395,21.470588235294116
15.0,439,29999834,29.266666666666666
35.0,926,30000760,26.457142857142856
3.0,106,30000866,35.333333333333336
1.0,31,30000897,31.0
11.0,260,30001157,23.636363636363637
20.0,475,30001632,23.75
25.0,650,30002282,26.0
21.0,470,30002752,22.38095238095238
19.0,462,30003214,24.31578947368421
6.0,206,30003420,34.333333333333336
22.0,516,30003936,23.454545454545453
28.0,851,30004787,30.392857142857142
33.0,878,30005665,26.606060606060606
18.0,418,30006083,23.22222222222222
29.0,620,30006703,21.379310344827587
1.0,26,30006729,26.0
3.0,112,30006841,37.333333333333336
19.0,529,30007370,27.842105263157894
12.0,276,30007646,23.0
13.0,277,30007923,21.307692307692307
38.0,1103,30009026,29.026315789473685
30.0,726,30009752,24.2
16.0,305,30010057,19.0625
7.0,150,30010207,21.428571428571427
21.0,637,30010844,30.333333333333332
23.0,436,30011280,18.956521739130434
27.0,670,30011950,24.814814814814813
5.0,124,30012074,24.8
1.0,23,30012097,23.0
22.0,534,30012631,24.272727272727273
34.0,894,30013525,26.294117647058822
9.0,345,30013870,38.333333333333336
22.0,502,30014372,22.818181818181817
16.0,315,30014687,19.6875
16.0,366,30015053,22.875
23.0,595,30015648,25.869565217391305
4.0,135,30015783,33.75
17.0,371,30016154,21.823529411764707
18.0,563,30016717,31.27777777777778
1.0,64,30016781,64.0
6.0,149,30016930,24.833333333333332
14.0,217,30017147,15.5
24.0,531,30017678,22.125
28.0,656,30018334,23.428571428571427
20.0,431,30018765,21.55
18.0,413,30019178,22.944444444444443
39.0,981,30020159,25.153846153846153
31.0,787,30020946,25.387096774193548
26.0,608,30021554,23.384615384615383
29.0,703,30022257,24.24137931034483
11.0,304,30022561,27.636363636363637
32.0,761,30023322,23.78125
24.0,579,30023901,24.125
21.0,523,30024424,24.904761904761905
10.0,251,30024675,25.1
12.0,288,30024963,24.0
9.0,225,30025188,25.0
18.0,481,30025669,26.72222222222222
34.0,872,30026541,25.647058823529413
17.0,398,30026939,23.41176470588235
16.0,373,30027312,23.3125
15.0,358,30027670,23.866666666666667
20.0,571,30028241,28.55
29.0,636,30028877,21.93103448275862
23.0,424,30029301,18.434782608695652
14.0,384,30029685,27.428571428571427
11.0,252,30029937,22.90909090909091
13.0,381,30030318,29.307692307692307
6.0,211,30030529,35.166666666666664
15.0,362,30030891,24.133333333333333
10.0,233,30031124,23.3
21.0,504,30031628,24.0
8.0,181,30031809,22.625
19.0,387,30032196,20.36842105263158
24.0,679,30032875,28.291666666666668
26.0,456,30033331,17.53846153846154
3.0,64,30033395,21.333333333333332
13.0,361,30033756,27.76923076923077
19.0,385,30034141,20.263157894736842
13.0,447,30034588,34.38461538461539
20.0,318,30034906,15.9
20.0,506,30035412,25.3
9.0,275,30035687,30.555555555555557
6.0,141,30035828,23.5
11.0,154,30035982,14.0
50.0,1257,30037239,25.14
18.0,393,30037632,21.833333333333332
12.0,301,30037933,25.083333333333332
15.0,462,30038395,30.8
16.0,405,30038800,25.3125
13.0,288,30039088,22.153846153846153
24.0,548,30039636,22.833333333333332
9.0,145,30039781,16.11111111111111
11.0,394,30040175,35.81818181818182
5.0,254,30040429,50.8
20.0,436,30040865,21.8
43.0,965,30041830,22.441860465116278
15.0,428,30042258,28.533333333333335
10.0,136,30042394,13.6
5.0,165,30042559,33.0
26.0,602,30043161,23.153846153846153
10.0,212,30043373,21.2
15.0,360,30043733,24.0
25.0,640,30044373,25.6
23.0,487,30044860,21.17391304347826
13.0,276,30045136,21.23076923076923
11.0,249,30045385,22.636363636363637
33.0,814,30046199,24.666666666666668
8.0,119,30046318,14.875
14.0,386,30046704,27.571428571428573
19.0,498,30047202,26.210526315789473
26.0,621,30047823,23.884615384615383
3.0,101,30047924,33.666666666666664
25.0,603,30048527,24.12
18.0,358,30048885,19.88888888888889
25.0,566,30049451,22.64
20.0,496,30049947,24.8
26.0,764,30050711,29.384615384615383
20.0,493,30051204,24.65
13.0,339,30051543,26.076923076923077
17.0,319,30051862,18.764705882352942
9.0,221,30052083,24.555555555555557
17.0,432,30052515,25.41176470588235
15.0,356,30052871,23.733333333333334
10.0,279,30053150,27.9
13.0,310,30053460,23.846153846153847
10.0,209,30053669,20.9
22.0,662,30054331,30.09090909090909
14.0,350,30054681,25.0
24.0,547,30055228,22.791666666666668
28.0,689,30055917,24.607142857142858
39.0,870,30056787,22.307692307692307
19.0,419,30057206,22.05263157894737
15.0,435,30057641,29.0
33.0,882,30058523,26.727272727272727
11.0,285,30058808,25.90909090909091
11.0,325,30059133,29.545454545454547
6.0,211,30059344,35.166666666666664
20.0,511,30059855,25.55
9.0,204,30060059,22.666666666666668
21.0,505,30060564,24.047619047619047
14.0,246,30060810,17.571428571428573
20.0,467,30061277,23.35
0.0,31,30061308,inf
35.0,972,30062280,27.771428571428572
27.0,707,30062987,26.185185185185187
17.0,422,30063409,24.823529411764707
9.0,189,30063598,21.0
19.0,412,30064010,21.68421052631579
7.0,174,30064184,24.857142857142858
32.0,835,30065019,26.09375
28.0,685,30065704,24.464285714285715
5.0,147,30065851,29.4
17.0,354,30066205,20.823529411764707
1.0,24,30066229,24.0
46.0,1167,30067396,25.369565217391305
8.0,256,30067652,32.0
15.0,336,30067988,22.4
7.0,186,30068174,26.571428571428573
1.0,58,30068232,58.0
13.0,259,30068491,19.923076923076923
28.0,711,30069202,25.392857142857142
28.0,638,30069840,22.785714285714285
3.0,97,30069937,32.333333333333336
21.0,473,30070410,22.523809523809526
17.0,482,30070892,28.352941176470587
15.0,524,30071416,34.93333333333333
20.0,425,30071841,21.25
28.0,664,30072505,23.714285714285715
0.0,21,30072526,inf
19.0,437,30072963,23.0
23.0,509,30073472,22.130434782608695
13.0,318,30073790,24.46153846153846
31.0,707,30074497,22.806451612903224
28.0,725,30075222,25.892857142857142
22.0,620,30075842,28.181818181818183
24.0,715,30076557,29.791666666666668
33.0,855,30077412,25.90909090909091
20.0,445,30077857,22.25
13.0,405,30078262,31.153846153846153
19.0,399,30078661,21.0
18.0,399,30079060,22.166666666666668
25.0,560,30079620,22.4
11.0,324,30079944,29.454545454545453
2.0,92,30080036,46.0
5.0,128,30080164,25.6
10.0,209,30080373,20.9
16.0,340,30080713,21.25
29.0,747,30081460,25.75862068965517
12.0,232,30081692,19.333333333333332
18.0,510,30082202,28.333333333333332
7.0,174,30082376,24.857142857142858
15.0,399,30082775,26.6
16.0,335,30083110,20.9375
6.0,173,30083283,28.833333333333332
18.0,459,30083742,25.5
23.0,514,30084256,22.347826086956523
34.0,775,30085031,22.794117647058822
15.0,338,30085369,22.533333333333335
14.0,327,30085696,23.357142857142858
29.0,728,30086424,25.103448275862068
10.0,317,30086741,31.7
5.0,224,30086965,44.8
14.0,363,30087328,25.928571428571427
14.0,269,30087597,19.214285714285715
12.0,330,30087927,27.5
24.0,496,30088423,20.666666666666668
28.0,633,30089056,22.607142857142858
8.0,262,30089318,32.75
37.0,833,30090151,22.513513513513512
7.0,235,30090386,33.57142857142857
12.0,459,30090845,38.25
23.0,584,30091429,25.391304347826086
12.0,328,30091757,27.333333333333332
10.0,249,30092006,24.9
12.0,397,30092403,33.083333333333336
7.0,122,30092525,17.428571428571427
21.0,551,30093076,26.238095238095237
28.0,678,30093754,24.214285714285715
15.0,351,30094105,23.4
26.0,617,30094722,23.73076923076923
33.0,731,30095453,22.151515151515152
18.0,383,30095836,21.27777777777778
21.0,480,30096316,22.857142857142858
19.0,515,30096831,27.105263157894736
13.0,455,30097286,35.0
22.0,644,30097930,29.272727272727273
27.0,757,30098687,28.037037037037038
9.0,282,30098969,31.333333333333332
7.0,170,30099139,24.285714285714285
7.0,160,30099299,22.857142857142858
18.0,456,30099755,25.333333333333332
27.0,751,30100506,27.814814814814813
26.0,571,30101077,21.96153846153846
4.0,84,30101161,21.0
12.0,329,30101490,27.416666666666668
14.0,330,30101820,23.571428571428573
14.0,280,30102100,20.0
20.0,530,30102630,26.5
21.0,586,30103216,27.904761904761905
35.0,970,30104186,27.714285714285715
9.0,246,30104432,27.333333333333332
5.0,172,30104604,34.4
26.0,540,30105144,20.76923076923077
28.0,741,30105885,26.464285714285715
22.0,496,30106381,22.545454545454547
20.0,523,30106904,26.15
13.0,237,30107141,18.23076923076923
13.0,336,30107477,25.846153846153847
13.0,231,30107708,17.76923076923077
6.0,196,30107904,32.666666666666664
18.0,611,30108515,33.94444444444444
2.0,71,30108586,35.5
25.0,551,30109137,22.04
11.0,295,30109432,26.818181818181817
8.0,210,30109642,26.25
21.0,522,30110164,24.857142857142858
30.0,702,30110866,23.4
10.0,181,30111047,18.1
14.0,320,30111367,22.857142857142858
31.0,679,30112046,21.903225806451612
16.0,380,30112426,23.75
9.0,241,30112667,26.77777777777778
15.0,296,30112963,19.733333333333334
14.0,388,30113351,27.714285714285715
17.0,545,30113896,32.05882352941177
26.0,710,30114606,27.307692307692307
14.0,381,30114987,27.214285714285715
28.0,810,30115797,28.928571428571427
6.0,165,30115962,27.5
10.0,240,30116202,24.0
18.0,454,30116656,25.22222222222222
1.0,49,30116705,49.0
11.0,187,30116892,17.0
19.0,409,30117301,21.526315789473685
16.0,436,30117737,27.25
19.0,501,30118238,26.36842105263158
28.0,756,30118994,27.0
13.0,352,30119346,27.076923076923077
15.0,308,30119654,20.533333333333335
21.0,437,30120091,20.80952380952381
16.0,426,30120517,26.625
5.0,98,30120615,19.6
15.0,309,30120924,20.6
13.0,301,30121225,23.153846153846153
30.0,715,30121940,23.833333333333332
11.0,174,30122114,15.818181818181818
8.0,185,30122299,23.125
21.0,633,30122932,30.142857142857142
17.0,431,30123363,25.352941176470587
26.0,613,30123976,23.576923076923077
9.0,199,30124175,22.11111111111111
41.0,1194,30125369,29.121951219512194
17.0,369,30125738,21.705882352941178
16.0,379,30126117,23.6875
7.0,128,30126245,18.285714285714285
19.0,385,30126630,20.263157894736842
24.0,600,30127230,25.0
18.0,384,30127614,21.333333333333332
6.0,239,30127853,39.833333333333336
22.0,490,30128343,22.272727272727273
0.0,28,30128371,inf
19.0,456,30128827,24.0
13.0,270,30129097,20.76923076923077
15.0,332,30129429,22.133333333333333
17.0,456,30129885,26.823529411764707
21.0,450,30130335,21.428571428571427
10.0,308,30130643,30.8
26.0,584,30131227,22.46153846153846
26.0,684,30131911,26.307692307692307
5.0,179,30132090,35.8
32.0,687,30132777,21.46875
10.0,252,30133029,25.2
41.0,1062,30134091,25.902439024390244
19.0,461,30134552,24.263157894736842
18.0,365,30134917,20.27777777777778
18.0,391,30135308,21.72222222222222
24.0,583,30135891,24.291666666666668
28.0,584,30136475,20.857142857142858
17.0,385,30136860,22.647058823529413
28.0,743,30137603,26.535714285714285
17.0,407,30138010,23.941176470588236
14.0,407,30138417,29.071428571428573
22.0,712,30139129,32.36363636363637
16.0,617,30139746,38.5625
22.0,716,30140462,32.54545454545455
31.0,1067,30141529,34.41935483870968
19.0,626,30142155,32.94736842105263
5.0,102,30142257,20.4
15.0,544,30142801,36.266666666666666
21.0,721,30143522,34.333333333333336
18.0,789,30144311,43.833333333333336
21.0,698,30145009,33.23809523809524
11.0,238,30145247,21.636363636363637
19.0,618,30145865,32.526315789473685
20.0,518,30146383,25.9
5.0,235,30146618,47.0
41.0,1299,30147917,31.682926829268293
27.0,998,30148915,36.96296296296296
18.0,585,30149500,32.5
17.0,447,30149947,26.294117647058822
9.0,351,30150298,39.0
23.0,708,30151006,30.782608695652176
20.0,502,30151508,25.1
9.0,257,30151765,28.555555555555557
28.0,821,30152586,29.321428571428573
8.0,364,30152950,45.5
11.0,395,30153345,35.90909090909091
30.0,883,30154228,29.433333333333334
29.0,855,30155083,29.482758620689655
24.0,754,30155837,31.416666666666668
13.0,541,30156378,41.61538461538461
28.0,977,30157355,34.892857142857146
24.0,862,30158217,35.916666666666664
8.0,220,30158437,27.5
5.0,112,30158549,22.4
37.0,952,30159501,25.72972972972973
19.0,674,30160175,35.473684210526315
27.0,1107,30161282,41.0
26.0,867,30162149,33.34615384615385
10.0,271,30162420,27.1
24.0,796,30163216,33.166666666666664
20.0,817,30164033,40.85
15.0,532,30164565,35.46666666666667
16.0,539,30165104,33.6875
23.0,822,30165926,35.73913043478261
4.0,122,30166048,30.5
14.0,446,30166494,31.857142857142858
12.0,288,30166782,24.0
12.0,363,30167145,30.25
16.0,682,30167827,42.625
9.0,334,30168161,37.111111111111114
13.0,358,30168519,27.53846153846154
20.0,614,30169133,30.7
9.0,419,30169552,46.55555555555556
13.0,492,30170044,37.84615384615385
13.0,438,30170482,33.69230769230769
6.0,259,30170741,43.166666666666664
10.0,386,30171127,38.6
13.0,385,30171512,29.615384615384617
7.0,293,30171805,41.857142857142854
12.0,473,30172278,39.416666666666664
25.0,751,30173029,30.04
26.0,754,30173783,29.0
29.0,886,30174669,30.551724137931036
6.0,203,30174872,33.833333333333336
23.0,583,30175455,25.347826086956523
13.0,481,30175936,37.0
19.0,673,30176609,35.421052631578945
14.0,450,30177059,32.142857142857146
4.0,199,30177258,49.75
14.0,621,30177879,44.357142857142854
18.0,505,30178384,28.055555555555557
8.0,380,30178764,47.5
28.0,1078,30179842,38.5
12.0,384,30180226,32.0
18.0,488,30180714,27.11111111111111
22.0,581,30181295,26.40909090909091
24.0,766,30182061,31.916666666666668
19.0,620,30182681,32.63157894736842
27.0,756,30183437,28.0
35.0,1192,30184629,34.05714285714286
21.0,795,30185424,37.857142857142854
24.0,755,30186179,31.458333333333332
6.0,266,30186445,44.333333333333336
12.0,522,30186967,43.5
1.0,73,30187040,73.0
25.0,962,30188002,38.48
6.0,239,30188241,39.833333333333336
22.0,732,30188973,33.27272727272727
26.0,860,30189833,33.07692307692308
7.0,330,30190163,47.142857142857146
13.0,550,30190713,42.30769230769231
5.0,201,30190914,40.2
20.0,558,30191472,27.9
18.0,639,30192111,35.5
15.0,469,30192580,31.266666666666666
10.0,369,30192949,36.9
30.0,1298,30194247,43.266666666666666
11.0,351,30194598,31.90909090909091
1.0,82,30194680,82.0
24.0,799,30195479,33.291666666666664
22.0,824,30196303,37.45454545454545
21.0,643,30196946,30.61904761904762
5.0,297,30197243,59.4
31.0,825,30198068,26.612903225806452
14.0,539,30198607,38.5
35.0,1200,30199807,34.285714285714285
24.0,781,30200588,32.541666666666664
16.0,444,30201032,27.75
15.0,503,30201535,33.53333333333333
24.0,650,30202185,27.083333333333332
21.0,699,30202884,33.285714285714285
12.0,423,30203307,35.25
11.0,392,30203699,35.63636363636363
36.0,1082,30204781,30.055555555555557
8.0,354,30205135,44.25
12.0,532,30205667,44.333333333333336
14.0,360,30206027,25.714285714285715
19.0,475,30206502,25.0
22.0,651,30207153,29.59090909090909
7.0,332,30207485,47.42857142857143
38.0,1127,30208612,29.657894736842106
12.0,353,30208965,29.416666666666668
15.0,544,30209509,36.266666666666666
41.0,1413,30210922,34.46341463414634
22.0,690,30211612,31.363636363636363
13.0,547,30212159,42.07692307692308
6.0,204,30212363,34.0
26.0,1009,30213372,38.80769230769231
16.0,474,30213846,29.625
13.0,417,30214263,32.07692307692308
15.0,331,30214594,22.066666666666666
16.0,367,30214961,22.9375
17.0,400,30215361,23.529411764705884
32.0,908,30216269,28.375
23.0,619,30216888,26.91304347826087
8.0,237,30217125,29.625
4.0,100,30217225,25.0
14.0,566,30217791,40.42857142857143
26.0,820,30218611,31.53846153846154
17.0,564,30219175,33.1764705882353
15.0,457,30219632,30.466666666666665
17.0,596,30220228,35.05882352941177
20.0,652,30220880,32.6
5.0,180,30221060,36.0
46.0,1499,30222559,32.58695652173913
30.0,1111,30223670,37.03333333333333
13.0,371,30224041,28.53846153846154
7.0,226,30224267,32.285714285714285
14.0,642,30224909,45.857142857142854
14.0,460,30225369,32.857142857142854
32.0,1045,30226414,32.65625
29.0,916,30227330,31.586206896551722
5.0,156,30227486,31.2
16.0,424,30227910,26.5
12.0,419,30228329,34.916666666666664
15.0,403,30228732,26.866666666666667
23.0,809,30229541,35.17391304347826
10.0,194,30229735,19.4
25.0,820,30230555,32.8
11.0,324,30230879,29.454545454545453
27.0,1128,30232007,41.77777777777778
32.0,1147,30233154,35.84375
27.0,578,30233732,21.40740740740741
15.0,501,30234233,33.4
20.0,702,30234935,35.1
15.0,433,30235368,28.866666666666667
19.0,667,30236035,35.10526315789474
9.0,325,30236360,36.111111111111114
10.0,131,30236491,13.1
13.0,440,30236931,33.84615384615385
26.0,920,30237851,35.38461538461539
19.0,641,30238492,33.73684210526316
30.0,857,30239349,28.566666666666666
14.0,659,30240008,47.07142857142857
23.0,522,30240530,22.695652173913043
16.0,560,30241090,35.0
39.0,1174,30242264,30.102564102564102
12.0,464,30242728,38.666666666666664
27.0,985,30243713,36.48148148148148
7.0,212,30243925,30.285714285714285
12.0,376,30244301,31.333333333333332
25.0,862,30245163,34.48
24.0,890,30246053,37.083333333333336
13.0,418,30246471,32.15384615384615
14.0,606,30247077,43.285714285714285
20.0,605,30247682,30.25
16.0,540,30248222,33.75
6.0,213,30248435,35.5
11.0,529,30248964,48.09090909090909
24.0,830,30249794,34.583333333333336
16.0,427,30250221,26.6875
23.0,645,30250866,28.043478260869566
12.0,261,30251127,21.75
16.0,459,30251586,28.6875
27.0,811,30252397,30.037037037037038
15.0,497,30252894,33.13333333333333
23.0,648,30253542,28.17391304347826
9.0,284,30253826,31.555555555555557
12.0,466,30254292,38.833333333333336
18.0,516,30254808,28.666666666666668
22.0,722,30255530,32.81818181818182
28.0,989,30256519,35.32142857142857
22.0,728,30257247,33.09090909090909
14.0,379,30257626,27.071428571428573
34.0,1094,30258720,32.1764705882353
34.0,1097,30259817,32.26470588235294
8.0,266,30260083,33.25
25.0,741,30260824,29.64
10.0,405,30261229,40.5
21.0,646,30261875,30.761904761904763
19.0,500,30262375,26.31578947368421
4.0,170,30262545,42.5
21.0,564,30263109,26.857142857142858
32.0,1422,30264531,44.4375
24.0,794,30265325,33.083333333333336
16.0,501,30265826,31.3125
20.0,806,30266632,40.3
22.0,696,30267328,31.636363636363637
18.0,587,30267915,32.611111111111114
20.0,529,30268444,26.45
9.0,164,30268608,18.22222222222222
27.0,939,30269547,34.77777777777778
35.0,1035,30270582,29.571428571428573
16.0,554,30271136,34.625
21.0,775,30271911,36.904761904761905
22.0,512,30272423,23.272727272727273
12.0,346,30272769,28.833333333333332
25.0,813,30273582,32.52
13.0,503,30274085,38.69230769230769
14.0,595,30274680,42.5
25.0,909,30275589,36.36
18.0,531,30276120,29.5
24.0,865,30276985,36.041666666666664
12.0,296,30277281,24.666666666666668
18.0,726,30278007,40.333333333333336
23.0,862,30278869,37.47826086956522
21.0,828,30279697,39.42857142857143
19.0,537,30280234,28.263157894736842
10.0,348,30280582,34.8
10.0,420,30281002,42.0
9.0,413,30281415,45.888888888888886
34.0,1200,30282615,35.294117647058826
29.0,917,30283532,31.620689655172413
9.0,383,30283915,42.55555555555556
26.0,897,30284812,34.5
13.0,473,30285285,36.38461538461539
22.0,782,30286067,35.54545454545455
7.0,362,30286429,51.714285714285715
29.0,1118,30287547,38.55172413793103
32.0,1023,30288570,31.96875
23.0,746,30289316,32.43478260869565
22.0,718,30290034,32.63636363636363
12.0,380,30290414,31.666666666666668
11.0,359,30290773,32.63636363636363
26.0,829,30291602,31.884615384615383
22.0,708,30292310,32.18181818181818
22.0,701,30293011,31.863636363636363
12.0,382,30293393,31.833333333333332
10.0,406,30293799,40.6
25.0,744,30294543,29.76
26.0,790,30295333,30.384615384615383
16.0,539,30295872,33.6875
19.0,661,30296533,34.78947368421053
27.0,844,30297377,31.25925925925926
14.0,471,30297848,33.642857142857146
16.0,582,30298430,36.375
17.0,675,30299105,39.705882352941174
5.0,235,30299340,47.0
6.0,169,30299509,28.166666666666668
24.0,842,30300351,35.083333333333336
18.0,656,30301007,36.44444444444444
23.0,778,30301785,33.82608695652174
20.0,672,30302457,33.6
8.0,323,30302780,40.375
9.0,394,30303174,43.77777777777778
6.0,146,30303320,24.333333333333332
11.0,439,30303759,39.90909090909091
13.0,567,30304326,43.61538461538461
6.0,221,30304547,36.833333333333336
23.0,735,30305282,31.956521739130434
25.0,803,30306085,32.12
16.0,517,30306602,32.3125
29.0,750,30307352,25.862068965517242
12.0,389,30307741,32.416666666666664
23.0,962,30308703,41.82608695652174
34.0,1133,30309836,33.3235294117647
10.0,421,30310257,42.1
22.0,492,30310749,22.363636363636363
14.0,565,30311314,40.357142857142854
24.0,590,30311904,24.583333333333332
14.0,365,30312269,26.071428571428573
20.0,632,30312901,31.6
1.0,36,30312937,36.0
14.0,619,30313556,44.214285714285715
34.0,1055,30314611,31.029411764705884
37.0,932,30315543,25.18918918918919
13.0,427,30315970,32.84615384615385
5.0,232,30316202,46.4
6.0,221,30316423,36.833333333333336
23.0,875,30317298,38.04347826086956
21.0,766,30318064,36.476190476190474
20.0,796,30318860,39.8
24.0,879,30319739,36.625
18.0,508,30320247,28.22222222222222
26.0,816,30321063,31.384615384615383
29.0,926,30321989,31.93103448275862
10.0,209,30322198,20.9
12.0,432,30322630,36.0
6.0,214,30322844,35.666666666666664
7.0,154,30322998,22.0
24.0,737,30323735,30.708333333333332
16.0,549,30324284,34.3125
16.0,787,30325071,49.1875
10.0,217,30325288,21.7
7.0,279,30325567,39.857142857142854
25.0,753,30326320,30.12
0.0,58,30326378,inf
15.0,525,30326903,35.0
23.0,601,30327504,26.130434782608695
6.0,317,30327821,52.833333333333336
16.0,587,30328408,36.6875
15.0,516,30328924,34.4
24.0,705,30329629,29.375
22.0,755,30330384,34.31818181818182
19.0,640,30331024,33.68421052631579
11.0,373,30331397,33.90909090909091
14.0,437,30331834,31.214285714285715
14.0,503,30332337,35.92857142857143
43.0,1336,30333673,31.069767441860463
38.0,1289,30334962,33.921052631578945
26.0,949,30335911,36.5
15.0,497,30336408,33.13333333333333
30.0,1062,30337470,35.4
19.0,479,30337949,25.210526315789473
24.0,822,30338771,34.25
31.0,1294,30340065,41.74193548387097
10.0,231,30340296,23.1
8.0,195,30340491,24.375
16.0,619,30341110,38.6875
19.0,596,30341706,31.36842105263158
13.0,389,30342095,29.923076923076923
18.0,584,30342679,32.44444444444444
23.0,587,30343266,25.52173913043478
14.0,296,30343562,21.142857142857142
27.0,824,30344386,30.51851851851852
20.0,731,30345117,36.55
11.0,385,30345502,35.0
33.0,981,30346483,29.727272727272727
14.0,550,30347033,39.285714285714285
20.0,687,30347720,34.35
17.0,591,30348311,34.76470588235294
13.0,578,30348889,44.46153846153846
34.0,1119,30350008,32.911764705882355
21.0,487,30350495,23.19047619047619
10.0,431,30350926,43.1
11.0,404,30351330,36.72727272727273
16.0,656,30351986,41.0
12.0,377,30352363,31.416666666666668
11.0,505,30352868,45.90909090909091
21.0,583,30353451,27.761904761904763
34.0,1208,30354659,35.529411764705884
23.0,733,30355392,31.869565217391305
18.0,625,30356017,34.72222222222222
10.0,366,30356383,36.6
16.0,577,30356960,36.0625
14.0,356,30357316,25.428571428571427
8.0,294,30357610,36.75
25.0,749,30358359,29.96
25.0,817,30359176,32.68
11.0,358,30359534,32.54545454545455
44.0,1243,30360777,28.25
20.0,684,30361461,34.2
48.0,1497,30362958,31.1875
35.0,1251,30364209,35.74285714285714
21.0,764,30364973,36.38095238095238
10.0,410,30365383,41.0
25.0,720,30366103,28.8
11.0,437,30366540,39.72727272727273
7.0,201,30366741,28.714285714285715
16.0,557,30367298,34.8125
21.0,888,30368186,42.285714285714285
8.0,424,30368610,53.0
7.0,307,30368917,43.857142857142854
26.0,803,30369720,30.884615384615383
13.0,269,30369989,20.692307692307693
27.0,857,30370846,31.74074074074074
18.0,518,30371364,28.77777777777778
14.0,487,30371851,34.785714285714285
22.0,862,30372713,39.18181818181818
36.0,1224,30373937,34.0
31.0,1092,30375029,35.225806451612904
7.0,152,30375181,21.714285714285715
21.0,643,30375824,30.61904761904762
22.0,701,30376525,31.863636363636363
15.0,441,30376966,29.4
15.0,448,30377414,29.866666666666667
12.0,404,30377818,33.666666666666664
23.0,810,30378628,35.21739130434783
8.0,335,30378963,41.875
14.0,429,30379392,30.642857142857142
18.0,707,30380099,39.27777777777778
14.0,481,30380580,34.357142857142854
18.0,647,30381227,35.94444444444444
5.0,197,30381424,39.4
15.0,474,30381898,31.6
9.0,331,30382229,36.77777777777778
6.0,88,30382317,14.666666666666666
17.0,552,30382869,32.470588235294116
32.0,1017,30383886,31.78125
28.0,996,30384882,35.57142857142857
12.0,394,30385276,32.833333333333336
32.0,1278,30386554,39.9375
14.0,402,30386956,28.714285714285715
30.0,882,30387838,29.4
16.0,672,30388510,42.0
18.0,601,30389111,33.388888888888886
6.0,240,30389351,40.0
29.0,902,30390253,31.103448275862068
17.0,614,30390867,36.11764705882353
17.0,461,30391328,27.11764705882353
17.0,713,30392041,41.94117647058823
7.0,234,30392275,33.42857142857143
21.0,785,30393060,37.38095238095238
20.0,635,30393695,31.75
17.0,532,30394227,31.294117647058822
10.0,322,30394549,32.2
27.0,971,30395520,35.96296296296296
14.0,602,30396122,43.0
30.0,926,30397048,30.866666666666667
30.0,978,30398026,32.6
2.0,73,30398099,36.5
17.0,598,30398697,35.1764705882353
10.0,379,30399076,37.9
2.0,113,30399189,56.5
17.0,341,30399530,20.058823529411764
10.0,464,30399994,46.4
13.0,457,30400451,35.15384615384615
11.0,328,30400779,29.818181818181817
16.0,536,30401315,33.5
11.0,250,30401565,22.727272727272727
25.0,817,30402382,32.68
19.0,599,30402981,31.526315789473685
15.0,663,30403644,44.2
18.0,533,30404177,29.61111111111111
2.0,93,30404270,46.5
11.0,353,30404623,32.09090909090909
18.0,590,30405213,32.77777777777778
18.0,626,30405839,34.77777777777778
17.0,436,30406275,25.647058823529413
14.0,505,30406780,36.07142857142857
23.0,713,30407493,31.0
23.0,903,30408396,39.26086956521739
17.0,576,30408972,33.88235294117647
21.0,897,30409869,42.714285714285715
18.0,616,30410485,34.22222222222222
28.0,1141,30411626,40.75
27.0,914,30412540,33.851851851851855
16.0,538,30413078,33.625
23.0,721,30413799,31.347826086956523
8.0,353,30414152,44.125
22.0,717,30414869,32.59090909090909
8.0,383,30415252,47.875
11.0,370,30415622,33.63636363636363
8.0,193,30415815,24.125
44.0,1313,30417128,29.84090909090909
3.0,95,30417223,31.666666666666668
12.0,361,30417584,30.083333333333332
15.0,417,30418001,27.8
16.0,626,30418627,39.125
7.0,203,30418830,29.0
6.0,240,30419070,40.0
15.0,538,30419608,35.86666666666667
21.0,628,30420236,29.904761904761905
10.0,325,30420561,32.5
6.0,216,30420777,36.0
31.0,1145,30421922,36.935483870967744
26.0,848,30422770,32.61538461538461
9.0,352,30423122,39.111111111111114
13.0,484,30423606,37.23076923076923
6.0,351,30423957,58.5
23.0,725,30424682,31.52173913043478
3.0,112,30424794,37.333333333333336
30.0,976,30425770,32.53333333333333
19.0,735,30426505,38.68421052631579
39.0,1334,30427839,34.205128205128204
28.0,846,30428685,30.214285714285715
3.0,78,30428763,26.0
32.0,987,30429750,30.84375
6.0,197,30429947,32.833333333333336
13.0,490,30430437,37.69230769230769
29.0,855,30431292,29.482758620689655
36.0,1055,30432347,29.305555555555557
5.0,149,30432496,29.8
6.0,192,30432688,32.0
11.0,301,30432989,27.363636363636363
10.0,384,30433373,38.4
15.0,502,30433875,33.46666666666667
7.0,274,30434149,39.142857142857146
12.0,449,30434598,37.416666666666664
8.0,332,30434930,41.5
34.0,1227,30436157,36.088235294117645
15.0,479,30436636,31.933333333333334
19.0,586,30437222,30.842105263157894
13.0,397,30437619,30.53846153846154
21.0,726,30438345,34.57142857142857
24.0,931,30439276,38.791666666666664
11.0,477,30439753,43.36363636363637
20.0,505,30440258,25.25
15.0,559,30440817,37.266666666666666
12.0,438,30441255,36.5
3.0,129,30441384,43.0
17.0,665,30442049,39.11764705882353
5.0,143,30442192,28.6
13.0,494,30442686,38.0
11.0,386,30443072,35.09090909090909
23.0,887,30443959,38.56521739130435
16.0,501,30444460,31.3125
11.0,378,30444838,34.36363636363637
24.0,867,30445705,36.125
13.0,578,30446283,44.46153846153846
22.0,638,30446921,29.0
6.0,228,30447149,38.0
35.0,1189,30448338,33.97142857142857
14.0,482,30448820,34.42857142857143
18.0,591,30449411,32.833333333333336
22.0,698,30450109,31.727272727272727
24.0,706,30450815,29.416666666666668
18.0,659,30451474,36.611111111111114
20.0,517,30451991,25.85
22.0,750,30452741,34.09090909090909
29.0,916,30453657,31.586206896551722
13.0,444,30454101,34.15384615384615
21.0,867,30454968,41.285714285714285
17.0,556,30455524,32.705882352941174
16.0,532,30456056,33.25
8.0,369,30456425,46.125
5.0,169,30456594,33.8
29.0,654,30457248,22.551724137931036
7.0,223,30457471,31.857142857142858
16.0,571,30458042,35.6875
15.0,664,30458706,44.266666666666666
21.0,756,30459462,36.0
23.0,784,30460246,34.08695652173913
26.0,640,30460886,24.615384615384617
14.0,558,30461444,39.857142857142854
25.0,880,30462324,35.2
10.0,542,30462866,54.2
10.0,327,30463193,32.7
1.0,28,30463221,28.0
9.0,319,30463540,35.44444444444444
20.0,523,30464063,26.15
12.0,473,30464536,39.416666666666664
24.0,853,30465389,35.541666666666664
16.0,458,30465847,28.625
24.0,818,30466665,34.083333333333336
16.0,386,30467051,24.125
10.0,343,30467394,34.3
30.0,958,30468352,31.933333333333334
9.0,291,30468643,32.333333333333336
9.0,308,30468951,34.22222222222222
14.0,431,30469382,30.785714285714285
27.0,842,30470224,31.185185185185187
27.0,886,30471110,32.81481481481482
23.0,769,30471879,33.43478260869565
13.0,335,30472214,25.76923076923077
5.0,192,30472406,38.4
7.0,302,30472708,43.142857142857146
6.0,180,30472888,30.0
8.0,372,30473260,46.5
25.0,794,30474054,31.76
17.0,511,30474565,30.058823529411764
16.0,595,30475160,37.1875
20.0,645,30475805,32.25
19.0,594,30476399,31.263157894736842
22.0,776,30477175,35.27272727272727
19.0,433,30477608,22.789473684210527
19.0,784,30478392,41.26315789473684
37.0,1456,30479848,39.351351351351354
15.0,446,30480294,29.733333333333334
20.0,495,30480789,24.75
19.0,610,30481399,32.10526315789474
17.0,488,30481887,28.705882352941178
22.0,592,30482479,26.90909090909091
12.0,535,30483014,44.583333333333336
18.0,550,30483564,30.555555555555557
19.0,571,30484135,30.05263157894737
17.0,607,30484742,35.705882352941174
13.0,463,30485205,35.61538461538461
14.0,298,30485503,21.285714285714285
17.0,526,30486029,30.941176470588236
9.0,180,30486209,20.0
17.0,626,30486835,36.8235294117647
13.0,354,30487189,27.23076923076923
13.0,329,30487518,25.307692307692307
6.0,199,30487717,33.166666666666664
24.0,717,30488434,29.875
14.0,431,30488865,30.785714285714285
13.0,290,30489155,22.307692307692307
23.0,788,30489943,34.26086956521739
8.0,278,30490221,34.75
37.0,1136,30491357,30.7027027027027
22.0,946,30492303,43.0
22.0,690,30492993,31.363636363636363
20.0,617,30493610,30.85
25.0,875,30494485,35.0
21.0,810,30495295,38.57142857142857
16.0,522,30495817,32.625
7.0,209,30496026,29.857142857142858
12.0,260,30496286,21.666666666666668
30.0,939,30497225,31.3
19.0,545,30497770,28.68421052631579
16.0,638,30498408,39.875
22.0,773,30499181,35.13636363636363
19.0,720,30499901,37.89473684210526
32.0,1094,30500995,34.1875
26.0,924,30501919,35.53846153846154
15.0,523,30502442,34.86666666666667
15.0,379,30502821,25.266666666666666
12.0,320,30503141,26.666666666666668
19.0,580,30503721,30.526315789473685
35.0,1180,30504901,33.714285714285715
29.0,901,30505802,31.06896551724138
17.0,646,30506448,38.0
18.0,682,30507130,37.888888888888886
31.0,1007,30508137,32.483870967741936
25.0,879,30509016,35.16
11.0,404,30509420,36.72727272727273
12.0,436,30509856,36.333333333333336
12.0,551,30510407,45.916666666666664
28.0,712,30511119,25.428571428571427
28.0,999,30512118,35.67857142857143
23.0,723,30512841,31.434782608695652
17.0,386,30513227,22.705882352941178
13.0,477,30513704,36.69230769230769
15.0,452,30514156,30.133333333333333
14.0,556,30514712,39.714285714285715
4.0,148,30514860,37.0
28.0,795,30515655,28.392857142857142
28.0,711,30516366,25.392857142857142
8.0,450,30516816,56.25
13.0,403,30517219,31.0
28.0,1155,30518374,41.25
22.0,758,30519132,34.45454545454545
24.0,811,30519943,33.791666666666664
15.0,466,30520409,31.066666666666666
20.0,941,30521350,47.05
30.0,1075,30522425,35.833333333333336
44.0,1608,30524033,36.54545454545455
12.0,435,30524468,36.25
39.0,1194,30525662,30.615384615384617
13.0,605,30526267,46.53846153846154
21.0,839,30527106,39.95238095238095
8.0,226,30527332,28.25
13.0,463,30527795,35.61538461538461
28.0,1060,30528855,37.857142857142854
53.0,1640,30530495,30.943396226415093
21.0,563,30531058,26.80952380952381
24.0,1046,30532104,43.583333333333336
13.0,444,30532548,34.15384615384615
25.0,780,30533328,31.2
27.0,911,30534239,33.74074074074074
25.0,913,30535152,36.52
18.0,782,30535934,43.44444444444444
12.0,297,30536231,24.75
23.0,714,30536945,31.043478260869566
24.0,999,30537944,41.625
21.0,613,30538557,29.19047619047619
16.0,679,30539236,42.4375
18.0,565,30539801,31.38888888888889
25.0,819,30540620,32.76
31.0,936,30541556,30.193548387096776
18.0,433,30541989,24.055555555555557
12.0,349,30542338,29.083333333333332
8.0,225,30542563,28.125
19.0,705,30543268,37.10526315789474
19.0,617,30543885,32.473684210526315
10.0,425,30544310,42.5
33.0,1129,30545439,34.21212121212121
12.0,341,30545780,28.416666666666668
8.0,313,30546093,39.125
26.0,796,30546889,30.615384615384617
23.0,720,30547609,31.304347826086957
24.0,639,30548248,26.625
23.0,736,30548984,32.0
13.0,446,30549430,34.30769230769231
22.0,717,30550147,32.59090909090909
10.0,328,30550475,32.8
23.0,979,30551454,42.56521739130435
23.0,562,30552016,24.434782608695652
10.0,355,30552371,35.5
11.0,248,30552619,22.545454545454547
37.0,891,30553510,24.08108108108108
24.0,811,30554321,33.791666666666664
21.0,680,30555001,32.38095238095238
11.0,418,30555419,38.0
16.0,509,30555928,31.8125
11.0,380,30556308,34.54545454545455
20.0,754,30557062,37.7
32.0,1090,30558152,34.0625
17.0,486,30558638,28.58823529411765
32.0,923,30559561,28.84375
20.0,649,30560210,32.45
16.0,635,30560845,39.6875
9.0,326,30561171,36.22222222222222
9.0,331,30561502,36.77777777777778
12.0,375,30561877,31.25
23.0,863,30562740,37.52173913043478
15.0,429,30563169,28.6
27.0,774,30563943,28.666666666666668
11.0,365,30564308,33.18181818181818
20.0,593,30564901,29.65
24.0,856,30565757,35.666666666666664
9.0,255,30566012,28.333333333333332
19.0,558,30566570,29.36842105263158
33.0,1033,30567603,31.303030303030305
32.0,982,30568585,30.6875
14.0,564,30569149,40.285714285714285
25.0,867,30570016,34.68
10.0,337,30570353,33.7
9.0,269,30570622,29.88888888888889
16.0,651,30571273,40.6875
29.0,1171,30572444,40.37931034482759
8.0,265,30572709,33.125
21.0,577,30573286,27.476190476190474
14.0,425,30573711,30.357142857142858
36.0,1288,30574999,35.77777777777778
35.0,1164,30576163,33.25714285714286
36.0,1093,30577256,30.36111111111111
37.0,1266,30578522,34.21621621621622
22.0,541,30579063,24.59090909090909
41.0,1023,30580086,24.951219512195124
7.0,285,30580371,40.714285714285715
6.0,152,30580523,25.333333333333332
10.0,394,30580917,39.4
15.0,604,30581521,40.266666666666666
10.0,413,30581934,41.3
26.0,821,30582755,31.576923076923077
17.0,548,30583303,32.23529411764706
15.0,386,30583689,25.733333333333334
18.0,706,30584395,39.22222222222222
10.0,412,30584807,41.2
22.0,769,30585576,34.95454545454545
14.0,369,30585945,26.357142857142858
9.0,220,30586165,24.444444444444443
21.0,520,30586685,24.761904761904763
22.0,862,30587547,39.18181818181818
33.0,884,30588431,26.78787878787879
22.0,657,30589088,29.863636363636363
20.0,534,30589622,26.7
15.0,611,30590233,40.733333333333334
8.0,196,30590429,24.5
21.0,942,30591371,44.857142857142854
11.0,331,30591702,30.09090909090909
15.0,520,30592222,34.666666666666664
25.0,827,30593049,33.08
11.0,391,30593440,35.54545454545455
18.0,681,30594121,37.833333333333336
27.0,764,30594885,28.296296296296298
15.0,451,30595336,30.066666666666666
6.0,253,30595589,42.166666666666664
10.0,319,30595908,31.9
24.0,754,30596662,31.416666666666668
27.0,776,30597438,28.74074074074074
14.0,405,30597843,28.928571428571427
20.0,694,30598537,34.7
29.0,884,30599421,30.482758620689655
9.0,399,30599820,44.333333333333336
27.0,806,30600626,29.85185185185185
15.0,533,30601159,35.53333333333333
20.0,611,30601770,30.55
7.0,223,30601993,31.857142857142858
11.0,321,30602314,29.181818181818183
39.0,1355,30603669,34.743589743589745
36.0,1021,30604690,28.36111111111111
13.0,395,30605085,30.384615384615383
18.0,682,30605767,37.888888888888886
30.0,646,30606413,21.533333333333335
20.0,750,30607163,37.5
13.0,499,30607662,38.38461538461539
12.0,391,30608053,32.583333333333336
38.0,1306,30609359,34.36842105263158
25.0,987,30610346,39.48
10.0,436,30610782,43.6
14.0,409,30611191,29.214285714285715
20.0,478,30611669,23.9
7.0,99,30611768,14.142857142857142
20.0,573,30612341,28.65
15.0,467,30612808,31.133333333333333
7.0,246,30613054,35.142857142857146
8.0,322,30613376,40.25
24.0,993,30614369,41.375
10.0,415,30614784,41.5
16.0,531,30615315,33.1875
24.0,897,30616212,37.375
19.0,629,30616841,33.10526315789474
17.0,671,30617512,39.470588235294116
7.0,227,30617739,32.42857142857143
18.0,576,30618315,32.0
20.0,649,30618964,32.45
12.0,432,30619396,36.0
21.0,772,30620168,36.76190476190476
18.0,552,30620720,30.666666666666668
19.0,755,30621475,39.73684210526316
23.0,731,30622206,31.782608695652176
16.0,548,30622754,34.25
8.0,307,30623061,38.375
5.0,179,30623240,35.8
24.0,850,30624090,35.416666666666664
21.0,607,30624697,28.904761904761905
16.0,522,30625219,32.625
8.0,340,30625559,42.5
6.0,157,30625716,26.166666666666668
22.0,778,30626494,35.36363636363637
19.0,620,30627114,32.63157894736842
22.0,731,30627845,33.22727272727273
15.0,623,30628468,41.53333333333333
23.0,818,30629286,35.56521739130435
18.0,680,30629966,37.77777777777778
11.0,212,30630178,19.272727272727273
18.0,397,30630575,22.055555555555557
35.0,1167,30631742,33.34285714285714
7.0,160,30631902,22.857142857142858
16.0,667,30632569,41.6875
42.0,1167,30633736,27.785714285714285
27.0,834,30634570,30.88888888888889
19.0,563,30635133,29.63157894736842
14.0,641,30635774,45.785714285714285
22.0,836,30636610,38.0
14.0,523,30637133,37.357142857142854
9.0,270,30637403,30.0
22.0,649,30638052,29.5
12.0,232,30638284,19.333333333333332
16.0,609,30638893,38.0625
9.0,269,30639162,29.88888888888889
26.0,819,30639981,31.5
12.0,624,30640605,52.0
21.0,1023,30641628,48.714285714285715
24.0,907,30642535,37.791666666666664
34.0,1036,30643571,30.470588235294116
2.0,89,30643660,44.5
16.0,388,30644048,24.25
27.0,862,30644910,31.925925925925927
14.0,513,30645423,36.642857142857146
29.0,887,30646310,30.586206896551722
14.0,601,30646911,42.92857142857143
19.0,619,30647530,32.578947368421055
34.0,1086,30648616,31.941176470588236
37.0,1008,30649624,27.243243243243242
20.0,540,30650164,27.0
21.0,521,30650685,24.80952380952381
5.0,220,30650905,44.0
14.0,474,30651379,33.857142857142854
13.0,497,30651876,38.23076923076923
40.0,1474,30653350,36.85
9.0,425,30653775,47.22222222222222
19.0,755,30654530,39.73684210526316
21.0,611,30655141,29.095238095238095
25.0,686,30655827,27.44
24.0,997,30656824,41.541666666666664
19.0,780,30657604,41.05263157894737
11.0,468,30658072,42.54545454545455
23.0,730,30658802,31.73913043478261
5.0,118,30658920,23.6
35.0,1069,30659989,30.542857142857144
31.0,988,30660977,31.870967741935484
27.0,829,30661806,30.703703703703702
10.0,419,30662225,41.9
19.0,600,30662825,31.57894736842105
12.0,351,30663176,29.25
17.0,569,30663745,33.470588235294116
26.0,929,30664674,35.73076923076923
28.0,903,30665577,32.25
28.0,792,30666369,28.285714285714285
7.0,323,30666692,46.142857142857146
13.0,264,30666956,20.307692307692307
13.0,420,30667376,32.30769230769231
16.0,503,30667879,31.4375
13.0,369,30668248,28.384615384615383
15.0,380,30668628,25.333333333333332
9.0,309,30668937,34.333333333333336
14.0,530,30669467,37.857142857142854
14.0,352,30669819,25.142857142857142
17.0,495,30670314,29.11764705882353
35.0,1171,30671485,33.457142857142856
10.0,292,30671777,29.2
30.0,900,30672677,30.0
19.0,531,30673208,27.94736842105263
33.0,946,30674154,28.666666666666668
10.0,326,30674480,32.6
10.0,392,30674872,39.2
14.0,549,30675421,39.214285714285715
29.0,988,30676409,34.06896551724138
17.0,491,30676900,28.88235294117647
28.0,816,30677716,29.142857142857142
15.0,439,30678155,29.266666666666666
7.0,358,30678513,51.142857142857146
26.0,885,30679398,34.03846153846154
32.0,1024,30680422,32.0
19.0,389,30680811,20.473684210526315
16.0,584,30681395,36.5
17.0,715,30682110,42.05882352941177
9.0,309,30682419,34.333333333333336
24.0,784,30683203,32.666666666666664
22.0,537,30683740,24.40909090909091
18.0,528,30684268,29.333333333333332
18.0,588,30684856,32.666666666666664
17.0,612,30685468,36.0
20.0,658,30686126,32.9
15.0,487,30686613,32.46666666666667
16.0,424,30687037,26.5
12.0,488,30687525,40.666666666666664
22.0,596,30688121,27.09090909090909
7.0,275,30688396,39.285714285714285
30.0,950,30689346,31.666666666666668
19.0,625,30689971,32.89473684210526
22.0,797,30690768,36.22727272727273
7.0,191,30690959,27.285714285714285
10.0,406,30691365,40.6
35.0,1244,30692609,35.542857142857144
14.0,494,30693103,35.285714285714285
20.0,719,30693822,35.95
27.0,829,30694651,30.703703703703702
7.0,305,30694956,43.57142857142857
21.0,714,30695670,34.0
11.0,339,30696009,30.818181818181817
28.0,918,30696927,32.785714285714285
21.0,730,30697657,34.76190476190476
16.0,504,30698161,31.5
11.0,456,30698617,41.45454545454545
8.0,275,30698892,34.375
17.0,503,30699395,29.58823529411765
14.0,572,30699967,40.857142857142854
21.0,805,30700772,38.333333333333336
14.0,393,30701165,28.071428571428573
27.0,1014,30702179,37.55555555555556
5.0,181,30702360,36.2
5.0,127,30702487,25.4
18.0,585,30703072,32.5
24.0,793,30703865,33.041666666666664
12.0,502,30704367,41.833333333333336
35.0,1199,30705566,34.25714285714286
27.0,865,30706431,32.03703703703704
12.0,472,30706903,39.333333333333336
18.0,718,30707621,39.888888888888886
23.0,882,30708503,38.34782608695652
22.0,785,30709288,35.68181818181818
10.0,341,30709629,34.1
19.0,736,30710365,38.73684210526316
16.0,595,30710960,37.1875
16.0,482,30711442,30.125
16.0,441,30711883,27.5625
21.0,658,30712541,31.333333333333332
23.0,664,30713205,28.869565217391305
1.0,25,30713230,25.0
40.0,1092,30714322,27.3
7.0,269,30714591,38.42857142857143
22.0,596,30715187,27.09090909090909
15.0,550,30715737,36.666666666666664
31.0,876,30716613,28.258064516129032
25.0,707,30717320,28.28
16.0,461,30717781,28.8125
31.0,1200,30718981,38.70967741935484
41.0,1159,30720140,28.26829268292683
15.0,509,30720649,33.93333333333333
18.0,694,30721343,38.55555555555556
23.0,888,30722231,38.608695652173914
18.0,484,30722715,26.88888888888889
27.0,893,30723608,33.074074074074076
12.0,337,30723945,28.083333333333332
52.0,1423,30725368,27.365384615384617
25.0,684,30726052,27.36
27.0,862,30726914,31.925925925925927
1.0,114,30727028,114.0
11.0,419,30727447,38.09090909090909
37.0,1233,30728680,33.32432432432432
22.0,672,30729352,30.545454545454547
4.0,138,30729490,34.5
31.0,839,30730329,27.06451612903226
9.0,262,30730591,29.11111111111111
25.0,868,30731459,34.72
18.0,647,30732106,35.94444444444444
1.0,64,30732170,64.0
7.0,387,30732557,55.285714285714285
17.0,592,30733149,34.8235294117647
4.0,215,30733364,53.75
17.0,693,30734057,40.76470588235294
24.0,1047,30735104,43.625
23.0,803,30735907,34.91304347826087
24.0,779,30736686,32.458333333333336
36.0,1028,30737714,28.555555555555557
18.0,520,30738234,28.88888888888889
18.0,490,30738724,27.22222222222222
17.0,508,30739232,29.88235294117647
35.0,1071,30740303,30.6
4.0,109,30740412,27.25
19.0,510,30740922,26.842105263157894
23.0,752,30741674,32.69565217391305
14.0,525,30742199,37.5
29.0,806,30743005,27.79310344827586
24.0,702,30743707,29.25
21.0,525,30744232,25.0
4.0,107,30744339,26.75
5.0,221,30744560,44.2
8.0,298,30744858,37.25
9.0,388,30745246,43.111111111111114
27.0,894,30746140,33.111111111111114
24.0,847,30746987,35.291666666666664
5.0,152,30747139,30.4
18.0,515,30747654,28.61111111111111
12.0,483,30748137,40.25
13.0,460,30748597,35.38461538461539
11.0,321,30748918,29.181818181818183
11.0,360,30749278,32.72727272727273
12.0,417,30749695,34.75
5.0,220,30749915,44.0
8.0,416,30750331,52.0
17.0,626,30750957,36.8235294117647
20.0,772,30751729,38.6
15.0,438,30752167,29.2
8.0,263,30752430,32.875
12.0,549,30752979,45.75
36.0,1290,30754269,35.833333333333336
16.0,631,30754900,39.4375
1.0,56,30754956,56.0
16.0,473,30755429,29.5625
11.0,409,30755838,37.18181818181818
14.0,423,30756261,30.214285714285715
7.0,275,30756536,39.285714285714285
18.0,425,30756961,23.61111111111111
17.0,441,30757402,25.941176470588236
25.0,882,30758284,35.28
33.0,886,30759170,26.848484848484848
27.0,780,30759950,28.88888888888889
12.0,328,30760278,27.333333333333332
18.0,537,30760815,29.833333333333332
6.0,247,30761062,41.166666666666664
14.0,388,30761450,27.714285714285715
23.0,793,30762243,34.47826086956522
26.0,897,30763140,34.5
13.0,628,30763768,48.30769230769231
9.0,332,30764100,36.888888888888886
2.0,67,30764167,33.5
46.0,1357,30765524,29.5
19.0,620,30766144,32.63157894736842
22.0,528,30766672,24.0
25.0,931,30767603,37.24
27.0,804,30768407,29.77777777777778
5.0,201,30768608,40.2
15.0,567,30769175,37.8
13.0,319,30769494,24.53846153846154
11.0,448,30769942,40.72727272727273
30.0,1041,30770983,34.7
26.0,815,30771798,31.346153846153847
27.0,782,30772580,28.962962962962962
17.0,635,30773215,37.35294117647059
8.0,284,30773499,35.5
19.0,672,30774171,35.36842105263158
31.0,1015,30775186,32.74193548387097
31.0,1055,30776241,34.03225806451613
11.0,427,30776668,38.81818181818182
35.0,1067,30777735,30.485714285714284
26.0,991,30778726,38.11538461538461
13.0,402,30779128,30.923076923076923
38.0,1150,30780278,30.263157894736842
30.0,1039,30781317,34.63333333333333
13.0,384,30781701,29.53846153846154
18.0,657,30782358,36.5
21.0,716,30783074,34.095238095238095
24.0,863,30783937,35.958333333333336
5.0,179,30784116,35.8
21.0,654,30784770,31.142857142857142
31.0,1014,30785784,32.70967741935484
6.0,293,30786077,48.833333333333336
1.0,24,30786101,24.0
17.0,593,30786694,34.88235294117647
24.0,763,30787457,31.791666666666668
27.0,701,30788158,25.962962962962962
16.0,533,30788691,33.3125
26.0,884,30789575,34.0
8.0,214,30789789,26.75
1.0,29,30789818,29.0
15.0,510,30790328,34.0
2.0,63,30790391,31.5
6.0,248,30790639,41.333333333333336
22.0,753,30791392,34.22727272727273
12.0,286,30791678,23.833333333333332
3.0,151,30791829,50.333333333333336
10.0,334,30792163,33.4
33.0,1103,30793266,33.42424242424242
4.0,90,30793356,22.5
9.0,169,30793525,18.77777777777778
16.0,509,30794034,31.8125
15.0,490,30794524,32.666666666666664
3.0,73,30794597,24.333333333333332
26.0,830,30795427,31.923076923076923
16.0,534,30795961,33.375
22.0,783,30796744,35.59090909090909
4.0,130,30796874,32.5
30.0,891,30797765,29.7
13.0,403,30798168,31.0
13.0,451,30798619,34.69230769230769
25.0,667,30799286,26.68
17.0,595,30799881,35.0
6.0,134,30800015,22.333333333333332
2.0,62,30800077,31.0
11.0,494,30800571,44.90909090909091
25.0,748,30801319,29.92
26.0,900,30802219,34.61538461538461
6.0,237,30802456,39.5
15.0,528,30802984,35.2
26.0,877,30803861,33.73076923076923
30.0,1075,30804936,35.833333333333336
16.0,607,30805543,37.9375
26.0,938,30806481,36.07692307692308
20.0,609,30807090,30.45
25.0,818,30807908,32.72
12.0,478,30808386,39.833333333333336
10.0,471,30808857,47.1
15.0,505,30809362,33.666666666666664
29.0,1098,30810460,37.86206896551724
15.0,474,30810934,31.6
21.0,550,30811484,26.19047619047619
20.0,749,30812233,37.45
21.0,672,30812905,32.0
17.0,561,30813466,33.0
24.0,707,30814173,29.458333333333332
13.0,443,30814616,34.07692307692308
7.0,256,30814872,36.57142857142857
16.0,537,30815409,33.5625
21.0,709,30816118,33.76190476190476
11.0,339,30816457,30.818181818181817
9.0,192,30816649,21.333333333333332
20.0,520,30817169,26.0
14.0,442,30817611,31.571428571428573
12.0,396,30818007,33.0
8.0,212,30818219,26.5
12.0,523,30818742,43.583333333333336
16.0,684,30819426,42.75
5.0,287,30819713,57.4
27.0,1021,30820734,37.81481481481482
18.0,686,30821420,38.111111111111114
14.0,461,30821881,32.92857142857143
10.0,238,30822119,23.8
4.0,83,30822202,20.75
9.0,341,30822543,37.888888888888886
8.0,223,30822766,27.875
5.0,170,30822936,34.0
43.0,1374,30824310,31.953488372093023
13.0,414,30824724,31.846153846153847
31.0,920,30825644,29.677419354838708
22.0,618,30826262,28.09090909090909
14.0,537,30826799,38.357142857142854
22.0,861,30827660,39.13636363636363
7.0,442,30828102,63.142857142857146
1.0,22,30828124,22.0
37.0,975,30829099,26.35135135135135
5.0,180,30829279,36.0
22.0,673,30829952,30.59090909090909
8.0,319,30830271,39.875
31.0,975,30831246,31.451612903225808
16.0,593,30831839,37.0625
31.0,937,30832776,30.225806451612904
16.0,489,30833265,30.5625
7.0,268,30833533,38.285714285714285
22.0,708,30834241,32.18181818181818
18.0,613,30834854,34.05555555555556
18.0,752,30835606,41.77777777777778
8.0,189,30835795,23.625
16.0,574,30836369,35.875
19.0,551,30836920,29.0
23.0,638,30837558,27.73913043478261
39.0,1243,30838801,31.871794871794872
4.0,183,30838984,45.75
17.0,606,30839590,35.64705882352941
16.0,629,30840219,39.3125
13.0,437,30840656,33.61538461538461
17.0,518,30841174,30.470588235294116
11.0,320,30841494,29.09090909090909
18.0,457,30841951,25.38888888888889
18.0,574,30842525,31.88888888888889
17.0,512,30843037,30.11764705882353
4.0,213,30843250,53.25
19.0,473,30843723,24.894736842105264
10.0,350,30844073,35.0
21.0,646,30844719,30.761904761904763
5.0,196,30844915,39.2
30.0,738,30845653,24.6
6.0,287,30845940,47.833333333333336
28.0,1041,30846981,37.17857142857143
13.0,452,30847433,34.76923076923077
29.0,928,30848361,32.0
7.0,232,30848593,33.142857142857146
26.0,1013,30849606,38.96153846153846
9.0,280,30849886,31.11111111111111
22.0,792,30850678,36.0
14.0,508,30851186,36.285714285714285
15.0,343,30851529,22.866666666666667
29.0,1188,30852717,40.96551724137931
17.0,531,30853248,31.235294117647058
15.0,527,30853775,35.13333333333333
19.0,785,30854560,41.31578947368421
21.0,588,30855148,28.0
5.0,227,30855375,45.4
25.0,953,30856328,38.12
21.0,819,30857147,39.0
16.0,627,30857774,39.1875
21.0,820,30858594,39.04761904761905
20.0,613,30859207,30.65
5.0,238,30859445,47.6
18.0,550,30859995,30.555555555555557
18.0,490,30860485,27.22222222222222
20.0,665,30861150,33.25
3.0,103,30861253,34.333333333333336
26.0,933,30862186,35.88461538461539
19.0,575,30862761,30.263157894736842
5.0,229,30862990,45.8
23.0,629,30863619,27.347826086956523
13.0,512,30864131,39.38461538461539
12.0,477,30864608,39.75
26.0,858,30865466,33.0
29.0,917,30866383,31.620689655172413
3.0,104,30866487,34.666666666666664
5.0,350,30866837,70.0
5.0,174,30867011,34.8
20.0,595,30867606,29.75
19.0,592,30868198,31.157894736842106
11.0,444,30868642,40.36363636363637
11.0,405,30869047,36.81818181818182
18.0,600,30869647,33.333333333333336
28.0,904,30870551,32.285714285714285
7.0,293,30870844,41.857142857142854
5.0,183,30871027,36.6
25.0,589,30871616,23.56
25.0,690,30872306,27.6
19.0,772,30873078,40.63157894736842
21.0,781,30873859,37.19047619047619
16.0,651,30874510,40.6875
6.0,141,30874651,23.5
9.0,302,30874953,33.55555555555556
16.0,530,30875483,33.125
13.0,481,30875964,37.0
11.0,329,30876293,29.90909090909091
11.0,256,30876549,23.272727272727273
13.0,368,30876917,28.307692307692307
5.0,204,30877121,40.8
2.0,26,30877147,13.0
14.0,440,30877587,31.428571428571427
12.0,250,30877837,20.833333333333332
22.0,744,30878581,33.81818181818182
8.0,394,30878975,49.25
17.0,607,30879582,35.705882352941174
11.0,492,30880074,44.72727272727273
26.0,800,30880874,30.76923076923077
18.0,756,30881630,42.0
11.0,446,30882076,40.54545454545455
14.0,402,30882478,28.714285714285715
40.0,1288,30883766,32.2
14.0,616,30884382,44.0
8.0,383,30884765,47.875
16.0,500,30885265,31.25
23.0,772,30886037,33.56521739130435
1.0,80,30886117,80.0
20.0,708,30886825,35.4
23.0,795,30887620,34.56521739130435
21.0,513,30888133,24.428571428571427
16.0,585,30888718,36.5625
18.0,492,30889210,27.333333333333332
20.0,717,30889927,35.85
15.0,342,30890269,22.8
20.0,773,30891042,38.65
8.0,275,30891317,34.375
21.0,492,30891809,23.428571428571427
19.0,708,30892517,37.26315789473684
9.0,251,30892768,27.88888888888889
24.0,712,30893480,29.666666666666668
8.0,289,30893769,36.125
13.0,472,30894241,36.30769230769231
17.0,556,30894797,32.705882352941174
24.0,634,30895431,26.416666666666668
17.0,493,30895924,29.0
24.0,802,30896726,33.416666666666664
35.0,1166,30897892,33.31428571428572
20.0,749,30898641,37.45
17.0,588,30899229,34.588235294117645
15.0,327,30899556,21.8
23.0,966,30900522,42.0
14.0,535,30901057,38.214285714285715
8.0,300,30901357,37.5
10.0,332,30901689,33.2
14.0,430,30902119,30.714285714285715
4.0,238,30902357,59.5
14.0,548,30902905,39.142857142857146
9.0,443,30903348,49.22222222222222
23.0,728,30904076,31.652173913043477
31.0,738,30904814,23.806451612903224
15.0,467,30905281,31.133333333333333
9.0,329,30905610,36.55555555555556
8.0,289,30905899,36.125
22.0,772,30906671,35.09090909090909
29.0,940,30907611,32.41379310344828
13.0,553,30908164,42.53846153846154
15.0,474,30908638,31.6
17.0,496,30909134,29.176470588235293
19.0,660,30909794,34.73684210526316
15.0,409,30910203,27.266666666666666
14.0,457,30910660,32.642857142857146
22.0,949,30911609,43.13636363636363
20.0,600,30912209,30.0
13.0,624,30912833,48.0
20.0,388,30913221,19.4
13.0,461,30913682,35.46153846153846
20.0,687,30914369,34.35
11.0,453,30914822,41.18181818181818
12.0,475,30915297,39.583333333333336
37.0,1231,30916528,33.270270270270274
14.0,361,30916889,25.785714285714285
16.0,581,30917470,36.3125
6.0,270,30917740,45.0
11.0,397,30918137,36.09090909090909
20.0,724,30918861,36.2
14.0,559,30919420,39.92857142857143
17.0,566,30919986,33.294117647058826
24.0,634,30920620,26.416666666666668
31.0,969,30921589,31.258064516129032
5.0,286,30921875,57.2
10.0,226,30922101,22.6
14.0,461,30922562,32.92857142857143
10.0,229,30922791,22.9
6.0,205,30922996,34.166666666666664
17.0,478,30923474,28.11764705882353
22.0,672,30924146,30.545454545454547
16.0,564,30924710,35.25
27.0,903,30925613,33.44444444444444
6.0,241,30925854,40.166666666666664
16.0,651,30926505,40.6875
7.0,187,30926692,26.714285714285715
10.0,439,30927131,43.9
27.0,764,30927895,28.296296296296298
18.0,618,30928513,34.333333333333336
23.0,585,30929098,25.434782608695652
8.0,182,30929280,22.75
9.0,427,30929707,47.44444444444444
14.0,587,30930294,41.92857142857143
34.0,1088,30931382,32.0
13.0,497,30931879,38.23076923076923
16.0,631,30932510,39.4375
10.0,282,30932792,28.2
6.0,254,30933046,42.333333333333336
8.0,328,30933374,41.0
20.0,620,30933994,31.0
24.0,565,30934559,23.541666666666668
19.0,574,30935133,30.210526315789473
12.0,550,30935683,45.833333333333336
4.0,58,30935741,14.5
24.0,845,30936586,35.208333333333336
27.0,673,30937259,24.925925925925927
41.0,1352,30938611,32.97560975609756
12.0,472,30939083,39.333333333333336
28.0,894,30939977,31.928571428571427
12.0,345,30940322,28.75
5.0,118,30940440,23.6
23.0,586,30941026,25.47826086956522
15.0,397,30941423,26.466666666666665
2.0,46,30941469,23.0
5.0,114,30941583,22.8
18.0,664,30942247,36.888888888888886
18.0,765,30943012,42.5
6.0,178,30943190,29.666666666666668
26.0,856,30944046,32.92307692307692
14.0,468,30944514,33.42857142857143
18.0,635,30945149,35.27777777777778
15.0,439,30945588,29.266666666666666
5.0,182,30945770,36.4
19.0,554,30946324,29.157894736842106
20.0,636,30946960,31.8
29.0,804,30947764,27.724137931034484
3.0,135,30947899,45.0
26.0,793,30948692,30.5
7.0,191,30948883,27.285714285714285
7.0,140,30949023,20.0
9.0,300,30949323,33.333333333333336
15.0,461,30949784,30.733333333333334
17.0,711,30950495,41.8235294117647
11.0,456,30950951,41.45454545454545
3.0,88,30951039,29.333333333333332
4.0,111,30951150,27.75
5.0,245,30951395,49.0
6.0,165,30951560,27.5
30.0,905,30952465,30.166666666666668
17.0,514,30952979,30.235294117647058
13.0,431,30953410,33.15384615384615
16.0,553,30953963,34.5625
10.0,412,30954375,41.2
10.0,349,30954724,34.9
8.0,298,30955022,37.25
16.0,525,30955547,32.8125
20.0,603,30956150,30.15
35.0,1075,30957225,30.714285714285715
10.0,288,30957513,28.8
2.0,36,30957549,18.0
16.0,691,30958240,43.1875
26.0,842,30959082,32.38461538461539
17.0,533,30959615,31.352941176470587
26.0,823,30960438,31.653846153846153
13.0,388,30960826,29.846153846153847
23.0,577,30961403,25.08695652173913
19.0,567,30961970,29.842105263157894
18.0,626,30962596,34.77777777777778
22.0,557,30963153,25.318181818181817
16.0,483,30963636,30.1875
23.0,791,30964427,34.391304347826086
2.0,34,30964461,17.0
24.0,607,30965068,25.291666666666668
2.0,106,30965174,53.0
14.0,323,30965497,23.071428571428573
23.0,578,30966075,25.130434782608695
4.0,122,30966197,30.5
23.0,852,30967049,37.04347826086956
6.0,148,30967197,24.666666666666668
28.0,916,30968113,32.714285714285715
9.0,253,30968366,28.11111111111111
18.0,510,30968876,28.333333333333332
7.0,440,30969316,62.857142857142854
19.0,664,30969980,34.94736842105263
18.0,808,30970788,44.888888888888886
19.0,430,30971218,22.63157894736842
41.0,1584,30972802,38.63414634146341
19.0,622,30973424,32.73684210526316
21.0,617,30974041,29.38095238095238
13.0,433,30974474,33.30769230769231
11.0,320,30974794,29.09090909090909
21.0,685,30975479,32.61904761904762
20.0,577,30976056,28.85
11.0,489,30976545,44.45454545454545
19.0,567,30977112,29.842105263157894
29.0,1037,30978149,35.758620689655174
6.0,192,30978341,32.0
16.0,554,30978895,34.625
30.0,1101,30979996,36.7
13.0,423,30980419,32.53846153846154
9.0,342,30980761,38.0
15.0,437,30981198,29.133333333333333
9.0,423,30981621,47.0
6.0,293,30981914,48.833333333333336
13.0,437,30982351,33.61538461538461
8.0,360,30982711,45.0
3.0,73,30982784,24.333333333333332
8.0,351,30983135,43.875
16.0,595,30983730,37.1875
26.0,783,30984513,30.115384615384617
9.0,262,30984775,29.11111111111111
9.0,339,30985114,37.666666666666664
12.0,264,30985378,22.0
10.0,323,30985701,32.3
17.0,467,30986168,27.470588235294116
20.0,612,30986780,30.6
4.0,161,30986941,40.25
12.0,446,30987387,37.166666666666664
24.0,729,30988116,30.375
30.0,1092,30989208,36.4
22.0,810,30990018,36.81818181818182
14.0,504,30990522,36.0
15.0,575,30991097,38.333333333333336
29.0,844,30991941,29.103448275862068
15.0,632,30992573,42.13333333333333
27.0,823,30993396,30.48148148148148
20.0,596,30993992,29.8
18.0,530,30994522,29.444444444444443
16.0,568,30995090,35.5
15.0,593,30995683,39.53333333333333
11.0,393,30996076,35.72727272727273
8.0,372,30996448,46.5
11.0,306,30996754,27.818181818181817
7.0,319,30997073,45.57142857142857
8.0,382,30997455,47.75
24.0,739,30998194,30.791666666666668
27.0,966,30999160,35.77777777777778
15.0,516,30999676,34.4
31.0,1087,31000763,35.064516129032256
31.0,1252,31002015,40.38709677419355
24.0,840,31002855,35.0
8.0,418,31003273,52.25
4.0,113,31003386,28.25
12.0,411,31003797,34.25
8.0,282,31004079,35.25
18.0,723,31004802,40.166666666666664
18.0,546,31005348,30.333333333333332
20.0,632,31005980,31.6
4.0,137,31006117,34.25
12.0,266,31006383,22.166666666666668
13.0,580,31006963,44.61538461538461
34.0,996,31007959,29.294117647058822
19.0,504,31008463,26.526315789473685
13.0,449,31008912,34.53846153846154
13.0,337,31009249,25.923076923076923
16.0,607,31009856,37.9375
1.0,75,31009931,75.0
9.0,340,31010271,37.77777777777778
10.0,353,31010624,35.3
23.0,790,31011414,34.34782608695652
32.0,960,31012374,30.0
15.0,471,31012845,31.4
20.0,761,31013606,38.05
17.0,506,31014112,29.764705882352942
11.0,377,31014489,34.27272727272727
18.0,567,31015056,31.5
19.0,548,31015604,28.842105263157894
14.0,543,31016147,38.785714285714285
10.0,301,31016448,30.1
12.0,358,31016806,29.833333333333332
27.0,701,31017507,25.962962962962962
18.0,700,31018207,38.888888888888886
10.0,361,31018568,36.1
25.0,735,31019303,29.4
29.0,1113,31020416,38.37931034482759
13.0,365,31020781,28.076923076923077
32.0,1055,31021836,32.96875
6.0,240,31022076,40.0
25.0,714,31022790,28.56
16.0,467,31023257,29.1875
7.0,232,31023489,33.142857142857146
34.0,1078,31024567,31.705882352941178
17.0,633,31025200,37.23529411764706
20.0,647,31025847,32.35
18.0,657,31026504,36.5
22.0,771,31027275,35.04545454545455
13.0,329,31027604,25.307692307692307
7.0,299,31027903,42.714285714285715
6.0,143,31028046,23.833333333333332
19.0,607,31028653,31.94736842105263
25.0,770,31029423,30.8
12.0,480,31029903,40.0
10.0,386,31030289,38.6
12.0,344,31030633,28.666666666666668
14.0,574,31031207,41.0
20.0,812,31032019,40.6
27.0,944,31032963,34.96296296296296
33.0,1009,31033972,30.575757575757574
3.0,88,31034060,29.333333333333332
10.0,439,31034499,43.9
13.0,513,31035012,39.46153846153846
26.0,979,31035991,37.65384615384615
21.0,809,31036800,38.523809523809526
14.0,536,31037336,38.285714285714285
11.0,464,31037800,42.18181818181818
21.0,813,31038613,38.714285714285715
9.0,320,31038933,35.55555555555556
33.0,983,31039916,29.78787878787879
8.0,216,31040132,27.0
15.0,454,31040586,30.266666666666666
7.0,307,31040893,43.857142857142854
23.0,637,31041530,27.695652173913043
28.0,855,31042385,30.535714285714285
31.0,1063,31043448,34.29032258064516
11.0,243,31043691,22.09090909090909
10.0,313,31044004,31.3
28.0,793,31044797,28.321428571428573
25.0,928,31045725,37.12
27.0,888,31046613,32.888888888888886
29.0,949,31047562,32.724137931034484
39.0,1208,31048770,30.974358974358974
21.0,607,31049377,28.904761904761905
18.0,637,31050014,35.388888888888886
10.0,403,31050417,40.3
31.0,1065,31051482,34.354838709677416
12.0,299,31051781,24.916666666666668
13.0,475,31052256,36.53846153846154
12.0,385,31052641,32.083333333333336
27.0,1016,31053657,37.629629629629626
17.0,616,31054273,36.23529411764706
18.0,596,31054869,33.111111111111114
26.0,765,31055634,29.423076923076923
33.0,1139,31056773,34.515151515151516
34.0,851,31057624,25.029411764705884
33.0,846,31058470,25.636363636363637
13.0,407,31058877,31.307692307692307
27.0,762,31059639,28.22222222222222
16.0,574,31060213,35.875
21.0,576,31060789,27.428571428571427
29.0,839,31061628,28.93103448275862
17.0,651,31062279,38.294117647058826
26.0,772,31063051,29.692307692307693
15.0,480,31063531,32.0
13.0,298,31063829,22.923076923076923
9.0,367,31064196,40.77777777777778
9.0,266,31064462,29.555555555555557
16.0,818,31065280,51.125
30.0,893,31066173,29.766666666666666
16.0,525,31066698,32.8125
22.0,754,31067452,34.27272727272727
23.0,793,31068245,34.47826086956522
15.0,500,31068745,33.333333333333336
15.0,558,31069303,37.2
9.0,184,31069487,20.444444444444443
12.0,543,31070030,45.25
12.0,507,31070537,42.25
7.0,217,31070754,31.0
18.0,530,31071284,29.444444444444443
27.0,615,31071899,22.77777777777778
17.0,619,31072518,36.411764705882355
11.0,387,31072905,35.18181818181818
31.0,1090,31073995,35.16129032258065
19.0,699,31074694,36.78947368421053
22.0,685,31075379,31.136363636363637
11.0,522,31075901,47.45454545454545
13.0,264,31076165,20.307692307692307
5.0,150,31076315,30.0
7.0,212,31076527,30.285714285714285
35.0,999,31077526,28.542857142857144
40.0,1248,31078774,31.2
14.0,282,31079056,20.142857142857142
25.0,615,31079671,24.6
12.0,277,31079948,23.083333333333332
20.0,579,31080527,28.95
6.0,227,31080754,37.833333333333336
27.0,668,31081422,24.74074074074074
19.0,526,31081948,27.68421052631579
13.0,517,31082465,39.76923076923077
29.0,844,31083309,29.103448275862068
3.0,121,31083430,40.333333333333336
8.0,328,31083758,41.0
12.0,284,31084042,23.666666666666668
33.0,904,31084946,27.393939393939394
16.0,587,31085533,36.6875
31.0,1068,31086601,34.45161290322581
15.0,483,31087084,32.2
12.0,499,31087583,41.583333333333336
14.0,441,31088024,31.5
25.0,765,31088789,30.6
9.0,307,31089096,34.111111111111114
16.0,667,31089763,41.6875
20.0,618,31090381,30.9
27.0,876,31091257,32.44444444444444
30.0,1053,31092310,35.1
25.0,837,31093147,33.48
21.0,673,31093820,32.04761904761905
12.0,391,31094211,32.583333333333336
19.0,766,31094977,40.31578947368421
28.0,964,31095941,34.42857142857143
14.0,476,31096417,34.0
18.0,484,31096901,26.88888888888889
5.0,216,31097117,43.2
22.0,823,31097940,37.40909090909091
14.0,495,31098435,35.357142857142854
26.0,1042,31099477,40.07692307692308
10.0,317,31099794,31.7
15.0,501,31100295,33.4
13.0,405,31100700,31.153846153846153
17.0,473,31101173,27.823529411764707
7.0,196,31101369,28.0
16.0,641,31102010,40.0625
15.0,467,31102477,31.133333333333333
16.0,506,31102983,31.625
9.0,296,31103279,32.888888888888886
21.0,582,31103861,27.714285714285715
4.0,127,31103988,31.75
7.0,328,31104316,46.857142857142854
12.0,514,31104830,42.833333333333336
33.0,920,31105750,27.87878787878788
15.0,484,31106234,32.266666666666666
14.0,651,31106885,46.5
23.0,749,31107634,32.56521739130435
31.0,979,31108613,31.580645161290324
14.0,489,31109102,34.92857142857143
32.0,930,31110032,29.0625
6.0,302,31110334,50.333333333333336
32.0,1158,31111492,36.1875
13.0,371,31111863,28.53846153846154
15.0,370,31112233,24.666666666666668
32.0,1086,31113319,33.9375
29.0,772,31114091,26.620689655172413
15.0,468,31114559,31.2
16.0,412,31114971,25.75
15.0,563,31115534,37.53333333333333
27.0,858,31116392,31.77777777777778
10.0,333,31116725,33.3
16.0,524,31117249,32.75
30.0,990,31118239,33.0
21.0,662,31118901,31.523809523809526
15.0,667,31119568,44.46666666666667
11.0,361,31119929,32.81818181818182
31.0,847,31120776,27.322580645161292
39.0,1178,31121954,30.205128205128204
23.0,802,31122756,34.869565217391305
20.0,679,31123435,33.95
13.0,457,31123892,35.15384615384615
16.0,404,31124296,25.25
12.0,490,31124786,40.833333333333336
22.0,796,31125582,36.18181818181818
26.0,1055,31126637,40.57692307692308
15.0,457,31127094,30.466666666666665
19.0,645,31127739,33.94736842105263
12.0,587,31128326,48.916666666666664
21.0,479,31128805,22.80952380952381
18.0,718,31129523,39.888888888888886
23.0,767,31130290,33.34782608695652
6.0,262,31130552,43.666666666666664
14.0,524,31131076,37.42857142857143
6.0,113,31131189,18.833333333333332
21.0,817,31132006,38.904761904761905
24.0,644,31132650,26.833333333333332
33.0,994,31133644,30.12121212121212
9.0,389,31134033,43.22222222222222
18.0,540,31134573,30.0
12.0,310,31134883,25.833333333333332
17.0,456,31135339,26.823529411764707
12.0,271,31135610,22.583333333333332
17.0,758,31136368,44.588235294117645
16.0,451,31136819,28.1875
25.0,905,31137724,36.2
9.0,406,31138130,45.111111111111114
15.0,428,31138558,28.533333333333335
26.0,715,31139273,27.5
21.0,525,31139798,25.0
24.0,902,31140700,37.583333333333336
10.0,478,31141178,47.8
15.0,451,31141629,30.066666666666666
30.0,1023,31142652,34.1
14.0,513,31143165,36.642857142857146
27.0,1081,31144246,40.03703703703704
6.0,249,31144495,41.5
12.0,364,31144859,30.333333333333332
31.0,1012,31145871,32.645161290322584
15.0,425,31146296,28.333333333333332
7.0,338,31146634,48.285714285714285
7.0,360,31146994,51.42857142857143
16.0,623,31147617,38.9375
15.0,554,31148171,36.93333333333333
13.0,374,31148545,28.76923076923077
19.0,731,31149276,38.473684210526315
17.0,813,31150089,47.8235294117647
28.0,872,31150961,31.142857142857142
22.0,694,31151655,31.545454545454547
29.0,1021,31152676,35.206896551724135
20.0,747,31153423,37.35
6.0,204,31153627,34.0
10.0,401,31154028,40.1
6.0,245,31154273,40.833333333333336
4.0,185,31154458,46.25
21.0,898,31155356,42.76190476190476
35.0,1086,31156442,31.02857142857143
9.0,337,31156779,37.44444444444444
8.0,286,31157065,35.75
7.0,251,31157316,35.857142857142854
25.0,805,31158121,32.2
30.0,1088,31159209,36.266666666666666
10.0,305,31159514,30.5
9.0,413,31159927,45.888888888888886
8.0,306,31160233,38.25
38.0,1249,31161482,32.86842105263158
8.0,434,31161916,54.25
25.0,973,31162889,38.92
1.0,22,31162911,22.0
6.0,196,31163107,32.666666666666664
10.0,337,31163444,33.7
29.0,808,31164252,27.862068965517242
22.0,559,31164811,25.40909090909091
8.0,164,31164975,20.5
17.0,667,31165642,39.23529411764706
23.0,727,31166369,31.608695652173914
17.0,406,31166775,23.88235294117647
14.0,393,31167168,28.071428571428573
25.0,967,31168135,38.68
6.0,164,31168299,27.333333333333332
6.0,269,31168568,44.833333333333336
23.0,742,31169310,32.26086956521739
19.0,489,31169799,25.736842105263158
23.0,969,31170768,42.130434782608695
16.0,468,31171236,29.25
26.0,908,31172144,34.92307692307692
15.0,672,31172816,44.8
19.0,819,31173635,43.10526315789474
10.0,359,31173994,35.9
35.0,1181,31175175,33.74285714285714
5.0,175,31175350,35.0
23.0,653,31176003,28.391304347826086
35.0,1274,31177277,36.4
13.0,608,31177885,46.76923076923077
18.0,657,31178542,36.5
22.0,686,31179228,31.181818181818183
13.0,381,31179609,29.307692307692307
29.0,895,31180504,30.862068965517242
21.0,800,31181304,38.095238095238095
9.0,274,31181578,30.444444444444443
16.0,565,31182143,35.3125
16.0,575,31182718,35.9375
15.0,564,31183282,37.6
19.0,557,31183839,29.31578947368421
25.0,912,31184751,36.48
33.0,1090,31185841,33.03030303030303
15.0,387,31186228,25.8
14.0,378,31186606,27.0
25.0,710,31187316,28.4
30.0,929,31188245,30.966666666666665
31.0,1087,31189332,35.064516129032256
16.0,449,31189781,28.0625
16.0,748,31190529,46.75
10.0,387,31190916,38.7
24.0,946,31191862,39.416666666666664
15.0,492,31192354,32.8
17.0,520,31192874,30.58823529411765
11.0,449,31193323,40.81818181818182
23.0,956,31194279,41.56521739130435
17.0,444,31194723,26.11764705882353
12.0,453,31195176,37.75
17.0,543,31195719,31.941176470588236
14.0,271,31195990,19.357142857142858
14.0,499,31196489,35.642857142857146
22.0,759,31197248,34.5
8.0,213,31197461,26.625
14.0,535,31197996,38.214285714285715
16.0,413,31198409,25.8125
10.0,356,31198765,35.6
15.0,612,31199377,40.8
9.0,307,31199684,34.111111111111114
22.0,717,31200401,32.59090909090909
13.0,428,31200829,32.92307692307692
24.0,885,31201714,36.875
34.0,1055,31202769,31.029411764705884
19.0,590,31203359,31.05263157894737
19.0,551,31203910,29.0
21.0,593,31204503,28.238095238095237
6.0,145,31204648,24.166666666666668
24.0,841,31205489,35.041666666666664
21.0,697,31206186,33.19047619047619
16.0,506,31206692,31.625
5.0,137,31206829,27.4
6.0,207,31207036,34.5
31.0,1052,31208088,33.935483870967744
2.0,48,31208136,24.0
11.0,641,31208777,58.27272727272727
20.0,518,31209295,25.9
13.0,598,31209893,46.0
29.0,1051,31210944,36.241379310344826
12.0,384,31211328,32.0
5.0,220,31211548,44.0
1.0,29,31211577,29.0
18.0,532,31212109,29.555555555555557
10.0,208,31212317,20.8
32.0,1145,31213462,35.78125
17.0,518,31213980,30.470588235294116
9.0,293,31214273,32.55555555555556
16.0,540,31214813,33.75
6.0,200,31215013,33.333333333333336
27.0,954,31215967,35.333333333333336
27.0,1047,31217014,38.77777777777778
22.0,627,31217641,28.5
19.0,712,31218353,37.473684210526315
8.0,245,31218598,30.625
11.0,306,31218904,27.818181818181817
8.0,290,31219194,36.25
18.0,572,31219766,31.77777777777778
6.0,361,31220127,60.166666666666664
24.0,786,31220913,32.75
18.0,417,31221330,23.166666666666668
14.0,524,31221854,37.42857142857143
24.0,719,31222573,29.958333333333332
34.0,1126,31223699,33.11764705882353
17.0,672,31224371,39.529411764705884
29.0,942,31225313,32.48275862068966
14.0,545,31225858,38.92857142857143
13.0,638,31226496,49.07692307692308
5.0,206,31226702,41.2
27.0,1047,31227749,38.77777777777778
23.0,697,31228446,30.304347826086957
17.0,647,31229093,38.05882352941177
28.0,932,31230025,33.285714285714285
26.0,693,31230718,26.653846153846153
20.0,883,31231601,44.15
25.0,578,31232179,23.12
21.0,685,31232864,32.61904761904762
8.0,307,31233171,38.375
28.0,1031,31234202,36.82142857142857
33.0,1055,31235257,31.96969696969697
23.0,782,31236039,34.0
18.0,588,31236627,32.666666666666664
34.0,1130,31237757,33.23529411764706
31.0,980,31238737,31.612903225806452
26.0,706,31239443,27.153846153846153
18.0,653,31240096,36.27777777777778
26.0,853,31240949,32.80769230769231
23.0,859,31241808,37.34782608695652
18.0,512,31242320,28.444444444444443
16.0,693,31243013,43.3125
26.0,927,31243940,35.65384615384615
20.0,613,31244553,30.65
15.0,414,31244967,27.6
27.0,924,31245891,34.22222222222222
18.0,711,31246602,39.5
21.0,613,31247215,29.19047619047619
29.0,762,31247977,26.275862068965516
20.0,628,31248605,31.4
32.0,1079,31249684,33.71875
25.0,924,31250608,36.96
18.0,630,31251238,35.0
26.0,709,31251947,27.26923076923077
29.0,951,31252898,32.793103448275865
16.0,675,31253573,42.1875
33.0,1073,31254646,32.515151515151516
21.0,817,31255463,38.904761904761905
24.0,748,31256211,31.166666666666668
44.0,1390,31257601,31.59090909090909
7.0,316,31257917,45.142857142857146
15.0,474,31258391,31.6
23.0,683,31259074,29.695652173913043
7.0,216,31259290,30.857142857142858
20.0,551,31259841,27.55
27.0,750,31260591,27.77777777777778
22.0,653,31261244,29.681818181818183
11.0,402,31261646,36.54545454545455
28.0,1058,31262704,37.785714285714285
13.0,499,31263203,38.38461538461539
23.0,729,31263932,31.695652173913043
19.0,825,31264757,43.421052631578945
22.0,712,31265469,32.36363636363637
13.0,367,31265836,28.23076923076923
25.0,752,31266588,30.08
20.0,778,31267366,38.9
20.0,752,31268118,37.6
29.0,823,31268941,28.379310344827587
29.0,917,31269858,31.620689655172413
22.0,798,31270656,36.27272727272727
12.0,280,31270936,23.333333333333332
26.0,742,31271678,28.53846153846154
5.0,155,31271833,31.0
16.0,496,31272329,31.0
20.0,830,31273159,41.5
14.0,436,31273595,31.142857142857142
31.0,1035,31274630,33.38709677419355
10.0,313,31274943,31.3
8.0,185,31275128,23.125
31.0,959,31276087,30.93548387096774
7.0,224,31276311,32.0
8.0,367,31276678,45.875
13.0,430,31277108,33.07692307692308
34.0,1201,31278309,35.3235294117647
20.0,657,31278966,32.85
21.0,661,31279627,31.476190476190474
13.0,459,31280086,35.30769230769231
15.0,421,31280507,28.066666666666666
27.0,810,31281317,30.0
26.0,626,31281943,24.076923076923077
26.0,773,31282716,29.73076923076923
17.0,564,31283280,33.1764705882353
18.0,486,31283766,27.0
25.0,868,31284634,34.72
28.0,924,31285558,33.0
9.0,302,31285860,33.55555555555556
17.0,475,31286335,27.941176470588236
18.0,467,31286802,25.944444444444443
10.0,355,31287157,35.5
21.0,768,31287925,36.57142857142857
16.0,342,31288267,21.375
15.0,603,31288870,40.2
13.0,250,31289120,19.23076923076923
25.0,816,31289936,32.64
14.0,424,31290360,30.285714285714285
26.0,754,31291114,29.0
15.0,623,31291737,41.53333333333333
4.0,144,31291881,36.0
20.0,630,31292511,31.5
15.0,704,31293215,46.93333333333333
17.0,417,31293632,24.529411764705884
23.0,1025,31294657,44.56521739130435
13.0,443,31295100,34.07692307692308
8.0,315,31295415,39.375
14.0,510,31295925,36.42857142857143
25.0,736,31296661,29.44
5.0,229,31296890,45.8
13.0,394,31297284,30.307692307692307
35.0,1148,31298432,32.8
36.0,1158,31299590,32.166666666666664
29.0,1155,31300745,39.827586206896555
13.0,393,31301138,30.23076923076923
21.0,698,31301836,33.23809523809524
14.0,630,31302466,45.0
23.0,606,31303072,26.347826086956523
27.0,930,31304002,34.44444444444444
17.0,706,31304708,41.529411764705884
20.0,638,31305346,31.9
13.0,544,31305890,41.84615384615385
14.0,664,31306554,47.42857142857143
31.0,866,31307420,27.93548387096774
1.0,46,31307466,46.0
15.0,508,31307974,33.86666666666667
18.0,665,31308639,36.94444444444444
7.0,247,31308886,35.285714285714285
2.0,79,31308965,39.5
24.0,961,31309926,40.041666666666664
15.0,609,31310535,40.6
41.0,1285,31311820,31.341463414634145
17.0,570,31312390,33.529411764705884
19.0,499,31312889,26.263157894736842
15.0,462,31313351,30.8
23.0,736,31314087,32.0
22.0,739,31314826,33.59090909090909
25.0,687,31315513,27.48
17.0,514,31316027,30.235294117647058
7.0,252,31316279,36.0
5.0,197,31316476,39.4
6.0,145,31316621,24.166666666666668
10.0,360,31316981,36.0
38.0,1527,31318508,40.18421052631579
10.0,264,31318772,26.4
30.0,1029,31319801,34.3
30.0,977,31320778,32.56666666666667
27.0,728,31321506,26.962962962962962
12.0,353,31321859,29.416666666666668
29.0,1034,31322893,35.6551724137931
18.0,780,31323673,43.333333333333336
14.0,522,31324195,37.285714285714285
30.0,769,31324964,25.633333333333333
30.0,1079,31326043,35.96666666666667
13.0,560,31326603,43.07692307692308
23.0,821,31327424,35.69565217391305
15.0,483,31327907,32.2
16.0,519,31328426,32.4375
13.0,319,31328745,24.53846153846154
21.0,613,31329358,29.19047619047619
13.0,303,31329661,23.307692307692307
10.0,387,31330048,38.7
41.0,1295,31331343,31.585365853658537
16.0,504,31331847,31.5
26.0,919,31332766,35.34615384615385
24.0,692,31333458,28.833333333333332
18.0,685,31334143,38.05555555555556
12.0,463,31334606,38.583333333333336
21.0,745,31335351,35.476190476190474
14.0,507,31335858,36.214285714285715
2.0,65,31335923,32.5
30.0,983,31336906,32.766666666666666
20.0,670,31337576,33.5
5.0,222,31337798,44.4
29.0,886,31338684,30.551724137931036
31.0,1093,31339777,35.25806451612903
23.0,680,31340457,29.565217391304348
24.0,677,31341134,28.208333333333332
15.0,475,31341609,31.666666666666668
19.0,637,31342246,33.526315789473685
31.0,971,31343217,31.322580645161292
27.0,1012,31344229,37.48148148148148
2.0,44,31344273,22.0
5.0,214,31344487,42.8
24.0,587,31345074,24.458333333333332
8.0,297,31345371,37.125
43.0,1280,31346651,29.767441860465116
32.0,1209,31347860,37.78125
21.0,658,31348518,31.333333333333332
3.0,54,31348572,18.0
18.0,688,31349260,38.22222222222222
32.0,1057,31350317,33.03125
5.0,143,31350460,28.6
5.0,216,31350676,43.2
7.0,265,31350941,37.857142857142854
20.0,715,31351656,35.75
6.0,232,31351888,38.666666666666664
10.0,272,31352160,27.2
5.0,242,31352402,48.4
9.0,216,31352618,24.0
30.0,925,31353543,30.833333333333332
25.0,925,31354468,37.0
36.0,1222,31355690,33.94444444444444
17.0,601,31356291,35.35294117647059
23.0,854,31357145,37.130434782608695
21.0,746,31357891,35.523809523809526
8.0,289,31358180,36.125
24.0,711,31358891,29.625
33.0,1123,31360014,34.03030303030303
21.0,688,31360702,32.76190476190476
16.0,652,31361354,40.75
15.0,333,31361687,22.2
16.0,543,31362230,33.9375
24.0,807,31363037,33.625
10.0,550,31363587,55.0
25.0,878,31364465,35.12
1.0,51,31364516,51.0
15.0,494,31365010,32.93333333333333
6.0,233,31365243,38.833333333333336
10.0,400,31365643,40.0
22.0,870,31366513,39.54545454545455
18.0,555,31367068,30.833333333333332
5.0,206,31367274,41.2
7.0,274,31367548,39.142857142857146
29.0,1020,31368568,35.172413793103445
33.0,924,31369492,28.0
16.0,401,31369893,25.0625
8.0,224,31370117,28.0
17.0,378,31370495,22.235294117647058
10.0,350,31370845,35.0
14.0,529,31371374,37.785714285714285
14.0,446,31371820,31.857142857142858
0.0,22,31371842,inf
18.0,725,31372567,40.27777777777778
5.0,116,31372683,23.2
21.0,646,31373329,30.761904761904763
18.0,450,31373779,25.0
26.0,1110,31374889,42.69230769230769
17.0,592,31375481,34.8235294117647
20.0,690,31376171,34.5
15.0,455,31376626,30.333333333333332
14.0,604,31377230,43.142857142857146
22.0,661,31377891,30.045454545454547
27.0,766,31378657,28.37037037037037
13.0,327,31378984,25.153846153846153
8.0,214,31379198,26.75
19.0,389,31379587,20.473684210526315
18.0,708,31380295,39.333333333333336
29.0,1114,31381409,38.41379310344828
4.0,184,31381593,46.0
24.0,710,31382303,29.583333333333332
17.0,397,31382700,23.352941176470587
12.0,513,31383213,42.75
17.0,557,31383770,32.76470588235294
40.0,1453,31385223,36.325
15.0,508,31385731,33.86666666666667
17.0,569,31386300,33.470588235294116
17.0,749,31387049,44.05882352941177
11.0,408,31387457,37.09090909090909
11.0,394,31387851,35.81818181818182
13.0,503,31388354,38.69230769230769
16.0,506,31388860,31.625
30.0,902,31389762,30.066666666666666
14.0,479,31390241,34.214285714285715
5.0,253,31390494,50.6
11.0,600,31391094,54.54545454545455
8.0,274,31391368,34.25
15.0,389,31391757,25.933333333333334
24.0,789,31392546,32.875
19.0,526,31393072,27.68421052631579
13.0,368,31393440,28.307692307692307
21.0,457,31393897,21.761904761904763
38.0,1203,31395100,31.657894736842106
9.0,243,31395343,27.0
29.0,712,31396055,24.551724137931036
10.0,241,31396296,24.1
21.0,722,31397018,34.38095238095238
13.0,373,31397391,28.692307692307693
19.0,760,31398151,40.0
47.0,1440,31399591,30.638297872340427
32.0,1059,31400650,33.09375
23.0,880,31401530,38.26086956521739
24.0,746,31402276,31.083333333333332
13.0,373,31402649,28.692307692307693
18.0,504,31403153,28.0
19.0,693,31403846,36.473684210526315
13.0,436,31404282,33.53846153846154
23.0,718,31405000,31.217391304347824
31.0,1144,31406144,36.903225806451616
23.0,680,31406824,29.565217391304348
13.0,501,31407325,38.53846153846154
30.0,992,31408317,33.06666666666667
17.0,456,31408773,26.823529411764707
23.0,765,31409538,33.26086956521739
8.0,280,31409818,35.0
25.0,807,31410625,32.28
10.0,386,31411011,38.6
16.0,530,31411541,33.125
28.0,1017,31412558,36.32142857142857
8.0,484,31413042,60.5
24.0,800,31413842,33.333333333333336
17.0,512,31414354,30.11764705882353
11.0,380,31414734,34.54545454545455
31.0,867,31415601,27.967741935483872
20.0,722,31416323,36.1
13.0,426,31416749,32.76923076923077
7.0,184,31416933,26.285714285714285
24.0,820,31417753,34.166666666666664
12.0,528,31418281,44.0
9.0,254,31418535,28.22222222222222
12.0,321,31418856,26.75
14.0,449,31419305,32.07142857142857
18.0,629,31419934,34.94444444444444
42.0,1396,31421330,33.23809523809524
13.0,368,31421698,28.307692307692307
15.0,394,31422092,26.266666666666666
24.0,753,31422845,31.375
11.0,294,31423139,26.727272727272727
14.0,466,31423605,33.285714285714285
17.0,547,31424152,32.1764705882353
5.0,246,31424398,49.2
21.0,540,31424938,25.714285714285715
11.0,347,31425285,31.545454545454547
15.0,735,31426020,49.0
27.0,824,31426844,30.51851851851852
11.0,404,31427248,36.72727272727273
15.0,525,31427773,35.0
19.0,588,31428361,30.94736842105263
18.0,477,31428838,26.5
24.0,771,31429609,32.125
26.0,739,31430348,28.423076923076923
30.0,1239,31431587,41.3
20.0,707,31432294,35.35
30.0,695,31432989,23.166666666666668
33.0,1133,31434122,34.333333333333336
25.0,757,31434879,30.28
8.0,396,31435275,49.5
8.0,290,31435565,36.25
14.0,528,31436093,37.714285714285715
36.0,1110,31437203,30.833333333333332
29.0,1070,31438273,36.89655172413793
20.0,605,31438878,30.25
11.0,312,31439190,28.363636363636363
32.0,1242,31440432,38.8125
9.0,272,31440704,30.22222222222222
6.0,315,31441019,52.5
18.0,653,31441672,36.27777777777778
21.0,815,31442487,38.80952380952381
17.0,583,31443070,34.294117647058826
28.0,864,31443934,30.857142857142858
13.0,662,31444596,50.92307692307692
6.0,251,31444847,41.833333333333336
9.0,223,31445070,24.77777777777778
16.0,563,31445633,35.1875
37.0,1061,31446694,28.675675675675677
38.0,1288,31447982,33.89473684210526
6.0,291,31448273,48.5
6.0,252,31448525,42.0
18.0,738,31449263,41.0
10.0,306,31449569,30.6
24.0,622,31450191,25.916666666666668
15.0,542,31450733,36.13333333333333
7.0,310,31451043,44.285714285714285
32.0,1148,31452191,35.875
28.0,912,31453103,32.57142857142857
16.0,642,31453745,40.125
28.0,900,31454645,32.142857142857146
21.0,647,31455292,30.80952380952381
20.0,628,31455920,31.4
23.0,679,31456599,29.52173913043478
14.0,444,31457043,31.714285714285715
21.0,620,31457663,29.523809523809526
5.0,266,31457929,53.2
21.0,707,31458636,33.666666666666664
12.0,277,31458913,23.083333333333332
5.0,235,31459148,47.0
11.0,371,31459519,33.72727272727273
35.0,1039,31460558,29.685714285714287
46.0,1460,31462018,31.73913043478261
18.0,429,31462447,23.833333333333332
21.0,698,31463145,33.23809523809524
15.0,523,31463668,34.86666666666667
19.0,637,31464305,33.526315789473685
40.0,1329,31465634,33.225
6.0,134,31465768,22.333333333333332
5.0,341,31466109,68.2
14.0,358,31466467,25.571428571428573
20.0,527,31466994,26.35
13.0,409,31467403,31.46153846153846
13.0,439,31467842,33.76923076923077
6.0,267,31468109,44.5
34.0,1227,31469336,36.088235294117645
25.0,990,31470326,39.6
11.0,479,31470805,43.54545454545455
14.0,535,31471340,38.214285714285715
1.0,33,31471373,33.0
27.0,702,31472075,26.0
15.0,448,31472523,29.866666666666667
14.0,596,31473119,42.57142857142857
32.0,1144,31474263,35.75
14.0,343,31474606,24.5
12.0,395,31475001,32.916666666666664
5.0,292,31475293,58.4
16.0,663,31475956,41.4375
13.0,639,31476595,49.15384615384615
14.0,376,31476971,26.857142857142858
6.0,181,31477152,30.166666666666668
16.0,467,31477619,29.1875
6.0,90,31477709,15.0
12.0,394,31478103,32.833333333333336
23.0,801,31478904,34.82608695652174
23.0,795,31479699,34.56521739130435
18.0,449,31480148,24.944444444444443
23.0,676,31480824,29.391304347826086
18.0,762,31481586,42.333333333333336
17.0,532,31482118,31.294117647058822
22.0,730,31482848,33.18181818181818
36.0,1310,31484158,36.388888888888886
9.0,392,31484550,43.55555555555556
32.0,1352,31485902,42.25
5.0,219,31486121,43.8
15.0,462,31486583,30.8
10.0,381,31486964,38.1
17.0,529,31487493,31.11764705882353
14.0,448,31487941,32.0
23.0,811,31488752,35.26086956521739
21.0,670,31489422,31.904761904761905
17.0,576,31489998,33.88235294117647
15.0,559,31490557,37.266666666666666
21.0,711,31491268,33.857142857142854
21.0,859,31492127,40.904761904761905
26.0,805,31492932,30.96153846153846
0.0,24,31492956,inf
9.0,341,31493297,37.888888888888886
3.0,122,31493419,40.666666666666664
20.0,752,31494171,37.6
23.0,868,31495039,37.73913043478261
43.0,1355,31496394,31.511627906976745
2.0,113,31496507,56.5
18.0,648,31497155,36.0
27.0,917,31498072,33.96296296296296
18.0,677,31498749,37.611111111111114
8.0,338,31499087,42.25
15.0,454,31499541,30.266666666666666
19.0,681,31500222,35.8421052631579
15.0,566,31500788,37.733333333333334
9.0,370,31501158,41.111111111111114
15.0,505,31501663,33.666666666666664
17.0,648,31502311,38.11764705882353
17.0,662,31502973,38.94117647058823
14.0,485,31503458,34.642857142857146
20.0,767,31504225,38.35
16.0,589,31504814,36.8125
32.0,1002,31505816,31.3125
24.0,583,31506399,24.291666666666668
22.0,741,31507140,33.68181818181818
27.0,1015,31508155,37.592592592592595
8.0,373,31508528,46.625
6.0,208,31508736,34.666666666666664
28.0,849,31509585,30.321428571428573
20.0,669,31510254,33.45
28.0,928,31511182,33.142857142857146
15.0,383,31511565,25.533333333333335
16.0,496,31512061,31.0
34.0,1152,31513213,33.88235294117647
20.0,600,31513813,30.0
35.0,1284,31515097,36.68571428571428
6.0,177,31515274,29.5
28.0,1066,31516340,38.07142857142857
23.0,755,31517095,32.82608695652174
25.0,774,31517869,30.96
27.0,993,31518862,36.77777777777778
25.0,849,31519711,33.96
15.0,533,31520244,35.53333333333333
10.0,360,31520604,36.0
20.0,830,31521434,41.5
25.0,722,31522156,28.88
31.0,1075,31523231,34.67741935483871
24.0,597,31523828,24.875
31.0,794,31524622,25.612903225806452
27.0,911,31525533,33.74074074074074
5.0,294,31525827,58.8
10.0,313,31526140,31.3
16.0,650,31526790,40.625
7.0,183,31526973,26.142857142857142
7.0,364,31527337,52.0
14.0,531,31527868,37.92857142857143
11.0,470,31528338,42.72727272727273
13.0,379,31528717,29.153846153846153
25.0,628,31529345,25.12
21.0,712,31530057,33.904761904761905
15.0,438,31530495,29.2
13.0,328,31530823,25.23076923076923
12.0,364,31531187,30.333333333333332
18.0,639,31531826,35.5
33.0,1167,31532993,35.36363636363637
21.0,635,31533628,30.238095238095237
12.0,404,31534032,33.666666666666664
20.0,886,31534918,44.3
17.0,601,31535519,35.35294117647059
6.0,168,31535687,28.0
24.0,671,31536358,27.958333333333332
39.0,1239,31537597,31.76923076923077
14.0,522,31538119,37.285714285714285
6.0,278,31538397,46.333333333333336
26.0,984,31539381,37.84615384615385
3.0,67,31539448,22.333333333333332
29.0,928,31540376,32.0
19.0,680,31541056,35.78947368421053
37.0,1245,31542301,33.648648648648646
7.0,331,31542632,47.285714285714285
32.0,991,31543623,30.96875
8.0,445,31544068,55.625
16.0,616,31544684,38.5
11.0,556,31545240,50.54545454545455
8.0,328,31545568,41.0
25.0,702,31546270,28.08
10.0,453,31546723,45.3
19.0,606,31547329,31.894736842105264
25.0,678,31548007,27.12
7.0,197,31548204,28.142857142857142
37.0,1056,31549260,28.54054054054054
25.0,953,31550213,38.12
15.0,513,31550726,34.2
33.0,1214,31551940,36.78787878787879
5.0,126,31552066,25.2
6.0,178,31552244,29.666666666666668
19.0,788,31553032,41.473684210526315
20.0,815,31553847,40.75
33.0,1075,31554922,32.57575757575758
26.0,921,31555843,35.42307692307692
6.0,213,31556056,35.5
10.0,411,31556467,41.1
13.0,451,31556918,34.69230769230769
17.0,692,31557610,40.705882352941174
39.0,1138,31558748,29.17948717948718
7.0,227,31558975,32.42857142857143
35.0,1283,31560258,36.65714285714286
22.0,739,31560997,33.59090909090909
9.0,386,31561383,42.888888888888886
27.0,721,31562104,26.703703703703702
15.0,440,31562544,29.333333333333332
34.0,1075,31563619,31.61764705882353
36.0,1059,31564678,29.416666666666668
15.0,603,31565281,40.2
7.0,210,31565491,30.0
35.0,905,31566396,25.857142857142858
12.0,401,31566797,33.416666666666664
22.0,646,31567443,29.363636363636363
14.0,437,31567880,31.214285714285715
8.0,159,31568039,19.875
19.0,660,31568699,34.73684210526316
18.0,626,31569325,34.77777777777778
18.0,695,31570020,38.611111111111114
9.0,480,31570500,53.333333333333336
24.0,899,31571399,37.458333333333336
4.0,126,31571525,31.5
14.0,451,31571976,32.214285714285715
21.0,582,31572558,27.714285714285715
17.0,432,31572990,25.41176470588235
26.0,1006,31573996,38.69230769230769
8.0,383,31574379,47.875
28.0,989,31575368,35.32142857142857
19.0,558,31575926,29.36842105263158
38.0,1214,31577140,31.94736842105263
14.0,460,31577600,32.857142857142854
5.0,176,31577776,35.2
17.0,474,31578250,27.88235294117647
32.0,863,31579113,26.96875
15.0,634,31579747,42.266666666666666
14.0,537,31580284,38.357142857142854
11.0,199,31580483,18.09090909090909
6.0,218,31580701,36.333333333333336
18.0,682,31581383,37.888888888888886
35.0,1040,31582423,29.714285714285715
14.0,594,31583017,42.42857142857143
17.0,640,31583657,37.64705882352941
15.0,369,31584026,24.6
19.0,779,31584805,41.0
17.0,441,31585246,25.941176470588236
21.0,578,31585824,27.523809523809526
21.0,762,31586586,36.285714285714285
5.0,230,31586816,46.0
17.0,480,31587296,28.235294117647058
14.0,537,31587833,38.357142857142854
28.0,1063,31588896,37.964285714285715
8.0,452,31589348,56.5
5.0,154,31589502,30.8
8.0,291,31589793,36.375
28.0,997,31590790,35.607142857142854
8.0,382,31591172,47.75
11.0,350,31591522,31.818181818181817
9.0,244,31591766,27.11111111111111
14.0,526,31592292,37.57142857142857
23.0,583,31592875,25.347826086956523
7.0,250,31593125,35.714285714285715
5.0,251,31593376,50.2
22.0,673,31594049,30.59090909090909
23.0,921,31594970,40.04347826086956
25.0,750,31595720,30.0
20.0,629,31596349,31.45
8.0,297,31596646,37.125
20.0,745,31597391,37.25
9.0,337,31597728,37.44444444444444
8.0,271,31597999,33.875
26.0,567,31598566,21.807692307692307
27.0,923,31599489,34.18518518518518
15.0,531,31600020,35.4
25.0,659,31600679,26.36
13.0,519,31601198,39.92307692307692
13.0,473,31601671,36.38461538461539
9.0,382,31602053,42.44444444444444
30.0,1066,31603119,35.53333333333333
23.0,797,31603916,34.65217391304348
11.0,465,31604381,42.27272727272727
13.0,320,31604701,24.615384615384617
8.0,270,31604971,33.75
8.0,322,31605293,40.25
25.0,1055,31606348,42.2
16.0,438,31606786,27.375
24.0,627,31607413,26.125
4.0,176,31607589,44.0
35.0,1172,31608761,33.48571428571429
9.0,591,31609352,65.66666666666667
5.0,262,31609614,52.4
11.0,440,31610054,40.0
27.0,894,31610948,33.111111111111114
23.0,981,31611929,42.65217391304348
26.0,947,31612876,36.42307692307692
22.0,712,31613588,32.36363636363637
30.0,823,31614411,27.433333333333334
24.0,975,31615386,40.625
8.0,418,31615804,52.25
9.0,258,31616062,28.666666666666668
16.0,552,31616614,34.5
4.0,285,31616899,71.25
27.0,824,31617723,30.51851851851852
22.0,811,31618534,36.86363636363637
25.0,830,31619364,33.2
12.0,466,31619830,38.833333333333336
8.0,305,31620135,38.125
23.0,655,31620790,28.47826086956522
14.0,535,31621325,38.214285714285715
15.0,713,31622038,47.53333333333333
6.0,183,31622221,30.5
14.0,512,31622733,36.57142857142857
6.0,179,31622912,29.833333333333332
25.0,683,31623595,27.32
28.0,927,31624522,33.107142857142854
20.0,635,31625157,31.75
21.0,861,31626018,41.0
27.0,871,31626889,32.25925925925926
19.0,685,31627574,36.05263157894737
15.0,411,31627985,27.4
11.0,338,31628323,30.727272727272727
39.0,1257,31629580,32.23076923076923
5.0,192,31629772,38.4
15.0,560,31630332,37.333333333333336
22.0,863,31631195,39.22727272727273
23.0,693,31631888,30.130434782608695
15.0,481,31632369,32.06666666666667
8.0,395,31632764,49.375
12.0,411,31633175,34.25
15.0,643,31633818,42.86666666666667
16.0,543,31634361,33.9375
23.0,557,31634918,24.217391304347824
17.0,688,31635606,40.470588235294116
21.0,584,31636190,27.80952380952381
10.0,325,31636515,32.5
6.0,182,31636697,30.333333333333332
15.0,541,31637238,36.06666666666667
27.0,1071,31638309,39.666666666666664
15.0,561,31638870,37.4
28.0,997,31639867,35.607142857142854
6.0,163,31640030,27.166666666666668
11.0,468,31640498,42.54545454545455
2.0,25,31640523,12.5
17.0,490,31641013,28.823529411764707
17.0,628,31641641,36.94117647058823
17.0,548,31642189,32.23529411764706
10.0,367,31642556,36.7
5.0,132,31642688,26.4
8.0,350,31643038,43.75
30.0,893,31643931,29.766666666666666
12.0,498,31644429,41.5
36.0,1061,31645490,29.47222222222222
17.0,531,31646021,31.235294117647058
10.0,260,31646281,26.0
15.0,404,31646685,26.933333333333334
26.0,941,31647626,36.19230769230769
23.0,671,31648297,29.17391304347826
45.0,1608,31649905,35.733333333333334
20.0,785,31650690,39.25
22.0,693,31651383,31.5
25.0,839,31652222,33.56
25.0,849,31653071,33.96
7.0,261,31653332,37.285714285714285
32.0,1016,31654348,31.75
19.0,617,31654965,32.473684210526315
21.0,702,31655667,33.42857142857143
4.0,101,31655768,25.25
14.0,459,31656227,32.785714285714285
13.0,444,31656671,34.15384615384615
20.0,740,31657411,37.0
16.0,495,31657906,30.9375
29.0,963,31658869,33.206896551724135
35.0,1164,31660033,33.25714285714286
9.0,500,31660533,55.55555555555556
28.0,945,31661478,33.75
29.0,974,31662452,33.58620689655172
17.0,588,31663040,34.588235294117645
16.0,654,31663694,40.875
17.0,424,31664118,24.941176470588236
13.0,449,31664567,34.53846153846154
17.0,480,31665047,28.235294117647058
13.0,318,31665365,24.46153846153846
8.0,243,31665608,30.375
31.0,974,31666582,31.419354838709676
13.0,426,31667008,32.76923076923077
31.0,1134,31668142,36.58064516129032
17.0,583,31668725,34.294117647058826
20.0,696,31669421,34.8
17.0,604,31670025,35.529411764705884
22.0,718,31670743,32.63636363636363
28.0,917,31671660,32.75
12.0,438,31672098,36.5
6.0,218,31672316,36.333333333333336
15.0,558,31672874,37.2
23.0,860,31673734,37.391304347826086
14.0,446,31674180,31.857142857142858
7.0,251,31674431,35.857142857142854
22.0,701,31675132,31.863636363636363
21.0,745,31675877,35.476190476190474
18.0,676,31676553,37.55555555555556
8.0,293,31676846,36.625
8.0,203,31677049,25.375
22.0,529,31677578,24.045454545454547
4.0,153,31677731,38.25
5.0,215,31677946,43.0
29.0,1020,31678966,35.172413793103445
25.0,752,31679718,30.08
24.0,570,31680288,23.75
17.0,355,31680643,20.88235294117647
5.0,258,31680901,51.6
14.0,586,31681487,41.857142857142854
6.0,182,31681669,30.333333333333332
21.0,658,31682327,31.333333333333332
24.0,744,31683071,31.0
15.0,509,31683580,33.93333333333333
7.0,294,31683874,42.0
40.0,1257,31685131,31.425
20.0,693,31685824,34.65
21.0,702,31686526,33.42857142857143
25.0,815,31687341,32.6
27.0,623,31687964,23.074074074074073
5.0,103,31688067,20.6
29.0,957,31689024,33.0
18.0,636,31689660,35.333333333333336
22.0,780,31690440,35.45454545454545
20.0,672,31691112,33.6
21.0,685,31691797,32.61904761904762
34.0,1169,31692966,34.38235294117647
22.0,808,31693774,36.72727272727273
23.0,863,31694637,37.52173913043478
31.0,871,31695508,28.096774193548388
15.0,588,31696096,39.2
21.0,711,31696807,33.857142857142854
7.0,293,31697100,41.857142857142854
10.0,421,31697521,42.1
4.0,156,31697677,39.0
13.0,458,31698135,35.23076923076923
7.0,299,31698434,42.714285714285715
18.0,511,31698945,28.38888888888889
11.0,416,31699361,37.81818181818182
39.0,1521,31700882,39.0
35.0,1098,31701980,31.37142857142857
14.0,492,31702472,35.142857142857146
29.0,1075,31703547,37.06896551724138
7.0,200,31703747,28.571428571428573
14.0,451,31704198,32.214285714285715
5.0,195,31704393,39.0
28.0,884,31705277,31.571428571428573
23.0,893,31706170,38.82608695652174
36.0,1258,31707428,34.94444444444444
32.0,1098,31708526,34.3125
35.0,1292,31709818,36.91428571428571
23.0,540,31710358,23.47826086956522
17.0,530,31710888,31.176470588235293
21.0,604,31711492,28.761904761904763
19.0,588,31712080,30.94736842105263
22.0,593,31712673,26.954545454545453
30.0,664,31713337,22.133333333333333
30.0,789,31714126,26.3
34.0,1224,31715350,36.0
19.0,624,31715974,32.8421052631579
23.0,707,31716681,30.73913043478261
23.0,726,31717407,31.565217391304348
15.0,317,31717724,21.133333333333333
10.0,228,31717952,22.8
40.0,1464,31719416,36.6
26.0,919,31720335,35.34615384615385
26.0,776,31721111,29.846153846153847
25.0,564,31721675,22.56
23.0,813,31722488,35.34782608695652
38.0,1162,31723650,30.57894736842105
19.0,557,31724207,29.31578947368421
25.0,762,31724969,30.48
30.0,1021,31725990,34.03333333333333
34.0,1096,31727086,32.23529411764706
38.0,1152,31728238,30.31578947368421
42.0,1260,31729498,30.0
19.0,549,31730047,28.894736842105264
13.0,301,31730348,23.153846153846153
28.0,821,31731169,29.321428571428573
40.0,1428,31732597,35.7
20.0,619,31733216,30.95
23.0,745,31733961,32.391304347826086
35.0,1250,31735211,35.714285714285715
21.0,727,31735938,34.61904761904762
25.0,1002,31736940,40.08
26.0,718,31737658,27.615384615384617
13.0,356,31738014,27.384615384615383
24.0,723,31738737,30.125
28.0,783,31739520,27.964285714285715
44.0,1524,31741044,34.63636363636363
26.0,857,31741901,32.96153846153846
10.0,239,31742140,23.9
16.0,434,31742574,27.125
20.0,524,31743098,26.2
11.0,348,31743446,31.636363636363637
22.0,723,31744169,32.86363636363637
13.0,474,31744643,36.46153846153846
15.0,394,31745037,26.266666666666666
48.0,1531,31746568,31.895833333333332
16.0,511,31747079,31.9375
19.0,457,31747536,24.05263157894737
34.0,1123,31748659,33.029411764705884
30.0,784,31749443,26.133333333333333
18.0,494,31749937,27.444444444444443
15.0,384,31750321,25.6
26.0,781,31751102,30.03846153846154
23.0,635,31751737,27.608695652173914
29.0,944,31752681,32.55172413793103
29.0,790,31753471,27.24137931034483
18.0,487,31753958,27.055555555555557
50.0,1611,31755569,32.22
8.0,278,31755847,34.75
19.0,499,31756346,26.263157894736842
58.0,1619,31757965,27.913793103448278
32.0,1206,31759171,37.6875
29.0,1019,31760190,35.13793103448276
20.0,653,31760843,32.65
7.0,269,31761112,38.42857142857143
14.0,357,31761469,25.5
27.0,880,31762349,32.592592592592595
23.0,885,31763234,38.47826086956522
20.0,541,31763775,27.05
8.0,174,31763949,21.75
29.0,951,31764900,32.793103448275865
26.0,754,31765654,29.0
38.0,1225,31766879,32.23684210526316
27.0,714,31767593,26.444444444444443
25.0,934,31768527,37.36
25.0,1033,31769560,41.32
31.0,780,31770340,25.161290322580644
29.0,723,31771063,24.93103448275862
27.0,813,31771876,30.11111111111111
33.0,1089,31772965,33.0
11.0,291,31773256,26.454545454545453
49.0,1591,31774847,32.46938775510204
25.0,673,31775520,26.92
29.0,988,31776508,34.06896551724138
33.0,984,31777492,29.818181818181817
15.0,355,31777847,23.666666666666668
16.0,529,31778376,33.0625
55.0,1931,31780307,35.10909090909091
29.0,727,31781034,25.06896551724138
31.0,1034,31782068,33.354838709677416
32.0,927,31782995,28.96875
24.0,758,31783753,31.583333333333332
20.0,526,31784279,26.3
45.0,1200,31785479,26.666666666666668
34.0,1019,31786498,29.970588235294116
20.0,680,31787178,34.0
36.0,1077,31788255,29.916666666666668
32.0,867,31789122,27.09375
33.0,1262,31790384,38.24242424242424
17.0,444,31790828,26.11764705882353
43.0,1397,31792225,32.48837209302326
31.0,1036,31793261,33.41935483870968
23.0,890,31794151,38.69565217391305
35.0,914,31795065,26.114285714285714
11.0,312,31795377,28.363636363636363
19.0,470,31795847,24.736842105263158
36.0,953,31796800,26.47222222222222
43.0,1608,31798408,37.395348837209305
32.0,1126,31799534,35.1875
30.0,810,31800344,27.0
24.0,752,31801096,31.333333333333332
6.0,175,31801271,29.166666666666668
24.0,576,31801847,24.0
30.0,813,31802660,27.1
28.0,917,31803577,32.75
30.0,809,31804386,26.966666666666665
24.0,844,31805230,35.166666666666664
25.0,736,31805966,29.44
29.0,799,31806765,27.551724137931036
21.0,632,31807397,30.095238095238095
9.0,339,31807736,37.666666666666664
14.0,387,31808123,27.642857142857142
19.0,498,31808621,26.210526315789473
32.0,966,31809587,30.1875
11.0,302,31809889,27.454545454545453
2.0,29,31809918,14.5
29.0,834,31810752,28.75862068965517
24.0,702,31811454,29.25
38.0,1091,31812545,28.710526315789473
25.0,827,31813372,33.08
6.0,129,31813501,21.5
38.0,1203,31814704,31.657894736842106
19.0,590,31815294,31.05263157894737
34.0,1296,31816590,38.11764705882353
15.0,395,31816985,26.333333333333332
18.0,480,31817465,26.666666666666668
23.0,542,31818007,23.565217391304348
24.0,630,31818637,26.25
20.0,650,31819287,32.5
27.0,790,31820077,29.25925925925926
29.0,599,31820676,20.655172413793103
38.0,1290,31821966,33.94736842105263
28.0,609,31822575,21.75
21.0,664,31823239,31.61904761904762
37.0,1095,31824334,29.594594594594593
31.0,861,31825195,27.774193548387096
23.0,634,31825829,27.565217391304348
23.0,770,31826599,33.47826086956522
30.0,1016,31827615,33.86666666666667
10.0,279,31827894,27.9
31.0,943,31828837,30.419354838709676
16.0,341,31829178,21.3125
43.0,1268,31830446,29.488372093023255
36.0,1100,31831546,30.555555555555557
31.0,952,31832498,30.70967741935484
6.0,167,31832665,27.833333333333332
27.0,741,31833406,27.444444444444443
27.0,740,31834146,27.40740740740741
45.0,1551,31835697,34.46666666666667
24.0,863,31836560,35.958333333333336
28.0,774,31837334,27.642857142857142
10.0,224,31837558,22.4
41.0,1343,31838901,32.75609756097561
37.0,996,31839897,26.91891891891892
27.0,887,31840784,32.851851851851855
26.0,941,31841725,36.19230769230769
34.0,1060,31842785,31.176470588235293
14.0,329,31843114,23.5
26.0,880,31843994,33.84615384615385
49.0,1480,31845474,30.20408163265306
20.0,561,31846035,28.05
9.0,280,31846315,31.11111111111111
33.0,877,31847192,26.575757575757574
31.0,943,31848135,30.419354838709676
41.0,1419,31849554,34.609756097560975
25.0,697,31850251,27.88
19.0,465,31850716,24.473684210526315
36.0,1192,31851908,33.111111111111114
34.0,1020,31852928,30.0
30.0,848,31853776,28.266666666666666
37.0,1226,31855002,33.13513513513514
21.0,662,31855664,31.523809523809526
20.0,607,31856271,30.35
21.0,608,31856879,28.952380952380953
20.0,657,31857536,32.85
29.0,806,31858342,27.79310344827586
30.0,850,31859192,28.333333333333332
46.0,1438,31860630,31.26086956521739
38.0,1178,31861808,31.0
37.0,1222,31863030,33.027027027027025
41.0,1203,31864233,29.341463414634145
27.0,733,31864966,27.14814814814815
46.0,1550,31866516,33.69565217391305
46.0,1585,31868101,34.45652173913044
21.0,596,31868697,28.38095238095238
28.0,884,31869581,31.571428571428573
40.0,1192,31870773,29.8
33.0,1132,31871905,34.303030303030305
34.0,1049,31872954,30.852941176470587
26.0,805,31873759,30.96153846153846
33.0,953,31874712,28.87878787878788
29.0,750,31875462,25.862068965517242
28.0,823,31876285,29.392857142857142
27.0,865,31877150,32.03703703703704
31.0,917,31878067,29.580645161290324
22.0,516,31878583,23.454545454545453
20.0,605,31879188,30.25
7.0,197,31879385,28.142857142857142
40.0,1165,31880550,29.125
12.0,409,31880959,34.083333333333336
52.0,1404,31882363,27.0
27.0,991,31883354,36.7037037037037
26.0,602,31883956,23.153846153846153
29.0,958,31884914,33.03448275862069
33.0,1087,31886001,32.93939393939394
45.0,1496,31887497,33.24444444444445
20.0,572,31888069,28.6
36.0,1019,31889088,28.305555555555557
17.0,516,31889604,30.352941176470587
14.0,472,31890076,33.714285714285715
37.0,1042,31891118,28.16216216216216
11.0,293,31891411,26.636363636363637
20.0,652,31892063,32.6
19.0,551,31892614,29.0
37.0,1317,31893931,35.5945945945946
33.0,1216,31895147,36.84848484848485
30.0,1046,31896193,34.86666666666667
22.0,613,31896806,27.863636363636363
25.0,680,31897486,27.2
34.0,1181,31898667,34.73529411764706
8.0,272,31898939,34.0
45.0,1622,31900561,36.044444444444444
26.0,690,31901251,26.53846153846154
17.0,615,31901866,36.1764705882353
11.0,387,31902253,35.18181818181818
25.0,920,31903173,36.8
16.0,586,31903759,36.625
25.0,608,31904367,24.32
32.0,1042,31905409,32.5625
29.0,727,31906136,25.06896551724138
38.0,1362,31907498,35.8421052631579
13.0,325,31907823,25.0
32.0,884,31908707,27.625
22.0,598,31909305,27.181818181818183
15.0,369,31909674,24.6
40.0,1323,31910997,33.075
45.0,1409,31912406,31.31111111111111
23.0,616,31913022,26.782608695652176
29.0,782,31913804,26.96551724137931
22.0,578,31914382,26.272727272727273
20.0,553,31914935,27.65
27.0,921,31915856,34.111111111111114
14.0,367,31916223,26.214285714285715
25.0,862,31917085,34.48
27.0,801,31917886,29.666666666666668
44.0,1665,31919551,37.84090909090909
23.0,731,31920282,31.782608695652176
12.0,351,31920633,29.25
17.0,498,31921131,29.294117647058822
11.0,296,31921427,26.90909090909091
15.0,435,31921862,29.0
24.0,727,31922589,30.291666666666668
11.0,260,31922849,23.636363636363637
22.0,506,31923355,23.0
52.0,1782,31925137,34.26923076923077
31.0,936,31926073,30.193548387096776
47.0,1594,31927667,33.91489361702128
39.0,919,31928586,23.564102564102566
31.0,882,31929468,28.451612903225808
22.0,521,31929989,23.681818181818183
38.0,1356,31931345,35.68421052631579
15.0,450,31931795,30.0
27.0,846,31932641,31.333333333333332
17.0,482,31933123,28.352941176470587
43.0,1332,31934455,30.976744186046513
29.0,797,31935252,27.482758620689655
27.0,722,31935974,26.74074074074074
32.0,778,31936752,24.3125
41.0,1554,31938306,37.90243902439025
43.0,1280,31939586,29.767441860465116
43.0,1355,31940941,31.511627906976745
24.0,677,31941618,28.208333333333332
14.0,280,31941898,20.0
21.0,684,31942582,32.57142857142857
36.0,1149,31943731,31.916666666666668
26.0,712,31944443,27.384615384615383
11.0,315,31944758,28.636363636363637
17.0,557,31945315,32.76470588235294
31.0,1072,31946387,34.58064516129032
14.0,478,31946865,34.142857142857146
17.0,426,31947291,25.058823529411764
17.0,477,31947768,28.058823529411764
28.0,839,31948607,29.964285714285715
38.0,1118,31949725,29.42105263157895
17.0,455,31950180,26.764705882352942
25.0,566,31950746,22.64
29.0,888,31951634,30.620689655172413
13.0,392,31952026,30.153846153846153
24.0,653,31952679,27.208333333333332
15.0,367,31953046,24.466666666666665
41.0,1263,31954309,30.804878048780488
25.0,749,31955058,29.96
21.0,614,31955672,29.238095238095237
23.0,688,31956360,29.91304347826087
34.0,1114,31957474,32.76470588235294
32.0,975,31958449,30.46875
27.0,750,31959199,27.77777777777778
32.0,1034,31960233,32.3125
30.0,872,31961105,29.066666666666666
36.0,1131,31962236,31.416666666666668
45.0,1466,31963702,32.577777777777776
25.0,659,31964361,26.36
40.0,1225,31965586,30.625
24.0,836,31966422,34.833333333333336
23.0,773,31967195,33.608695652173914
39.0,1465,31968660,37.56410256410256
32.0,965,31969625,30.15625
35.0,1375,31971000,39.285714285714285
28.0,904,31971904,32.285714285714285
30.0,1149,31973053,38.3
13.0,480,31973533,36.92307692307692
33.0,941,31974474,28.515151515151516
10.0,364,31974838,36.4
31.0,899,31975737,29.0
23.0,804,31976541,34.95652173913044
21.0,594,31977135,28.285714285714285
19.0,540,31977675,28.42105263157895
19.0,759,31978434,39.94736842105263
34.0,1078,31979512,31.705882352941178
29.0,1046,31980558,36.06896551724138
52.0,1459,31982017,28.057692307692307
25.0,660,31982677,26.4
38.0,1284,31983961,33.78947368421053
18.0,523,31984484,29.055555555555557
19.0,590,31985074,31.05263157894737
35.0,1218,31986292,34.8
24.0,681,31986973,28.375
25.0,715,31987688,28.6
23.0,656,31988344,28.52173913043478
36.0,1036,31989380,28.77777777777778
19.0,682,31990062,35.89473684210526
37.0,1096,31991158,29.62162162162162
37.0,885,31992043,23.91891891891892
13.0,464,31992507,35.69230769230769
38.0,1100,31993607,28.94736842105263
10.0,304,31993911,30.4
15.0,443,31994354,29.533333333333335
13.0,328,31994682,25.23076923076923
13.0,450,31995132,34.61538461538461
45.0,1313,31996445,29.177777777777777
30.0,1070,31997515,35.666666666666664
28.0,694,31998209,24.785714285714285
21.0,671,31998880,31.952380952380953
30.0,908,31999788,30.266666666666666
30.0,848,32000636,28.266666666666666
57.0,1728,32002364,30.31578947368421
29.0,814,32003178,28.06896551724138
29.0,932,32004110,32.13793103448276
37.0,1273,32005383,34.4054054054054
33.0,933,32006316,28.272727272727273
35.0,1208,32007524,34.51428571428571
17.0,464,32007988,27.294117647058822
39.0,1025,32009013,26.28205128205128
33.0,1129,32010142,34.21212121212121
52.0,1494,32011636,28.73076923076923
23.0,569,32012205,24.73913043478261
17.0,454,32012659,26.705882352941178
25.0,582,32013241,23.28
5.0,189,32013430,37.8
38.0,1054,32014484,27.736842105263158
16.0,426,32014910,26.625
37.0,1098,32016008,29.675675675675677
18.0,540,32016548,30.0
39.0,970,32017518,24.871794871794872
29.0,970,32018488,33.44827586206897
24.0,742,32019230,30.916666666666668
22.0,665,32019895,30.227272727272727
33.0,969,32020864,29.363636363636363
22.0,742,32021606,33.72727272727273
29.0,816,32022422,28.137931034482758
22.0,473,32022895,21.5
36.0,1245,32024140,34.583333333333336
42.0,1361,32025501,32.404761904761905
34.0,999,32026500,29.38235294117647
24.0,772,32027272,32.166666666666664
29.0,851,32028123,29.344827586206897
42.0,1440,32029563,34.285714285714285
12.0,357,32029920,29.75
27.0,845,32030765,31.296296296296298
15.0,418,32031183,27.866666666666667
12.0,255,32031438,21.25
21.0,601,32032039,28.61904761904762
12.0,279,32032318,23.25
25.0,778,32033096,31.12
39.0,1115,32034211,28.58974358974359
27.0,806,32035017,29.85185185185185
22.0,554,32035571,25.181818181818183
36.0,1149,32036720,31.916666666666668
41.0,1421,32038141,34.65853658536585
24.0,686,32038827,28.583333333333332
36.0,1369,32040196,38.02777777777778
16.0,435,32040631,27.1875
28.0,1051,32041682,37.535714285714285
22.0,768,32042450,34.90909090909091
27.0,836,32043286,30.962962962962962
19.0,604,32043890,31.789473684210527
21.0,605,32044495,28.80952380952381
30.0,903,32045398,30.1
35.0,932,32046330,26.62857142857143
29.0,886,32047216,30.551724137931036
22.0,546,32047762,24.818181818181817
20.0,620,32048382,31.0
39.0,1380,32049762,35.38461538461539
52.0,1834,32051596,35.26923076923077
26.0,667,32052263,25.653846153846153
51.0,1875,32054138,36.76470588235294
20.0,571,32054709,28.55
29.0,767,32055476,26.448275862068964
28.0,770,32056246,27.5
43.0,1413,32057659,32.86046511627907
37.0,1294,32058953,34.972972972972975
32.0,1005,32059958,31.40625
19.0,761,32060719,40.05263157894737
12.0,317,32061036,26.416666666666668
36.0,1017,32062053,28.25
34.0,1188,32063241,34.94117647058823
25.0,670,32063911,26.8
22.0,641,32064552,29.136363636363637
28.0,873,32065425,31.178571428571427
25.0,793,32066218,31.72
29.0,909,32067127,31.344827586206897
35.0,891,32068018,25.457142857142856
25.0,652,32068670,26.08
44.0,1340,32070010,30.454545454545453
14.0,404,32070414,28.857142857142858
24.0,700,32071114,29.166666666666668
41.0,1398,32072512,34.09756097560975
45.0,1359,32073871,30.2
30.0,885,32074756,29.5
27.0,795,32075551,29.444444444444443
19.0,498,32076049,26.210526315789473
41.0,1167,32077216,28.463414634146343
38.0,1043,32078259,27.44736842105263
34.0,1072,32079331,31.529411764705884
27.0,702,32080033,26.0
13.0,373,32080406,28.692307692307693
24.0,616,32081022,25.666666666666668
26.0,1002,32082024,38.53846153846154
44.0,1399,32083423,31.795454545454547
8.0,221,32083644,27.625
24.0,732,32084376,30.5
5.0,132,32084508,26.4
15.0,559,32085067,37.266666666666666
23.0,784,32085851,34.08695652173913
36.0,1008,32086859,28.0
34.0,1093,32087952,32.14705882352941
7.0,167,32088119,23.857142857142858
26.0,800,32088919,30.76923076923077
16.0,438,32089357,27.375
37.0,1186,32090543,32.054054054054056
27.0,944,32091487,34.96296296296296
31.0,969,32092456,31.258064516129032
13.0,433,32092889,33.30769230769231
26.0,670,32093559,25.76923076923077
10.0,308,32093867,30.8
37.0,1198,32095065,32.37837837837838
32.0,1054,32096119,32.9375
13.0,330,32096449,25.384615384615383
44.0,1228,32097677,27.90909090909091
27.0,752,32098429,27.85185185185185
27.0,797,32099226,29.51851851851852
9.0,207,32099433,23.0
9.0,259,32099692,28.77777777777778
30.0,907,32100599,30.233333333333334
22.0,479,32101078,21.772727272727273
25.0,752,32101830,30.08
17.0,506,32102336,29.764705882352942
31.0,750,32103086,24.193548387096776
39.0,1490,32104576,38.205128205128204
16.0,437,32105013,27.3125
16.0,354,32105367,22.125
39.0,1014,32106381,26.0
41.0,1126,32107507,27.463414634146343
27.0,708,32108215,26.22222222222222
35.0,995,32109210,28.428571428571427
20.0,572,32109782,28.6
17.0,567,32110349,33.35294117647059
17.0,384,32110733,22.58823529411765
37.0,944,32111677,25.513513513513512
21.0,614,32112291,29.238095238095237
24.0,694,32112985,28.916666666666668
19.0,653,32113638,34.36842105263158
17.0,470,32114108,27.647058823529413
31.0,982,32115090,31.677419354838708
26.0,1001,32116091,38.5
25.0,736,32116827,29.44
45.0,1201,32118028,26.68888888888889
1.0,25,32118053,25.0
4.0,101,32118154,25.25
2.0,49,32118203,24.5
22.0,656,32118859,29.818181818181817
10.0,286,32119145,28.6
13.0,367,32119512,28.23076923076923
55.0,1800,32121312,32.72727272727273
33.0,1084,32122396,32.84848484848485
42.0,1393,32123789,33.166666666666664
25.0,540,32124329,21.6
30.0,1020,32125349,34.0
40.0,1117,32126466,27.925
41.0,1379,32127845,33.63414634146341
13.0,352,32128197,27.076923076923077
47.0,1132,32129329,24.085106382978722
29.0,827,32130156,28.517241379310345
37.0,933,32131089,25.216216216216218
31.0,824,32131913,26.580645161290324
36.0,1309,32133222,36.361111111111114
21.0,693,32133915,33.0
42.0,1246,32135161,29.666666666666668
6.0,282,32135443,47.0
24.0,583,32136026,24.291666666666668
18.0,545,32136571,30.27777777777778
34.0,995,32137566,29.264705882352942
25.0,735,32138301,29.4
35.0,1067,32139368,30.485714285714284
16.0,619,32139987,38.6875
15.0,446,32140433,29.733333333333334
37.0,1021,32141454,27.594594594594593
22.0,698,32142152,31.727272727272727
13.0,314,32142466,24.153846153846153
13.0,418,32142884,32.15384615384615
11.0,333,32143217,30.272727272727273
33.0,1202,32144419,36.42424242424242
35.0,1132,32145551,32.34285714285714
27.0,733,32146284,27.14814814814815
24.0,627,32146911,26.125
26.0,495,32147406,19.03846153846154
35.0,1126,32148532,32.17142857142857
24.0,550,32149082,22.916666666666668
12.0,372,32149454,31.0
27.0,745,32150199,27.59259259259259
13.0,350,32150549,26.923076923076923
30.0,885,32151434,29.5
5.0,172,32151606,34.4
26.0,753,32152359,28.96153846153846
15.0,682,32153041,45.46666666666667
3.0,89,32153130,29.666666666666668
26.0,807,32153937,31.03846153846154
15.0,498,32154435,33.2
24.0,795,32155230,33.125
23.0,656,32155886,28.52173913043478
19.0,631,32156517,33.21052631578947
16.0,408,32156925,25.5
30.0,796,32157721,26.533333333333335
43.0,1389,32159110,32.30232558139535
18.0,374,32159484,20.77777777777778
19.0,682,32160166,35.89473684210526
31.0,956,32161122,30.838709677419356
33.0,1126,32162248,34.121212121212125
38.0,1347,32163595,35.44736842105263
14.0,457,32164052,32.642857142857146
14.0,374,32164426,26.714285714285715
8.0,116,32164542,14.5
7.0,151,32164693,21.571428571428573
23.0,715,32165408,31.08695652173913
12.0,402,32165810,33.5
1.0,26,32165836,26.0
22.0,518,32166354,23.545454545454547
20.0,675,32167029,33.75
45.0,1611,32168640,35.8
5.0,121,32168761,24.2
32.0,1012,32169773,31.625
29.0,883,32170656,30.448275862068964
39.0,1205,32171861,30.897435897435898
31.0,760,32172621,24.516129032258064
20.0,505,32173126,25.25
38.0,1089,32174215,28.657894736842106
25.0,736,32174951,29.44
3.0,83,32175034,27.666666666666668
19.0,447,32175481,23.526315789473685
12.0,270,32175751,22.5
35.0,925,32176676,26.428571428571427
27.0,888,32177564,32.888888888888886
39.0,1131,32178695,29.0
17.0,548,32179243,32.23529411764706
16.0,374,32179617,23.375
25.0,770,32180387,30.8
31.0,984,32181371,31.741935483870968
37.0,1215,32182586,32.83783783783784
34.0,829,32183415,24.38235294117647
44.0,1331,32184746,30.25
27.0,780,32185526,28.88888888888889
26.0,727,32186253,27.96153846153846
27.0,817,32187070,30.25925925925926
34.0,1088,32188158,32.0
28.0,962,32189120,34.357142857142854
21.0,777,32189897,37.0
33.0,956,32190853,28.96969696969697
11.0,382,32191235,34.72727272727273
38.0,1208,32192443,31.789473684210527
23.0,670,32193113,29.130434782608695
46.0,1483,32194596,32.23913043478261
49.0,1491,32196087,30.428571428571427
33.0,935,32197022,28.333333333333332
16.0,478,32197500,29.875
8.0,249,32197749,31.125
32.0,1115,32198864,34.84375
2.0,99,32198963,49.5
38.0,1044,32200007,27.473684210526315
32.0,1036,32201043,32.375
8.0,298,32201341,37.25
34.0,990,32202331,29.11764705882353
18.0,638,32202969,35.44444444444444
25.0,828,32203797,33.12
31.0,792,32204589,25.548387096774192
35.0,821,32205410,23.457142857142856
16.0,389,32205799,24.3125
22.0,485,32206284,22.045454545454547
34.0,1273,32207557,37.44117647058823
16.0,399,32207956,24.9375
25.0,805,32208761,32.2
26.0,750,32209511,28.846153846153847
15.0,438,32209949,29.2
30.0,1249,32211198,41.63333333333333
14.0,341,32211539,24.357142857142858
48.0,1614,32213153,33.625
24.0,490,32213643,20.416666666666668
31.0,963,32214606,31.06451612903226
27.0,688,32215294,25.48148148148148
30.0,1218,32216512,40.6
19.0,677,32217189,35.63157894736842
31.0,884,32218073,28.516129032258064
13.0,373,32218446,28.692307692307693
24.0,912,32219358,38.0
19.0,420,32219778,22.105263157894736
28.0,779,32220557,27.821428571428573
17.0,560,32221117,32.94117647058823
25.0,906,32222023,36.24
20.0,550,32222573,27.5
34.0,1178,32223751,34.64705882352941
14.0,440,32224191,31.428571428571427
20.0,652,32224843,32.6
35.0,1222,32226065,34.91428571428571
30.0,879,32226944,29.3
34.0,1269,32228213,37.3235294117647
19.0,453,32228666,23.842105263157894
46.0,1632,32230298,35.47826086956522
18.0,540,32230838,30.0
33.0,1010,32231848,30.606060606060606
22.0,634,32232482,28.818181818181817
14.0,408,32232890,29.142857142857142
3.0,64,32232954,21.333333333333332
22.0,477,32233431,21.681818181818183
35.0,1122,32234553,32.05714285714286
26.0,776,32235329,29.846153846153847
30.0,1006,32236335,33.53333333333333
35.0,1094,32237429,31.257142857142856
41.0,1161,32238590,28.317073170731707
21.0,583,32239173,27.761904761904763
17.0,414,32239587,24.352941176470587
31.0,804,32240391,25.93548387096774
34.0,1188,32241579,34.94117647058823
10.0,317,32241896,31.7
28.0,972,32242868,34.714285714285715
26.0,707,32243575,27.192307692307693
27.0,870,32244445,32.22222222222222
28.0,840,32245285,30.0
13.0,383,32245668,29.46153846153846
38.0,1230,32246898,32.36842105263158
22.0,757,32247655,34.40909090909091
30.0,810,32248465,27.0
36.0,1071,32249536,29.75
16.0,406,32249942,25.375
5.0,162,32250104,32.4
36.0,1065,32251169,29.583333333333332
25.0,753,32251922,30.12
34.0,999,32252921,29.38235294117647
40.0,1426,32254347,35.65
16.0,465,32254812,29.0625
19.0,559,32255371,29.42105263157895
46.0,1470,32256841,31.956521739130434
36.0,1081,32257922,30.02777777777778
60.0,2300,32260222,38.333333333333336
17.0,464,32260686,27.294117647058822
17.0,615,32261301,36.1764705882353
12.0,349,32261650,29.083333333333332
29.0,879,32262529,30.310344827586206
33.0,1211,32263740,36.696969696969695
18.0,426,32264166,23.666666666666668
33.0,1045,32265211,31.666666666666668
38.0,1258,32266469,33.10526315789474
27.0,749,32267218,27.74074074074074
18.0,456,32267674,25.333333333333332
29.0,906,32268580,31.24137931034483
39.0,1435,32270015,36.794871794871796
33.0,960,32270975,29.09090909090909
25.0,812,32271787,32.48
16.0,485,32272272,30.3125
28.0,992,32273264,35.42857142857143
42.0,1381,32274645,32.88095238095238
30.0,778,32275423,25.933333333333334
50.0,1731,32277154,34.62
26.0,905,32278059,34.80769230769231
22.0,579,32278638,26.318181818181817
34.0,1021,32279659,30.029411764705884
33.0,1033,32280692,31.303030303030305
32.0,944,32281636,29.5
31.0,873,32282509,28.161290322580644
14.0,349,32282858,24.928571428571427
24.0,692,32283550,28.833333333333332
59.0,2471,32286021,41.88135593220339
15.0,438,32286459,29.2
34.0,1088,32287547,32.0
23.0,753,32288300,32.73913043478261
42.0,1320,32289620,31.428571428571427
21.0,603,32290223,28.714285714285715
25.0,927,32291150,37.08
20.0,590,32291740,29.5
31.0,931,32292671,30.032258064516128
28.0,813,32293484,29.035714285714285
23.0,576,32294060,25.043478260869566
20.0,555,32294615,27.75
39.0,1325,32295940,33.97435897435897
34.0,929,32296869,27.323529411764707
27.0,845,32297714,31.296296296296298
23.0,709,32298423,30.82608695652174
18.0,577,32299000,32.05555555555556
33.0,949,32299949,28.757575757575758
21.0,605,32300554,28.80952380952381
34.0,1171,32301725,34.44117647058823
24.0,588,32302313,24.5
14.0,356,32302669,25.428571428571427
20.0,755,32303424,37.75
32.0,916,32304340,28.625
30.0,735,32305075,24.5
22.0,746,32305821,33.90909090909091
41.0,1410,32307231,34.390243902439025
26.0,745,32307976,28.653846153846153
28.0,700,32308676,25.0
12.0,398,32309074,33.166666666666664
18.0,533,32309607,29.61111111111111
24.0,843,32310450,35.125
19.0,524,32310974,27.57894736842105
29.0,581,32311555,20.03448275862069
22.0,655,32312210,29.772727272727273
22.0,646,32312856,29.363636363636363
45.0,1252,32314108,27.822222222222223
13.0,335,32314443,25.76923076923077
30.0,961,32315404,32.03333333333333
15.0,355,32315759,23.666666666666668
44.0,1569,32317328,35.65909090909091
28.0,887,32318215,31.678571428571427
38.0,1359,32319574,35.76315789473684
42.0,1451,32321025,34.54761904761905
31.0,1036,32322061,33.41935483870968
27.0,840,32322901,31.11111111111111
23.0,591,32323492,25.695652173913043
27.0,969,32324461,35.888888888888886
44.0,1481,32325942,33.65909090909091
21.0,631,32326573,30.047619047619047
19.0,580,32327153,30.526315789473685
18.0,356,32327509,19.77777777777778
34.0,842,32328351,24.764705882352942
18.0,548,32328899,30.444444444444443
23.0,673,32329572,29.26086956521739
30.0,1264,32330836,42.13333333333333
45.0,1355,32332191,30.11111111111111
16.0,442,32332633,27.625
14.0,300,32332933,21.428571428571427
17.0,499,32333432,29.352941176470587
52.0,1779,32335211,34.21153846153846
30.0,946,32336157,31.533333333333335
2.0,77,32336234,38.5
29.0,1010,32337244,34.827586206896555
20.0,731,32337975,36.55
2.0,66,32338041,33.0
37.0,1127,32339168,30.45945945945946
21.0,698,32339866,33.23809523809524
32.0,897,32340763,28.03125
33.0,980,32341743,29.696969696969695
19.0,476,32342219,25.05263157894737
22.0,647,32342866,29.40909090909091
8.0,175,32343041,21.875
38.0,1261,32344302,33.18421052631579
19.0,596,32344898,31.36842105263158
1.0,109,32345007,109.0
26.0,936,32345943,36.0
38.0,1138,32347081,29.94736842105263
30.0,921,32348002,30.7
35.0,1195,32349197,34.142857142857146
20.0,705,32349902,35.25
36.0,1342,32351244,37.27777777777778
47.0,1727,32352971,36.744680851063826
37.0,991,32353962,26.783783783783782
27.0,791,32354753,29.296296296296298
46.0,1277,32356030,27.76086956521739
24.0,662,32356692,27.583333333333332
31.0,864,32357556,27.870967741935484
32.0,890,32358446,27.8125
20.0,610,32359056,30.5
19.0,526,32359582,27.68421052631579
13.0,417,32359999,32.07692307692308
21.0,670,32360669,31.904761904761905
8.0,162,32360831,20.25
34.0,956,32361787,28.11764705882353
34.0,1122,32362909,33.0
13.0,399,32363308,30.692307692307693
18.0,535,32363843,29.72222222222222
22.0,715,32364558,32.5
32.0,1055,32365613,32.96875
20.0,506,32366119,25.3
21.0,750,32366869,35.714285714285715
38.0,1381,32368250,36.3421052631579
15.0,416,32368666,27.733333333333334
40.0,1217,32369883,30.425
30.0,923,32370806,30.766666666666666
22.0,656,32371462,29.818181818181817
20.0,589,32372051,29.45
24.0,890,32372941,37.083333333333336
34.0,978,32373919,28.764705882352942
30.0,988,32374907,32.93333333333333
22.0,549,32375456,24.954545454545453
31.0,988,32376444,31.870967741935484
11.0,400,32376844,36.36363636363637
22.0,775,32377619,35.22727272727273
28.0,784,32378403,28.0
37.0,1220,32379623,32.972972972972975
43.0,1545,32381168,35.93023255813954
15.0,443,32381611,29.533333333333335
18.0,452,32382063,25.11111111111111
38.0,1333,32383396,35.078947368421055
22.0,742,32384138,33.72727272727273
42.0,1731,32385869,41.214285714285715
10.0,354,32386223,35.4
36.0,1111,32387334,30.86111111111111
25.0,808,32388142,32.32
2.0,55,32388197,27.5
22.0,596,32388793,27.09090909090909
20.0,465,32389258,23.25
34.0,1202,32390460,35.35294117647059
18.0,508,32390968,28.22222222222222
11.0,315,32391283,28.636363636363637
2.0,47,32391330,23.5
33.0,1112,32392442,33.696969696969695
20.0,716,32393158,35.8
26.0,597,32393755,22.96153846153846
30.0,1142,32394897,38.06666666666667
26.0,711,32395608,27.346153846153847
25.0,659,32396267,26.36
34.0,984,32397251,28.941176470588236
18.0,518,32397769,28.77777777777778
43.0,1154,32398923,26.837209302325583
5.0,110,32399033,22.0
27.0,766,32399799,28.37037037037037
8.0,174,32399973,21.75
37.0,1197,32401170,32.351351351351354
25.0,681,32401851,27.24
32.0,833,32402684,26.03125
28.0,802,32403486,28.642857142857142
17.0,553,32404039,32.529411764705884
35.0,1169,32405208,33.4
26.0,908,32406116,34.92307692307692
21.0,454,32406570,21.61904761904762
33.0,1028,32407598,31.151515151515152
36.0,914,32408512,25.38888888888889
26.0,697,32409209,26.807692307692307
36.0,1014,32410223,28.166666666666668
26.0,752,32410975,28.923076923076923
25.0,679,32411654,27.16
38.0,1506,32413160,39.63157894736842
7.0,240,32413400,34.285714285714285
37.0,1284,32414684,34.7027027027027
14.0,415,32415099,29.642857142857142
13.0,396,32415495,30.46153846153846
13.0,441,32415936,33.92307692307692
20.0,445,32416381,22.25
15.0,520,32416901,34.666666666666664
14.0,373,32417274,26.642857142857142
18.0,420,32417694,23.333333333333332
41.0,1218,32418912,29.70731707317073
9.0,230,32419142,25.555555555555557
39.0,1118,32420260,28.666666666666668
33.0,707,32420967,21.424242424242426
9.0,251,32421218,27.88888888888889
24.0,724,32421942,30.166666666666668
16.0,511,32422453,31.9375
29.0,986,32423439,34.0
31.0,994,32424433,32.064516129032256
20.0,570,32425003,28.5
20.0,715,32425718,35.75
30.0,825,32426543,27.5
22.0,700,32427243,31.818181818181817
31.0,848,32428091,27.35483870967742
14.0,346,32428437,24.714285714285715
39.0,952,32429389,24.41025641025641
11.0,453,32429842,41.18181818181818
18.0,625,32430467,34.72222222222222
30.0,760,32431227,25.333333333333332
18.0,371,32431598,20.61111111111111
22.0,728,32432326,33.09090909090909
16.0,450,32432776,28.125
23.0,748,32433524,32.52173913043478
33.0,1194,32434718,36.18181818181818
32.0,1249,32435967,39.03125
15.0,443,32436410,29.533333333333335
19.0,519,32436929,27.31578947368421
31.0,891,32437820,28.741935483870968
31.0,1025,32438845,33.064516129032256
29.0,832,32439677,28.689655172413794
32.0,1044,32440721,32.625
31.0,959,32441680,30.93548387096774
35.0,962,32442642,27.485714285714284
45.0,1533,32444175,34.06666666666667
20.0,479,32444654,23.95
23.0,553,32445207,24.043478260869566
1.0,24,32445231,24.0
23.0,600,32445831,26.08695652173913
23.0,668,32446499,29.043478260869566
27.0,853,32447352,31.59259259259259
31.0,975,32448327,31.451612903225808
22.0,569,32448896,25.863636363636363
19.0,672,32449568,35.36842105263158
31.0,952,32450520,30.70967741935484
31.0,1125,32451645,36.29032258064516
30.0,872,32452517,29.066666666666666
3.0,112,32452629,37.333333333333336
22.0,540,32453169,24.545454545454547
32.0,1073,32454242,33.53125
26.0,716,32454958,27.53846153846154
18.0,479,32455437,26.61111111111111
35.0,1278,32456715,36.51428571428571
15.0,491,32457206,32.733333333333334
44.0,1579,32458785,35.88636363636363
28.0,960,32459745,34.285714285714285
26.0,647,32460392,24.884615384615383
38.0,1040,32461432,27.36842105263158
17.0,463,32461895,27.235294117647058
39.0,1137,32463032,29.153846153846153
33.0,894,32463926,27.09090909090909
32.0,808,32464734,25.25
18.0,472,32465206,26.22222222222222
18.0,509,32465715,28.27777777777778
14.0,297,32466012,21.214285714285715
29.0,1035,32467047,35.689655172413794
8.0,179,32467226,22.375
19.0,532,32467758,28.0
18.0,563,32468321,31.27777777777778
25.0,663,32468984,26.52
34.0,957,32469941,28.147058823529413
6.0,193,32470134,32.166666666666664
30.0,803,32470937,26.766666666666666
28.0,734,32471671,26.214285714285715
32.0,1001,32472672,31.28125
38.0,1235,32473907,32.5
38.0,1127,32475034,29.657894736842106
42.0,1350,32476384,32.142857142857146
12.0,317,32476701,26.416666666666668
25.0,616,32477317,24.64
53.0,1846,32479163,34.83018867924528
45.0,1593,32480756,35.4
34.0,1057,32481813,31.08823529411765
23.0,550,32482363,23.91304347826087
35.0,1107,32483470,31.62857142857143
34.0,964,32484434,28.352941176470587
35.0,1110,32485544,31.714285714285715
30.0,1148,32486692,38.266666666666666
25.0,803,32487495,32.12
29.0,803,32488298,27.689655172413794
21.0,462,32488760,22.0
24.0,656,32489416,27.333333333333332
37.0,1131,32490547,30.56756756756757
34.0,1165,32491712,34.26470588235294
22.0,631,32492343,28.681818181818183
37.0,1106,32493449,29.89189189189189
24.0,770,32494219,32.083333333333336
33.0,1182,32495401,35.81818181818182
55.0,1603,32497004,29.145454545454545
22.0,469,32497473,21.318181818181817
35.0,1232,32498705,35.2
37.0,1186,32499891,32.054054054054056
44.0,1600,32501491,36.36363636363637
18.0,564,32502055,31.333333333333332
33.0,1139,32503194,34.515151515151516
38.0,1206,32504400,31.736842105263158
31.0,877,32505277,28.29032258064516
17.0,367,32505644,21.58823529411765
20.0,781,32506425,39.05
44.0,1566,32507991,35.59090909090909
29.0,886,32508877,30.551724137931036
27.0,877,32509754,32.48148148148148
25.0,594,32510348,23.76
22.0,585,32510933,26.59090909090909
16.0,403,32511336,25.1875
24.0,875,32512211,36.458333333333336
9.0,214,32512425,23.77777777777778
25.0,835,32513260,33.4
49.0,1652,32514912,33.714285714285715
6.0,204,32515116,34.0
32.0,1082,32516198,33.8125
2.0,121,32516319,60.5
30.0,1022,32517341,34.06666666666667
36.0,1214,32518555,33.72222222222222
35.0,1306,32519861,37.31428571428572
29.0,969,32520830,33.41379310344828
26.0,845,32521675,32.5
21.0,685,32522360,32.61904761904762
16.0,381,32522741,23.8125
24.0,699,32523440,29.125
35.0,917,32524357,26.2
30.0,933,32525290,31.1
10.0,370,32525660,37.0
13.0,388,32526048,29.846153846153847
30.0,867,32526915,28.9
38.0,1244,32528159,32.73684210526316
35.0,1143,32529302,32.65714285714286
19.0,471,32529773,24.789473684210527
29.0,1092,32530865,37.6551724137931
19.0,452,32531317,23.789473684210527
38.0,1125,32532442,29.605263157894736
1.0,76,32532518,76.0
5.0,112,32532630,22.4
23.0,757,32533387,32.91304347826087
22.0,722,32534109,32.81818181818182
31.0,1029,32535138,33.193548387096776
20.0,584,32535722,29.2
41.0,1289,32537011,31.4390243902439
39.0,1452,32538463,37.23076923076923
10.0,346,32538809,34.6
26.0,852,32539661,32.76923076923077
11.0,335,32539996,30.454545454545453
49.0,1871,32541867,38.183673469387756
20.0,606,32542473,30.3
29.0,969,32543442,33.41379310344828
23.0,612,32544054,26.608695652173914
45.0,1466,32545520,32.577777777777776
10.0,279,32545799,27.9
29.0,827,32546626,28.517241379310345
34.0,1144,32547770,33.64705882352941
39.0,1275,32549045,32.69230769230769
20.0,512,32549557,25.6
22.0,713,32550270,32.40909090909091
18.0,556,32550826,30.88888888888889
40.0,1488,32552314,37.2
38.0,1235,32553549,32.5
32.0,1095,32554644,34.21875
26.0,737,32555381,28.346153846153847
23.0,764,32556145,33.21739130434783
38.0,1215,32557360,31.973684210526315
25.0,963,32558323,38.52
42.0,1403,32559726,33.404761904761905
35.0,969,32560695,27.685714285714287
27.0,795,32561490,29.444444444444443
41.0,1403,32562893,34.21951219512195
26.0,613,32563506,23.576923076923077
24.0,692,32564198,28.833333333333332
19.0,584,32564782,30.736842105263158
17.0,338,32565120,19.88235294117647
35.0,1073,32566193,30.65714285714286
12.0,302,32566495,25.166666666666668
25.0,711,32567206,28.44
44.0,1041,32568247,23.65909090909091
11.0,327,32568574,29.727272727272727
22.0,567,32569141,25.772727272727273
24.0,821,32569962,34.208333333333336
27.0,998,32570960,36.96296296296296
30.0,1056,32572016,35.2
31.0,884,32572900,28.516129032258064
11.0,316,32573216,28.727272727272727
38.0,1438,32574654,37.8421052631579
10.0,246,32574900,24.6
32.0,1012,32575912,31.625
27.0,687,32576599,25.444444444444443
26.0,902,32577501,34.69230769230769
36.0,1130,32578631,31.38888888888889
40.0,1283,32579914,32.075
32.0,862,32580776,26.9375
26.0,708,32581484,27.23076923076923
12.0,302,32581786,25.166666666666668
16.0,495,32582281,30.9375
30.0,1057,32583338,35.233333333333334
24.0,775,32584113,32.291666666666664
29.0,991,32585104,34.172413793103445
47.0,1336,32586440,28.425531914893618
33.0,917,32587357,27.78787878787879
14.0,333,32587690,23.785714285714285
16.0,328,32588018,20.5
36.0,1031,32589049,28.63888888888889
20.0,762,32589811,38.1
30.0,846,32590657,28.2
22.0,592,32591249,26.90909090909091
31.0,956,32592205,30.838709677419356
18.0,710,32592915,39.44444444444444
27.0,767,32593682,28.40740740740741
41.0,1208,32594890,29.463414634146343
2.0,40,32594930,20.0
47.0,1813,32596743,38.57446808510638
22.0,644,32597387,29.272727272727273
40.0,1387,32598774,34.675
37.0,1228,32600002,33.189189189189186
37.0,1111,32601113,30.027027027027028
21.0,519,32601632,24.714285714285715
22.0,385,32602017,17.5
12.0,274,32602291,22.833333333333332
23.0,746,32603037,32.43478260869565
39.0,1033,32604070,26.487179487179485
32.0,912,32604982,28.5
39.0,1304,32606286,33.43589743589744
37.0,1260,32607546,34.054054054054056
47.0,1467,32609013,31.21276595744681
11.0,275,32609288,25.0
18.0,560,32609848,31.11111111111111
5.0,104,32609952,20.8
24.0,874,32610826,36.416666666666664
33.0,1079,32611905,32.696969696969695
19.0,589,32612494,31.0
42.0,1306,32613800,31.095238095238095
21.0,584,32614384,27.80952380952381
15.0,540,32614924,36.0
31.0,792,32615716,25.548387096774192
25.0,801,32616517,32.04
39.0,1309,32617826,33.56410256410256
27.0,830,32618656,30.74074074074074
34.0,1047,32619703,30.794117647058822
20.0,583,32620286,29.15
37.0,1381,32621667,37.32432432432432
32.0,1150,32622817,35.9375
10.0,231,32623048,23.1
39.0,1309,32624357,33.56410256410256
36.0,1067,32625424,29.63888888888889
49.0,1553,32626977,31.693877551020407
34.0,991,32627968,29.147058823529413
18.0,464,32628432,25.77777777777778
22.0,776,32629208,35.27272727272727
19.0,556,32629764,29.263157894736842
33.0,1166,32630930,35.333333333333336
41.0,1097,32632027,26.75609756097561
21.0,743,32632770,35.38095238095238
36.0,1184,32633954,32.888888888888886
11.0,305,32634259,27.727272727272727
31.0,1021,32635280,32.935483870967744
27.0,683,32635963,25.296296296296298
41.0,1275,32637238,31.097560975609756
29.0,938,32638176,32.3448275862069
24.0,579,32638755,24.125
32.0,1064,32639819,33.25
22.0,834,32640653,37.90909090909091
35.0,1331,32641984,38.02857142857143
22.0,756,32642740,34.36363636363637
40.0,1445,32644185,36.125
11.0,285,32644470,25.90909090909091
16.0,461,32644931,28.8125
46.0,1542,32646473,33.52173913043478
24.0,842,32647315,35.083333333333336
29.0,1072,32648387,36.96551724137931
34.0,1073,32649460,31.558823529411764
15.0,522,32649982,34.8
43.0,1267,32651249,29.46511627906977
23.0,551,32651800,23.956521739130434
9.0,160,32651960,17.77777777777778
27.0,688,32652648,25.48148148148148
35.0,1066,32653714,30.457142857142856
34.0,984,32654698,28.941176470588236
31.0,752,32655450,24.258064516129032
39.0,1246,32656696,31.94871794871795
16.0,437,32657133,27.3125
35.0,1211,32658344,34.6
10.0,208,32658552,20.8
20.0,573,32659125,28.65
18.0,596,32659721,33.111111111111114
29.0,969,32660690,33.41379310344828
29.0,944,32661634,32.55172413793103
19.0,433,32662067,22.789473684210527
15.0,600,32662667,40.0
21.0,578,32663245,27.523809523809526
29.0,896,32664141,30.896551724137932
18.0,601,32664742,33.388888888888886
19.0,501,32665243,26.36842105263158
15.0,550,32665793,36.666666666666664
25.0,739,32666532,29.56
17.0,588,32667120,34.588235294117645
29.0,767,32667887,26.448275862068964
13.0,355,32668242,27.307692307692307
36.0,1233,32669475,34.25
38.0,1232,32670707,32.421052631578945
20.0,624,32671331,31.2
20.0,549,32671880,27.45
27.0,720,32672600,26.666666666666668
11.0,233,32672833,21.181818181818183
33.0,866,32673699,26.242424242424242
23.0,569,32674268,24.73913043478261
36.0,1243,32675511,34.52777777777778
11.0,319,32675830,29.0
18.0,556,32676386,30.88888888888889
25.0,582,32676968,23.28
32.0,895,32677863,27.96875
24.0,821,32678684,34.208333333333336
30.0,836,32679520,27.866666666666667
31.0,843,32680363,27.193548387096776
15.0,360,32680723,24.0
36.0,1135,32681858,31.52777777777778
20.0,574,32682432,28.7
15.0,492,32682924,32.8
24.0,745,32683669,31.041666666666668
20.0,587,32684256,29.35
52.0,1631,32685887,31.365384615384617
17.0,519,32686406,30.529411764705884
43.0,1619,32688025,37.651162790697676
32.0,898,32688923,28.0625
16.0,433,32689356,27.0625
28.0,756,32690112,27.0
26.0,817,32690929,31.423076923076923
25.0,555,32691484,22.2
35.0,1064,32692548,30.4
13.0,446,32692994,34.30769230769231
30.0,857,32693851,28.566666666666666
24.0,796,32694647,33.166666666666664
22.0,610,32695257,27.727272727272727
27.0,631,32695888,23.37037037037037
22.0,626,32696514,28.454545454545453
37.0,1392,32697906,37.62162162162162
28.0,878,32698784,31.357142857142858
6.0,177,32698961,29.5
47.0,1606,32700567,34.170212765957444
26.0,746,32701313,28.692307692307693
35.0,1059,32702372,30.257142857142856
19.0,431,32702803,22.68421052631579
28.0,888,32703691,31.714285714285715
41.0,1236,32704927,30.146341463414632
18.0,537,32705464,29.833333333333332
26.0,770,32706234,29.615384615384617
13.0,501,32706735,38.53846153846154
21.0,614,32707349,29.238095238095237
44.0,1200,32708549,27.272727272727273
34.0,1051,32709600,30.91176470588235
13.0,391,32709991,30.076923076923077
21.0,626,32710617,29.80952380952381
33.0,792,32711409,24.0
28.0,960,32712369,34.285714285714285
27.0,763,32713132,28.25925925925926
41.0,1376,32714508,33.5609756097561
2.0,90,32714598,45.0
7.0,199,32714797,28.428571428571427
29.0,896,32715693,30.896551724137932
31.0,816,32716509,26.322580645161292
34.0,1161,32717670,34.14705882352941
36.0,1010,32718680,28.055555555555557
20.0,735,32719415,36.75
9.0,342,32719757,38.0
21.0,679,32720436,32.333333333333336
32.0,927,32721363,28.96875
26.0,709,32722072,27.26923076923077
24.0,739,32722811,30.791666666666668
23.0,731,32723542,31.782608695652176
27.0,920,32724462,34.074074074074076
12.0,446,32724908,37.166666666666664
33.0,839,32725747,25.424242424242426
19.0,581,32726328,30.57894736842105
26.0,805,32727133,30.96153846153846
42.0,1366,32728499,32.523809523809526
28.0,945,32729444,33.75
24.0,805,32730249,33.541666666666664
28.0,793,32731042,28.321428571428573
26.0,657,32731699,25.26923076923077
27.0,1042,32732741,38.592592592592595
8.0,163,32732904,20.375
37.0,1275,32734179,34.45945945945946
21.0,521,32734700,24.80952380952381
12.0,416,32735116,34.666666666666664
27.0,737,32735853,27.296296296296298
31.0,1041,32736894,33.58064516129032
36.0,1209,32738103,33.583333333333336
26.0,730,32738833,28.076923076923077
13.0,275,32739108,21.153846153846153
22.0,726,32739834,33.0
44.0,1344,32741178,30.545454545454547
33.0,840,32742018,25.454545454545453
36.0,1066,32743084,29.61111111111111
16.0,361,32743445,22.5625
31.0,1106,32744551,35.67741935483871
20.0,658,32745209,32.9
39.0,1382,32746591,35.43589743589744
27.0,1030,32747621,38.148148148148145
18.0,538,32748159,29.88888888888889
31.0,842,32749001,27.161290322580644
25.0,719,32749720,28.76
22.0,604,32750324,27.454545454545453
35.0,1019,32751343,29.114285714285714
51.0,1643,32752986,32.21568627450981
20.0,631,32753617,31.55
21.0,525,32754142,25.0
23.0,763,32754905,33.17391304347826
27.0,839,32755744,31.074074074074073
20.0,710,32756454,35.5
34.0,1148,32757602,33.76470588235294
30.0,884,32758486,29.466666666666665
34.0,1111,32759597,32.6764705882353
19.0,826,32760423,43.473684210526315
29.0,1018,32761441,35.10344827586207
18.0,405,32761846,22.5
38.0,1028,32762874,27.05263157894737
27.0,819,32763693,30.333333333333332
38.0,1320,32765013,34.73684210526316
15.0,527,32765540,35.13333333333333
23.0,648,32766188,28.17391304347826
31.0,796,32766984,25.677419354838708
31.0,818,32767802,26.387096774193548
26.0,719,32768521,27.653846153846153
35.0,1121,32769642,32.02857142857143
33.0,957,32770599,29.0
14.0,551,32771150,39.357142857142854
23.0,711,32771861,30.91304347826087
36.0,1032,32772893,28.666666666666668
24.0,774,32773667,32.25
32.0,850,32774517,26.5625
26.0,635,32775152,24.423076923076923
19.0,515,32775667,27.105263157894736
17.0,500,32776167,29.41176470588235
6.0,126,32776293,21.0
34.0,1065,32777358,31.323529411764707
39.0,1173,32778531,30.076923076923077
26.0,590,32779121,22.692307692307693
22.0,791,32779912,35.95454545454545
28.0,1018,32780930,36.357142857142854
32.0,944,32781874,29.5
19.0,538,32782412,28.31578947368421
35.0,1295,32783707,37.0
24.0,497,32784204,20.708333333333332
19.0,587,32784791,30.894736842105264
30.0,1030,32785821,34.333333333333336
28.0,776,32786597,27.714285714285715
22.0,822,32787419,37.36363636363637
27.0,649,32788068,24.037037037037038
44.0,1602,32789670,36.40909090909091
40.0,1279,32790949,31.975
23.0,572,32791521,24.869565217391305
39.0,1522,32793043,39.02564102564103
27.0,783,32793826,29.0
11.0,372,32794198,33.81818181818182
23.0,720,32794918,31.304347826086957
30.0,1115,32796033,37.166666666666664
19.0,475,32796508,25.0
35.0,1034,32797542,29.542857142857144
20.0,663,32798205,33.15
30.0,888,32799093,29.6
17.0,470,32799563,27.647058823529413
20.0,690,32800253,34.5
18.0,430,32800683,23.88888888888889
30.0,927,32801610,30.9
12.0,335,32801945,27.916666666666668
52.0,1647,32803592,31.673076923076923
6.0,250,32803842,41.666666666666664
40.0,1019,32804861,25.475
22.0,636,32805497,28.90909090909091
29.0,869,32806366,29.96551724137931
19.0,581,32806947,30.57894736842105
18.0,452,32807399,25.11111111111111
52.0,1973,32809372,37.94230769230769
28.0,992,32810364,35.42857142857143
16.0,404,32810768,25.25
31.0,1055,32811823,34.03225806451613
38.0,1371,32813194,36.078947368421055
11.0,352,32813546,32.0
37.0,1178,32814724,31.83783783783784
32.0,1078,32815802,33.6875
11.0,298,32816100,27.09090909090909
19.0,481,32816581,25.31578947368421
32.0,1121,32817702,35.03125
26.0,800,32818502,30.76923076923077
29.0,843,32819345,29.06896551724138
19.0,440,32819785,23.157894736842106
15.0,273,32820058,18.2
10.0,321,32820379,32.1
19.0,506,32820885,26.63157894736842
23.0,652,32821537,28.347826086956523
25.0,794,32822331,31.76
33.0,1090,32823421,33.03030303030303
28.0,811,32824232,28.964285714285715
38.0,1104,32825336,29.05263157894737
20.0,596,32825932,29.8
33.0,904,32826836,27.393939393939394
23.0,879,32827715,38.21739130434783
19.0,409,32828124,21.526315789473685
35.0,676,32828800,19.314285714285713
32.0,1021,32829821,31.90625
29.0,901,32830722,31.06896551724138
28.0,1049,32831771,37.464285714285715
11.0,279,32832050,25.363636363636363
25.0,720,32832770,28.8
28.0,997,32833767,35.607142857142854
41.0,1287,32835054,31.390243902439025
12.0,324,32835378,27.0
36.0,1245,32836623,34.583333333333336
48.0,1583,32838206,32.979166666666664
49.0,1880,32840086,38.36734693877551
8.0,259,32840345,32.375
23.0,672,32841017,29.217391304347824
24.0,792,32841809,33.0
25.0,881,32842690,35.24
21.0,662,32843352,31.523809523809526
26.0,749,32844101,28.807692307692307
10.0,272,32844373,27.2
19.0,637,32845010,33.526315789473685
15.0,381,32845391,25.4
14.0,465,32845856,33.214285714285715
10.0,217,32846073,21.7
31.0,878,32846951,28.322580645161292
14.0,454,32847405,32.42857142857143
24.0,594,32847999,24.75
48.0,1340,32849339,27.916666666666668
25.0,853,32850192,34.12
23.0,668,32850860,29.043478260869566
16.0,578,32851438,36.125
42.0,1443,32852881,34.357142857142854
19.0,496,32853377,26.105263157894736
18.0,644,32854021,35.77777777777778
25.0,786,32854807,31.44
33.0,953,32855760,28.87878787878788
37.0,1279,32857039,34.567567567567565
24.0,706,32857745,29.416666666666668
47.0,1784,32859529,37.95744680851064
11.0,319,32859848,29.0
14.0,418,32860266,29.857142857142858
42.0,1333,32861599,31.738095238095237
24.0,725,32862324,30.208333333333332
14.0,266,32862590,19.0
39.0,1204,32863794,30.871794871794872
31.0,988,32864782,31.870967741935484
30.0,873,32865655,29.1
7.0,213,32865868,30.428571428571427
32.0,1164,32867032,36.375
25.0,705,32867737,28.2
28.0,781,32868518,27.892857142857142
15.0,489,32869007,32.6
30.0,1035,32870042,34.5
31.0,989,32871031,31.903225806451612
33.0,1118,32872149,33.878787878787875
33.0,1047,32873196,31.727272727272727
22.0,651,32873847,29.59090909090909
33.0,1113,32874960,33.72727272727273
21.0,557,32875517,26.523809523809526
30.0,987,32876504,32.9
19.0,481,32876985,25.31578947368421
38.0,1468,32878453,38.63157894736842
19.0,488,32878941,25.68421052631579
24.0,662,32879603,27.583333333333332
22.0,705,32880308,32.04545454545455
15.0,282,32880590,18.8
29.0,857,32881447,29.551724137931036
30.0,1036,32882483,34.53333333333333
13.0,282,32882765,21.692307692307693
13.0,348,32883113,26.76923076923077
22.0,818,32883931,37.18181818181818
18.0,619,32884550,34.388888888888886
21.0,741,32885291,35.285714285714285
13.0,308,32885599,23.692307692307693
2.0,100,32885699,50.0
28.0,883,32886582,31.535714285714285
9.0,320,32886902,35.55555555555556
26.0,665,32887567,25.576923076923077
38.0,1095,32888662,28.81578947368421
17.0,467,32889129,27.470588235294116
28.0,725,32889854,25.892857142857142
13.0,416,32890270,32.0
2.0,89,32890359,44.5
6.0,122,32890481,20.333333333333332
26.0,686,32891167,26.384615384615383
12.0,367,32891534,30.583333333333332
38.0,1294,32892828,34.05263157894737
5.0,121,32892949,24.2
36.0,1349,32894298,37.47222222222222
9.0,222,32894520,24.666666666666668
40.0,1303,32895823,32.575
37.0,916,32896739,24.756756756756758
10.0,253,32896992,25.3
43.0,1407,32898399,32.72093023255814
35.0,925,32899324,26.428571428571427
18.0,432,32899756,24.0
29.0,1103,32900859,38.03448275862069
23.0,798,32901657,34.69565217391305
12.0,435,32902092,36.25
33.0,1332,32903424,40.36363636363637
10.0,219,32903643,21.9
43.0,1342,32904985,31.209302325581394
26.0,647,32905632,24.884615384615383
23.0,607,32906239,26.391304347826086
29.0,917,32907156,31.620689655172413
20.0,600,32907756,30.0
19.0,723,32908479,38.05263157894737
13.0,363,32908842,27.923076923076923
24.0,710,32909552,29.583333333333332
32.0,936,32910488,29.25
14.0,373,32910861,26.642857142857142
42.0,1571,32912432,37.404761904761905
27.0,650,32913082,24.074074074074073
21.0,931,32914013,44.333333333333336
18.0,466,32914479,25.88888888888889
25.0,840,32915319,33.6
29.0,853,32916172,29.413793103448278
37.0,986,32917158,26.64864864864865
17.0,430,32917588,25.294117647058822
14.0,297,32917885,21.214285714285715
37.0,1201,32919086,32.45945945945946
11.0,268,32919354,24.363636363636363
38.0,1032,32920386,27.157894736842106
18.0,505,32920891,28.055555555555557
41.0,1278,32922169,31.170731707317074
43.0,1315,32923484,30.58139534883721
18.0,497,32923981,27.61111111111111
44.0,1380,32925361,31.363636363636363
8.0,230,32925591,28.75
21.0,563,32926154,26.80952380952381
29.0,697,32926851,24.03448275862069
30.0,1089,32927940,36.3
43.0,1329,32929269,30.906976744186046
1.0,43,32929312,43.0
18.0,523,32929835,29.055555555555557
20.0,519,32930354,25.95
25.0,820,32931174,32.8
14.0,667,32931841,47.642857142857146
32.0,1096,32932937,34.25
38.0,1235,32934172,32.5
31.0,1021,32935193,32.935483870967744
16.0,509,32935702,31.8125
30.0,860,32936562,28.666666666666668
30.0,882,32937444,29.4
12.0,325,32937769,27.083333333333332
13.0,377,32938146,29.0
23.0,672,32938818,29.217391304347824
26.0,893,32939711,34.34615384615385
19.0,611,32940322,32.1578947368421
25.0,770,32941092,30.8
24.0,658,32941750,27.416666666666668
36.0,861,32942611,23.916666666666668
30.0,893,32943504,29.766666666666666
25.0,791,32944295,31.64
40.0,1169,32945464,29.225
23.0,622,32946086,27.043478260869566
36.0,1060,32947146,29.444444444444443
43.0,1584,32948730,36.83720930232558
29.0,963,32949693,33.206896551724135
21.0,734,32950427,34.95238095238095
26.0,745,32951172,28.653846153846153
19.0,474,32951646,24.94736842105263
31.0,885,32952531,28.548387096774192
20.0,545,32953076,27.25
32.0,940,32954016,29.375
39.0,1063,32955079,27.256410256410255
34.0,1132,32956211,33.294117647058826
29.0,890,32957101,30.689655172413794
31.0,903,32958004,29.129032258064516
31.0,849,32958853,27.387096774193548
26.0,944,32959797,36.30769230769231
36.0,978,32960775,27.166666666666668
32.0,974,32961749,30.4375
27.0,747,32962496,27.666666666666668
28.0,740,32963236,26.428571428571427
23.0,810,32964046,35.21739130434783
19.0,658,32964704,34.63157894736842
25.0,848,32965552,33.92
11.0,326,32965878,29.636363636363637
15.0,343,32966221,22.866666666666667
26.0,1003,32967224,38.57692307692308
18.0,403,32967627,22.38888888888889
25.0,599,32968226,23.96
18.0,546,32968772,30.333333333333332
29.0,879,32969651,30.310344827586206
25.0,716,32970367,28.64
31.0,962,32971329,31.032258064516128
25.0,774,32972103,30.96
53.0,1873,32973976,35.339622641509436
27.0,837,32974813,31.0
8.0,235,32975048,29.375
22.0,575,32975623,26.136363636363637
22.0,699,32976322,31.772727272727273
25.0,656,32976978,26.24
46.0,1771,32978749,38.5
40.0,1111,32979860,27.775
22.0,783,32980643,35.59090909090909
28.0,884,32981527,31.571428571428573
24.0,639,32982166,26.625
20.0,707,32982873,35.35
18.0,523,32983396,29.055555555555557
22.0,763,32984159,34.68181818181818
40.0,1334,32985493,33.35
22.0,626,32986119,28.454545454545453
11.0,265,32986384,24.09090909090909
40.0,1186,32987570,29.65
29.0,926,32988496,31.93103448275862
32.0,744,32989240,23.25
21.0,507,32989747,24.142857142857142
50.0,1667,32991414,33.34
22.0,578,32991992,26.272727272727273
30.0,875,32992867,29.166666666666668
20.0,707,32993574,35.35
15.0,535,32994109,35.666666666666664
23.0,694,32994803,30.17391304347826
26.0,859,32995662,33.03846153846154
36.0,1256,32996918,34.888888888888886
11.0,252,32997170,22.90909090909091
11.0,274,32997444,24.90909090909091
37.0,1299,32998743,35.108108108108105
28.0,833,32999576,29.75
33.0,1132,33000708,34.303030303030305
33.0,1031,33001739,31.242424242424242
9.0,201,33001940,22.333333333333332
31.0,840,33002780,27.096774193548388
46.0,1593,33004373,34.630434782608695
30.0,997,33005370,33.233333333333334
42.0,1308,33006678,31.142857142857142
22.0,688,33007366,31.272727272727273
29.0,770,33008136,26.551724137931036
22.0,638,33008774,29.0
25.0,556,33009330,22.24
42.0,1401,33010731,33.357142857142854
28.0,927,33011658,33.107142857142854
24.0,659,33012317,27.458333333333332
23.0,735,33013052,31.956521739130434
42.0,1407,33014459,33.5
20.0,451,33014910,22.55
19.0,476,33015386,25.05263157894737
26.0,871,33016257,33.5
34.0,1032,33017289,30.352941176470587
8.0,237,33017526,29.625
25.0,867,33018393,34.68
17.0,467,33018860,27.470588235294116
27.0,1087,33019947,40.25925925925926
18.0,536,33020483,29.77777777777778
46.0,1817,33022300,39.5
41.0,1409,33023709,34.36585365853659
30.0,1007,33024716,33.56666666666667
11.0,319,33025035,29.0
28.0,964,33025999,34.42857142857143
39.0,1299,33027298,33.30769230769231
14.0,396,33027694,28.285714285714285
41.0,1217,33028911,29.682926829268293
30.0,1237,33030148,41.233333333333334
26.0,855,33031003,32.88461538461539
37.0,1157,33032160,31.27027027027027
14.0,383,33032543,27.357142857142858
44.0,1327,33033870,30.15909090909091
17.0,568,33034438,33.411764705882355
42.0,1502,33035940,35.76190476190476
20.0,757,33036697,37.85
31.0,1032,33037729,33.29032258064516
20.0,823,33038552,41.15
30.0,1070,33039622,35.666666666666664
9.0,233,33039855,25.88888888888889
28.0,996,33040851,35.57142857142857
26.0,717,33041568,27.576923076923077
35.0,1081,33042649,30.885714285714286
11.0,345,33042994,31.363636363636363
18.0,479,33043473,26.61111111111111
32.0,1004,33044477,31.375
27.0,854,33045331,31.62962962962963
21.0,729,33046060,34.714285714285715
39.0,1567,33047627,40.17948717948718
10.0,334,33047961,33.4
33.0,954,33048915,28.90909090909091
34.0,1061,33049976,31.205882352941178
24.0,552,33050528,23.0
32.0,1171,33051699,36.59375
30.0,1076,33052775,35.86666666666667
30.0,829,33053604,27.633333333333333
18.0,629,33054233,34.94444444444444
18.0,622,33054855,34.55555555555556
26.0,606,33055461,23.307692307692307
19.0,564,33056025,29.68421052631579
41.0,1108,33057133,27.024390243902438
36.0,1250,33058383,34.72222222222222
22.0,621,33059004,28.227272727272727
25.0,940,33059944,37.6
37.0,919,33060863,24.83783783783784
41.0,1534,33062397,37.41463414634146
23.0,664,33063061,28.869565217391305
31.0,837,33063898,27.0
23.0,614,33064512,26.695652173913043
45.0,1333,33065845,29.622222222222224
17.0,553,33066398,32.529411764705884
21.0,680,33067078,32.38095238095238
42.0,1239,33068317,29.5
16.0,520,33068837,32.5
30.0,1205,33070042,40.166666666666664
24.0,614,33070656,25.583333333333332
19.0,565,33071221,29.736842105263158
31.0,919,33072140,29.64516129032258
25.0,728,33072868,29.12
52.0,1623,33074491,31.21153846153846
13.0,300,33074791,23.076923076923077
6.0,90,33074881,15.0
20.0,574,33075455,28.7
20.0,556,33076011,27.8
10.0,193,33076204,19.3
25.0,735,33076939,29.4
28.0,883,33077822,31.535714285714285
29.0,776,33078598,26.75862068965517
27.0,795,33079393,29.444444444444443
32.0,947,33080340,29.59375
29.0,946,33081286,32.62068965517241
18.0,479,33081765,26.61111111111111
40.0,1266,33083031,31.65
15.0,424,33083455,28.266666666666666
6.0,104,33083559,17.333333333333332
25.0,836,33084395,33.44
25.0,621,33085016,24.84
31.0,1028,33086044,33.16129032258065
13.0,556,33086600,42.76923076923077
18.0,487,33087087,27.055555555555557
22.0,522,33087609,23.727272727272727
13.0,393,33088002,30.23076923076923
31.0,1014,33089016,32.70967741935484
30.0,708,33089724,23.6
21.0,537,33090261,25.571428571428573
32.0,840,33091101,26.25
25.0,636,33091737,25.44
22.0,590,33092327,26.818181818181817
13.0,326,33092653,25.076923076923077
9.0,218,33092871,24.22222222222222
23.0,822,33093693,35.73913043478261
27.0,704,33094397,26.074074074074073
28.0,731,33095128,26.107142857142858
21.0,612,33095740,29.142857142857142
34.0,1091,33096831,32.088235294117645
21.0,616,33097447,29.333333333333332
49.0,1317,33098764,26.877551020408163
9.0,251,33099015,27.88888888888889
22.0,660,33099675,30.0
32.0,720,33100395,22.5
13.0,280,33100675,21.53846153846154
12.0,350,33101025,29.166666666666668
29.0,616,33101641,21.24137931034483
18.0,442,33102083,24.555555555555557
14.0,346,33102429,24.714285714285715
11.0,236,33102665,21.454545454545453
19.0,571,33103236,30.05263157894737
21.0,599,33103835,28.523809523809526
21.0,483,33104318,23.0
26.0,671,33104989,25.807692307692307
34.0,1074,33106063,31.58823529411765
17.0,446,33106509,26.235294117647058
5.0,146,33106655,29.2
20.0,652,33107307,32.6
22.0,723,33108030,32.86363636363637
38.0,1164,33109194,30.63157894736842
27.0,891,33110085,33.0
13.0,342,33110427,26.307692307692307
11.0,220,33110647,20.0
27.0,780,33111427,28.88888888888889
34.0,1138,33112565,33.470588235294116
36.0,1120,33113685,31.11111111111111
35.0,1073,33114758,30.65714285714286
23.0,798,33115556,34.69565217391305
23.0,637,33116193,27.695652173913043
11.0,290,33116483,26.363636363636363
49.0,1597,33118080,32.59183673469388
20.0,501,33118581,25.05
17.0,560,33119141,32.94117647058823
29.0,1064,33120205,36.689655172413794
27.0,1030,33121235,38.148148148148145
14.0,443,33121678,31.642857142857142
15.0,563,33122241,37.53333333333333
19.0,425,33122666,22.36842105263158
30.0,677,33123343,22.566666666666666
19.0,488,33123831,25.68421052631579
31.0,1068,33124899,34.45161290322581
25.0,852,33125751,34.08
45.0,1360,33127111,30.22222222222222
28.0,913,33128024,32.607142857142854
29.0,907,33128931,31.275862068965516
43.0,1498,33130429,34.83720930232558
27.0,973,33131402,36.03703703703704
31.0,1070,33132472,34.516129032258064
37.0,1352,33133824,36.54054054054054
28.0,814,33134638,29.071428571428573
28.0,835,33135473,29.821428571428573
23.0,707,33136180,30.73913043478261
27.0,695,33136875,25.74074074074074
26.0,619,33137494,23.807692307692307
34.0,974,33138468,28.647058823529413
16.0,438,33138906,27.375
24.0,719,33139625,29.958333333333332
33.0,949,33140574,28.757575757575758
28.0,868,33141442,31.0
33.0,1107,33142549,33.54545454545455
23.0,624,33143173,27.130434782608695
30.0,990,33144163,33.0
31.0,901,33145064,29.06451612903226
34.0,1040,33146104,30.58823529411765
16.0,400,33146504,25.0
37.0,1088,33147592,29.405405405405407
30.0,1192,33148784,39.733333333333334
24.0,714,33149498,29.75
13.0,456,33149954,35.07692307692308
1.0,20,33149974,20.0
32.0,955,33150929,29.84375
18.0,585,33151514,32.5
34.0,1089,33152603,32.029411764705884
29.0,856,33153459,29.517241379310345
13.0,320,33153779,24.615384615384617
22.0,714,33154493,32.45454545454545
22.0,636,33155129,28.90909090909091
29.0,835,33155964,28.79310344827586
15.0,412,33156376,27.466666666666665
23.0,713,33157089,31.0
10.0,204,33157293,20.4
36.0,1276,33158569,35.44444444444444
27.0,685,33159254,25.37037037037037
24.0,740,33159994,30.833333333333332
13.0,328,33160322,25.23076923076923
39.0,1209,33161531,31.0
23.0,690,33162221,30.0
12.0,309,33162530,25.75
18.0,602,33163132,33.44444444444444
24.0,751,33163883,31.291666666666668
39.0,1066,33164949,27.333333333333332
21.0,690,33165639,32.857142857142854
33.0,1067,33166706,32.333333333333336
23.0,763,33167469,33.17391304347826
7.0,197,33167666,28.142857142857142
27.0,811,33168477,30.037037037037038
15.0,369,33168846,24.6
24.0,894,33169740,37.25
16.0,582,33170322,36.375
24.0,733,33171055,30.541666666666668
10.0,284,33171339,28.4
11.0,274,33171613,24.90909090909091
38.0,1219,33172832,32.078947368421055
24.0,582,33173414,24.25
28.0,639,33174053,22.821428571428573
25.0,657,33174710,26.28
19.0,437,33175147,23.0
31.0,1194,33176341,38.516129032258064
33.0,1021,33177362,30.939393939393938
39.0,1395,33178757,35.76923076923077
18.0,580,33179337,32.22222222222222
20.0,586,33179923,29.3
30.0,732,33180655,24.4
9.0,282,33180937,31.333333333333332
19.0,598,33181535,31.473684210526315
26.0,785,33182320,30.192307692307693
16.0,354,33182674,22.125
25.0,703,33183377,28.12
38.0,1048,33184425,27.57894736842105
32.0,1100,33185525,34.375
4.0,170,33185695,42.5
26.0,783,33186478,30.115384615384617
27.0,910,33187388,33.7037037037037
22.0,537,33187925,24.40909090909091
41.0,1235,33189160,30.121951219512194
34.0,1207,33190367,35.5
9.0,229,33190596,25.444444444444443
27.0,851,33191447,31.51851851851852
33.0,832,33192279,25.21212121212121
14.0,547,33192826,39.07142857142857
22.0,607,33193433,27.59090909090909
15.0,457,33193890,30.466666666666665
29.0,784,33194674,27.03448275862069
27.0,706,33195380,26.14814814814815
19.0,663,33196043,34.89473684210526
17.0,537,33196580,31.58823529411765
23.0,718,33197298,31.217391304347824
16.0,446,33197744,27.875
41.0,1449,33199193,35.34146341463415
21.0,725,33199918,34.523809523809526
27.0,756,33200674,28.0
21.0,618,33201292,29.428571428571427
36.0,1163,33202455,32.30555555555556
27.0,667,33203122,24.703703703703702
35.0,1264,33204386,36.114285714285714
24.0,772,33205158,32.166666666666664
11.0,291,33205449,26.454545454545453
16.0,509,33205958,31.8125
24.0,646,33206604,26.916666666666668
13.0,393,33206997,30.23076923076923
29.0,1063,33208060,36.6551724137931
36.0,919,33208979,25.52777777777778
12.0,314,33209293,26.166666666666668
41.0,1396,33210689,34.048780487804876
28.0,870,33211559,31.071428571428573
35.0,1025,33212584,29.285714285714285
42.0,1495,33214079,35.595238095238095
29.0,777,33214856,26.79310344827586
20.0,568,33215424,28.4
45.0,1470,33216894,32.666666666666664
21.0,596,33217490,28.38095238095238
31.0,893,33218383,28.806451612903224
28.0,826,33219209,29.5
20.0,586,33219795,29.3
14.0,468,33220263,33.42857142857143
28.0,920,33221183,32.857142857142854
8.0,191,33221374,23.875
35.0,993,33222367,28.37142857142857
30.0,1140,33223507,38.0
32.0,1145,33224652,35.78125
29.0,807,33225459,27.82758620689655
36.0,1074,33226533,29.833333333333332
2.0,66,33226599,33.0
36.0,948,33227547,26.333333333333332
14.0,401,33227948,28.642857142857142
19.0,515,33228463,27.105263157894736
16.0,492,33228955,30.75
28.0,986,33229941,35.214285714285715
45.0,1556,33231497,34.577777777777776
13.0,441,33231938,33.92307692307692
37.0,1256,33233194,33.945945945945944
17.0,373,33233567,21.941176470588236
19.0,712,33234279,37.473684210526315
25.0,847,33235126,33.88
36.0,1291,33236417,35.861111111111114
40.0,1432,33237849,35.8
13.0,415,33238264,31.923076923076923
12.0,370,33238634,30.833333333333332
18.0,551,33239185,30.61111111111111
5.0,206,33239391,41.2
22.0,607,33239998,27.59090909090909
44.0,1512,33241510,34.36363636363637
21.0,681,33242191,32.42857142857143
34.0,785,33242976,23.08823529411765
24.0,724,33243700,30.166666666666668
35.0,982,33244682,28.057142857142857
35.0,1167,33245849,33.34285714285714
29.0,904,33246753,31.17241379310345
20.0,564,33247317,28.2
16.0,457,33247774,28.5625
44.0,1465,33249239,33.29545454545455
19.0,577,33249816,30.36842105263158
31.0,887,33250703,28.612903225806452
29.0,634,33251337,21.862068965517242
34.0,1145,33252482,33.6764705882353
34.0,1565,33254047,46.029411764705884
26.0,791,33254838,30.423076923076923
27.0,786,33255624,29.11111111111111
35.0,976,33256600,27.885714285714286
29.0,742,33257342,25.586206896551722
26.0,931,33258273,35.80769230769231
31.0,951,33259224,30.677419354838708
28.0,809,33260033,28.892857142857142
30.0,1037,33261070,34.56666666666667
33.0,959,33262029,29.060606060606062
28.0,947,33262976,33.82142857142857
21.0,588,33263564,28.0
40.0,1381,33264945,34.525
28.0,994,33265939,35.5
10.0,268,33266207,26.8
25.0,753,33266960,30.12
33.0,847,33267807,25.666666666666668
22.0,602,33268409,27.363636363636363
22.0,530,33268939,24.09090909090909
19.0,468,33269407,24.63157894736842
23.0,563,33269970,24.47826086956522
12.0,269,33270239,22.416666666666668
31.0,1017,33271256,32.806451612903224
15.0,407,33271663,27.133333333333333
15.0,478,33272141,31.866666666666667
10.0,354,33272495,35.4
35.0,1169,33273664,33.4
35.0,811,33274475,23.17142857142857
32.0,1078,33275553,33.6875
17.0,532,33276085,31.294117647058822
27.0,1100,33277185,40.74074074074074
29.0,979,33278164,33.758620689655174
24.0,960,33279124,40.0
21.0,472,33279596,22.476190476190474
39.0,1065,33280661,27.307692307692307
21.0,548,33281209,26.095238095238095
25.0,710,33281919,28.4
14.0,368,33282287,26.285714285714285
14.0,423,33282710,30.214285714285715
25.0,711,33283421,28.44
40.0,1152,33284573,28.8
15.0,429,33285002,28.6
29.0,834,33285836,28.75862068965517
23.0,571,33286407,24.82608695652174
33.0,873,33287280,26.454545454545453
21.0,625,33287905,29.761904761904763
29.0,821,33288726,28.310344827586206
27.0,689,33289415,25.51851851851852
20.0,600,33290015,30.0
20.0,581,33290596,29.05
21.0,645,33291241,30.714285714285715
27.0,823,33292064,30.48148148148148
16.0,458,33292522,28.625
20.0,634,33293156,31.7
24.0,519,33293675,21.625
25.0,926,33294601,37.04
26.0,810,33295411,31.153846153846153
29.0,722,33296133,24.896551724137932
26.0,786,33296919,30.23076923076923
34.0,955,33297874,28.08823529411765
31.0,890,33298764,28.70967741935484
8.0,253,33299017,31.625
28.0,920,33299937,32.857142857142854
30.0,994,33300931,33.13333333333333
6.0,176,33301107,29.333333333333332
13.0,263,33301370,20.23076923076923
13.0,242,33301612,18.615384615384617
44.0,1527,33303139,34.70454545454545
35.0,1091,33304230,31.17142857142857
41.0,1413,33305643,34.46341463414634
23.0,817,33306460,35.52173913043478
37.0,1002,33307462,27.08108108108108
41.0,1105,33308567,26.951219512195124
23.0,624,33309191,27.130434782608695
6.0,88,33309279,14.666666666666666
37.0,955,33310234,25.81081081081081
36.0,1170,33311404,32.5
21.0,660,33312064,31.428571428571427
43.0,1347,33313411,31.325581395348838
19.0,639,33314050,33.63157894736842
11.0,271,33314321,24.636363636363637
27.0,783,33315104,29.0
17.0,438,33315542,25.764705882352942
31.0,894,33316436,28.838709677419356
37.0,1288,33317724,34.810810810810814
19.0,564,33318288,29.68421052631579
30.0,1029,33319317,34.3
25.0,838,33320155,33.52
19.0,517,33320672,27.210526315789473
22.0,559,33321231,25.40909090909091
41.0,1325,33322556,32.31707317073171
33.0,904,33323460,27.393939393939394
30.0,973,33324433,32.43333333333333
12.0,504,33324937,42.0
23.0,753,33325690,32.73913043478261
18.0,503,33326193,27.944444444444443
41.0,1104,33327297,26.926829268292682
30.0,907,33328204,30.233333333333334
16.0,407,33328611,25.4375
2.0,65,33328676,32.5
39.0,1282,33329958,32.87179487179487
33.0,952,33330910,28.848484848484848
20.0,416,33331326,20.8
33.0,1007,33332333,30.515151515151516
27.0,836,33333169,30.962962962962962
22.0,698,33333867,31.727272727272727
21.0,699,33334566,33.285714285714285
25.0,597,33335163,23.88
25.0,723,33335886,28.92
36.0,1167,33337053,32.416666666666664
24.0,823,33337876,34.291666666666664
14.0,455,33338331,32.5
18.0,396,33338727,22.0
39.0,1253,33339980,32.12820512820513
15.0,425,33340405,28.333333333333332
32.0,1026,33341431,32.0625
16.0,488,33341919,30.5
18.0,570,33342489,31.666666666666668
19.0,618,33343107,32.526315789473685
24.0,756,33343863,31.5
23.0,762,33344625,33.130434782608695
8.0,222,33344847,27.75
34.0,1097,33345944,32.26470588235294
17.0,491,33346435,28.88235294117647
31.0,800,33347235,25.806451612903224
21.0,651,33347886,31.0
32.0,868,33348754,27.125
22.0,706,33349460,32.09090909090909
28.0,814,33350274,29.071428571428573
38.0,1263,33351537,33.23684210526316
23.0,794,33352331,34.52173913043478
33.0,1032,33353363,31.272727272727273
25.0,673,33354036,26.92
34.0,947,33354983,27.852941176470587
37.0,834,33355817,22.54054054054054
29.0,989,33356806,34.10344827586207
29.0,979,33357785,33.758620689655174
24.0,784,33358569,32.666666666666664
31.0,1111,33359680,35.83870967741935
39.0,1268,33360948,32.51282051282051
32.0,1127,33362075,35.21875
48.0,1508,33363583,31.416666666666668
13.0,399,33363982,30.692307692307693
21.0,459,33364441,21.857142857142858
42.0,1327,33365768,31.595238095238095
36.0,1114,33366882,30.944444444444443
12.0,421,33367303,35.083333333333336
16.0,557,33367860,34.8125
23.0,728,33368588,31.652173913043477
39.0,930,33369518,23.846153846153847
25.0,590,33370108,23.6
28.0,919,33371027,32.82142857142857
2.0,38,33371065,19.0
47.0,1578,33372643,33.57446808510638
29.0,873,33373516,30.103448275862068
27.0,648,33374164,24.0
22.0,607,33374771,27.59090909090909
38.0,1143,33375914,30.07894736842105
28.0,828,33376742,29.571428571428573
48.0,1516,33378258,31.583333333333332
31.0,926,33379184,29.870967741935484
36.0,1185,33380369,32.916666666666664
32.0,971,33381340,30.34375
31.0,1009,33382349,32.54838709677419
32.0,858,33383207,26.8125
22.0,789,33383996,35.86363636363637
34.0,936,33384932,27.529411764705884
33.0,935,33385867,28.333333333333332
24.0,893,33386760,37.208333333333336
21.0,658,33387418,31.333333333333332
3.0,128,33387546,42.666666666666664
31.0,755,33388301,24.35483870967742
20.0,478,33388779,23.9
44.0,1536,33390315,34.90909090909091
30.0,1126,33391441,37.53333333333333
34.0,1070,33392511,31.470588235294116
34.0,968,33393479,28.470588235294116
31.0,956,33394435,30.838709677419356
20.0,446,33394881,22.3
30.0,687,33395568,22.9
38.0,1213,33396781,31.92105263157895
43.0,1534,33398315,35.674418604651166
22.0,577,33398892,26.227272727272727
21.0,674,33399566,32.095238095238095
28.0,775,33400341,27.678571428571427
27.0,761,33401102,28.185185185185187
17.0,493,33401595,29.0
36.0,1063,33402658,29.52777777777778
26.0,662,33403320,25.46153846153846
36.0,1067,33404387,29.63888888888889
50.0,1614,33406001,32.28
39.0,1059,33407060,27.153846153846153
32.0,1104,33408164,34.5
28.0,1118,33409282,39.92857142857143
33.0,1037,33410319,31.424242424242426
40.0,1350,33411669,33.75
26.0,783,33412452,30.115384615384617
18.0,514,33412966,28.555555555555557
28.0,962,33413928,34.357142857142854
42.0,1503,33415431,35.785714285714285
29.0,857,33416288,29.551724137931036
31.0,951,33417239,30.677419354838708
22.0,661,33417900,30.045454545454547
31.0,874,33418774,28.193548387096776
22.0,504,33419278,22.90909090909091
44.0,1251,33420529,28.431818181818183
21.0,622,33421151,29.61904761904762
40.0,1060,33422211,26.5
3.0,104,33422315,34.666666666666664
31.0,955,33423270,30.806451612903224
9.0,290,33423560,32.22222222222222
25.0,971,33424531,38.84
33.0,1004,33425535,30.424242424242426
31.0,914,33426449,29.483870967741936
30.0,742,33427191,24.733333333333334
28.0,811,33428002,28.964285714285715
24.0,815,33428817,33.958333333333336
17.0,326,33429143,19.176470588235293
11.0,351,33429494,31.90909090909091
20.0,733,33430227,36.65
44.0,1262,33431489,28.681818181818183
22.0,680,33432169,30.90909090909091
19.0,640,33432809,33.68421052631579
28.0,873,33433682,31.178571428571427
12.0,294,33433976,24.5
19.0,623,33434599,32.78947368421053
36.0,1010,33435609,28.055555555555557
18.0,445,33436054,24.72222222222222
7.0,154,33436208,22.0
27.0,779,33436987,28.85185185185185
28.0,847,33437834,30.25
25.0,815,33438649,32.6
35.0,1080,33439729,30.857142857142858
32.0,954,33440683,29.8125
23.0,551,33441234,23.956521739130434
35.0,1120,33442354,32.0
11.0,280,33442634,25.454545454545453
34.0,1008,33443642,29.647058823529413
30.0,1138,33444780,37.93333333333333
32.0,785,33445565,24.53125
35.0,1254,33446819,35.82857142857143
31.0,1207,33448026,38.935483870967744
38.0,1191,33449217,31.342105263157894
28.0,773,33449990,27.607142857142858
34.0,976,33450966,28.705882352941178
25.0,705,33451671,28.2
8.0,168,33451839,21.0
26.0,1046,33452885,40.23076923076923
22.0,780,33453665,35.45454545454545
35.0,954,33454619,27.257142857142856
48.0,1894,33456513,39.458333333333336
39.0,1346,33457859,34.51282051282051
17.0,492,33458351,28.941176470588236
37.0,966,33459317,26.10810810810811
19.0,557,33459874,29.31578947368421
39.0,1458,33461332,37.38461538461539
38.0,1437,33462769,37.81578947368421
36.0,1109,33463878,30.805555555555557
25.0,685,33464563,27.4
16.0,484,33465047,30.25
30.0,841,33465888,28.033333333333335
28.0,822,33466710,29.357142857142858
27.0,867,33467577,32.111111111111114
29.0,968,33468545,33.37931034482759
31.0,948,33469493,30.580645161290324
4.0,106,33469599,26.5
38.0,1317,33470916,34.6578947368421
9.0,242,33471158,26.88888888888889
33.0,1269,33472427,38.45454545454545
29.0,820,33473247,28.275862068965516
29.0,853,33474100,29.413793103448278
16.0,409,33474509,25.5625
44.0,1380,33475889,31.363636363636363
37.0,1093,33476982,29.54054054054054
21.0,679,33477661,32.333333333333336
17.0,472,33478133,27.764705882352942
37.0,1252,33479385,33.83783783783784
14.0,318,33479703,22.714285714285715
21.0,590,33480293,28.095238095238095
15.0,472,33480765,31.466666666666665
28.0,880,33481645,31.428571428571427
26.0,699,33482344,26.884615384615383
39.0,1676,33484020,42.97435897435897
29.0,856,33484876,29.517241379310345
9.0,229,33485105,25.444444444444443
25.0,706,33485811,28.24
44.0,1327,33487138,30.15909090909091
19.0,409,33487547,21.526315789473685
37.0,1061,33488608,28.675675675675677
38.0,1000,33489608,26.31578947368421
41.0,1206,33490814,29.414634146341463
35.0,994,33491808,28.4
42.0,1414,33493222,33.666666666666664
42.0,1450,33494672,34.523809523809526
32.0,1048,33495720,32.75
28.0,873,33496593,31.178571428571427
19.0,576,33497169,30.31578947368421
28.0,1162,33498331,41.5
31.0,861,33499192,27.774193548387096
25.0,591,33499783,23.64
18.0,544,33500327,30.22222222222222
34.0,1278,33501605,37.588235294117645
28.0,850,33502455,30.357142857142858
9.0,316,33502771,35.111111111111114
43.0,1484,33504255,34.51162790697674
32.0,940,33505195,29.375
31.0,1150,33506345,37.096774193548384
34.0,929,33507274,27.323529411764707
43.0,1360,33508634,31.627906976744185
26.0,726,33509360,27.923076923076923
49.0,1889,33511249,38.55102040816327
27.0,837,33512086,31.0
37.0,1150,33513236,31.08108108108108
30.0,707,33513943,23.566666666666666
28.0,1071,33515014,38.25
34.0,1034,33516048,30.41176470588235
36.0,1056,33517104,29.333333333333332
5.0,178,33517282,35.6
18.0,432,33517714,24.0
38.0,1419,33519133,37.3421052631579
42.0,1178,33520311,28.047619047619047
43.0,1561,33521872,36.30232558139535
12.0,304,33522176,25.333333333333332
22.0,603,33522779,27.40909090909091
7.0,305,33523084,43.57142857142857
34.0,910,33523994,26.764705882352942
12.0,328,33524322,27.333333333333332
36.0,1093,33525415,30.36111111111111
15.0,451,33525866,30.066666666666666
47.0,1496,33527362,31.829787234042552
38.0,1364,33528726,35.89473684210526
24.0,744,33529470,31.0
19.0,389,33529859,20.473684210526315
38.0,1027,33530886,27.026315789473685
3.0,111,33530997,37.0
27.0,583,33531580,21.59259259259259
21.0,607,33532187,28.904761904761905
34.0,1201,33533388,35.3235294117647
31.0,852,33534240,27.483870967741936
32.0,914,33535154,28.5625
22.0,822,33535976,37.36363636363637
32.0,734,33536710,22.9375
24.0,665,33537375,27.708333333333332
36.0,1120,33538495,31.11111111111111
34.0,1000,33539495,29.41176470588235
39.0,1400,33540895,35.8974358974359
32.0,887,33541782,27.71875
20.0,653,33542435,32.65
41.0,1664,33544099,40.58536585365854
15.0,478,33544577,31.866666666666667
36.0,984,33545561,27.333333333333332
28.0,854,33546415,30.5
26.0,847,33547262,32.57692307692308
34.0,1112,33548374,32.705882352941174
31.0,946,33549320,30.516129032258064
14.0,371,33549691,26.5
25.0,809,33550500,32.36
32.0,909,33551409,28.40625
43.0,1442,33552851,33.53488372093023
16.0,530,33553381,33.125
25.0,729,33554110,29.16
44.0,1448,33555558,32.90909090909091
29.0,725,33556283,25.0
35.0,1215,33557498,34.714285714285715
42.0,1489,33558987,35.45238095238095
29.0,806,33559793,27.79310344827586
23.0,730,33560523,31.73913043478261
18.0,399,33560922,22.166666666666668
19.0,583,33561505,30.68421052631579
22.0,744,33562249,33.81818181818182
29.0,723,33562972,24.93103448275862
19.0,454,33563426,23.894736842105264
39.0,1275,33564701,32.69230769230769
45.0,1672,33566373,37.15555555555556
41.0,1139,33567512,27.78048780487805
8.0,240,33567752,30.0
30.0,993,33568745,33.1
9.0,286,33569031,31.77777777777778
34.0,1037,33570068,30.5
29.0,923,33570991,31.82758620689655
27.0,608,33571599,22.51851851851852
27.0,555,33572154,20.555555555555557
33.0,1123,33573277,34.03030303030303
35.0,1259,33574536,35.97142857142857
15.0,400,33574936,26.666666666666668
17.0,356,33575292,20.941176470588236
35.0,1188,33576480,33.94285714285714
26.0,1016,33577496,39.07692307692308
33.0,974,33578470,29.515151515151516
38.0,1181,33579651,31.07894736842105
23.0,741,33580392,32.21739130434783
31.0,1163,33581555,37.516129032258064
22.0,791,33582346,35.95454545454545
20.0,763,33583109,38.15
26.0,778,33583887,29.923076923076923
22.0,624,33584511,28.363636363636363
25.0,669,33585180,26.76
20.0,570,33585750,28.5
27.0,879,33586629,32.55555555555556
24.0,769,33587398,32.041666666666664
24.0,670,33588068,27.916666666666668
37.0,1016,33589084,27.45945945945946
25.0,862,33589946,34.48
19.0,475,33590421,25.0
12.0,343,33590764,28.583333333333332
26.0,765,33591529,29.423076923076923
42.0,1495,33593024,35.595238095238095
28.0,922,33593946,32.92857142857143
44.0,1201,33595147,27.295454545454547
29.0,737,33595884,25.413793103448278
30.0,878,33596762,29.266666666666666
15.0,430,33597192,28.666666666666668
40.0,1195,33598387,29.875
34.0,860,33599247,25.294117647058822
42.0,1254,33600501,29.857142857142858
40.0,1495,33601996,37.375
41.0,1695,33603691,41.34146341463415
19.0,764,33604455,40.21052631578947
42.0,1580,33606035,37.61904761904762
30.0,971,33607006,32.36666666666667
36.0,1297,33608303,36.02777777777778
35.0,1148,33609451,32.8
24.0,752,33610203,31.333333333333332
35.0,1299,33611502,37.114285714285714
33.0,941,33612443,28.515151515151516
26.0,794,33613237,30.53846153846154
33.0,987,33614224,29.90909090909091
34.0,1137,33615361,33.44117647058823
17.0,410,33615771,24.11764705882353
39.0,1258,33617029,32.256410256410255
42.0,1352,33618381,32.19047619047619
35.0,1201,33619582,34.31428571428572
39.0,1140,33620722,29.23076923076923
34.0,1116,33621838,32.8235294117647
34.0,1012,33622850,29.764705882352942
41.0,1193,33624043,29.097560975609756
36.0,1060,33625103,29.444444444444443
19.0,383,33625486,20.157894736842106
42.0,1308,33626794,31.142857142857142
12.0,280,33627074,23.333333333333332
27.0,883,33627957,32.7037037037037
26.0,677,33628634,26.03846153846154
30.0,930,33629564,31.0
30.0,934,33630498,31.133333333333333
25.0,637,33631135,25.48
24.0,667,33631802,27.791666666666668
28.0,973,33632775,34.75
23.0,575,33633350,25.0
21.0,591,33633941,28.142857142857142
35.0,994,33634935,28.4
30.0,885,33635820,29.5
30.0,1051,33636871,35.03333333333333
30.0,727,33637598,24.233333333333334
37.0,1015,33638613,27.43243243243243
12.0,279,33638892,23.25
20.0,649,33639541,32.45
23.0,827,33640368,35.95652173913044
50.0,1810,33642178,36.2
22.0,639,33642817,29.045454545454547
25.0,661,33643478,26.44
27.0,895,33644373,33.148148148148145
32.0,1148,33645521,35.875
43.0,1373,33646894,31.930232558139537
16.0,335,33647229,20.9375
31.0,925,33648154,29.838709677419356
39.0,1241,33649395,31.82051282051282
16.0,459,33649854,28.6875
39.0,1202,33651056,30.82051282051282
28.0,968,33652024,34.57142857142857
23.0,781,33652805,33.95652173913044
45.0,1495,33654300,33.22222222222222
27.0,868,33655168,32.148148148148145
26.0,704,33655872,27.076923076923077
36.0,1220,33657092,33.888888888888886
6.0,128,33657220,21.333333333333332
22.0,475,33657695,21.59090909090909
24.0,716,33658411,29.833333333333332
34.0,935,33659346,27.5
30.0,797,33660143,26.566666666666666
19.0,503,33660646,26.473684210526315
27.0,863,33661509,31.962962962962962
38.0,1339,33662848,35.23684210526316
31.0,1180,33664028,38.064516129032256
15.0,501,33664529,33.4
16.0,366,33664895,22.875
49.0,1940,33666835,39.59183673469388
30.0,834,33667669,27.8
35.0,1121,33668790,32.02857142857143
39.0,984,33669774,25.23076923076923
36.0,1072,33670846,29.77777777777778
36.0,1170,33672016,32.5
40.0,1185,33673201,29.625
37.0,1229,33674430,33.21621621621622
35.0,863,33675293,24.65714285714286
16.0,512,33675805,32.0
30.0,924,33676729,30.8
5.0,159,33676888,31.8
41.0,1507,33678395,36.75609756097561
33.0,1203,33679598,36.45454545454545
26.0,813,33680411,31.26923076923077
20.0,547,33680958,27.35
31.0,1110,33682068,35.806451612903224
35.0,1028,33683096,29.37142857142857
30.0,996,33684092,33.2
15.0,375,33684467,25.0
26.0,794,33685261,30.53846153846154
29.0,726,33685987,25.03448275862069
6.0,208,33686195,34.666666666666664
49.0,1431,33687626,29.20408163265306
44.0,1409,33689035,32.02272727272727
37.0,1362,33690397,36.810810810810814
34.0,989,33691386,29.08823529411765
26.0,1008,33692394,38.76923076923077
43.0,1501,33693895,34.906976744186046
20.0,593,33694488,29.65
37.0,1147,33695635,31.0
31.0,1106,33696741,35.67741935483871
16.0,353,33697094,22.0625
47.0,1339,33698433,28.48936170212766
7.0,252,33698685,36.0
19.0,439,33699124,23.105263157894736
34.0,922,33700046,27.11764705882353
24.0,631,33700677,26.291666666666668
14.0,426,33701103,30.428571428571427
26.0,856,33701959,32.92307692307692
29.0,1025,33702984,35.3448275862069
21.0,550,33703534,26.19047619047619
44.0,1490,33705024,33.86363636363637
19.0,594,33705618,31.263157894736842
40.0,1290,33706908,32.25
22.0,620,33707528,28.181818181818183
31.0,1085,33708613,35.0
32.0,987,33709600,30.84375
27.0,1057,33710657,39.148148148148145
3.0,87,33710744,29.0
28.0,808,33711552,28.857142857142858
35.0,1018,33712570,29.085714285714285
38.0,1307,33713877,34.39473684210526
9.0,373,33714250,41.44444444444444
41.0,1414,33715664,34.48780487804878
26.0,715,33716379,27.5
30.0,938,33717317,31.266666666666666
41.0,1445,33718762,35.24390243902439
21.0,690,33719452,32.857142857142854
35.0,1299,33720751,37.114285714285714
19.0,665,33721416,35.0
30.0,860,33722276,28.666666666666668
27.0,797,33723073,29.51851851851852
33.0,1021,33724094,30.939393939393938
36.0,1159,33725253,32.19444444444444
33.0,1034,33726287,31.333333333333332
5.0,122,33726409,24.4
26.0,738,33727147,28.384615384615383
44.0,1307,33728454,29.704545454545453
26.0,710,33729164,27.307692307692307
32.0,1138,33730302,35.5625
25.0,661,33730963,26.44
37.0,1366,33732329,36.91891891891892
14.0,285,33732614,20.357142857142858
29.0,747,33733361,25.75862068965517
28.0,812,33734173,29.0
32.0,1006,33735179,31.4375
20.0,518,33735697,25.9
33.0,1146,33736843,34.72727272727273
22.0,552,33737395,25.09090909090909
15.0,432,33737827,28.8
44.0,1387,33739214,31.522727272727273
21.0,680,33739894,32.38095238095238
24.0,655,33740549,27.291666666666668
27.0,771,33741320,28.555555555555557
41.0,1278,33742598,31.170731707317074
25.0,790,33743388,31.6
23.0,807,33744195,35.08695652173913
32.0,921,33745116,28.78125
50.0,1702,33746818,34.04
49.0,1640,33748458,33.46938775510204
42.0,1232,33749690,29.333333333333332
36.0,920,33750610,25.555555555555557
31.0,926,33751536,29.870967741935484
37.0,1363,33752899,36.83783783783784
30.0,948,33753847,31.6
44.0,1473,33755320,33.47727272727273
23.0,507,33755827,22.043478260869566
24.0,686,33756513,28.583333333333332
17.0,633,33757146,37.23529411764706
28.0,816,33757962,29.142857142857142
46.0,1578,33759540,34.30434782608695
20.0,534,33760074,26.7
33.0,912,33760986,27.636363636363637
33.0,1001,33761987,30.333333333333332
31.0,893,33762880,28.806451612903224
16.0,442,33763322,27.625
13.0,368,33763690,28.307692307692307
24.0,769,33764459,32.041666666666664
24.0,644,33765103,26.833333333333332
44.0,1453,33766556,33.02272727272727
30.0,972,33767528,32.4
22.0,671,33768199,30.5
14.0,479,33768678,34.214285714285715
36.0,1209,33769887,33.583333333333336
35.0,1103,33770990,31.514285714285716
3.0,84,33771074,28.0
46.0,1117,33772191,24.282608695652176
26.0,800,33772991,30.76923076923077
34.0,1131,33774122,33.26470588235294
25.0,762,33774884,30.48
36.0,1072,33775956,29.77777777777778
33.0,1274,33777230,38.60606060606061
35.0,1102,33778332,31.485714285714284
37.0,1227,33779559,33.16216216216216
23.0,725,33780284,31.52173913043478
16.0,526,33780810,32.875
11.0,300,33781110,27.272727272727273
37.0,1106,33782216,29.89189189189189
24.0,720,33782936,30.0
33.0,1097,33784033,33.24242424242424
34.0,1098,33785131,32.294117647058826
21.0,594,33785725,28.285714285714285
28.0,815,33786540,29.107142857142858
25.0,609,33787149,24.36
3.0,148,33787297,49.333333333333336
25.0,943,33788240,37.72
27.0,719,33788959,26.62962962962963
35.0,1174,33790133,33.542857142857144
37.0,1242,33791375,33.567567567567565
40.0,1416,33792791,35.4
38.0,1386,33794177,36.473684210526315
23.0,781,33794958,33.95652173913044
14.0,440,33795398,31.428571428571427
40.0,1185,33796583,29.625
17.0,542,33797125,31.88235294117647
21.0,664,33797789,31.61904761904762
20.0,499,33798288,24.95
25.0,705,33798993,28.2
31.0,1270,33800263,40.96774193548387
13.0,293,33800556,22.53846153846154
18.0,580,33801136,32.22222222222222
38.0,1001,33802137,26.342105263157894
20.0,593,33802730,29.65
7.0,139,33802869,19.857142857142858
38.0,1328,33804197,34.94736842105263
14.0,416,33804613,29.714285714285715
11.0,319,33804932,29.0
25.0,722,33805654,28.88
25.0,591,33806245,23.64
20.0,553,33806798,27.65
23.0,725,33807523,31.52173913043478
35.0,1164,33808687,33.25714285714286
20.0,636,33809323,31.8
36.0,1255,33810578,34.861111111111114
28.0,839,33811417,29.964285714285715
24.0,756,33812173,31.5
16.0,358,33812531,22.375
29.0,961,33813492,33.13793103448276
21.0,674,33814166,32.095238095238095
38.0,1493,33815659,39.28947368421053
23.0,619,33816278,26.91304347826087
8.0,259,33816537,32.375
40.0,988,33817525,24.7
31.0,779,33818304,25.129032258064516
25.0,601,33818905,24.04
39.0,1277,33820182,32.743589743589745
35.0,1326,33821508,37.885714285714286
16.0,471,33821979,29.4375
31.0,1036,33823015,33.41935483870968
23.0,697,33823712,30.304347826086957
25.0,696,33824408,27.84
11.0,336,33824744,30.545454545454547
34.0,836,33825580,24.58823529411765
15.0,402,33825982,26.8
31.0,1127,33827109,36.354838709677416
26.0,637,33827746,24.5
23.0,714,33828460,31.043478260869566
22.0,680,33829140,30.90909090909091
12.0,274,33829414,22.833333333333332
42.0,1325,33830739,31.547619047619047
31.0,1054,33831793,34.0
40.0,1182,33832975,29.55
40.0,1204,33834179,30.1
22.0,555,33834734,25.227272727272727
26.0,414,33835148,15.923076923076923
33.0,1023,33836171,31.0
23.0,686,33836857,29.82608695652174
21.0,456,33837313,21.714285714285715
15.0,471,33837784,31.4
39.0,1234,33839018,31.641025641025642
40.0,958,33839976,23.95
30.0,703,33840679,23.433333333333334
24.0,1013,33841692,42.208333333333336
18.0,449,33842141,24.944444444444443
41.0,1419,33843560,34.609756097560975
21.0,659,33844219,31.38095238095238
19.0,587,33844806,30.894736842105264
42.0,1550,33846356,36.904761904761905
43.0,1576,33847932,36.651162790697676
12.0,394,33848326,32.833333333333336
37.0,1473,33849799,39.810810810810814
27.0,833,33850632,30.85185185185185
28.0,801,33851433,28.607142857142858
5.0,135,33851568,27.0
22.0,624,33852192,28.363636363636363
24.0,726,33852918,30.25
16.0,458,33853376,28.625
48.0,1940,33855316,40.416666666666664
19.0,562,33855878,29.57894736842105
41.0,1195,33857073,29.146341463414632
14.0,387,33857460,27.642857142857142
37.0,1206,33858666,32.5945945945946
34.0,1001,33859667,29.441176470588236
34.0,833,33860500,24.5
21.0,455,33860955,21.666666666666668
27.0,600,33861555,22.22222222222222
26.0,894,33862449,34.38461538461539
32.0,1078,33863527,33.6875
17.0,422,33863949,24.823529411764707
37.0,883,33864832,23.864864864864863
21.0,600,33865432,28.571428571428573
42.0,1468,33866900,34.95238095238095
48.0,1222,33868122,25.458333333333332
34.0,1084,33869206,31.88235294117647
32.0,967,33870173,30.21875
35.0,1167,33871340,33.34285714285714
29.0,786,33872126,27.103448275862068
31.0,1003,33873129,32.354838709677416
27.0,862,33873991,31.925925925925927
42.0,1219,33875210,29.023809523809526
26.0,875,33876085,33.65384615384615
32.0,1115,33877200,34.84375
27.0,943,33878143,34.925925925925924
23.0,839,33878982,36.47826086956522
42.0,1392,33880374,33.142857142857146
16.0,492,33880866,30.75
18.0,537,33881403,29.833333333333332
45.0,1568,33882971,34.84444444444444
15.0,476,33883447,31.733333333333334
30.0,765,33884212,25.5
45.0,1727,33885939,38.37777777777778
23.0,598,33886537,26.0
26.0,673,33887210,25.884615384615383
23.0,545,33887755,23.695652173913043
20.0,586,33888341,29.3
40.0,1289,33889630,32.225
15.0,453,33890083,30.2
35.0,1180,33891263,33.714285714285715
32.0,1042,33892305,32.5625
36.0,1102,33893407,30.61111111111111
19.0,627,33894034,33.0
14.0,413,33894447,29.5
26.0,741,33895188,28.5
28.0,783,33895971,27.964285714285715
2.0,109,33896080,54.5
17.0,520,33896600,30.58823529411765
35.0,1353,33897953,38.65714285714286
19.0,658,33898611,34.63157894736842
28.0,917,33899528,32.75
47.0,1471,33900999,31.29787234042553
15.0,506,33901505,33.733333333333334
37.0,1108,33902613,29.945945945945947
36.0,1479,33904092,41.083333333333336
24.0,549,33904641,22.875
32.0,1056,33905697,33.0
47.0,1600,33907297,34.04255319148936
46.0,1340,33908637,29.130434782608695
15.0,474,33909111,31.6
37.0,1117,33910228,30.18918918918919
21.0,524,33910752,24.952380952380953
22.0,652,33911404,29.636363636363637
41.0,1179,33912583,28.75609756097561
11.0,352,33912935,32.0
35.0,1395,33914330,39.857142857142854
32.0,854,33915184,26.6875
46.0,1626,33916810,35.34782608695652
31.0,861,33917671,27.774193548387096
56.0,1771,33919442,31.625
50.0,1704,33921146,34.08
34.0,959,33922105,28.205882352941178
27.0,816,33922921,30.22222222222222
23.0,677,33923598,29.434782608695652
28.0,956,33924554,34.142857142857146
30.0,843,33925397,28.1
30.0,901,33926298,30.033333333333335
26.0,885,33927183,34.03846153846154
45.0,1487,33928670,33.044444444444444
34.0,1146,33929816,33.705882352941174
30.0,1015,33930831,33.833333333333336
11.0,276,33931107,25.09090909090909
18.0,365,33931472,20.27777777777778
21.0,610,33932082,29.047619047619047
4.0,98,33932180,24.5
26.0,765,33932945,29.423076923076923
26.0,694,33933639,26.692307692307693
30.0,762,33934401,25.4
9.0,258,33934659,28.666666666666668
28.0,793,33935452,28.321428571428573
40.0,1224,33936676,30.6
13.0,404,33937080,31.076923076923077
20.0,709,33937789,35.45
33.0,1009,33938798,30.575757575757574
12.0,306,33939104,25.5
39.0,1195,33940299,30.641025641025642
36.0,1076,33941375,29.88888888888889
17.0,436,33941811,25.647058823529413
19.0,626,33942437,32.94736842105263
38.0,1189,33943626,31.289473684210527
15.0,468,33944094,31.2
35.0,1154,33945248,32.97142857142857
36.0,1170,33946418,32.5
12.0,406,33946824,33.833333333333336
33.0,845,33947669,25.606060606060606
14.0,514,33948183,36.714285714285715
33.0,1084,33949267,32.84848484848485
27.0,850,33950117,31.48148148148148
9.0,223,33950340,24.77777777777778
33.0,776,33951116,23.515151515151516
37.0,1153,33952269,31.16216216216216
38.0,1247,33953516,32.81578947368421
35.0,1114,33954630,31.82857142857143
21.0,641,33955271,30.523809523809526
47.0,1380,33956651,29.361702127659573
35.0,1328,33957979,37.94285714285714
21.0,689,33958668,32.80952380952381
29.0,1257,33959925,43.3448275862069
20.0,677,33960602,33.85
22.0,556,33961158,25.272727272727273
25.0,800,33961958,32.0
18.0,564,33962522,31.333333333333332
37.0,1269,33963791,34.2972972972973
27.0,647,33964438,23.962962962962962
14.0,437,33964875,31.214285714285715
10.0,271,33965146,27.1
8.0,166,33965312,20.75
34.0,995,33966307,29.264705882352942
43.0,1460,33967767,33.95348837209303
40.0,1402,33969169,35.05
34.0,1167,33970336,34.3235294117647
17.0,539,33970875,31.705882352941178
48.0,1539,33972414,32.0625
28.0,747,33973161,26.678571428571427
46.0,1556,33974717,33.82608695652174
31.0,1079,33975796,34.806451612903224
32.0,839,33976635,26.21875
22.0,723,33977358,32.86363636363637
33.0,1117,33978475,33.84848484848485
29.0,1012,33979487,34.89655172413793
16.0,370,33979857,23.125
36.0,1084,33980941,30.11111111111111
17.0,391,33981332,23.0
41.0,1255,33982587,30.609756097560975
20.0,643,33983230,32.15
11.0,296,33983526,26.90909090909091
31.0,1015,33984541,32.74193548387097
36.0,1434,33985975,39.833333333333336
34.0,1035,33987010,30.441176470588236
43.0,1408,33988418,32.74418604651163
48.0,1423,33989841,29.645833333333332
16.0,450,33990291,28.125
36.0,1311,33991602,36.416666666666664
31.0,976,33992578,31.483870967741936
32.0,816,33993394,25.5
25.0,1022,33994416,40.88
21.0,519,33994935,24.714285714285715
46.0,1251,33996186,27.195652173913043
17.0,419,33996605,24.647058823529413
30.0,791,33997396,26.366666666666667
24.0,926,33998322,38.583333333333336
36.0,1203,33999525,33.416666666666664
48.0,1431,34000956,29.8125
33.0,1067,34002023,32.333333333333336
36.0,1202,34003225,33.388888888888886
45.0,1247,34004472,27.711111111111112
40.0,1278,34005750,31.95
24.0,655,34006405,27.291666666666668
31.0,1140,34007545,36.774193548387096
41.0,1301,34008846,31.73170731707317
27.0,750,34009596,27.77777777777778
34.0,973,34010569,28.61764705882353
29.0,743,34011312,25.620689655172413
42.0,1391,34012703,33.11904761904762
40.0,1227,34013930,30.675
47.0,1501,34015431,31.93617021276596
52.0,1908,34017339,36.69230769230769
36.0,837,34018176,23.25
13.0,313,34018489,24.076923076923077
31.0,813,34019302,26.225806451612904
44.0,1367,34020669,31.068181818181817
31.0,956,34021625,30.838709677419356
44.0,1372,34022997,31.181818181818183
29.0,1060,34024057,36.55172413793103
41.0,1323,34025380,32.26829268292683
29.0,1000,34026380,34.48275862068966
27.0,669,34027049,24.77777777777778
31.0,833,34027882,26.870967741935484
29.0,906,34028788,31.24137931034483
21.0,517,34029305,24.61904761904762
21.0,504,34029809,24.0
19.0,671,34030480,35.31578947368421
50.0,1760,34032240,35.2
50.0,1522,34033762,30.44
18.0,541,34034303,30.055555555555557
18.0,547,34034850,30.38888888888889
23.0,554,34035404,24.08695652173913
35.0,856,34036260,24.457142857142856
27.0,737,34036997,27.296296296296298
33.0,963,34037960,29.181818181818183
30.0,1006,34038966,33.53333333333333
24.0,715,34039681,29.791666666666668
35.0,887,34040568,25.34285714285714
48.0,1430,34041998,29.791666666666668
31.0,1034,34043032,33.354838709677416
27.0,924,34043956,34.22222222222222
43.0,1366,34045322,31.767441860465116
27.0,921,34046243,34.111111111111114
40.0,1135,34047378,28.375
4.0,167,34047545,41.75
20.0,631,34048176,31.55
34.0,1004,34049180,29.529411764705884
29.0,722,34049902,24.896551724137932
24.0,627,34050529,26.125
37.0,941,34051470,25.43243243243243
27.0,860,34052330,31.85185185185185
27.0,846,34053176,31.333333333333332
43.0,1668,34054844,38.7906976744186
15.0,292,34055136,19.466666666666665
30.0,816,34055952,27.2
16.0,437,34056389,27.3125
24.0,670,34057059,27.916666666666668
32.0,1100,34058159,34.375
26.0,753,34058912,28.96153846153846
17.0,448,34059360,26.352941176470587
26.0,745,34060105,28.653846153846153
21.0,540,34060645,25.714285714285715
39.0,1336,34061981,34.256410256410255
34.0,1108,34063089,32.588235294117645
34.0,930,34064019,27.352941176470587
8.0,189,34064208,23.625
10.0,332,34064540,33.2
38.0,1120,34065660,29.473684210526315
40.0,1498,34067158,37.45
32.0,1033,34068191,32.28125
44.0,1215,34069406,27.613636363636363
28.0,777,34070183,27.75
26.0,830,34071013,31.923076923076923
42.0,1466,34072479,34.904761904761905
47.0,1408,34073887,29.95744680851064
34.0,1034,34074921,30.41176470588235
38.0,1210,34076131,31.842105263157894
7.0,140,34076271,20.0
26.0,785,34077056,30.192307692307693
21.0,612,34077668,29.142857142857142
51.0,1546,34079214,30.313725490196077
35.0,1170,34080384,33.42857142857143
20.0,567,34080951,28.35
27.0,918,34081869,34.0
15.0,362,34082231,24.133333333333333
17.0,504,34082735,29.647058823529413
30.0,905,34083640,30.166666666666668
15.0,475,34084115,31.666666666666668
19.0,513,34084628,27.0
26.0,850,34085478,32.69230769230769
23.0,626,34086104,27.217391304347824
33.0,1217,34087321,36.878787878787875
37.0,915,34088236,24.72972972972973
21.0,412,34088648,19.61904761904762
30.0,953,34089601,31.766666666666666
19.0,513,34090114,27.0
38.0,1186,34091300,31.210526315789473
30.0,570,34091870,19.0
22.0,442,34092312,20.09090909090909
30.0,835,34093147,27.833333333333332
27.0,910,34094057,33.7037037037037
40.0,1351,34095408,33.775
20.0,626,34096034,31.3
26.0,701,34096735,26.96153846153846
13.0,315,34097050,24.23076923076923
38.0,1296,34098346,34.10526315789474
30.0,775,34099121,25.833333333333332
28.0,900,34100021,32.142857142857146
33.0,948,34100969,28.727272727272727
35.0,1168,34102137,33.371428571428574
31.0,889,34103026,28.677419354838708
25.0,657,34103683,26.28
26.0,685,34104368,26.346153846153847
17.0,401,34104769,23.58823529411765
18.0,600,34105369,33.333333333333336
36.0,1078,34106447,29.944444444444443
29.0,887,34107334,30.586206896551722
47.0,1369,34108703,29.127659574468087
19.0,610,34109313,32.10526315789474
19.0,419,34109732,22.05263157894737
40.0,1232,34110964,30.8
45.0,1384,34112348,30.755555555555556
31.0,873,34113221,28.161290322580644
16.0,562,34113783,35.125
40.0,1163,34114946,29.075
37.0,1465,34116411,39.5945945945946
37.0,1230,34117641,33.24324324324324
34.0,1148,34118789,33.76470588235294
47.0,1307,34120096,27.80851063829787
25.0,737,34120833,29.48
29.0,903,34121736,31.137931034482758
10.0,401,34122137,40.1
23.0,563,34122700,24.47826086956522
53.0,2082,34124782,39.283018867924525
4.0,146,34124928,36.5
17.0,498,34125426,29.294117647058822
38.0,1438,34126864,37.8421052631579
31.0,1118,34127982,36.064516129032256
23.0,754,34128736,32.78260869565217
32.0,1160,34129896,36.25
33.0,862,34130758,26.12121212121212
30.0,1161,34131919,38.7
20.0,555,34132474,27.75
8.0,125,34132599,15.625
27.0,631,34133230,23.37037037037037
51.0,1492,34134722,29.254901960784313
39.0,1372,34136094,35.17948717948718
26.0,723,34136817,27.807692307692307
34.0,1221,34138038,35.911764705882355
40.0,1579,34139617,39.475
29.0,995,34140612,34.310344827586206
25.0,858,34141470,34.32
24.0,781,34142251,32.541666666666664
35.0,1060,34143311,30.285714285714285
17.0,966,34144277,56.8235294117647
25.0,706,34144983,28.24
22.0,654,34145637,29.727272727272727
12.0,287,34145924,23.916666666666668
10.0,356,34146280,35.6
19.0,627,34146907,33.0
19.0,542,34147449,28.526315789473685
19.0,509,34147958,26.789473684210527
37.0,1340,34149298,36.21621621621622
30.0,1095,34150393,36.5
28.0,1053,34151446,37.607142857142854
29.0,801,34152247,27.620689655172413
21.0,704,34152951,33.523809523809526
37.0,1083,34154034,29.27027027027027
38.0,1185,34155219,31.18421052631579
19.0,1120,34156339,58.94736842105263
16.0,399,34156738,24.9375
35.0,1171,34157909,33.457142857142856
29.0,880,34158789,30.344827586206897
26.0,623,34159412,23.96153846153846
29.0,859,34160271,29.620689655172413
11.0,233,34160504,21.181818181818183
38.0,1224,34161728,32.21052631578947
38.0,1390,34163118,36.578947368421055
30.0,805,34163923,26.833333333333332
28.0,955,34164878,34.107142857142854
40.0,1403,34166281,35.075
16.0,579,34166860,36.1875
31.0,944,34167804,30.451612903225808
36.0,848,34168652,23.555555555555557
37.0,1229,34169881,33.21621621621622
33.0,1079,34170960,32.696969696969695
19.0,670,34171630,35.26315789473684
10.0,274,34171904,27.4
17.0,377,34172281,22.176470588235293
39.0,1474,34173755,37.794871794871796
38.0,1187,34174942,31.236842105263158
32.0,819,34175761,25.59375
61.0,2067,34177828,33.885245901639344
38.0,1515,34179343,39.86842105263158
23.0,762,34180105,33.130434782608695
37.0,1139,34181244,30.783783783783782
16.0,562,34181806,35.125
26.0,651,34182457,25.03846153846154
10.0,292,34182749,29.2
42.0,1536,34184285,36.57142857142857
26.0,858,34185143,33.0
21.0,737,34185880,35.095238095238095
9.0,276,34186156,30.666666666666668
12.0,291,34186447,24.25
40.0,1588,34188035,39.7
36.0,1365,34189400,37.916666666666664
39.0,1242,34190642,31.846153846153847
21.0,553,34191195,26.333333333333332
37.0,1286,34192481,34.75675675675676
23.0,602,34193083,26.17391304347826
10.0,251,34193334,25.1
33.0,771,34194105,23.363636363636363
26.0,800,34194905,30.76923076923077
19.0,1058,34195963,55.68421052631579
29.0,1121,34197084,38.6551724137931
45.0,1696,34198780,37.68888888888889
26.0,665,34199445,25.576923076923077
33.0,1105,34200550,33.484848484848484
23.0,538,34201088,23.391304347826086
26.0,987,34202075,37.96153846153846
32.0,1070,34203145,33.4375
30.0,949,34204094,31.633333333333333
31.0,1254,34205348,40.45161290322581
28.0,799,34206147,28.535714285714285
21.0,456,34206603,21.714285714285715
23.0,616,34207219,26.782608695652176
8.0,202,34207421,25.25
20.0,713,34208134,35.65
13.0,358,34208492,27.53846153846154
6.0,207,34208699,34.5
24.0,780,34209479,32.5
6.0,549,34210028,91.5
31.0,1180,34211208,38.064516129032256
31.0,989,34212197,31.903225806451612
24.0,806,34213003,33.583333333333336
43.0,1512,34214515,35.16279069767442
24.0,659,34215174,27.458333333333332
14.0,367,34215541,26.214285714285715
15.0,410,34215951,27.333333333333332
36.0,1066,34217017,29.61111111111111
37.0,1124,34218141,30.37837837837838
3.0,207,34218348,69.0
13.0,466,34218814,35.84615384615385
2.0,24,34218838,12.0
22.0,689,34219527,31.318181818181817
25.0,768,34220295,30.72
40.0,1486,34221781,37.15
21.0,557,34222338,26.523809523809526
22.0,635,34222973,28.863636363636363
25.0,673,34223646,26.92
34.0,879,34224525,25.852941176470587
22.0,566,34225091,25.727272727272727
7.0,198,34225289,28.285714285714285
40.0,1433,34226722,35.825
31.0,1002,34227724,32.32258064516129
36.0,1072,34228796,29.77777777777778
21.0,607,34229403,28.904761904761905
31.0,973,34230376,31.387096774193548
10.0,235,34230611,23.5
31.0,1111,34231722,35.83870967741935
33.0,1126,34232848,34.121212121212125
15.0,335,34233183,22.333333333333332
12.0,480,34233663,40.0
0.0,52,34233715,inf
16.0,438,34234153,27.375
42.0,1310,34235463,31.19047619047619
12.0,350,34235813,29.166666666666668
12.0,315,34236128,26.25
29.0,1076,34237204,37.10344827586207
10.0,322,34237526,32.2
22.0,684,34238210,31.09090909090909
28.0,755,34238965,26.964285714285715
16.0,549,34239514,34.3125
18.0,431,34239945,23.944444444444443
26.0,803,34240748,30.884615384615383
30.0,876,34241624,29.2
24.0,579,34242203,24.125
21.0,777,34242980,37.0
18.0,607,34243587,33.72222222222222
30.0,922,34244509,30.733333333333334
23.0,854,34245363,37.130434782608695
35.0,1173,34246536,33.51428571428571
23.0,705,34247241,30.652173913043477
1.0,45,34247286,45.0
18.0,515,34247801,28.61111111111111
4.0,127,34247928,31.75
22.0,717,34248645,32.59090909090909
8.0,310,34248955,38.75
15.0,296,34249251,19.733333333333334
33.0,1112,34250363,33.696969696969695
13.0,347,34250710,26.692307692307693
33.0,984,34251694,29.818181818181817
31.0,1044,34252738,33.67741935483871
20.0,740,34253478,37.0
27.0,808,34254286,29.925925925925927
20.0,605,34254891,30.25
30.0,841,34255732,28.033333333333335
17.0,640,34256372,37.64705882352941
18.0,384,34256756,21.333333333333332
34.0,1046,34257802,30.764705882352942
30.0,857,34258659,28.566666666666666
5.0,157,34258816,31.4
11.0,316,34259132,28.727272727272727
26.0,590,34259722,22.692307692307693
12.0,399,34260121,33.25
18.0,433,34260554,24.055555555555557
16.0,516,34261070,32.25
42.0,1479,34262549,35.214285714285715
32.0,1058,34263607,33.0625
8.0,359,34263966,44.875
22.0,812,34264778,36.90909090909091
9.0,281,34265059,31.22222222222222
27.0,867,34265926,32.111111111111114
4.0,127,34266053,31.75
31.0,1045,34267098,33.70967741935484
16.0,392,34267490,24.5
4.0,111,34267601,27.75
43.0,1338,34268939,31.11627906976744
32.0,1050,34269989,32.8125
28.0,765,34270754,27.321428571428573
37.0,1193,34271947,32.24324324324324
35.0,1014,34272961,28.97142857142857
29.0,917,34273878,31.620689655172413
7.0,332,34274210,47.42857142857143
19.0,534,34274744,28.105263157894736
12.0,408,34275152,34.0
23.0,628,34275780,27.304347826086957
31.0,1035,34276815,33.38709677419355
17.0,401,34277216,23.58823529411765
25.0,767,34277983,30.68
15.0,416,34278399,27.733333333333334
26.0,848,34279247,32.61538461538461
26.0,646,34279893,24.846153846153847
29.0,986,34280879,34.0
20.0,422,34281301,21.1
32.0,950,34282251,29.6875
37.0,1269,34283520,34.2972972972973
30.0,987,34284507,32.9
30.0,863,34285370,28.766666666666666
43.0,1439,34286809,33.46511627906977
37.0,1299,34288108,35.108108108108105
21.0,536,34288644,25.523809523809526
37.0,1272,34289916,34.37837837837838
32.0,1092,34291008,34.125
42.0,1389,34292397,33.07142857142857
41.0,1249,34293646,30.463414634146343
38.0,1098,34294744,28.894736842105264
8.0,305,34295049,38.125
43.0,1550,34296599,36.04651162790697
17.0,473,34297072,27.823529411764707
48.0,1442,34298514,30.041666666666668
30.0,998,34299512,33.266666666666666
36.0,1210,34300722,33.611111111111114
35.0,1085,34301807,31.0
5.0,177,34301984,35.4
15.0,454,34302438,30.266666666666666
50.0,1614,34304052,32.28
23.0,516,34304568,22.434782608695652
30.0,985,34305553,32.833333333333336
12.0,379,34305932,31.583333333333332
49.0,1838,34307770,37.51020408163265
40.0,1430,34309200,35.75
11.0,351,34309551,31.90909090909091
32.0,971,34310522,30.34375
17.0,531,34311053,31.235294117647058
20.0,542,34311595,27.1
26.0,818,34312413,31.46153846153846
14.0,458,34312871,32.714285714285715
15.0,357,34313228,23.8
25.0,779,34314007,31.16
22.0,577,34314584,26.227272727272727
33.0,1199,34315783,36.333333333333336
36.0,952,34316735,26.444444444444443
17.0,494,34317229,29.058823529411764
32.0,1005,34318234,31.40625
25.0,764,34318998,30.56
44.0,1687,34320685,38.34090909090909
10.0,313,34320998,31.3
2.0,185,34321183,92.5
15.0,468,34321651,31.2
35.0,1129,34322780,32.25714285714286
25.0,628,34323408,25.12
25.0,820,34324228,32.8
0.0,63,34324291,inf
38.0,1207,34325498,31.763157894736842
2.0,89,34325587,44.5
5.0,121,34325708,24.2
39.0,1483,34327191,38.02564102564103
42.0,1544,34328735,36.76190476190476
2.0,92,34328827,46.0
21.0,614,34329441,29.238095238095237
18.0,540,34329981,30.0
28.0,853,34330834,30.464285714285715
19.0,607,34331441,31.94736842105263
49.0,1540,34332981,31.428571428571427
16.0,447,34333428,27.9375
33.0,1192,34334620,36.121212121212125
27.0,866,34335486,32.074074074074076
38.0,1244,34336730,32.73684210526316
33.0,1013,34337743,30.696969696969695
39.0,1237,34338980,31.71794871794872
14.0,504,34339484,36.0
22.0,733,34340217,33.31818181818182
41.0,1509,34341726,36.80487804878049
13.0,495,34342221,38.07692307692308
46.0,1588,34343809,34.52173913043478
30.0,905,34344714,30.166666666666668
23.0,595,34345309,25.869565217391305
1.0,56,34345365,56.0
31.0,1063,34346428,34.29032258064516
21.0,691,34347119,32.904761904761905
29.0,933,34348052,32.172413793103445
18.0,557,34348609,30.944444444444443
14.0,438,34349047,31.285714285714285
22.0,521,34349568,23.681818181818183
26.0,751,34350319,28.884615384615383
19.0,592,34350911,31.157894736842106
1.0,44,34350955,44.0
12.0,215,34351170,17.916666666666668
35.0,955,34352125,27.285714285714285
20.0,590,34352715,29.5
34.0,1084,34353799,31.88235294117647
41.0,1408,34355207,34.34146341463415
10.0,291,34355498,29.1
33.0,1101,34356599,33.36363636363637
10.0,233,34356832,23.3
33.0,946,34357778,28.666666666666668
10.0,516,34358294,51.6
30.0,797,34359091,26.566666666666666
10.0,180,34359271,18.0
15.0,500,34359771,33.333333333333336
51.0,1448,34361219,28.392156862745097
40.0,1031,34362250,25.775
45.0,1600,34363850,35.55555555555556
20.0,551,34364401,27.55
39.0,1211,34365612,31.05128205128205
25.0,637,34366249,25.48
25.0,661,34366910,26.44
9.0,351,34367261,39.0
26.0,716,34367977,27.53846153846154
34.0,1146,34369123,33.705882352941174
8.0,159,34369282,19.875
18.0,431,34369713,23.944444444444443
23.0,692,34370405,30.08695652173913
38.0,1127,34371532,29.657894736842106
37.0,1312,34372844,35.45945945945946
32.0,1050,34373894,32.8125
28.0,1003,34374897,35.82142857142857
15.0,432,34375329,28.8
16.0,649,34375978,40.5625
30.0,854,34376832,28.466666666666665
10.0,397,34377229,39.7
30.0,759,34377988,25.3
21.0,801,34378789,38.142857142857146
14.0,413,34379202,29.5
15.0,540,34379742,36.0
26.0,833,34380575,32.03846153846154
18.0,590,34381165,32.77777777777778
28.0,892,34382057,31.857142857142858
21.0,577,34382634,27.476190476190474
15.0,456,34383090,30.4
39.0,1143,34384233,29.307692307692307
35.0,1109,34385342,31.685714285714287
28.0,779,34386121,27.821428571428573
15.0,512,34386633,34.13333333333333
19.0,565,34387198,29.736842105263158
34.0,932,34388130,27.41176470588235
27.0,695,34388825,25.74074074074074
42.0,1363,34390188,32.45238095238095
38.0,1205,34391393,31.710526315789473
22.0,492,34391885,22.363636363636363
25.0,759,34392644,30.36
27.0,833,34393477,30.85185185185185
36.0,1126,34394603,31.27777777777778
6.0,247,34394850,41.166666666666664
8.0,256,34395106,32.0
25.0,802,34395908,32.08
0.0,61,34395969,inf
19.0,450,34396419,23.68421052631579
33.0,909,34397328,27.545454545454547
42.0,1191,34398519,28.357142857142858
27.0,688,34399207,25.48148148148148
49.0,1824,34401031,37.224489795918366
9.0,318,34401349,35.333333333333336
30.0,846,34402195,28.2
19.0,666,34402861,35.05263157894737
37.0,1466,34404327,39.62162162162162
10.0,387,34404714,38.7
19.0,618,34405332,32.526315789473685
25.0,763,34406095,30.52
9.0,220,34406315,24.444444444444443
35.0,1157,34407472,33.05714285714286
20.0,634,34408106,31.7
33.0,834,34408940,25.272727272727273
38.0,1307,34410247,34.39473684210526
30.0,884,34411131,29.466666666666665
45.0,1451,34412582,32.24444444444445
3.0,77,34412659,25.666666666666668
16.0,433,34413092,27.0625
6.0,122,34413214,20.333333333333332
18.0,371,34413585,20.61111111111111
47.0,1727,34415312,36.744680851063826
46.0,1322,34416634,28.73913043478261
16.0,522,34417156,32.625
40.0,1062,34418218,26.55
30.0,928,34419146,30.933333333333334
20.0,703,34419849,35.15
6.0,148,34419997,24.666666666666668
21.0,694,34420691,33.04761904761905
50.0,1623,34422314,32.46
28.0,776,34423090,27.714285714285715
34.0,1122,34424212,33.0
25.0,762,34424974,30.48
25.0,825,34425799,33.0
16.0,540,34426339,33.75
14.0,492,34426831,35.142857142857146
17.0,487,34427318,28.647058823529413
31.0,1112,34428430,35.87096774193548
15.0,418,34428848,27.866666666666667
7.0,114,34428962,16.285714285714285
2.0,141,34429103,70.5
22.0,670,34429773,30.454545454545453
51.0,1662,34431435,32.588235294117645
18.0,616,34432051,34.22222222222222
16.0,568,34432619,35.5
45.0,1310,34433929,29.11111111111111
45.0,1605,34435534,35.666666666666664
29.0,898,34436432,30.96551724137931
25.0,826,34437258,33.04
28.0,806,34438064,28.785714285714285
37.0,1054,34439118,28.486486486486488
30.0,989,34440107,32.96666666666667
18.0,560,34440667,31.11111111111111
10.0,222,34440889,22.2
32.0,1055,34441944,32.96875
32.0,1066,34443010,33.3125
40.0,1285,34444295,32.125
31.0,1060,34445355,34.193548387096776
20.0,602,34445957,30.1
12.0,325,34446282,27.083333333333332
15.0,439,34446721,29.266666666666666
23.0,550,34447271,23.91304347826087
22.0,567,34447838,25.772727272727273
12.0,331,34448169,27.583333333333332
25.0,883,34449052,35.32
28.0,906,34449958,32.357142857142854
7.0,246,34450204,35.142857142857146
31.0,987,34451191,31.838709677419356
30.0,1100,34452291,36.666666666666664
41.0,1364,34453655,33.26829268292683
37.0,1021,34454676,27.594594594594593
42.0,1310,34455986,31.19047619047619
45.0,1206,34457192,26.8
51.0,1579,34458771,30.96078431372549
43.0,1370,34460141,31.86046511627907
38.0,1151,34461292,30.289473684210527
19.0,485,34461777,25.526315789473685
30.0,859,34462636,28.633333333333333
20.0,687,34463323,34.35
22.0,607,34463930,27.59090909090909
12.0,315,34464245,26.25
16.0,423,34464668,26.4375
7.0,213,34464881,30.428571428571427
4.0,124,34465005,31.0
34.0,955,34465960,28.08823529411765
12.0,260,34466220,21.666666666666668
21.0,388,34466608,18.476190476190474
5.0,256,34466864,51.2
15.0,469,34467333,31.266666666666666
34.0,1042,34468375,30.647058823529413
39.0,1393,34469768,35.717948717948715
23.0,650,34470418,28.26086956521739
28.0,937,34471355,33.464285714285715
29.0,867,34472222,29.896551724137932
44.0,1370,34473592,31.136363636363637
48.0,1830,34475422,38.125
20.0,547,34475969,27.35
26.0,677,34476646,26.03846153846154
10.0,280,34476926,28.0
28.0,1034,34477960,36.92857142857143
43.0,1344,34479304,31.25581395348837
37.0,1555,34480859,42.027027027027025
12.0,364,34481223,30.333333333333332
15.0,300,34481523,20.0
18.0,414,34481937,23.0
13.0,369,34482306,28.384615384615383
26.0,851,34483157,32.73076923076923
26.0,921,34484078,35.42307692307692
10.0,264,34484342,26.4
24.0,709,34485051,29.541666666666668
20.0,685,34485736,34.25
19.0,678,34486414,35.68421052631579
44.0,1287,34487701,29.25
21.0,530,34488231,25.238095238095237
31.0,911,34489142,29.387096774193548
20.0,659,34489801,32.95
23.0,625,34490426,27.17391304347826
33.0,1195,34491621,36.21212121212121
18.0,627,34492248,34.833333333333336
27.0,705,34492953,26.11111111111111
27.0,906,34493859,33.55555555555556
9.0,326,34494185,36.22222222222222
8.0,196,34494381,24.5
30.0,924,34495305,30.8
48.0,2019,34497324,42.0625
28.0,845,34498169,30.178571428571427
36.0,1117,34499286,31.02777777777778
34.0,1052,34500338,30.941176470588236
24.0,663,34501001,27.625
24.0,801,34501802,33.375
42.0,1408,34503210,33.523809523809526
26.0,761,34503971,29.26923076923077
29.0,833,34504804,28.724137931034484
23.0,712,34505516,30.956521739130434
30.0,732,34506248,24.4
38.0,1048,34507296,27.57894736842105
23.0,607,34507903,26.391304347826086
34.0,1198,34509101,35.23529411764706
41.0,1309,34510410,31.926829268292682
48.0,1478,34511888,30.791666666666668
29.0,911,34512799,31.413793103448278
17.0,535,34513334,31.470588235294116
4.0,80,34513414,20.0
2.0,26,34513440,13.0
26.0,692,34514132,26.615384615384617
38.0,1124,34515256,29.57894736842105
32.0,955,34516211,29.84375
36.0,1049,34517260,29.13888888888889
40.0,1365,34518625,34.125
35.0,1140,34519765,32.57142857142857
52.0,1973,34521738,37.94230769230769
30.0,979,34522717,32.63333333333333
40.0,1322,34524039,33.05
37.0,1351,34525390,36.513513513513516
41.0,1087,34526477,26.51219512195122
41.0,1309,34527786,31.926829268292682
25.0,694,34528480,27.76
30.0,901,34529381,30.033333333333335
43.0,1499,34530880,34.86046511627907
35.0,1275,34532155,36.42857142857143
19.0,624,34532779,32.8421052631579
32.0,1008,34533787,31.5
41.0,1420,34535207,34.63414634146341
26.0,806,34536013,31.0
34.0,1167,34537180,34.3235294117647
35.0,1084,34538264,30.97142857142857
27.0,710,34538974,26.296296296296298
15.0,489,34539463,32.6
38.0,1087,34540550,28.605263157894736
28.0,1026,34541576,36.642857142857146
27.0,980,34542556,36.2962962962963
27.0,781,34543337,28.925925925925927
31.0,902,34544239,29.096774193548388
39.0,1294,34545533,33.17948717948718
39.0,1277,34546810,32.743589743589745
13.0,387,34547197,29.76923076923077
20.0,440,34547637,22.0
28.0,846,34548483,30.214285714285715
31.0,844,34549327,27.225806451612904
42.0,1498,34550825,35.666666666666664
27.0,838,34551663,31.037037037037038
37.0,1389,34553052,37.54054054054054
39.0,1076,34554128,27.58974358974359
44.0,1431,34555559,32.52272727272727
20.0,457,34556016,22.85
26.0,834,34556850,32.07692307692308
55.0,1625,34558475,29.545454545454547
47.0,1527,34560002,32.48936170212766
35.0,1186,34561188,33.885714285714286
38.0,1109,34562297,29.18421052631579
35.0,1374,34563671,39.25714285714286
57.0,1828,34565499,32.07017543859649
37.0,1263,34566762,34.13513513513514
23.0,794,34567556,34.52173913043478
32.0,928,34568484,29.0
19.0,400,34568884,21.05263157894737
31.0,1078,34569962,34.774193548387096
38.0,1127,34571089,29.657894736842106
38.0,1170,34572259,30.789473684210527
28.0,859,34573118,30.678571428571427
45.0,1113,34574231,24.733333333333334
16.0,458,34574689,28.625
14.0,356,34575045,25.428571428571427
15.0,478,34575523,31.866666666666667
12.0,294,34575817,24.5
31.0,980,34576797,31.612903225806452
28.0,955,34577752,34.107142857142854
28.0,716,34578468,25.571428571428573
14.0,365,34578833,26.071428571428573
35.0,1118,34579951,31.942857142857143
20.0,574,34580525,28.7
31.0,901,34581426,29.06451612903226
39.0,1202,34582628,30.82051282051282
29.0,1050,34583678,36.206896551724135
27.0,895,34584573,33.148148148148145
34.0,976,34585549,28.705882352941178
47.0,1722,34587271,36.638297872340424
27.0,849,34588120,31.444444444444443
36.0,1140,34589260,31.666666666666668
18.0,634,34589894,35.22222222222222
52.0,1481,34591375,28.48076923076923
18.0,488,34591863,27.11111111111111
36.0,1288,34593151,35.77777777777778
19.0,693,34593844,36.473684210526315
21.0,661,34594505,31.476190476190474
27.0,767,34595272,28.40740740740741
21.0,488,34595760,23.238095238095237
46.0,1127,34596887,24.5
30.0,806,34597693,26.866666666666667
25.0,859,34598552,34.36
18.0,590,34599142,32.77777777777778
28.0,880,34600022,31.428571428571427
35.0,1258,34601280,35.94285714285714
26.0,752,34602032,28.923076923076923
10.0,229,34602261,22.9
30.0,1103,34603364,36.766666666666666
21.0,551,34603915,26.238095238095237
33.0,1020,34604935,30.90909090909091
18.0,459,34605394,25.5
29.0,754,34606148,26.0
43.0,1295,34607443,30.11627906976744
19.0,518,34607961,27.263157894736842
14.0,385,34608346,27.5
35.0,1144,34609490,32.68571428571428
32.0,978,34610468,30.5625
28.0,828,34611296,29.571428571428573
38.0,1244,34612540,32.73684210526316
18.0,520,34613060,28.88888888888889
29.0,1032,34614092,35.58620689655172
39.0,1502,34615594,38.51282051282051
26.0,813,34616407,31.26923076923077
47.0,1837,34618244,39.08510638297872
39.0,1256,34619500,32.205128205128204
27.0,760,34620260,28.14814814814815
15.0,337,34620597,22.466666666666665
49.0,1508,34622105,30.775510204081634
22.0,595,34622700,27.045454545454547
22.0,627,34623327,28.5
26.0,729,34624056,28.03846153846154
32.0,994,34625050,31.0625
45.0,1336,34626386,29.68888888888889
23.0,698,34627084,30.347826086956523
33.0,855,34627939,25.90909090909091
34.0,1116,34629055,32.8235294117647
30.0,812,34629867,27.066666666666666
23.0,683,34630550,29.695652173913043
37.0,1121,34631671,30.2972972972973
25.0,578,34632249,23.12
20.0,595,34632844,29.75
51.0,1879,34634723,36.84313725490196
24.0,774,34635497,32.25
48.0,1454,34636951,30.291666666666668
10.0,379,34637330,37.9
21.0,515,34637845,24.523809523809526
39.0,1160,34639005,29.743589743589745
43.0,1461,34640466,33.97674418604651
21.0,579,34641045,27.571428571428573
37.0,1203,34642248,32.513513513513516
39.0,1261,34643509,32.333333333333336
25.0,721,34644230,28.84
36.0,1052,34645282,29.22222222222222
20.0,506,34645788,25.3
37.0,1127,34646915,30.45945945945946
35.0,1047,34647962,29.914285714285715
43.0,1592,34649554,37.02325581395349
25.0,741,34650295,29.64
24.0,834,34651129,34.75
24.0,872,34652001,36.333333333333336
35.0,1097,34653098,31.34285714285714
19.0,602,34653700,31.68421052631579
38.0,1314,34655014,34.578947368421055
35.0,981,34655995,28.02857142857143
21.0,431,34656426,20.523809523809526
35.0,947,34657373,27.057142857142857
21.0,623,34657996,29.666666666666668
30.0,905,34658901,30.166666666666668
42.0,1391,34660292,33.11904761904762
34.0,990,34661282,29.11764705882353
35.0,1232,34662514,35.2
15.0,369,34662883,24.6
22.0,622,34663505,28.272727272727273
28.0,757,34664262,27.035714285714285
33.0,906,34665168,27.454545454545453
42.0,1368,34666536,32.57142857142857
36.0,1119,34667655,31.083333333333332
31.0,985,34668640,31.774193548387096
30.0,750,34669390,25.0
39.0,1243,34670633,31.871794871794872
18.0,401,34671034,22.27777777777778
29.0,851,34671885,29.344827586206897
36.0,1192,34673077,33.111111111111114
19.0,504,34673581,26.526315789473685
25.0,628,34674209,25.12
38.0,1211,34675420,31.86842105263158
24.0,684,34676104,28.5
28.0,915,34677019,32.67857142857143
13.0,382,34677401,29.384615384615383
39.0,1429,34678830,36.64102564102564
16.0,507,34679337,31.6875
42.0,1735,34681072,41.30952380952381
28.0,854,34681926,30.5
30.0,861,34682787,28.7
21.0,590,34683377,28.095238095238095
35.0,1093,34684470,31.228571428571428
36.0,1195,34685665,33.19444444444444
31.0,837,34686502,27.0
32.0,1073,34687575,33.53125
22.0,627,34688202,28.5
9.0,217,34688419,24.11111111111111
42.0,1674,34690093,39.857142857142854
38.0,1446,34691539,38.05263157894737
23.0,608,34692147,26.434782608695652
35.0,1217,34693364,34.77142857142857
22.0,459,34693823,20.863636363636363
50.0,1860,34695683,37.2
35.0,1143,34696826,32.65714285714286
28.0,629,34697455,22.464285714285715
38.0,1244,34698699,32.73684210526316
41.0,1144,34699843,27.902439024390244
21.0,488,34700331,23.238095238095237
16.0,565,34700896,35.3125
30.0,773,34701669,25.766666666666666
50.0,1576,34703245,31.52
33.0,987,34704232,29.90909090909091
44.0,1104,34705336,25.09090909090909
20.0,548,34705884,27.4
15.0,446,34706330,29.733333333333334
28.0,702,34707032,25.071428571428573
16.0,391,34707423,24.4375
49.0,1636,34709059,33.38775510204081
48.0,1670,34710729,34.791666666666664
38.0,1011,34711740,26.605263157894736
39.0,1042,34712782,26.71794871794872
19.0,442,34713224,23.263157894736842
19.0,617,34713841,32.473684210526315
28.0,854,34714695,30.5
21.0,548,34715243,26.095238095238095
19.0,606,34715849,31.894736842105264
38.0,1328,34717177,34.94736842105263
26.0,814,34717991,31.307692307692307
35.0,1188,34719179,33.94285714285714
28.0,647,34719826,23.107142857142858
13.0,481,34720307,37.0
8.0,165,34720472,20.625
45.0,1639,34722111,36.422222222222224
18.0,579,34722690,32.166666666666664
22.0,752,34723442,34.18181818181818
42.0,1307,34724749,31.11904761904762
29.0,867,34725616,29.896551724137932
43.0,1487,34727103,34.58139534883721
41.0,1527,34728630,37.24390243902439
36.0,1222,34729852,33.94444444444444
52.0,1820,34731672,35.0
27.0,584,34732256,21.62962962962963
27.0,767,34733023,28.40740740740741
41.0,1292,34734315,31.51219512195122
35.0,1031,34735346,29.457142857142856
25.0,572,34735918,22.88
30.0,998,34736916,33.266666666666666
31.0,1003,34737919,32.354838709677416
30.0,815,34738734,27.166666666666668
32.0,836,34739570,26.125
21.0,634,34740204,30.19047619047619
16.0,303,34740507,18.9375
20.0,536,34741043,26.8
26.0,638,34741681,24.53846153846154
36.0,1174,34742855,32.611111111111114
31.0,831,34743686,26.806451612903224
39.0,1190,34744876,30.512820512820515
28.0,888,34745764,31.714285714285715
49.0,1616,34747380,32.97959183673469
28.0,771,34748151,27.535714285714285
30.0,1014,34749165,33.8
18.0,600,34749765,33.333333333333336
25.0,926,34750691,37.04
34.0,1174,34751865,34.529411764705884
24.0,682,34752547,28.416666666666668
25.0,766,34753313,30.64
27.0,1009,34754322,37.370370370370374
18.0,472,34754794,26.22222222222222
12.0,349,34755143,29.083333333333332
7.0,243,34755386,34.714285714285715
39.0,1219,34756605,31.256410256410255
35.0,845,34757450,24.142857142857142
29.0,1041,34758491,35.89655172413793
37.0,982,34759473,26.54054054054054
39.0,1172,34760645,30.05128205128205
15.0,407,34761052,27.133333333333333
43.0,1831,34762883,42.58139534883721
62.0,1772,34764655,28.580645161290324
33.0,872,34765527,26.424242424242426
30.0,887,34766414,29.566666666666666
25.0,779,34767193,31.16
1.0,35,34767228,35.0
26.0,794,34768022,30.53846153846154
27.0,644,34768666,23.85185185185185
15.0,259,34768925,17.266666666666666
31.0,961,34769886,31.0
24.0,683,34770569,28.458333333333332
21.0,555,34771124,26.428571428571427
21.0,457,34771581,21.761904761904763
27.0,575,34772156,21.296296296296298
28.0,889,34773045,31.75
16.0,519,34773564,32.4375
28.0,891,34774455,31.821428571428573
28.0,895,34775350,31.964285714285715
42.0,1410,34776760,33.57142857142857
28.0,938,34777698,33.5
15.0,408,34778106,27.2
12.0,288,34778394,24.0
39.0,1453,34779847,37.256410256410255
16.0,530,34780377,33.125
19.0,519,34780896,27.31578947368421
36.0,1064,34781960,29.555555555555557
42.0,1089,34783049,25.928571428571427
27.0,802,34783851,29.703703703703702
51.0,2021,34785872,39.627450980392155
17.0,535,34786407,31.470588235294116
33.0,1211,34787618,36.696969696969695
25.0,767,34788385,30.68
32.0,840,34789225,26.25
29.0,831,34790056,28.655172413793103
19.0,477,34790533,25.105263157894736
42.0,1191,34791724,28.357142857142858
29.0,780,34792504,26.896551724137932
32.0,1074,34793578,33.5625
59.0,2159,34795737,36.59322033898305
39.0,1090,34796827,27.94871794871795
24.0,775,34797602,32.291666666666664
49.0,1991,34799593,40.63265306122449
37.0,1027,34800620,27.756756756756758
23.0,942,34801562,40.95652173913044
21.0,608,34802170,28.952380952380953
42.0,1273,34803443,30.30952380952381
25.0,800,34804243,32.0
45.0,1584,34805827,35.2
33.0,929,34806756,28.151515151515152
26.0,869,34807625,33.42307692307692
33.0,1043,34808668,31.606060606060606
4.0,106,34808774,26.5
38.0,1347,34810121,35.44736842105263
25.0,808,34810929,32.32
27.0,832,34811761,30.814814814814813
20.0,613,34812374,30.65
32.0,1035,34813409,32.34375
14.0,581,34813990,41.5
29.0,863,34814853,29.75862068965517
24.0,661,34815514,27.541666666666668
28.0,911,34816425,32.535714285714285
40.0,1460,34817885,36.5
27.0,1037,34818922,38.407407407407405
51.0,1475,34820397,28.92156862745098
19.0,507,34820904,26.68421052631579
46.0,1445,34822349,31.41304347826087
36.0,964,34823313,26.77777777777778
26.0,813,34824126,31.26923076923077
35.0,1272,34825398,36.34285714285714
25.0,795,34826193,31.8
26.0,813,34827006,31.26923076923077
38.0,1451,34828457,38.18421052631579
28.0,792,34829249,28.285714285714285
40.0,1332,34830581,33.3
46.0,1657,34832238,36.02173913043478
32.0,720,34832958,22.5
27.0,1005,34833963,37.22222222222222
28.0,995,34834958,35.535714285714285
25.0,710,34835668,28.4
38.0,1268,34836936,33.36842105263158
26.0,745,34837681,28.653846153846153
35.0,1098,34838779,31.37142857142857
26.0,803,34839582,30.884615384615383
11.0,304,34839886,27.636363636363637
41.0,1365,34841251,33.292682926829265
32.0,1202,34842453,37.5625
29.0,1002,34843455,34.55172413793103
37.0,1164,34844619,31.45945945945946
39.0,1117,34845736,28.641025641025642
16.0,464,34846200,29.0
34.0,998,34847198,29.352941176470587
45.0,1384,34848582,30.755555555555556
39.0,1132,34849714,29.025641025641026
26.0,753,34850467,28.96153846153846
18.0,460,34850927,25.555555555555557
40.0,1249,34852176,31.225
28.0,882,34853058,31.5
11.0,262,34853320,23.818181818181817
36.0,1092,34854412,30.333333333333332
19.0,533,34854945,28.05263157894737
49.0,1524,34856469,31.102040816326532
18.0,473,34856942,26.27777777777778
43.0,1281,34858223,29.790697674418606
34.0,874,34859097,25.705882352941178
40.0,1364,34860461,34.1
22.0,571,34861032,25.954545454545453
18.0,342,34861374,19.0
29.0,1080,34862454,37.241379310344826
9.0,266,34862720,29.555555555555557
11.0,305,34863025,27.727272727272727
45.0,1286,34864311,28.57777777777778
39.0,1318,34865629,33.794871794871796
35.0,1098,34866727,31.37142857142857
27.0,750,34867477,27.77777777777778
16.0,364,34867841,22.75
32.0,1017,34868858,31.78125
35.0,998,34869856,28.514285714285716
45.0,1578,34871434,35.06666666666667
43.0,1248,34872682,29.023255813953487
41.0,1570,34874252,38.292682926829265
15.0,449,34874701,29.933333333333334
29.0,772,34875473,26.620689655172413
35.0,1055,34876528,30.142857142857142
31.0,794,34877322,25.612903225806452
49.0,1480,34878802,30.20408163265306
13.0,268,34879070,20.615384615384617
51.0,1960,34881030,38.431372549019606
44.0,1565,34882595,35.56818181818182
33.0,1211,34883806,36.696969696969695
24.0,877,34884683,36.541666666666664
36.0,1352,34886035,37.55555555555556
33.0,1159,34887194,35.121212121212125
32.0,912,34888106,28.5
12.0,255,34888361,21.25
28.0,925,34889286,33.035714285714285
47.0,1387,34890673,29.51063829787234
43.0,1573,34892246,36.58139534883721
37.0,1033,34893279,27.91891891891892
35.0,1206,34894485,34.457142857142856
31.0,742,34895227,23.93548387096774
10.0,283,34895510,28.3
38.0,1265,34896775,33.28947368421053
31.0,998,34897773,32.193548387096776
33.0,881,34898654,26.696969696969695
40.0,1280,34899934,32.0
34.0,1135,34901069,33.38235294117647
39.0,1280,34902349,32.82051282051282
18.0,426,34902775,23.666666666666668
25.0,971,34903746,38.84
21.0,525,34904271,25.0
38.0,1200,34905471,31.57894736842105
32.0,1032,34906503,32.25
36.0,1305,34907808,36.25
44.0,1503,34909311,34.15909090909091
36.0,1128,34910439,31.333333333333332
42.0,1282,34911721,30.523809523809526
16.0,511,34912232,31.9375
29.0,855,34913087,29.482758620689655
37.0,1029,34914116,27.81081081081081
43.0,1103,34915219,25.651162790697676
38.0,1249,34916468,32.86842105263158
40.0,1052,34917520,26.3
34.0,1062,34918582,31.235294117647058
24.0,908,34919490,37.833333333333336
13.0,453,34919943,34.84615384615385
34.0,1125,34921068,33.088235294117645
40.0,1107,34922175,27.675
30.0,964,34923139,32.13333333333333
43.0,1421,34924560,33.04651162790697
36.0,1013,34925573,28.13888888888889
34.0,967,34926540,28.441176470588236
43.0,1607,34928147,37.372093023255815
28.0,848,34928995,30.285714285714285
33.0,1242,34930237,37.63636363636363
32.0,943,34931180,29.46875
42.0,1158,34932338,27.571428571428573
25.0,675,34933013,27.0
12.0,311,34933324,25.916666666666668
45.0,1454,34934778,32.31111111111111
33.0,1015,34935793,30.757575757575758
31.0,1205,34936998,38.87096774193548
13.0,491,34937489,37.76923076923077
23.0,642,34938131,27.91304347826087
43.0,1405,34939536,32.674418604651166
39.0,1254,34940790,32.15384615384615
4.0,122,34940912,30.5
30.0,782,34941694,26.066666666666666
24.0,676,34942370,28.166666666666668
23.0,885,34943255,38.47826086956522
32.0,787,34944042,24.59375
23.0,701,34944743,30.47826086956522
42.0,1378,34946121,32.80952380952381
32.0,1039,34947160,32.46875
33.0,1114,34948274,33.75757575757576
24.0,786,34949060,32.75
23.0,599,34949659,26.043478260869566
41.0,1227,34950886,29.926829268292682
31.0,789,34951675,25.451612903225808
35.0,1047,34952722,29.914285714285715
37.0,1178,34953900,31.83783783783784
28.0,776,34954676,27.714285714285715
29.0,969,34955645,33.41379310344828
32.0,1113,34956758,34.78125
22.0,607,34957365,27.59090909090909
32.0,1088,34958453,34.0
22.0,526,34958979,23.90909090909091
35.0,1121,34960100,32.02857142857143
32.0,1090,34961190,34.0625
39.0,1047,34962237,26.846153846153847
19.0,488,34962725,25.68421052631579
31.0,813,34963538,26.225806451612904
25.0,859,34964397,34.36
10.0,239,34964636,23.9
25.0,923,34965559,36.92
14.0,490,34966049,35.0
38.0,1152,34967201,30.31578947368421
23.0,688,34967889,29.91304347826087
29.0,933,34968822,32.172413793103445
8.0,185,34969007,23.125
6.0,196,34969203,32.666666666666664
23.0,648,34969851,28.17391304347826
25.0,661,34970512,26.44
19.0,545,34971057,28.68421052631579
23.0,809,34971866,35.17391304347826
44.0,1175,34973041,26.704545454545453
15.0,345,34973386,23.0
21.0,616,34974002,29.333333333333332
39.0,1220,34975222,31.28205128205128
20.0,546,34975768,27.3
35.0,1046,34976814,29.885714285714286
37.0,1197,34978011,32.351351351351354
24.0,532,34978543,22.166666666666668
49.0,1432,34979975,29.224489795918366
14.0,307,34980282,21.928571428571427
41.0,1169,34981451,28.51219512195122
35.0,1120,34982571,32.0
34.0,1143,34983714,33.61764705882353
48.0,1473,34985187,30.6875
43.0,1493,34986680,34.72093023255814
23.0,688,34987368,29.91304347826087
22.0,612,34987980,27.818181818181817
8.0,224,34988204,28.0
28.0,928,34989132,33.142857142857146
44.0,1466,34990598,33.31818181818182
11.0,301,34990899,27.363636363636363
35.0,840,34991739,24.0
30.0,1156,34992895,38.53333333333333
31.0,920,34993815,29.677419354838708
32.0,973,34994788,30.40625
27.0,901,34995689,33.370370370370374
5.0,175,34995864,35.0
24.0,568,34996432,23.666666666666668
14.0,402,34996834,28.714285714285715
44.0,1428,34998262,32.45454545454545
34.0,1038,34999300,30.529411764705884
41.0,1525,35000825,37.19512195121951
31.0,750,35001575,24.193548387096776
28.0,696,35002271,24.857142857142858
48.0,1687,35003958,35.145833333333336
16.0,464,35004422,29.0
27.0,758,35005180,28.074074074074073
30.0,904,35006084,30.133333333333333
17.0,544,35006628,32.0
33.0,782,35007410,23.696969696969695
10.0,382,35007792,38.2
50.0,2098,35009890,41.96
19.0,532,35010422,28.0
21.0,486,35010908,23.142857142857142
30.0,986,35011894,32.86666666666667
48.0,1574,35013468,32.791666666666664
42.0,1364,35014832,32.476190476190474
20.0,559,35015391,27.95
48.0,1854,35017245,38.625
29.0,833,35018078,28.724137931034484
20.0,673,35018751,33.65
32.0,1019,35019770,31.84375
44.0,1355,35021125,30.795454545454547
22.0,690,35021815,31.363636363636363
22.0,734,35022549,33.36363636363637
37.0,1141,35023690,30.83783783783784
35.0,1186,35024876,33.885714285714286
43.0,1369,35026245,31.837209302325583
26.0,790,35027035,30.384615384615383
42.0,1144,35028179,27.238095238095237
47.0,1719,35029898,36.57446808510638
31.0,804,35030702,25.93548387096774
43.0,1206,35031908,28.046511627906977
24.0,584,35032492,24.333333333333332
40.0,1196,35033688,29.9
28.0,832,35034520,29.714285714285715
60.0,2083,35036603,34.71666666666667
11.0,368,35036971,33.45454545454545
29.0,733,35037704,25.275862068965516
16.0,478,35038182,29.875
44.0,1337,35039519,30.386363636363637
44.0,1367,35040886,31.068181818181817
36.0,1114,35042000,30.944444444444443
27.0,849,35042849,31.444444444444443
37.0,1237,35044086,33.432432432432435
30.0,891,35044977,29.7
25.0,670,35045647,26.8
27.0,840,35046487,31.11111111111111
41.0,1218,35047705,29.70731707317073
25.0,814,35048519,32.56
42.0,1408,35049927,33.523809523809526
26.0,776,35050703,29.846153846153847
27.0,508,35051211,18.814814814814813
31.0,1036,35052247,33.41935483870968
28.0,732,35052979,26.142857142857142
33.0,1022,35054001,30.96969696969697
22.0,635,35054636,28.863636363636363
35.0,1007,35055643,28.771428571428572
56.0,1710,35057353,30.535714285714285
15.0,478,35057831,31.866666666666667
19.0,590,35058421,31.05263157894737
8.0,253,35058674,31.625
27.0,856,35059530,31.703703703703702
18.0,600,35060130,33.333333333333336
36.0,1006,35061136,27.944444444444443
25.0,779,35061915,31.16
29.0,770,35062685,26.551724137931036
35.0,1252,35063937,35.77142857142857
19.0,657,35064594,34.578947368421055
38.0,1170,35065764,30.789473684210527
18.0,474,35066238,26.333333333333332
27.0,701,35066939,25.962962962962962
14.0,320,35067259,22.857142857142858
43.0,1715,35068974,39.883720930232556
27.0,795,35069769,29.444444444444443
20.0,504,35070273,25.2
27.0,864,35071137,32.0
24.0,748,35071885,31.166666666666668
42.0,1388,35073273,33.04761904761905
25.0,863,35074136,34.52
24.0,638,35074774,26.583333333333332
35.0,1234,35076008,35.25714285714286
22.0,656,35076664,29.818181818181817
17.0,522,35077186,30.705882352941178
39.0,977,35078163,25.05128205128205
14.0,317,35078480,22.642857142857142
22.0,708,35079188,32.18181818181818
38.0,1547,35080735,40.71052631578947
9.0,309,35081044,34.333333333333336
27.0,784,35081828,29.037037037037038
13.0,329,35082157,25.307692307692307
49.0,1555,35083712,31.73469387755102
38.0,894,35084606,23.526315789473685
46.0,1464,35086070,31.82608695652174
28.0,829,35086899,29.607142857142858
42.0,1278,35088177,30.428571428571427
29.0,762,35088939,26.275862068965516
25.0,647,35089586,25.88
32.0,919,35090505,28.71875
32.0,905,35091410,28.28125
40.0,1319,35092729,32.975
22.0,733,35093462,33.31818181818182
20.0,651,35094113,32.55
35.0,1019,35095132,29.114285714285714
47.0,1573,35096705,33.46808510638298
9.0,225,35096930,25.0
49.0,1690,35098620,34.48979591836735
47.0,1367,35099987,29.085106382978722
38.0,1232,35101219,32.421052631578945
47.0,1569,35102788,33.38297872340426
17.0,424,35103212,24.941176470588236
18.0,621,35103833,34.5
24.0,491,35104324,20.458333333333332
41.0,1125,35105449,27.4390243902439
22.0,630,35106079,28.636363636363637
30.0,861,35106940,28.7
49.0,1780,35108720,36.326530612244895
28.0,738,35109458,26.357142857142858
35.0,1145,35110603,32.714285714285715
39.0,929,35111532,23.82051282051282
15.0,342,35111874,22.8
36.0,1045,35112919,29.02777777777778
30.0,1076,35113995,35.86666666666667
42.0,1246,35115241,29.666666666666668
36.0,1122,35116363,31.166666666666668
37.0,1593,35117956,43.054054054054056
40.0,1361,35119317,34.025
20.0,516,35119833,25.8
11.0,375,35120208,34.09090909090909
2.0,30,35120238,15.0
25.0,496,35120734,19.84
14.0,371,35121105,26.5
17.0,469,35121574,27.58823529411765
39.0,1249,35122823,32.02564102564103
6.0,129,35122952,21.5
28.0,1036,35123988,37.0
35.0,1294,35125282,36.97142857142857
33.0,1084,35126366,32.84848484848485
30.0,1067,35127433,35.56666666666667
26.0,645,35128078,24.807692307692307
30.0,897,35128975,29.9
4.0,108,35129083,27.0
45.0,1295,35130378,28.77777777777778
29.0,1023,35131401,35.275862068965516
5.0,122,35131523,24.4
24.0,715,35132238,29.791666666666668
42.0,1137,35133375,27.071428571428573
26.0,883,35134258,33.96153846153846
15.0,404,35134662,26.933333333333334
22.0,643,35135305,29.227272727272727
31.0,1148,35136453,37.03225806451613
20.0,547,35137000,27.35
29.0,915,35137915,31.551724137931036
34.0,910,35138825,26.764705882352942
25.0,684,35139509,27.36
24.0,794,35140303,33.083333333333336
13.0,318,35140621,24.46153846153846
38.0,1198,35141819,31.526315789473685
32.0,1129,35142948,35.28125
30.0,849,35143797,28.3
29.0,888,35144685,30.620689655172413
29.0,1061,35145746,36.58620689655172
27.0,852,35146598,31.555555555555557
35.0,1010,35147608,28.857142857142858
44.0,1364,35148972,31.0
25.0,749,35149721,29.96
27.0,747,35150468,27.666666666666668
44.0,1347,35151815,30.613636363636363
28.0,993,35152808,35.464285714285715
26.0,918,35153726,35.30769230769231
21.0,619,35154345,29.476190476190474
44.0,1649,35155994,37.47727272727273
39.0,1333,35157327,34.17948717948718
20.0,429,35157756,21.45
28.0,794,35158550,28.357142857142858
33.0,931,35159481,28.21212121212121
37.0,1338,35160819,36.16216216216216
30.0,963,35161782,32.1
41.0,1491,35163273,36.36585365853659
27.0,769,35164042,28.48148148148148
24.0,682,35164724,28.416666666666668
39.0,1241,35165965,31.82051282051282
14.0,331,35166296,23.642857142857142
10.0,388,35166684,38.8
31.0,793,35167477,25.580645161290324
28.0,776,35168253,27.714285714285715
35.0,1194,35169447,34.114285714285714
35.0,1026,35170473,29.314285714285713
12.0,355,35170828,29.583333333333332
30.0,959,35171787,31.966666666666665
47.0,1390,35173177,29.574468085106382
48.0,1241,35174418,25.854166666666668
41.0,1181,35175599,28.804878048780488
25.0,674,35176273,26.96
32.0,861,35177134,26.90625
26.0,816,35177950,31.384615384615383
54.0,1878,35179828,34.77777777777778
46.0,1434,35181262,31.17391304347826
28.0,800,35182062,28.571428571428573
14.0,478,35182540,34.142857142857146
40.0,1213,35183753,30.325
35.0,928,35184681,26.514285714285716
37.0,1131,35185812,30.56756756756757
24.0,735,35186547,30.625
36.0,956,35187503,26.555555555555557
35.0,1159,35188662,33.114285714285714
16.0,448,35189110,28.0
18.0,579,35189689,32.166666666666664
29.0,807,35190496,27.82758620689655
46.0,1309,35191805,28.456521739130434
42.0,1332,35193137,31.714285714285715
18.0,412,35193549,22.88888888888889
33.0,1032,35194581,31.272727272727273
28.0,889,35195470,31.75
28.0,760,35196230,27.142857142857142
42.0,1323,35197553,31.5
24.0,728,35198281,30.333333333333332
20.0,650,35198931,32.5
20.0,571,35199502,28.55
26.0,719,35200221,27.653846153846153
27.0,845,35201066,31.296296296296298
24.0,699,35201765,29.125
45.0,1666,35203431,37.022222222222226
49.0,1487,35204918,30.346938775510203
16.0,442,35205360,27.625
32.0,876,35206236,27.375
23.0,764,35207000,33.21739130434783
5.0,111,35207111,22.2
28.0,873,35207984,31.178571428571427
24.0,724,35208708,30.166666666666668
41.0,1128,35209836,27.51219512195122
8.0,242,35210078,30.25
4.0,76,35210154,19.0
35.0,1067,35211221,30.485714285714284
22.0,621,35211842,28.227272727272727
45.0,1433,35213275,31.844444444444445
11.0,256,35213531,23.272727272727273
9.0,218,35213749,24.22222222222222
34.0,970,35214719,28.529411764705884
28.0,783,35215502,27.964285714285715
17.0,668,35216170,39.294117647058826
20.0,659,35216829,32.95
23.0,484,35217313,21.043478260869566
36.0,1046,35218359,29.055555555555557
2.0,81,35218440,40.5
15.0,517,35218957,34.46666666666667
31.0,914,35219871,29.483870967741936
33.0,891,35220762,27.0
22.0,630,35221392,28.636363636363637
8.0,267,35221659,33.375
30.0,864,35222523,28.8
15.0,434,35222957,28.933333333333334
21.0,631,35223588,30.047619047619047
30.0,936,35224524,31.2
4.0,160,35224684,40.0
22.0,522,35225206,23.727272727272727
0.0,13,35225219,inf
0.0,13,35225232,inf
38.0,1169,35226401,30.763157894736842
40.0,1122,35227523,28.05
5.0,193,35227716,38.6
40.0,1118,35228834,27.95
42.0,1092,35229926,26.0
40.0,1278,35231204,31.95
15.0,381,35231585,25.4
43.0,1472,35233057,34.23255813953488
33.0,873,35233930,26.454545454545453
21.0,527,35234457,25.095238095238095
25.0,771,35235228,30.84
29.0,764,35235992,26.344827586206897
15.0,458,35236450,30.533333333333335
16.0,498,35236948,31.125
27.0,725,35237673,26.85185185185185
24.0,841,35238514,35.041666666666664
17.0,510,35239024,30.0
30.0,766,35239790,25.533333333333335
15.0,416,35240206,27.733333333333334
30.0,871,35241077,29.033333333333335
43.0,1572,35242649,36.55813953488372
37.0,1063,35243712,28.72972972972973
18.0,412,35244124,22.88888888888889
11.0,294,35244418,26.727272727272727
21.0,629,35245047,29.952380952380953
38.0,1240,35246287,32.63157894736842
17.0,617,35246904,36.294117647058826
28.0,839,35247743,29.964285714285715
32.0,926,35248669,28.9375
25.0,828,35249497,33.12
13.0,335,35249832,25.76923076923077
36.0,1247,35251079,34.638888888888886
35.0,1188,35252267,33.94285714285714
42.0,1265,35253532,30.11904761904762
22.0,739,35254271,33.59090909090909
21.0,615,35254886,29.285714285714285
20.0,445,35255331,22.25
23.0,682,35256013,29.652173913043477
36.0,1018,35257031,28.27777777777778
22.0,679,35257710,30.863636363636363
33.0,1090,35258800,33.03030303030303
44.0,1285,35260085,29.204545454545453
36.0,1329,35261414,36.916666666666664
38.0,1213,35262627,31.92105263157895
30.0,907,35263534,30.233333333333334
36.0,1001,35264535,27.805555555555557
41.0,1338,35265873,32.63414634146341
36.0,1219,35267092,33.861111111111114
39.0,1169,35268261,29.974358974358974
31.0,955,35269216,30.806451612903224
27.0,825,35270041,30.555555555555557
58.0,1969,35272010,33.94827586206897
33.0,880,35272890,26.666666666666668
31.0,1096,35273986,35.354838709677416
22.0,624,35274610,28.363636363636363
30.0,1082,35275692,36.06666666666667
43.0,1389,35277081,32.30232558139535
30.0,940,35278021,31.333333333333332
51.0,1973,35279994,38.68627450980392
41.0,1580,35281574,38.53658536585366
37.0,1278,35282852,34.54054054054054
30.0,771,35283623,25.7
29.0,979,35284602,33.758620689655174
35.0,1238,35285840,35.371428571428574
36.0,1122,35286962,31.166666666666668
29.0,1070,35288032,36.89655172413793
29.0,920,35288952,31.724137931034484
8.0,202,35289154,25.25
16.0,491,35289645,30.6875
16.0,337,35289982,21.0625
39.0,1199,35291181,30.743589743589745
20.0,590,35291771,29.5
50.0,1448,35293219,28.96
16.0,474,35293693,29.625
40.0,1196,35294889,29.9
44.0,1452,35296341,33.0
23.0,579,35296920,25.17391304347826
36.0,1358,35298278,37.72222222222222
36.0,1078,35299356,29.944444444444443
28.0,858,35300214,30.642857142857142
40.0,1288,35301502,32.2
23.0,648,35302150,28.17391304347826
31.0,1017,35303167,32.806451612903224
23.0,749,35303916,32.56521739130435
22.0,746,35304662,33.90909090909091
29.0,933,35305595,32.172413793103445
30.0,1051,35306646,35.03333333333333
26.0,665,35307311,25.576923076923077
26.0,901,35308212,34.65384615384615
35.0,1097,35309309,31.34285714285714
22.0,619,35309928,28.136363636363637
34.0,1050,35310978,30.88235294117647
34.0,1127,35312105,33.14705882352941
4.0,123,35312228,30.75
38.0,1267,35313495,33.3421052631579
24.0,790,35314285,32.916666666666664
21.0,547,35314832,26.047619047619047
21.0,662,35315494,31.523809523809526
25.0,876,35316370,35.04
29.0,1016,35317386,35.03448275862069
40.0,1227,35318613,30.675
30.0,978,35319591,32.6
29.0,631,35320222,21.75862068965517
36.0,1290,35321512,35.833333333333336
25.0,628,35322140,25.12
18.0,552,35322692,30.666666666666668
46.0,1370,35324062,29.782608695652176
39.0,1126,35325188,28.871794871794872
8.0,230,35325418,28.75
10.0,253,35325671,25.3
29.0,710,35326381,24.482758620689655
41.0,1297,35327678,31.634146341463413
7.0,242,35327920,34.57142857142857
30.0,1032,35328952,34.4
14.0,330,35329282,23.571428571428573
32.0,967,35330249,30.21875
27.0,806,35331055,29.85185185185185
21.0,588,35331643,28.0
50.0,1572,35333215,31.44
28.0,773,35333988,27.607142857142858
23.0,594,35334582,25.82608695652174
38.0,1212,35335794,31.894736842105264
27.0,800,35336594,29.62962962962963
16.0,502,35337096,31.375
17.0,439,35337535,25.823529411764707
40.0,1284,35338819,32.1
14.0,472,35339291,33.714285714285715
39.0,1171,35340462,30.025641025641026
22.0,499,35340961,22.681818181818183
41.0,1202,35342163,29.317073170731707
24.0,510,35342673,21.25
28.0,872,35343545,31.142857142857142
38.0,1321,35344866,34.76315789473684
33.0,1113,35345979,33.72727272727273
30.0,1175,35347154,39.166666666666664
38.0,1237,35348391,32.55263157894737
40.0,1425,35349816,35.625
41.0,1089,35350905,26.5609756097561
46.0,1368,35352273,29.73913043478261
35.0,1155,35353428,33.0
30.0,824,35354252,27.466666666666665
17.0,602,35354854,35.411764705882355
25.0,729,35355583,29.16
38.0,1355,35356938,35.6578947368421
20.0,748,35357686,37.4
18.0,445,35358131,24.72222222222222
24.0,577,35358708,24.041666666666668
31.0,847,35359555,27.322580645161292
30.0,831,35360386,27.7
43.0,1361,35361747,31.651162790697676
46.0,1391,35363138,30.23913043478261
44.0,1335,35364473,30.34090909090909
11.0,297,35364770,27.0
27.0,631,35365401,23.37037037037037
34.0,1101,35366502,32.38235294117647
15.0,562,35367064,37.46666666666667
23.0,626,35367690,27.217391304347824
16.0,447,35368137,27.9375
14.0,486,35368623,34.714285714285715
24.0,668,35369291,27.833333333333332
26.0,911,35370202,35.03846153846154
27.0,819,35371021,30.333333333333332
18.0,442,35371463,24.555555555555557
35.0,1346,35372809,38.457142857142856
31.0,623,35373432,20.096774193548388
26.0,816,35374248,31.384615384615383
24.0,716,35374964,29.833333333333332
25.0,692,35375656,27.68
38.0,1144,35376800,30.105263157894736
32.0,986,35377786,30.8125
31.0,948,35378734,30.580645161290324
45.0,1862,35380596,41.37777777777778
23.0,646,35381242,28.08695652173913
20.0,617,35381859,30.85
36.0,993,35382852,27.583333333333332
19.0,600,35383452,31.57894736842105
31.0,883,35384335,28.483870967741936
28.0,880,35385215,31.428571428571427
33.0,1057,35386272,32.03030303030303
18.0,571,35386843,31.72222222222222
32.0,1032,35387875,32.25
35.0,1172,35389047,33.48571428571429
37.0,1295,35390342,35.0
37.0,981,35391323,26.513513513513512
34.0,979,35392302,28.794117647058822
20.0,597,35392899,29.85
32.0,884,35393783,27.625
13.0,417,35394200,32.07692307692308
27.0,718,35394918,26.59259259259259
17.0,570,35395488,33.529411764705884
16.0,388,35395876,24.25
40.0,1143,35397019,28.575
28.0,862,35397881,30.785714285714285
51.0,2170,35400051,42.549019607843135
32.0,885,35400936,27.65625
28.0,892,35401828,31.857142857142858
41.0,1503,35403331,36.65853658536585
48.0,1470,35404801,30.625
16.0,474,35405275,29.625
34.0,972,35406247,28.58823529411765
41.0,1185,35407432,28.902439024390244
43.0,1415,35408847,32.906976744186046
45.0,1461,35410308,32.46666666666667
32.0,999,35411307,31.21875
24.0,569,35411876,23.708333333333332
25.0,684,35412560,27.36
19.0,436,35412996,22.94736842105263
15.0,494,35413490,32.93333333333333
22.0,615,35414105,27.954545454545453
34.0,995,35415100,29.264705882352942
18.0,448,35415548,24.88888888888889
24.0,758,35416306,31.583333333333332
52.0,1854,35418160,35.65384615384615
19.0,471,35418631,24.789473684210527
23.0,749,35419380,32.56521739130435
19.0,564,35419944,29.68421052631579
38.0,1318,35421262,34.68421052631579
31.0,722,35421984,23.29032258064516
32.0,1008,35422992,31.5
16.0,400,35423392,25.0
43.0,1252,35424644,29.11627906976744
34.0,883,35425527,25.970588235294116
42.0,1249,35426776,29.738095238095237
20.0,663,35427439,33.15
28.0,720,35428159,25.714285714285715
16.0,540,35428699,33.75
41.0,1157,35429856,28.21951219512195
45.0,1619,35431475,35.977777777777774
34.0,933,35432408,27.441176470588236
31.0,1067,35433475,34.41935483870968
20.0,678,35434153,33.9
38.0,1204,35435357,31.68421052631579
22.0,576,35435933,26.181818181818183
27.0,705,35436638,26.11111111111111
48.0,1426,35438064,29.708333333333332
31.0,971,35439035,31.322580645161292
33.0,1155,35440190,35.0
50.0,1573,35441763,31.46
24.0,607,35442370,25.291666666666668
55.0,1939,35444309,35.25454545454546
27.0,815,35445124,30.185185185185187
28.0,835,35445959,29.821428571428573
27.0,874,35446833,32.370370370370374
26.0,805,35447638,30.96153846153846
48.0,1391,35449029,28.979166666666668
47.0,1431,35450460,30.4468085106383
23.0,555,35451015,24.130434782608695
35.0,1274,35452289,36.4
36.0,973,35453262,27.02777777777778
16.0,367,35453629,22.9375
20.0,497,35454126,24.85
50.0,1815,35455941,36.3
27.0,920,35456861,34.074074074074076
32.0,586,35457447,18.3125
17.0,535,35457982,31.470588235294116
33.0,970,35458952,29.393939393939394
23.0,576,35459528,25.043478260869566
26.0,789,35460317,30.346153846153847
30.0,728,35461045,24.266666666666666
18.0,518,35461563,28.77777777777778
34.0,908,35462471,26.705882352941178
19.0,589,35463060,31.0
42.0,1646,35464706,39.19047619047619
25.0,748,35465454,29.92
26.0,622,35466076,23.923076923076923
41.0,1448,35467524,35.31707317073171
29.0,859,35468383,29.620689655172413
34.0,1251,35469634,36.794117647058826
35.0,1221,35470855,34.885714285714286
28.0,878,35471733,31.357142857142858
17.0,451,35472184,26.529411764705884
31.0,786,35472970,25.35483870967742
43.0,1240,35474210,28.837209302325583
31.0,1125,35475335,36.29032258064516
30.0,807,35476142,26.9
39.0,1012,35477154,25.94871794871795
33.0,949,35478103,28.757575757575758
37.0,1060,35479163,28.64864864864865
39.0,1371,35480534,35.15384615384615
24.0,534,35481068,22.25
19.0,481,35481549,25.31578947368421
27.0,636,35482185,23.555555555555557
30.0,788,35482973,26.266666666666666
23.0,740,35483713,32.17391304347826
38.0,1284,35484997,33.78947368421053
37.0,1271,35486268,34.351351351351354
10.0,251,35486519,25.1
30.0,943,35487462,31.433333333333334
18.0,506,35487968,28.11111111111111
26.0,768,35488736,29.53846153846154
41.0,1485,35490221,36.21951219512195
34.0,1218,35491439,35.8235294117647
22.0,689,35492128,31.318181818181817
27.0,837,35492965,31.0
33.0,1082,35494047,32.78787878787879
30.0,1072,35495119,35.733333333333334
46.0,1224,35496343,26.608695652173914
18.0,497,35496840,27.61111111111111
25.0,664,35497504,26.56
40.0,1518,35499022,37.95
13.0,447,35499469,34.38461538461539
18.0,445,35499914,24.72222222222222
41.0,922,35500836,22.48780487804878
31.0,1000,35501836,32.25806451612903
26.0,651,35502487,25.03846153846154
26.0,779,35503266,29.96153846153846
31.0,1048,35504314,33.806451612903224
22.0,690,35505004,31.363636363636363
34.0,895,35505899,26.323529411764707
31.0,1029,35506928,33.193548387096776
40.0,1360,35508288,34.0
38.0,1030,35509318,27.105263157894736
13.0,304,35509622,23.384615384615383
41.0,1496,35511118,36.48780487804878
37.0,1112,35512230,30.054054054054053
31.0,819,35513049,26.419354838709676
31.0,1074,35514123,34.645161290322584
37.0,1230,35515353,33.24324324324324
24.0,810,35516163,33.75
30.0,776,35516939,25.866666666666667
33.0,1078,35518017,32.666666666666664
28.0,787,35518804,28.107142857142858
39.0,1137,35519941,29.153846153846153
35.0,1131,35521072,32.31428571428572
35.0,982,35522054,28.057142857142857
34.0,876,35522930,25.764705882352942
10.0,233,35523163,23.3
36.0,1329,35524492,36.916666666666664
28.0,764,35525256,27.285714285714285
37.0,1091,35526347,29.486486486486488
22.0,644,35526991,29.272727272727273
33.0,1048,35528039,31.757575757575758
38.0,1307,35529346,34.39473684210526
32.0,1036,35530382,32.375
33.0,1074,35531456,32.54545454545455
53.0,1572,35533028,29.660377358490567
35.0,982,35534010,28.057142857142857
31.0,928,35534938,29.93548387096774
44.0,1151,35536089,26.15909090909091
29.0,769,35536858,26.517241379310345
41.0,1465,35538323,35.73170731707317
10.0,275,35538598,27.5
27.0,869,35539467,32.18518518518518
22.0,690,35540157,31.363636363636363
33.0,1004,35541161,30.424242424242426
46.0,1374,35542535,29.869565217391305
22.0,776,35543311,35.27272727272727
24.0,684,35543995,28.5
29.0,1039,35545034,35.827586206896555
20.0,455,35545489,22.75
27.0,892,35546381,33.03703703703704
29.0,974,35547355,33.58620689655172
24.0,621,35547976,25.875
31.0,969,35548945,31.258064516129032
32.0,979,35549924,30.59375
47.0,1831,35551755,38.95744680851064
20.0,664,35552419,33.2
29.0,879,35553298,30.310344827586206
27.0,984,35554282,36.44444444444444
25.0,692,35554974,27.68
23.0,841,35555815,36.56521739130435
16.0,473,35556288,29.5625
45.0,1400,35557688,31.11111111111111
25.0,586,35558274,23.44
21.0,640,35558914,30.476190476190474
41.0,1365,35560279,33.292682926829265
43.0,1476,35561755,34.325581395348834
45.0,1574,35563329,34.977777777777774
25.0,648,35563977,25.92
32.0,1135,35565112,35.46875
15.0,476,35565588,31.733333333333334
28.0,735,35566323,26.25
29.0,824,35567147,28.413793103448278
30.0,998,35568145,33.266666666666666
25.0,687,35568832,27.48
25.0,705,35569537,28.2
27.0,796,35570333,29.48148148148148
35.0,1310,35571643,37.42857142857143
18.0,466,35572109,25.88888888888889
28.0,753,35572862,26.892857142857142
30.0,902,35573764,30.066666666666666
39.0,1405,35575169,36.02564102564103
1.0,36,35575205,36.0
39.0,1176,35576381,30.153846153846153
53.0,1875,35578256,35.37735849056604
24.0,777,35579033,32.375
42.0,1275,35580308,30.357142857142858
46.0,1525,35581833,33.15217391304348
35.0,988,35582821,28.228571428571428
9.0,174,35582995,19.333333333333332
39.0,1134,35584129,29.076923076923077
17.0,527,35584656,31.0
26.0,759,35585415,29.192307692307693
29.0,831,35586246,28.655172413793103
42.0,1416,35587662,33.714285714285715
25.0,810,35588472,32.4
17.0,617,35589089,36.294117647058826
17.0,371,35589460,21.823529411764707
15.0,583,35590043,38.86666666666667
27.0,861,35590904,31.88888888888889
25.0,729,35591633,29.16
25.0,707,35592340,28.28
7.0,189,35592529,27.0
54.0,1576,35594105,29.185185185185187
27.0,932,35595037,34.51851851851852
47.0,1830,35596867,38.93617021276596
34.0,1135,35598002,33.38235294117647
47.0,1653,35599655,35.170212765957444
51.0,1757,35601412,34.450980392156865
35.0,963,35602375,27.514285714285716
43.0,1188,35603563,27.627906976744185
36.0,1098,35604661,30.5
20.0,602,35605263,30.1
44.0,1494,35606757,33.95454545454545
40.0,1424,35608181,35.6
12.0,302,35608483,25.166666666666668
23.0,706,35609189,30.695652173913043
40.0,1301,35610490,32.525
5.0,77,35610567,15.4
28.0,990,35611557,35.357142857142854
47.0,1572,35613129,33.4468085106383
32.0,843,35613972,26.34375
13.0,305,35614277,23.46153846153846
34.0,1257,35615534,36.970588235294116
26.0,673,35616207,25.884615384615383
21.0,590,35616797,28.095238095238095
39.0,1209,35618006,31.0
30.0,865,35618871,28.833333333333332
44.0,1385,35620256,31.477272727272727
39.0,1278,35621534,32.76923076923077
47.0,1130,35622664,24.04255319148936
22.0,781,35623445,35.5
27.0,1074,35624519,39.77777777777778
27.0,753,35625272,27.88888888888889
45.0,1459,35626731,32.422222222222224
30.0,1062,35627793,35.4
39.0,1217,35629010,31.205128205128204
47.0,1508,35630518,32.08510638297872
31.0,730,35631248,23.548387096774192
38.0,1200,35632448,31.57894736842105
27.0,776,35633224,28.74074074074074
13.0,363,35633587,27.923076923076923
34.0,1125,35634712,33.088235294117645
16.0,314,35635026,19.625
44.0,1429,35636455,32.47727272727273
22.0,663,35637118,30.136363636363637
50.0,1689,35638807,33.78
46.0,1729,35640536,37.58695652173913
33.0,963,35641499,29.181818181818183
27.0,937,35642436,34.7037037037037
28.0,712,35643148,25.428571428571427
37.0,1226,35644374,33.13513513513514
40.0,1413,35645787,35.325
21.0,461,35646248,21.952380952380953
36.0,1068,35647316,29.666666666666668
31.0,972,35648288,31.35483870967742
34.0,1034,35649322,30.41176470588235
22.0,684,35650006,31.09090909090909
32.0,1049,35651055,32.78125
16.0,386,35651441,24.125
33.0,1196,35652637,36.24242424242424
29.0,1175,35653812,40.51724137931034
38.0,1236,35655048,32.526315789473685
29.0,898,35655946,30.96551724137931
37.0,1051,35656997,28.405405405405407
49.0,1543,35658540,31.489795918367346
43.0,1362,35659902,31.674418604651162
27.0,746,35660648,27.62962962962963
18.0,390,35661038,21.666666666666668
25.0,710,35661748,28.4
8.0,169,35661917,21.125
20.0,503,35662420,25.15
28.0,826,35663246,29.5
22.0,618,35663864,28.09090909090909
37.0,983,35664847,26.56756756756757
20.0,673,35665520,33.65
39.0,1187,35666707,30.435897435897434
31.0,997,35667704,32.16129032258065
14.0,420,35668124,30.0
20.0,701,35668825,35.05
24.0,648,35669473,27.0
28.0,831,35670304,29.678571428571427
33.0,1025,35671329,31.060606060606062
44.0,1225,35672554,27.84090909090909
9.0,259,35672813,28.77777777777778
36.0,989,35673802,27.47222222222222
12.0,286,35674088,23.833333333333332
21.0,655,35674743,31.19047619047619
35.0,1019,35675762,29.114285714285714
24.0,646,35676408,26.916666666666668
34.0,1038,35677446,30.529411764705884
36.0,1272,35678718,35.333333333333336
23.0,760,35679478,33.04347826086956
38.0,1250,35680728,32.89473684210526
34.0,1061,35681789,31.205882352941178
40.0,1329,35683118,33.225
28.0,809,35683927,28.892857142857142
28.0,877,35684804,31.321428571428573
18.0,391,35685195,21.72222222222222
17.0,476,35685671,28.0
10.0,336,35686007,33.6
36.0,1248,35687255,34.666666666666664
27.0,861,35688116,31.88888888888889
29.0,903,35689019,31.137931034482758
29.0,809,35689828,27.896551724137932
33.0,1029,35690857,31.181818181818183
48.0,1520,35692377,31.666666666666668
33.0,1033,35693410,31.303030303030305
46.0,1297,35694707,28.195652173913043
40.0,1146,35695853,28.65
28.0,849,35696702,30.321428571428573
27.0,780,35697482,28.88888888888889
26.0,821,35698303,31.576923076923077
33.0,756,35699059,22.90909090909091
25.0,621,35699680,24.84
30.0,706,35700386,23.533333333333335
25.0,681,35701067,27.24
28.0,934,35702001,33.357142857142854
33.0,1122,35703123,34.0
15.0,392,35703515,26.133333333333333
23.0,680,35704195,29.565217391304348
33.0,1097,35705292,33.24242424242424
34.0,1187,35706479,34.911764705882355
24.0,743,35707222,30.958333333333332
36.0,1095,35708317,30.416666666666668
43.0,1419,35709736,33.0
41.0,1183,35710919,28.853658536585368
42.0,1243,35712162,29.595238095238095
20.0,557,35712719,27.85
22.0,586,35713305,26.636363636363637
56.0,1784,35715089,31.857142857142858
24.0,727,35715816,30.291666666666668
25.0,724,35716540,28.96
33.0,1130,35717670,34.24242424242424
21.0,637,35718307,30.333333333333332
36.0,1098,35719405,30.5
33.0,987,35720392,29.90909090909091
24.0,823,35721215,34.291666666666664
22.0,759,35721974,34.5
36.0,1217,35723191,33.80555555555556
51.0,1605,35724796,31.470588235294116
8.0,155,35724951,19.375
18.0,501,35725452,27.833333333333332
45.0,1328,35726780,29.511111111111113
19.0,513,35727293,27.0
15.0,470,35727763,31.333333333333332
30.0,986,35728749,32.86666666666667
19.0,513,35729262,27.0
41.0,1404,35730666,34.24390243902439
22.0,690,35731356,31.363636363636363
34.0,959,35732315,28.205882352941178
26.0,685,35733000,26.346153846153847
38.0,1069,35734069,28.13157894736842
21.0,571,35734640,27.19047619047619
42.0,1332,35735972,31.714285714285715
26.0,815,35736787,31.346153846153847
29.0,655,35737442,22.586206896551722
22.0,758,35738200,34.45454545454545
24.0,753,35738953,31.375
35.0,1046,35739999,29.885714285714286
31.0,985,35740984,31.774193548387096
42.0,1416,35742400,33.714285714285715
35.0,1132,35743532,32.34285714285714
28.0,863,35744395,30.821428571428573
19.0,555,35744950,29.210526315789473
29.0,859,35745809,29.620689655172413
21.0,600,35746409,28.571428571428573
28.0,804,35747213,28.714285714285715
14.0,499,35747712,35.642857142857146
30.0,950,35748662,31.666666666666668
55.0,1713,35750375,31.145454545454545
23.0,751,35751126,32.65217391304348
26.0,490,35751616,18.846153846153847
22.0,499,35752115,22.681818181818183
26.0,572,35752687,22.0
7.0,209,35752896,29.857142857142858
47.0,1344,35754240,28.595744680851062
32.0,1006,35755246,31.4375
13.0,331,35755577,25.46153846153846
18.0,587,35756164,32.611111111111114
28.0,1003,35757167,35.82142857142857
26.0,691,35757858,26.576923076923077
28.0,922,35758780,32.92857142857143
36.0,1118,35759898,31.055555555555557
6.0,203,35760101,33.833333333333336
33.0,920,35761021,27.87878787878788
31.0,969,35761990,31.258064516129032
10.0,295,35762285,29.5
40.0,1389,35763674,34.725
22.0,644,35764318,29.272727272727273
48.0,1425,35765743,29.6875
32.0,1048,35766791,32.75
34.0,939,35767730,27.61764705882353
16.0,405,35768135,25.3125
45.0,1575,35769710,35.0
27.0,599,35770309,22.185185185185187
24.0,745,35771054,31.041666666666668
36.0,1004,35772058,27.88888888888889
43.0,1450,35773508,33.72093023255814
25.0,734,35774242,29.36
21.0,549,35774791,26.142857142857142
30.0,931,35775722,31.033333333333335
31.0,859,35776581,27.70967741935484
35.0,1004,35777585,28.685714285714287
15.0,519,35778104,34.6
22.0,615,35778719,27.954545454545453
36.0,1100,35779819,30.555555555555557
26.0,773,35780592,29.73076923076923
38.0,1462,35782054,38.473684210526315
22.0,580,35782634,26.363636363636363
18.0,600,35783234,33.333333333333336
36.0,967,35784201,26.86111111111111
35.0,1141,35785342,32.6
26.0,701,35786043,26.96153846153846
37.0,1195,35787238,32.2972972972973
38.0,1133,35788371,29.81578947368421
48.0,1401,35789772,29.1875
29.0,809,35790581,27.896551724137932
48.0,1364,35791945,28.416666666666668
38.0,910,35792855,23.94736842105263
20.0,492,35793347,24.6
25.0,782,35794129,31.28
50.0,1884,35796013,37.68
21.0,691,35796704,32.904761904761905
39.0,1134,35797838,29.076923076923077
43.0,1674,35799512,38.93023255813954
37.0,976,35800488,26.37837837837838
24.0,584,35801072,24.333333333333332
4.0,137,35801209,34.25
18.0,595,35801804,33.05555555555556
39.0,972,35802776,24.923076923076923
39.0,1110,35803886,28.46153846153846
42.0,1330,35805216,31.666666666666668
29.0,909,35806125,31.344827586206897
34.0,923,35807048,27.147058823529413
32.0,818,35807866,25.5625
45.0,1571,35809437,34.91111111111111
31.0,809,35810246,26.096774193548388
33.0,905,35811151,27.424242424242426
35.0,1238,35812389,35.371428571428574
23.0,698,35813087,30.347826086956523
39.0,1175,35814262,30.128205128205128
28.0,723,35814985,25.821428571428573
36.0,933,35815918,25.916666666666668
25.0,706,35816624,28.24
6.0,115,35816739,19.166666666666668
30.0,993,35817732,33.1
21.0,638,35818370,30.38095238095238
24.0,645,35819015,26.875
35.0,1105,35820120,31.571428571428573
26.0,860,35820980,33.07692307692308
37.0,1387,35822367,37.486486486486484
44.0,1438,35823805,32.68181818181818
24.0,726,35824531,30.25
26.0,873,35825404,33.57692307692308
36.0,1351,35826755,37.52777777777778
34.0,966,35827721,28.41176470588235
44.0,1418,35829139,32.22727272727273
39.0,919,35830058,23.564102564102566
36.0,1160,35831218,32.22222222222222
2.0,17,35831235,8.5
32.0,1009,35832244,31.53125
44.0,1413,35833657,32.11363636363637
24.0,772,35834429,32.166666666666664
28.0,782,35835211,27.928571428571427
30.0,874,35836085,29.133333333333333
32.0,962,35837047,30.0625
27.0,808,35837855,29.925925925925927
18.0,530,35838385,29.444444444444443
30.0,1068,35839453,35.6
31.0,958,35840411,30.903225806451612
36.0,961,35841372,26.694444444444443
32.0,855,35842227,26.71875
29.0,840,35843067,28.96551724137931
40.0,1120,35844187,28.0
45.0,1690,35845877,37.55555555555556
42.0,1793,35847670,42.69047619047619
6.0,139,35847809,23.166666666666668
44.0,1616,35849425,36.72727272727273
35.0,1193,35850618,34.08571428571429
49.0,1453,35852071,29.653061224489797
18.0,616,35852687,34.22222222222222
34.0,991,35853678,29.147058823529413
35.0,1181,35854859,33.74285714285714
23.0,537,35855396,23.347826086956523
31.0,916,35856312,29.548387096774192
35.0,1072,35857384,30.62857142857143
18.0,445,35857829,24.72222222222222
10.0,267,35858096,26.7
30.0,750,35858846,25.0
11.0,291,35859137,26.454545454545453
30.0,981,35860118,32.7
24.0,743,35860861,30.958333333333332
17.0,419,35861280,24.647058823529413
18.0,525,35861805,29.166666666666668
36.0,1086,35862891,30.166666666666668
16.0,446,35863337,27.875
27.0,849,35864186,31.444444444444443
31.0,954,35865140,30.774193548387096
43.0,1176,35866316,27.348837209302324
20.0,532,35866848,26.6
22.0,656,35867504,29.818181818181817
19.0,496,35868000,26.105263157894736
27.0,649,35868649,24.037037037037038
15.0,376,35869025,25.066666666666666
36.0,1237,35870262,34.361111111111114
22.0,713,35870975,32.40909090909091
33.0,837,35871812,25.363636363636363
29.0,688,35872500,23.724137931034484
38.0,1357,35873857,35.71052631578947
40.0,1279,35875136,31.975
15.0,388,35875524,25.866666666666667
31.0,845,35876369,27.258064516129032
55.0,1680,35878049,30.545454545454547
29.0,932,35878981,32.13793103448276
18.0,335,35879316,18.61111111111111
15.0,470,35879786,31.333333333333332
12.0,245,35880031,20.416666666666668
35.0,1031,35881062,29.457142857142856
42.0,1289,35882351,30.69047619047619
35.0,1047,35883398,29.914285714285715
39.0,1350,35884748,34.61538461538461
45.0,1330,35886078,29.555555555555557
38.0,1003,35887081,26.394736842105264
29.0,808,35887889,27.862068965517242
35.0,1064,35888953,30.4
49.0,1651,35890604,33.69387755102041
30.0,923,35891527,30.766666666666666
16.0,422,35891949,26.375
5.0,169,35892118,33.8
39.0,1113,35893231,28.53846153846154
29.0,822,35894053,28.344827586206897
20.0,559,35894612,27.95
27.0,855,35895467,31.666666666666668
48.0,1763,35897230,36.729166666666664
24.0,727,35897957,30.291666666666668
43.0,1471,35899428,34.2093023255814
30.0,844,35900272,28.133333333333333
35.0,1097,35901369,31.34285714285714
21.0,462,35901831,22.0
33.0,919,35902750,27.848484848484848
27.0,981,35903731,36.333333333333336
32.0,958,35904689,29.9375
13.0,380,35905069,29.23076923076923
36.0,1140,35906209,31.666666666666668
26.0,605,35906814,23.26923076923077
31.0,966,35907780,31.161290322580644
5.0,77,35907857,15.4
30.0,858,35908715,28.6
43.0,1336,35910051,31.069767441860463
38.0,1119,35911170,29.44736842105263
35.0,898,35912068,25.65714285714286
43.0,1326,35913394,30.837209302325583
22.0,781,35914175,35.5
32.0,939,35915114,29.34375
26.0,945,35916059,36.34615384615385
35.0,978,35917037,27.942857142857143
27.0,748,35917785,27.703703703703702
23.0,826,35918611,35.91304347826087
34.0,1242,35919853,36.529411764705884
14.0,334,35920187,23.857142857142858
32.0,862,35921049,26.9375
26.0,732,35921781,28.153846153846153
31.0,910,35922691,29.35483870967742
25.0,845,35923536,33.8
38.0,1194,35924730,31.42105263157895
27.0,838,35925568,31.037037037037038
26.0,847,35926415,32.57692307692308
33.0,1184,35927599,35.878787878787875
38.0,1042,35928641,27.42105263157895
30.0,812,35929453,27.066666666666666
40.0,1302,35930755,32.55
25.0,729,35931484,29.16
25.0,765,35932249,30.6
32.0,1096,35933345,34.25
22.0,674,35934019,30.636363636363637
24.0,602,35934621,25.083333333333332
30.0,839,35935460,27.966666666666665
38.0,1058,35936518,27.842105263157894
27.0,737,35937255,27.296296296296298
11.0,251,35937506,22.818181818181817
43.0,1332,35938838,30.976744186046513
17.0,400,35939238,23.529411764705884
32.0,1021,35940259,31.90625
47.0,1429,35941688,30.404255319148938
30.0,1011,35942699,33.7
22.0,623,35943322,28.318181818181817
38.0,1269,35944591,33.39473684210526
27.0,827,35945418,30.62962962962963
27.0,675,35946093,25.0
27.0,849,35946942,31.444444444444443
23.0,558,35947500,24.26086956521739
34.0,993,35948493,29.205882352941178
45.0,1507,35950000,33.48888888888889
44.0,1536,35951536,34.90909090909091
47.0,1483,35953019,31.5531914893617
23.0,660,35953679,28.695652173913043
35.0,1117,35954796,31.914285714285715
19.0,606,35955402,31.894736842105264
38.0,995,35956397,26.18421052631579
31.0,1084,35957481,34.96774193548387
37.0,1229,35958710,33.21621621621622
15.0,509,35959219,33.93333333333333
34.0,1138,35960357,33.470588235294116
24.0,691,35961048,28.791666666666668
7.0,191,35961239,27.285714285714285
29.0,886,35962125,30.551724137931036
13.0,351,35962476,27.0
28.0,813,35963289,29.035714285714285
26.0,805,35964094,30.96153846153846
32.0,977,35965071,30.53125
51.0,1635,35966706,32.05882352941177
25.0,1031,35967737,41.24
20.0,674,35968411,33.7
26.0,705,35969116,27.115384615384617
38.0,1048,35970164,27.57894736842105
17.0,501,35970665,29.470588235294116
25.0,766,35971431,30.64
50.0,1391,35972822,27.82
20.0,531,35973353,26.55
6.0,164,35973517,27.333333333333332
41.0,1529,35975046,37.292682926829265
33.0,1096,35976142,33.21212121212121
19.0,652,35976794,34.31578947368421
37.0,1053,35977847,28.45945945945946
15.0,268,35978115,17.866666666666667
39.0,1269,35979384,32.53846153846154
42.0,1184,35980568,28.19047619047619
27.0,960,35981528,35.55555555555556
33.0,1043,35982571,31.606060606060606
21.0,612,35983183,29.142857142857142
18.0,479,35983662,26.61111111111111
33.0,1273,35984935,38.57575757575758
50.0,1559,35986494,31.18
58.0,1819,35988313,31.362068965517242
26.0,866,35989179,33.30769230769231
32.0,1191,35990370,37.21875
26.0,707,35991077,27.192307692307693
39.0,1138,35992215,29.17948717948718
41.0,1354,35993569,33.02439024390244
33.0,913,35994482,27.666666666666668
44.0,1298,35995780,29.5
19.0,645,35996425,33.94736842105263
37.0,1310,35997735,35.4054054054054
35.0,1123,35998858,32.08571428571429
20.0,642,35999500,32.1
24.0,796,36000296,33.166666666666664
40.0,1158,36001454,28.95
24.0,850,36002304,35.416666666666664
14.0,453,36002757,32.357142857142854
40.0,1398,36004155,34.95
46.0,1645,36005800,35.76086956521739
43.0,1483,36007283,34.48837209302326
34.0,1037,36008320,30.5
8.0,312,36008632,39.0
37.0,1235,36009867,33.37837837837838
37.0,955,36010822,25.81081081081081
4.0,103,36010925,25.75
32.0,991,36011916,30.96875
39.0,983,36012899,25.205128205128204
24.0,632,36013531,26.333333333333332
38.0,1379,36014910,36.28947368421053
38.0,1111,36016021,29.236842105263158
2.0,103,36016124,51.5
1.0,56,36016180,56.0
12.0,243,36016423,20.25
11.0,417,36016840,37.90909090909091
6.0,78,36016918,13.0
12.0,214,36017132,17.833333333333332
5.0,137,36017269,27.4
8.0,260,36017529,32.5
2.0,43,36017572,21.5
7.0,200,36017772,28.571428571428573
2.0,50,36017822,25.0
2.0,53,36017875,26.5
0.0,23,36017898,inf
0.0,28,36017926,inf
14.0,452,36018378,32.285714285714285
0.0,30,36018408,inf
26.0,727,36019135,27.96153846153846
46.0,1690,36020825,36.73913043478261
36.0,1264,36022089,35.111111111111114
41.0,1305,36023394,31.829268292682926
26.0,834,36024228,32.07692307692308
26.0,768,36024996,29.53846153846154
20.0,566,36025562,28.3
39.0,1042,36026604,26.71794871794872
25.0,650,36027254,26.0
22.0,625,36027879,28.40909090909091
36.0,1150,36029029,31.944444444444443
10.0,308,36029337,30.8
47.0,1658,36030995,35.276595744680854
27.0,847,36031842,31.37037037037037
40.0,1076,36032918,26.9
35.0,1114,36034032,31.82857142857143
13.0,405,36034437,31.153846153846153
15.0,382,36034819,25.466666666666665
26.0,799,36035618,30.73076923076923
19.0,577,36036195,30.36842105263158
37.0,1273,36037468,34.4054054054054
25.0,689,36038157,27.56
22.0,576,36038733,26.181818181818183
24.0,662,36039395,27.583333333333332
10.0,299,36039694,29.9
41.0,1176,36040870,28.682926829268293
38.0,1163,36042033,30.605263157894736
31.0,1001,36043034,32.29032258064516
37.0,1020,36044054,27.56756756756757
34.0,1083,36045137,31.852941176470587
13.0,334,36045471,25.692307692307693
41.0,1197,36046668,29.195121951219512
19.0,543,36047211,28.57894736842105
28.0,876,36048087,31.285714285714285
34.0,1130,36049217,33.23529411764706
29.0,1121,36050338,38.6551724137931
25.0,687,36051025,27.48
28.0,915,36051940,32.67857142857143
31.0,860,36052800,27.741935483870968
32.0,1164,36053964,36.375
33.0,1025,36054989,31.060606060606062
40.0,1327,36056316,33.175
29.0,877,36057193,30.24137931034483
64.0,1949,36059142,30.453125
9.0,283,36059425,31.444444444444443
34.0,1042,36060467,30.647058823529413
28.0,957,36061424,34.17857142857143
32.0,889,36062313,27.78125
39.0,1055,36063368,27.05128205128205
33.0,985,36064353,29.848484848484848
26.0,781,36065134,30.03846153846154
37.0,1544,36066678,41.729729729729726
46.0,1457,36068135,31.67391304347826
21.0,604,36068739,28.761904761904763
29.0,880,36069619,30.344827586206897
20.0,552,36070171,27.6
38.0,1210,36071381,31.842105263157894
28.0,910,36072291,32.5
45.0,1640,36073931,36.44444444444444
18.0,576,36074507,32.0
20.0,661,36075168,33.05
20.0,518,36075686,25.9
28.0,954,36076640,34.07142857142857
34.0,1057,36077697,31.08823529411765
34.0,1187,36078884,34.911764705882355
36.0,1373,36080257,38.138888888888886
24.0,789,36081046,32.875
33.0,993,36082039,30.09090909090909
23.0,579,36082618,25.17391304347826
30.0,852,36083470,28.4
31.0,901,36084371,29.06451612903226
27.0,699,36085070,25.88888888888889
50.0,1484,36086554,29.68
17.0,336,36086890,19.764705882352942
35.0,1047,36087937,29.914285714285715
22.0,705,36088642,32.04545454545455
32.0,1169,36089811,36.53125
37.0,1368,36091179,36.972972972972975
38.0,1040,36092219,27.36842105263158
37.0,1077,36093296,29.10810810810811
41.0,1368,36094664,33.36585365853659
33.0,1249,36095913,37.84848484848485
13.0,416,36096329,32.0
31.0,940,36097269,30.322580645161292
52.0,1696,36098965,32.61538461538461
39.0,1271,36100236,32.58974358974359
34.0,1115,36101351,32.794117647058826
29.0,791,36102142,27.275862068965516
25.0,739,36102881,29.56
45.0,1416,36104297,31.466666666666665
52.0,1760,36106057,33.84615384615385
42.0,1173,36107230,27.928571428571427
19.0,686,36107916,36.10526315789474
15.0,525,36108441,35.0
35.0,1222,36109663,34.91428571428571
34.0,930,36110593,27.352941176470587
35.0,1177,36111770,33.628571428571426
45.0,1245,36113015,27.666666666666668
18.0,423,36113438,23.5
17.0,507,36113945,29.823529411764707
43.0,1410,36115355,32.7906976744186
14.0,460,36115815,32.857142857142854
21.0,676,36116491,32.19047619047619
22.0,595,36117086,27.045454545454547
16.0,440,36117526,27.5
28.0,764,36118290,27.285714285714285
26.0,773,36119063,29.73076923076923
51.0,1521,36120584,29.823529411764707
11.0,232,36120816,21.09090909090909
41.0,1208,36122024,29.463414634146343
13.0,423,36122447,32.53846153846154
27.0,856,36123303,31.703703703703702
14.0,315,36123618,22.5
37.0,1281,36124899,34.62162162162162
34.0,1101,36126000,32.38235294117647
12.0,215,36126215,17.916666666666668
33.0,1001,36127216,30.333333333333332
51.0,1635,36128851,32.05882352941177
10.0,228,36129079,22.8
45.0,1609,36130688,35.75555555555555
12.0,319,36131007,26.583333333333332
34.0,979,36131986,28.794117647058822
34.0,1040,36133026,30.58823529411765
24.0,941,36133967,39.208333333333336
28.0,897,36134864,32.035714285714285
43.0,1583,36136447,36.81395348837209
13.0,346,36136793,26.615384615384617
22.0,715,36137508,32.5
15.0,429,36137937,28.6
30.0,869,36138806,28.966666666666665
21.0,665,36139471,31.666666666666668
33.0,964,36140435,29.21212121212121
30.0,857,36141292,28.566666666666666
19.0,486,36141778,25.57894736842105
13.0,353,36142131,27.153846153846153
42.0,1500,36143631,35.714285714285715
42.0,1329,36144960,31.642857142857142
21.0,504,36145464,24.0
34.0,1215,36146679,35.73529411764706
14.0,418,36147097,29.857142857142858
14.0,432,36147529,30.857142857142858
40.0,1295,36148824,32.375
40.0,1464,36150288,36.6
16.0,513,36150801,32.0625
21.0,490,36151291,23.333333333333332
38.0,1291,36152582,33.973684210526315
19.0,593,36153175,31.210526315789473
26.0,654,36153829,25.153846153846153
19.0,529,36154358,27.842105263157894
21.0,524,36154882,24.952380952380953
39.0,1407,36156289,36.07692307692308
24.0,670,36156959,27.916666666666668
36.0,1185,36158144,32.916666666666664
36.0,1383,36159527,38.416666666666664
16.0,474,36160001,29.625
30.0,896,36160897,29.866666666666667
27.0,773,36161670,28.62962962962963
10.0,181,36161851,18.1
26.0,837,36162688,32.19230769230769
35.0,1156,36163844,33.02857142857143
27.0,910,36164754,33.7037037037037
41.0,1317,36166071,32.1219512195122
32.0,935,36167006,29.21875
29.0,964,36167970,33.241379310344826
47.0,1416,36169386,30.127659574468087
43.0,1147,36170533,26.674418604651162
39.0,1239,36171772,31.76923076923077
19.0,598,36172370,31.473684210526315
47.0,1509,36173879,32.1063829787234
15.0,373,36174252,24.866666666666667
20.0,735,36174987,36.75
24.0,769,36175756,32.041666666666664
25.0,762,36176518,30.48
15.0,329,36176847,21.933333333333334
28.0,900,36177747,32.142857142857146
28.0,841,36178588,30.035714285714285
41.0,1409,36179997,34.36585365853659
34.0,972,36180969,28.58823529411765
20.0,647,36181616,32.35
42.0,1321,36182937,31.452380952380953
33.0,974,36183911,29.515151515151516
13.0,367,36184278,28.23076923076923
38.0,1109,36185387,29.18421052631579
37.0,1017,36186404,27.486486486486488
29.0,723,36187127,24.93103448275862
22.0,538,36187665,24.454545454545453
32.0,1206,36188871,37.6875
38.0,1267,36190138,33.3421052631579
24.0,704,36190842,29.333333333333332
36.0,966,36191808,26.833333333333332
45.0,1617,36193425,35.93333333333333
27.0,813,36194238,30.11111111111111
20.0,543,36194781,27.15
41.0,1152,36195933,28.097560975609756
23.0,644,36196577,28.0
29.0,829,36197406,28.586206896551722
37.0,1246,36198652,33.67567567567568
30.0,877,36199529,29.233333333333334
50.0,1558,36201087,31.16
40.0,1397,36202484,34.925
36.0,995,36203479,27.63888888888889
43.0,1402,36204881,32.604651162790695
49.0,1796,36206677,36.6530612244898
33.0,987,36207664,29.90909090909091
37.0,1235,36208899,33.37837837837838
30.0,931,36209830,31.033333333333335
23.0,685,36210515,29.782608695652176
20.0,844,36211359,42.2
37.0,1180,36212539,31.89189189189189
31.0,1031,36213570,33.25806451612903
32.0,1091,36214661,34.09375
6.0,144,36214805,24.0
33.0,1038,36215843,31.454545454545453
34.0,853,36216696,25.08823529411765
19.0,616,36217312,32.421052631578945
27.0,783,36218095,29.0
28.0,1059,36219154,37.82142857142857
27.0,824,36219978,30.51851851851852
11.0,293,36220271,26.636363636363637
48.0,1566,36221837,32.625
33.0,1158,36222995,35.09090909090909
18.0,534,36223529,29.666666666666668
33.0,1189,36224718,36.03030303030303
33.0,1066,36225784,32.303030303030305
45.0,1195,36226979,26.555555555555557
41.0,1301,36228280,31.73170731707317
37.0,1149,36229429,31.054054054054053
34.0,1091,36230520,32.088235294117645
26.0,863,36231383,33.19230769230769
49.0,1616,36232999,32.97959183673469
50.0,1802,36234801,36.04
22.0,758,36235559,34.45454545454545
28.0,821,36236380,29.321428571428573
35.0,869,36237249,24.82857142857143
33.0,1148,36238397,34.78787878787879
38.0,1273,36239670,33.5
36.0,1502,36241172,41.72222222222222
39.0,1277,36242449,32.743589743589745
11.0,196,36242645,17.818181818181817
26.0,648,36243293,24.923076923076923
40.0,1182,36244475,29.55
13.0,289,36244764,22.23076923076923
29.0,826,36245590,28.482758620689655
38.0,982,36246572,25.842105263157894
38.0,954,36247526,25.105263157894736
29.0,979,36248505,33.758620689655174
35.0,1141,36249646,32.6
22.0,661,36250307,30.045454545454547
37.0,1389,36251696,37.54054054054054
44.0,1336,36253032,30.363636363636363
25.0,716,36253748,28.64
2.0,85,36253833,42.5
23.0,765,36254598,33.26086956521739
28.0,799,36255397,28.535714285714285
39.0,1016,36256413,26.05128205128205
29.0,830,36257243,28.620689655172413
40.0,1245,36258488,31.125
32.0,1199,36259687,37.46875
33.0,991,36260678,30.03030303030303
46.0,1420,36262098,30.869565217391305
38.0,1232,36263330,32.421052631578945
19.0,505,36263835,26.57894736842105
31.0,1028,36264863,33.16129032258065
27.0,745,36265608,27.59259259259259
55.0,1684,36267292,30.618181818181817
49.0,1521,36268813,31.040816326530614
50.0,1411,36270224,28.22
25.0,638,36270862,25.52
50.0,1766,36272628,35.32
31.0,783,36273411,25.258064516129032
8.0,191,36273602,23.875
44.0,1473,36275075,33.47727272727273
35.0,1179,36276254,33.68571428571428
12.0,286,36276540,23.833333333333332
27.0,790,36277330,29.25925925925926
40.0,1228,36278558,30.7
51.0,1833,36280391,35.94117647058823
46.0,1288,36281679,28.0
51.0,1704,36283383,33.411764705882355
18.0,493,36283876,27.38888888888889
30.0,829,36284705,27.633333333333333
32.0,924,36285629,28.875
35.0,1154,36286783,32.97142857142857
10.0,223,36287006,22.3
18.0,501,36287507,27.833333333333332
17.0,465,36287972,27.352941176470587
28.0,779,36288751,27.821428571428573
25.0,734,36289485,29.36
26.0,821,36290306,31.576923076923077
20.0,656,36290962,32.8
46.0,1506,36292468,32.73913043478261
27.0,891,36293359,33.0
24.0,528,36293887,22.0
30.0,834,36294721,27.8
35.0,1089,36295810,31.114285714285714
32.0,1010,36296820,31.5625
30.0,800,36297620,26.666666666666668
22.0,608,36298228,27.636363636363637
33.0,1039,36299267,31.484848484848484
32.0,1137,36300404,35.53125
11.0,258,36300662,23.454545454545453
29.0,773,36301435,26.655172413793103
49.0,1584,36303019,32.326530612244895
23.0,575,36303594,25.0
22.0,554,36304148,25.181818181818183
33.0,1030,36305178,31.21212121212121
28.0,704,36305882,25.142857142857142
42.0,1167,36307049,27.785714285714285
39.0,997,36308046,25.564102564102566
32.0,769,36308815,24.03125
18.0,489,36309304,27.166666666666668
20.0,606,36309910,30.3
47.0,1529,36311439,32.53191489361702
48.0,1822,36313261,37.958333333333336
29.0,1066,36314327,36.758620689655174
19.0,519,36314846,27.31578947368421
33.0,913,36315759,27.666666666666668
46.0,1851,36317610,40.23913043478261
6.0,112,36317722,18.666666666666668
25.0,668,36318390,26.72
33.0,1052,36319442,31.87878787878788
19.0,414,36319856,21.789473684210527
7.0,182,36320038,26.0
18.0,472,36320510,26.22222222222222
41.0,1358,36321868,33.1219512195122
27.0,751,36322619,27.814814814814813
16.0,457,36323076,28.5625
12.0,381,36323457,31.75
41.0,1686,36325143,41.1219512195122
26.0,922,36326065,35.46153846153846
28.0,741,36326806,26.464285714285715
12.0,197,36327003,16.416666666666668
21.0,545,36327548,25.952380952380953
28.0,835,36328383,29.821428571428573
26.0,700,36329083,26.923076923076923
20.0,644,36329727,32.2
33.0,1023,36330750,31.0
26.0,799,36331549,30.73076923076923
47.0,1444,36332993,30.72340425531915
36.0,1226,36334219,34.05555555555556
14.0,343,36334562,24.5
25.0,856,36335418,34.24
44.0,1379,36336797,31.34090909090909
34.0,1084,36337881,31.88235294117647
27.0,905,36338786,33.51851851851852
18.0,521,36339307,28.944444444444443
41.0,1464,36340771,35.707317073170735
28.0,807,36341578,28.821428571428573
37.0,1261,36342839,34.08108108108108
13.0,308,36343147,23.692307692307693
34.0,1025,36344172,30.147058823529413
16.0,397,36344569,24.8125
6.0,196,36344765,32.666666666666664
18.0,511,36345276,28.38888888888889
28.0,844,36346120,30.142857142857142
41.0,1512,36347632,36.8780487804878
23.0,477,36348109,20.73913043478261
30.0,920,36349029,30.666666666666668
40.0,1606,36350635,40.15
14.0,385,36351020,27.5
45.0,1423,36352443,31.622222222222224
20.0,563,36353006,28.15
40.0,1422,36354428,35.55
23.0,579,36355007,25.17391304347826
35.0,1282,36356289,36.628571428571426
12.0,360,36356649,30.0
37.0,1380,36358029,37.2972972972973
36.0,919,36358948,25.52777777777778
19.0,528,36359476,27.789473684210527
17.0,443,36359919,26.058823529411764
21.0,509,36360428,24.238095238095237
35.0,1280,36361708,36.57142857142857
23.0,789,36362497,34.30434782608695
34.0,1116,36363613,32.8235294117647
40.0,1203,36364816,30.075
31.0,950,36365766,30.64516129032258
30.0,986,36366752,32.86666666666667
41.0,1437,36368189,35.048780487804876
18.0,564,36368753,31.333333333333332
43.0,1592,36370345,37.02325581395349
33.0,901,36371246,27.303030303030305
18.0,495,36371741,27.5
26.0,728,36372469,28.0
38.0,1344,36373813,35.36842105263158
29.0,929,36374742,32.03448275862069
29.0,1048,36375790,36.13793103448276
39.0,1366,36377156,35.02564102564103
30.0,1161,36378317,38.7
23.0,640,36378957,27.82608695652174
22.0,708,36379665,32.18181818181818
26.0,547,36380212,21.03846153846154
13.0,307,36380519,23.615384615384617
38.0,1189,36381708,31.289473684210527
12.0,322,36382030,26.833333333333332
23.0,734,36382764,31.91304347826087
32.0,1090,36383854,34.0625
25.0,618,36384472,24.72
31.0,936,36385408,30.193548387096776
35.0,956,36386364,27.314285714285713
43.0,1258,36387622,29.25581395348837
43.0,1441,36389063,33.51162790697674
40.0,1361,36390424,34.025
14.0,406,36390830,29.0
8.0,273,36391103,34.125
27.0,896,36391999,33.18518518518518
35.0,1803,36393802,51.51428571428571
32.0,984,36394786,30.75
34.0,1302,36396088,38.294117647058826
27.0,1128,36397216,41.77777777777778
19.0,488,36397704,25.68421052631579
50.0,1529,36399233,30.58
23.0,869,36400102,37.78260869565217
28.0,840,36400942,30.0
23.0,873,36401815,37.95652173913044
31.0,596,36402411,19.225806451612904
26.0,899,36403310,34.57692307692308
30.0,1017,36404327,33.9
47.0,1658,36405985,35.276595744680854
33.0,1132,36407117,34.303030303030305
34.0,1234,36408351,36.294117647058826
14.0,509,36408860,36.357142857142854
39.0,1563,36410423,40.07692307692308
23.0,560,36410983,24.347826086956523
41.0,1582,36412565,38.58536585365854
40.0,1315,36413880,32.875
12.0,453,36414333,37.75
37.0,1190,36415523,32.16216216216216
2.0,94,36415617,47.0
22.0,682,36416299,31.0
33.0,962,36417261,29.151515151515152
36.0,1153,36418414,32.02777777777778
15.0,594,36419008,39.6
24.0,828,36419836,34.5
39.0,1269,36421105,32.53846153846154
31.0,948,36422053,30.580645161290324
28.0,660,36422713,23.571428571428573
37.0,980,36423693,26.486486486486488
35.0,922,36424615,26.34285714285714
12.0,437,36425052,36.416666666666664
39.0,1461,36426513,37.46153846153846
14.0,535,36427048,38.214285714285715
32.0,910,36427958,28.4375
25.0,496,36428454,19.84
13.0,440,36428894,33.84615384615385
24.0,754,36429648,31.416666666666668
11.0,348,36429996,31.636363636363637
31.0,1025,36431021,33.064516129032256
20.0,787,36431808,39.35
20.0,859,36432667,42.95
26.0,729,36433396,28.03846153846154
18.0,516,36433912,28.666666666666668
26.0,859,36434771,33.03846153846154
46.0,2137,36436908,46.45652173913044
22.0,800,36437708,36.36363636363637
19.0,625,36438333,32.89473684210526
18.0,570,36438903,31.666666666666668
33.0,958,36439861,29.03030303030303
28.0,985,36440846,35.17857142857143
36.0,1204,36442050,33.44444444444444
37.0,1162,36443212,31.405405405405407
31.0,886,36444098,28.580645161290324
40.0,1650,36445748,41.25
29.0,1095,36446843,37.758620689655174
26.0,878,36447721,33.76923076923077
36.0,1027,36448748,28.52777777777778
31.0,1047,36449795,33.774193548387096
22.0,444,36450239,20.181818181818183
30.0,1057,36451296,35.233333333333334
21.0,372,36451668,17.714285714285715
23.0,734,36452402,31.91304347826087
44.0,1617,36454019,36.75
10.0,308,36454327,30.8
32.0,1179,36455506,36.84375
19.0,633,36456139,33.31578947368421
44.0,1542,36457681,35.04545454545455
29.0,766,36458447,26.413793103448278
46.0,1651,36460098,35.891304347826086
25.0,896,36460994,35.84
29.0,963,36461957,33.206896551724135
5.0,281,36462238,56.2
33.0,1121,36463359,33.96969696969697
29.0,951,36464310,32.793103448275865
38.0,1395,36465705,36.71052631578947
19.0,634,36466339,33.36842105263158
36.0,1181,36467520,32.80555555555556
36.0,1338,36468858,37.166666666666664
38.0,1304,36470162,34.31578947368421
25.0,910,36471072,36.4
36.0,1384,36472456,38.44444444444444
39.0,1690,36474146,43.333333333333336
30.0,989,36475135,32.96666666666667
27.0,961,36476096,35.592592592592595
15.0,358,36476454,23.866666666666667
20.0,629,36477083,31.45
19.0,475,36477558,25.0
29.0,951,36478509,32.793103448275865
41.0,1459,36479968,35.58536585365854
47.0,1432,36481400,30.46808510638298
35.0,1023,36482423,29.228571428571428
26.0,939,36483362,36.11538461538461
24.0,850,36484212,35.416666666666664
44.0,1469,36485681,33.38636363636363
26.0,716,36486397,27.53846153846154
54.0,1901,36488298,35.2037037037037
31.0,1071,36489369,34.54838709677419
23.0,640,36490009,27.82608695652174
29.0,978,36490987,33.724137931034484
30.0,1131,36492118,37.7
44.0,1361,36493479,30.931818181818183
40.0,1566,36495045,39.15
39.0,1437,36496482,36.84615384615385
48.0,1919,36498401,39.979166666666664
16.0,476,36498877,29.75
29.0,1115,36499992,38.44827586206897
26.0,937,36500929,36.03846153846154
33.0,1162,36502091,35.21212121212121
10.0,308,36502399,30.8
29.0,981,36503380,33.827586206896555
37.0,1299,36504679,35.108108108108105
47.0,1444,36506123,30.72340425531915
25.0,592,36506715,23.68
22.0,826,36507541,37.54545454545455
25.0,683,36508224,27.32
49.0,1618,36509842,33.02040816326531
36.0,1194,36511036,33.166666666666664
39.0,1954,36512990,50.1025641025641
41.0,1085,36514075,26.463414634146343
22.0,788,36514863,35.81818181818182
27.0,712,36515575,26.37037037037037
37.0,1279,36516854,34.567567567567565
32.0,1032,36517886,32.25
32.0,1226,36519112,38.3125
24.0,991,36520103,41.291666666666664
35.0,1205,36521308,34.42857142857143
46.0,1736,36523044,37.73913043478261
25.0,703,36523747,28.12
6.0,144,36523891,24.0
36.0,1088,36524979,30.22222222222222
28.0,870,36525849,31.071428571428573
44.0,1039,36526888,23.613636363636363
28.0,875,36527763,31.25
26.0,852,36528615,32.76923076923077
28.0,853,36529468,30.464285714285715
31.0,975,36530443,31.451612903225808
34.0,1053,36531496,30.970588235294116
11.0,222,36531718,20.181818181818183
32.0,1011,36532729,31.59375
42.0,1048,36533777,24.952380952380953
7.0,133,36533910,19.0
39.0,1356,36535266,34.76923076923077
14.0,424,36535690,30.285714285714285
29.0,1032,36536722,35.58620689655172
22.0,722,36537444,32.81818181818182
33.0,1311,36538755,39.72727272727273
37.0,1236,36539991,33.4054054054054
31.0,881,36540872,28.419354838709676
26.0,647,36541519,24.884615384615383
33.0,1250,36542769,37.878787878787875
39.0,1063,36543832,27.256410256410255
39.0,1166,36544998,29.897435897435898
11.0,227,36545225,20.636363636363637
9.0,335,36545560,37.22222222222222
19.0,651,36546211,34.26315789473684
26.0,885,36547096,34.03846153846154
39.0,1198,36548294,30.71794871794872
51.0,1674,36549968,32.8235294117647
6.0,213,36550181,35.5
36.0,1433,36551614,39.80555555555556
17.0,511,36552125,30.058823529411764
24.0,632,36552757,26.333333333333332
35.0,1151,36553908,32.885714285714286
20.0,567,36554475,28.35
28.0,1125,36555600,40.17857142857143
36.0,1058,36556658,29.38888888888889
25.0,834,36557492,33.36
39.0,1431,36558923,36.69230769230769
23.0,720,36559643,31.304347826086957
10.0,186,36559829,18.6
23.0,711,36560540,30.91304347826087
34.0,1008,36561548,29.647058823529413
30.0,1030,36562578,34.333333333333336
5.0,229,36562807,45.8
19.0,721,36563528,37.94736842105263
29.0,1200,36564728,41.37931034482759
34.0,1357,36566085,39.911764705882355
24.0,775,36566860,32.291666666666664
28.0,770,36567630,27.5
16.0,399,36568029,24.9375
47.0,1442,36569471,30.680851063829788
22.0,651,36570122,29.59090909090909
28.0,916,36571038,32.714285714285715
23.0,606,36571644,26.347826086956523
24.0,716,36572360,29.833333333333332
20.0,618,36572978,30.9
35.0,1083,36574061,30.942857142857143
11.0,383,36574444,34.81818181818182
34.0,1618,36576062,47.588235294117645
34.0,959,36577021,28.205882352941178
42.0,1556,36578577,37.04761904761905
22.0,662,36579239,30.09090909090909
18.0,729,36579968,40.5
13.0,255,36580223,19.615384615384617
33.0,1047,36581270,31.727272727272727
27.0,886,36582156,32.81481481481482
38.0,1467,36583623,38.60526315789474
34.0,1155,36584778,33.970588235294116
13.0,235,36585013,18.076923076923077
35.0,1350,36586363,38.57142857142857
4.0,112,36586475,28.0
41.0,1276,36587751,31.121951219512194
21.0,596,36588347,28.38095238095238
22.0,628,36588975,28.545454545454547
23.0,758,36589733,32.95652173913044
59.0,1998,36591731,33.86440677966102
43.0,1503,36593234,34.95348837209303
53.0,1826,36595060,34.45283018867924
32.0,1079,36596139,33.71875
38.0,1051,36597190,27.657894736842106
28.0,898,36598088,32.07142857142857
26.0,780,36598868,30.0
23.0,965,36599833,41.95652173913044
27.0,958,36600791,35.48148148148148
24.0,724,36601515,30.166666666666668
25.0,722,36602237,28.88
39.0,1209,36603446,31.0
42.0,1440,36604886,34.285714285714285
17.0,512,36605398,30.11764705882353
39.0,1437,36606835,36.84615384615385
21.0,662,36607497,31.523809523809526
39.0,1282,36608779,32.87179487179487
26.0,711,36609490,27.346153846153847
15.0,424,36609914,28.266666666666666
38.0,1573,36611487,41.39473684210526
44.0,1612,36613099,36.63636363636363
25.0,641,36613740,25.64
23.0,817,36614557,35.52173913043478
59.0,2019,36616576,34.220338983050844
13.0,334,36616910,25.692307692307693
35.0,1011,36617921,28.885714285714286
15.0,335,36618256,22.333333333333332
26.0,1058,36619314,40.69230769230769
30.0,952,36620266,31.733333333333334
34.0,893,36621159,26.264705882352942
32.0,1004,36622163,31.375
29.0,817,36622980,28.17241379310345
23.0,679,36623659,29.52173913043478
37.0,1386,36625045,37.45945945945946
8.0,243,36625288,30.375
27.0,1021,36626309,37.81481481481482
15.0,387,36626696,25.8
35.0,857,36627553,24.485714285714284
27.0,640,36628193,23.703703703703702
16.0,479,36628672,29.9375
18.0,660,36629332,36.666666666666664
23.0,647,36629979,28.130434782608695
26.0,753,36630732,28.96153846153846
35.0,1195,36631927,34.142857142857146
36.0,1240,36633167,34.44444444444444
19.0,717,36633884,37.73684210526316
37.0,1443,36635327,39.0
19.0,589,36635916,31.0
39.0,1188,36637104,30.46153846153846
4.0,89,36637193,22.25
15.0,461,36637654,30.733333333333334
33.0,1185,36638839,35.90909090909091
38.0,1193,36640032,31.394736842105264
36.0,1145,36641177,31.805555555555557
42.0,1452,36642629,34.57142857142857
22.0,789,36643418,35.86363636363637
31.0,1155,36644573,37.25806451612903
20.0,587,36645160,29.35
37.0,1378,36646538,37.24324324324324
31.0,967,36647505,31.193548387096776
24.0,525,36648030,21.875
18.0,456,36648486,25.333333333333332
23.0,842,36649328,36.608695652173914
48.0,1624,36650952,33.833333333333336
29.0,1114,36652066,38.41379310344828
22.0,578,36652644,26.272727272727273
33.0,872,36653516,26.424242424242426
28.0,1161,36654677,41.464285714285715
36.0,895,36655572,24.86111111111111
16.0,709,36656281,44.3125
34.0,1339,36657620,39.38235294117647
43.0,1759,36659379,40.906976744186046
19.0,674,36660053,35.473684210526315
19.0,500,36660553,26.31578947368421
27.0,915,36661468,33.888888888888886
47.0,1597,36663065,33.97872340425532
40.0,1427,36664492,35.675
41.0,1166,36665658,28.4390243902439
29.0,953,36666611,32.86206896551724
21.0,848,36667459,40.38095238095238
25.0,862,36668321,34.48
13.0,403,36668724,31.0
34.0,977,36669701,28.735294117647058
30.0,1083,36670784,36.1
33.0,1144,36671928,34.666666666666664
26.0,1191,36673119,45.80769230769231
17.0,454,36673573,26.705882352941178
30.0,1084,36674657,36.13333333333333
32.0,1198,36675855,37.4375
25.0,721,36676576,28.84
49.0,2139,36678715,43.6530612244898
21.0,723,36679438,34.42857142857143
25.0,838,36680276,33.52
22.0,710,36680986,32.27272727272727
31.0,977,36681963,31.516129032258064
34.0,889,36682852,26.147058823529413
42.0,1232,36684084,29.333333333333332
45.0,1572,36685656,34.93333333333333
18.0,474,36686130,26.333333333333332
29.0,887,36687017,30.586206896551722
12.0,292,36687309,24.333333333333332
19.0,654,36687963,34.421052631578945
26.0,828,36688791,31.846153846153847
38.0,1447,36690238,38.078947368421055
41.0,1644,36691882,40.09756097560975
30.0,1024,36692906,34.13333333333333
27.0,623,36693529,23.074074074074073
26.0,740,36694269,28.46153846153846
46.0,1498,36695767,32.56521739130435
33.0,1199,36696966,36.333333333333336
23.0,793,36697759,34.47826086956522
33.0,936,36698695,28.363636363636363
26.0,743,36699438,28.576923076923077
27.0,1050,36700488,38.888888888888886
20.0,797,36701285,39.85
16.0,546,36701831,34.125
23.0,686,36702517,29.82608695652174
30.0,729,36703246,24.3
34.0,1096,36704342,32.23529411764706
6.0,121,36704463,20.166666666666668
11.0,496,36704959,45.09090909090909
40.0,1528,36706487,38.2
23.0,712,36707199,30.956521739130434
20.0,713,36707912,35.65
32.0,1093,36709005,34.15625
50.0,1510,36710515,30.2
9.0,258,36710773,28.666666666666668
36.0,1117,36711890,31.02777777777778
19.0,541,36712431,28.473684210526315
27.0,1091,36713522,40.407407407407405
19.0,492,36714014,25.894736842105264
20.0,656,36714670,32.8
10.0,283,36714953,28.3
14.0,424,36715377,30.285714285714285
52.0,2184,36717561,42.0
26.0,954,36718515,36.69230769230769
35.0,1176,36719691,33.6
22.0,440,36720131,20.0
12.0,538,36720669,44.833333333333336
21.0,517,36721186,24.61904761904762
29.0,890,36722076,30.689655172413794
22.0,699,36722775,31.772727272727273
36.0,1250,36724025,34.72222222222222
30.0,959,36724984,31.966666666666665
37.0,1176,36726160,31.783783783783782
22.0,849,36727009,38.59090909090909
41.0,1731,36728740,42.21951219512195
28.0,905,36729645,32.32142857142857
18.0,734,36730379,40.77777777777778
16.0,628,36731007,39.25
9.0,151,36731158,16.77777777777778
8.0,176,36731334,22.0
21.0,709,36732043,33.76190476190476
35.0,1390,36733433,39.714285714285715
28.0,1275,36734708,45.535714285714285
27.0,773,36735481,28.62962962962963
17.0,445,36735926,26.176470588235293
32.0,1077,36737003,33.65625
25.0,750,36737753,30.0
31.0,984,36738737,31.741935483870968
37.0,1421,36740158,38.4054054054054
10.0,281,36740439,28.1
8.0,252,36740691,31.5
27.0,912,36741603,33.77777777777778
21.0,579,36742182,27.571428571428573
39.0,1231,36743413,31.564102564102566
29.0,1215,36744628,41.89655172413793
22.0,649,36745277,29.5
29.0,996,36746273,34.3448275862069
22.0,978,36747251,44.45454545454545
33.0,1183,36748434,35.84848484848485
37.0,1860,36750294,50.270270270270274
39.0,1656,36751950,42.46153846153846
15.0,493,36752443,32.86666666666667
18.0,585,36753028,32.5
33.0,1013,36754041,30.696969696969695
50.0,1807,36755848,36.14
30.0,995,36756843,33.166666666666664
32.0,1094,36757937,34.1875
5.0,93,36758030,18.6
40.0,1223,36759253,30.575
37.0,1340,36760593,36.21621621621622
31.0,1106,36761699,35.67741935483871
34.0,1241,36762940,36.5
7.0,177,36763117,25.285714285714285
33.0,1119,36764236,33.90909090909091
38.0,1270,36765506,33.421052631578945
31.0,900,36766406,29.032258064516128
16.0,451,36766857,28.1875
36.0,1227,36768084,34.083333333333336
23.0,584,36768668,25.391304347826086
9.0,219,36768887,24.333333333333332
15.0,378,36769265,25.2
33.0,997,36770262,30.21212121212121
34.0,1141,36771403,33.55882352941177
17.0,464,36771867,27.294117647058822
21.0,683,36772550,32.523809523809526
20.0,571,36773121,28.55
34.0,947,36774068,27.852941176470587
4.0,155,36774223,38.75
39.0,1164,36775387,29.846153846153847
27.0,851,36776238,31.51851851851852
38.0,1161,36777399,30.55263157894737
32.0,1020,36778419,31.875
37.0,1253,36779672,33.86486486486486
34.0,959,36780631,28.205882352941178
8.0,195,36780826,24.375
25.0,666,36781492,26.64
38.0,1529,36783021,40.23684210526316
26.0,691,36783712,26.576923076923077
30.0,1153,36784865,38.43333333333333
15.0,524,36785389,34.93333333333333
36.0,1050,36786439,29.166666666666668
14.0,434,36786873,31.0
30.0,1120,36787993,37.333333333333336
35.0,1115,36789108,31.857142857142858
22.0,527,36789635,23.954545454545453
41.0,1456,36791091,35.51219512195122
19.0,566,36791657,29.789473684210527
43.0,1222,36792879,28.41860465116279
18.0,543,36793422,30.166666666666668
34.0,1206,36794628,35.470588235294116
18.0,437,36795065,24.27777777777778
30.0,1430,36796495,47.666666666666664
18.0,575,36797070,31.944444444444443
17.0,497,36797567,29.235294117647058
12.0,300,36797867,25.0
47.0,1421,36799288,30.23404255319149
35.0,1193,36800481,34.08571428571429
25.0,825,36801306,33.0
53.0,2018,36803324,38.075471698113205
7.0,182,36803506,26.0
19.0,457,36803963,24.05263157894737
23.0,717,36804680,31.17391304347826
36.0,1442,36806122,40.05555555555556
20.0,690,36806812,34.5
48.0,1639,36808451,34.145833333333336
33.0,1124,36809575,34.06060606060606
42.0,1362,36810937,32.42857142857143
22.0,680,36811617,30.90909090909091
28.0,763,36812380,27.25
16.0,419,36812799,26.1875
40.0,1362,36814161,34.05
37.0,1188,36815349,32.108108108108105
18.0,579,36815928,32.166666666666664
16.0,481,36816409,30.0625
22.0,674,36817083,30.636363636363637
29.0,839,36817922,28.93103448275862
35.0,1122,36819044,32.05714285714286
26.0,880,36819924,33.84615384615385
24.0,826,36820750,34.416666666666664
18.0,600,36821350,33.333333333333336
21.0,701,36822051,33.38095238095238
11.0,367,36822418,33.36363636363637
44.0,1626,36824044,36.95454545454545
44.0,1805,36825849,41.02272727272727
31.0,854,36826703,27.548387096774192
19.0,515,36827218,27.105263157894736
26.0,769,36827987,29.576923076923077
29.0,809,36828796,27.896551724137932
37.0,1226,36830022,33.13513513513514
46.0,1936,36831958,42.08695652173913
34.0,1118,36833076,32.88235294117647
27.0,861,36833937,31.88888888888889
20.0,644,36834581,32.2
25.0,835,36835416,33.4
23.0,940,36836356,40.869565217391305
39.0,1446,36837802,37.07692307692308
50.0,1755,36839557,35.1
23.0,865,36840422,37.608695652173914
27.0,1009,36841431,37.370370370370374
17.0,470,36841901,27.647058823529413
36.0,1311,36843212,36.416666666666664
24.0,636,36843848,26.5
15.0,406,36844254,27.066666666666666
37.0,1078,36845332,29.135135135135137
19.0,649,36845981,34.1578947368421
44.0,1417,36847398,32.20454545454545
32.0,885,36848283,27.65625
31.0,1151,36849434,37.12903225806452
23.0,748,36850182,32.52173913043478
22.0,675,36850857,30.681818181818183
26.0,787,36851644,30.26923076923077
39.0,1382,36853026,35.43589743589744
12.0,253,36853279,21.083333333333332
19.0,549,36853828,28.894736842105264
31.0,867,36854695,27.967741935483872
15.0,609,36855304,40.6
38.0,1420,36856724,37.36842105263158
36.0,1092,36857816,30.333333333333332
45.0,1789,36859605,39.75555555555555
18.0,564,36860169,31.333333333333332
28.0,873,36861042,31.178571428571427
54.0,2085,36863127,38.611111111111114
39.0,1249,36864376,32.02564102564103
12.0,289,36864665,24.083333333333332
24.0,694,36865359,28.916666666666668
6.0,136,36865495,22.666666666666668
35.0,1356,36866851,38.74285714285714
10.0,395,36867246,39.5
36.0,1337,36868583,37.138888888888886
13.0,354,36868937,27.23076923076923
16.0,527,36869464,32.9375
21.0,617,36870081,29.38095238095238
11.0,412,36870493,37.45454545454545
18.0,236,36870729,13.11111111111111
35.0,1056,36871785,30.17142857142857
29.0,1105,36872890,38.10344827586207
18.0,696,36873586,38.666666666666664
15.0,400,36873986,26.666666666666668
29.0,817,36874803,28.17241379310345
28.0,974,36875777,34.785714285714285
34.0,1209,36876986,35.55882352941177
38.0,1220,36878206,32.10526315789474
31.0,935,36879141,30.161290322580644
49.0,1411,36880552,28.79591836734694
30.0,924,36881476,30.8
18.0,482,36881958,26.77777777777778
32.0,1031,36882989,32.21875
26.0,716,36883705,27.53846153846154
38.0,1558,36885263,41.0
29.0,985,36886248,33.96551724137931
21.0,647,36886895,30.80952380952381
35.0,1081,36887976,30.885714285714286
31.0,1177,36889153,37.96774193548387
31.0,1138,36890291,36.70967741935484
27.0,830,36891121,30.74074074074074
37.0,1319,36892440,35.648648648648646
34.0,1154,36893594,33.94117647058823
34.0,1167,36894761,34.3235294117647
21.0,730,36895491,34.76190476190476
19.0,612,36896103,32.21052631578947
8.0,302,36896405,37.75
37.0,1468,36897873,39.67567567567568
20.0,709,36898582,35.45
28.0,1079,36899661,38.535714285714285
29.0,785,36900446,27.06896551724138
21.0,664,36901110,31.61904761904762
28.0,1032,36902142,36.857142857142854
32.0,873,36903015,27.28125
47.0,1556,36904571,33.1063829787234
42.0,1462,36906033,34.80952380952381
17.0,524,36906557,30.823529411764707
7.0,202,36906759,28.857142857142858
18.0,564,36907323,31.333333333333332
20.0,572,36907895,28.6
10.0,234,36908129,23.4
21.0,515,36908644,24.523809523809526
32.0,1013,36909657,31.65625
16.0,538,36910195,33.625
38.0,1454,36911649,38.26315789473684
15.0,236,36911885,15.733333333333333
31.0,1112,36912997,35.87096774193548
38.0,1118,36914115,29.42105263157895
30.0,1077,36915192,35.9
34.0,1001,36916193,29.441176470588236
23.0,785,36916978,34.130434782608695
32.0,1185,36918163,37.03125
26.0,763,36918926,29.346153846153847
26.0,880,36919806,33.84615384615385
16.0,416,36920222,26.0
13.0,387,36920609,29.76923076923077
32.0,827,36921436,25.84375
42.0,1669,36923105,39.73809523809524
36.0,1114,36924219,30.944444444444443
31.0,868,36925087,28.0
39.0,1313,36926400,33.666666666666664
43.0,1631,36928031,37.93023255813954
21.0,607,36928638,28.904761904761905
12.0,397,36929035,33.083333333333336
27.0,872,36929907,32.2962962962963
19.0,646,36930553,34.0
21.0,775,36931328,36.904761904761905
35.0,1259,36932587,35.97142857142857
19.0,576,36933163,30.31578947368421
24.0,589,36933752,24.541666666666668
13.0,299,36934051,23.0
39.0,1476,36935527,37.84615384615385
33.0,1101,36936628,33.36363636363637
34.0,1271,36937899,37.38235294117647
44.0,1214,36939113,27.59090909090909
34.0,1152,36940265,33.88235294117647
36.0,1733,36941998,48.138888888888886
14.0,340,36942338,24.285714285714285
34.0,1023,36943361,30.08823529411765
28.0,946,36944307,33.785714285714285
30.0,1013,36945320,33.766666666666666
39.0,1466,36946786,37.58974358974359
24.0,714,36947500,29.75
34.0,1063,36948563,31.264705882352942
10.0,369,36948932,36.9
41.0,1517,36950449,37.0
11.0,346,36950795,31.454545454545453
14.0,441,36951236,31.5
32.0,968,36952204,30.25
16.0,513,36952717,32.0625
32.0,991,36953708,30.96875
21.0,511,36954219,24.333333333333332
37.0,1502,36955721,40.5945945945946
15.0,424,36956145,28.266666666666666
40.0,1175,36957320,29.375
33.0,1370,36958690,41.515151515151516
12.0,390,36959080,32.5
25.0,919,36959999,36.76
46.0,1581,36961580,34.369565217391305
32.0,738,36962318,23.0625
26.0,947,36963265,36.42307692307692
23.0,831,36964096,36.130434782608695
18.0,557,36964653,30.944444444444443
33.0,1045,36965698,31.666666666666668
34.0,1309,36967007,38.5
28.0,1021,36968028,36.464285714285715
36.0,1294,36969322,35.94444444444444
22.0,751,36970073,34.13636363636363
23.0,976,36971049,42.43478260869565
29.0,821,36971870,28.310344827586206
32.0,972,36972842,30.375
15.0,560,36973402,37.333333333333336
53.0,2015,36975417,38.0188679245283
37.0,1165,36976582,31.486486486486488
37.0,1190,36977772,32.16216216216216
31.0,1020,36978792,32.903225806451616
7.0,157,36978949,22.428571428571427
35.0,1209,36980158,34.542857142857144
35.0,1282,36981440,36.628571428571426
13.0,273,36981713,21.0
19.0,608,36982321,32.0
21.0,523,36982844,24.904761904761905
19.0,590,36983434,31.05263157894737
22.0,543,36983977,24.681818181818183
40.0,1412,36985389,35.3
8.0,339,36985728,42.375
20.0,507,36986235,25.35
43.0,1587,36987822,36.906976744186046
12.0,360,36988182,30.0
22.0,603,36988785,27.40909090909091
33.0,733,36989518,22.21212121212121
21.0,819,36990337,39.0
45.0,1669,36992006,37.08888888888889
24.0,756,36992762,31.5
30.0,855,36993617,28.5
11.0,334,36993951,30.363636363636363
30.0,1075,36995026,35.833333333333336
29.0,978,36996004,33.724137931034484
39.0,1476,36997480,37.84615384615385
30.0,1117,36998597,37.233333333333334
32.0,763,36999360,23.84375
18.0,357,36999717,19.833333333333332
24.0,732,37000449,30.5
29.0,881,37001330,30.379310344827587
27.0,936,37002266,34.666666666666664
25.0,884,37003150,35.36
34.0,991,37004141,29.147058823529413
22.0,681,37004822,30.954545454545453
43.0,1568,37006390,36.46511627906977
20.0,617,37007007,30.85
29.0,1370,37008377,47.241379310344826
43.0,1492,37009869,34.69767441860465
14.0,348,37010217,24.857142857142858
37.0,1620,37011837,43.78378378378378
19.0,650,37012487,34.21052631578947
19.0,577,37013064,30.36842105263158
25.0,844,37013908,33.76
32.0,1123,37015031,35.09375
39.0,1446,37016477,37.07692307692308
20.0,628,37017105,31.4
8.0,209,37017314,26.125
25.0,977,37018291,39.08
22.0,713,37019004,32.40909090909091
12.0,332,37019336,27.666666666666668
20.0,542,37019878,27.1
41.0,1310,37021188,31.951219512195124
23.0,774,37021962,33.65217391304348
31.0,795,37022757,25.64516129032258
22.0,562,37023319,25.545454545454547
37.0,1672,37024991,45.189189189189186
45.0,1143,37026134,25.4
32.0,1129,37027263,35.28125
29.0,668,37027931,23.03448275862069
20.0,616,37028547,30.8
36.0,1006,37029553,27.944444444444443
15.0,393,37029946,26.2
30.0,933,37030879,31.1
31.0,1257,37032136,40.54838709677419
13.0,312,37032448,24.0
15.0,338,37032786,22.533333333333335
34.0,1190,37033976,35.0
45.0,1523,37035499,33.84444444444444
44.0,1617,37037116,36.75
8.0,162,37037278,20.25
17.0,415,37037693,24.41176470588235
32.0,1001,37038694,31.28125
9.0,250,37038944,27.77777777777778
38.0,1289,37040233,33.921052631578945
34.0,1017,37041250,29.91176470588235
39.0,1233,37042483,31.615384615384617
34.0,1100,37043583,32.35294117647059
11.0,395,37043978,35.90909090909091
27.0,1095,37045073,40.55555555555556
44.0,1467,37046540,33.34090909090909
22.0,618,37047158,28.09090909090909
42.0,1331,37048489,31.69047619047619
46.0,1492,37049981,32.43478260869565
17.0,470,37050451,27.647058823529413
43.0,1498,37051949,34.83720930232558
25.0,756,37052705,30.24
40.0,1569,37054274,39.225
32.0,1034,37055308,32.3125
44.0,1565,37056873,35.56818181818182
23.0,859,37057732,37.34782608695652
22.0,642,37058374,29.181818181818183
16.0,351,37058725,21.9375
39.0,1134,37059859,29.076923076923077
18.0,623,37060482,34.611111111111114
14.0,414,37060896,29.571428571428573
32.0,883,37061779,27.59375
42.0,1257,37063036,29.928571428571427
27.0,900,37063936,33.333333333333336
47.0,1474,37065410,31.361702127659573
37.0,1264,37066674,34.16216216216216
26.0,986,37067660,37.92307692307692
23.0,760,37068420,33.04347826086956
35.0,978,37069398,27.942857142857143
21.0,729,37070127,34.714285714285715
17.0,663,37070790,39.0
44.0,2005,37072795,45.56818181818182
51.0,1793,37074588,35.15686274509804
30.0,1013,37075601,33.766666666666666
26.0,686,37076287,26.384615384615383
30.0,1064,37077351,35.46666666666667
28.0,835,37078186,29.821428571428573
9.0,256,37078442,28.444444444444443
12.0,450,37078892,37.5
32.0,858,37079750,26.8125
17.0,709,37080459,41.705882352941174
38.0,1451,37081910,38.18421052631579
38.0,1146,37083056,30.157894736842106
16.0,672,37083728,42.0
20.0,561,37084289,28.05
15.0,438,37084727,29.2
30.0,897,37085624,29.9
36.0,1128,37086752,31.333333333333332
21.0,601,37087353,28.61904761904762
29.0,869,37088222,29.96551724137931
23.0,641,37088863,27.869565217391305
36.0,1092,37089955,30.333333333333332
32.0,1137,37091092,35.53125
22.0,769,37091861,34.95454545454545
46.0,1693,37093554,36.80434782608695
39.0,1434,37094988,36.76923076923077
21.0,562,37095550,26.761904761904763
26.0,803,37096353,30.884615384615383
38.0,1403,37097756,36.921052631578945
9.0,231,37097987,25.666666666666668
33.0,951,37098938,28.818181818181817
24.0,772,37099710,32.166666666666664
22.0,715,37100425,32.5
22.0,612,37101037,27.818181818181817
10.0,328,37101365,32.8
36.0,1176,37102541,32.666666666666664
50.0,1626,37104167,32.52
18.0,573,37104740,31.833333333333332
28.0,1006,37105746,35.92857142857143
21.0,461,37106207,21.952380952380953
38.0,1142,37107349,30.05263157894737
14.0,303,37107652,21.642857142857142
20.0,657,37108309,32.85
33.0,1541,37109850,46.696969696969695
36.0,1189,37111039,33.02777777777778
41.0,1450,37112489,35.36585365853659
34.0,1070,37113559,31.470588235294116
25.0,840,37114399,33.6
14.0,475,37114874,33.92857142857143
41.0,1355,37116229,33.048780487804876
33.0,1170,37117399,35.45454545454545
49.0,1257,37118656,25.653061224489797
19.0,474,37119130,24.94736842105263
64.0,2340,37121470,36.5625
3.0,111,37121581,37.0
24.0,833,37122414,34.708333333333336
23.0,738,37123152,32.08695652173913
25.0,837,37123989,33.48
7.0,235,37124224,33.57142857142857
6.0,210,37124434,35.0
19.0,665,37125099,35.0
28.0,990,37126089,35.357142857142854
12.0,303,37126392,25.25
21.0,687,37127079,32.714285714285715
3.0,134,37127213,44.666666666666664
42.0,1254,37128467,29.857142857142858
38.0,1369,37129836,36.026315789473685
10.0,290,37130126,29.0
24.0,633,37130759,26.375
22.0,597,37131356,27.136363636363637
41.0,1217,37132573,29.682926829268293
31.0,1057,37133630,34.096774193548384
10.0,217,37133847,21.7
35.0,1273,37135120,36.371428571428574
23.0,717,37135837,31.17391304347826
31.0,1048,37136885,33.806451612903224
9.0,239,37137124,26.555555555555557
0.0,24,37137148,inf
16.0,503,37137651,31.4375
5.0,121,37137772,24.2
6.0,222,37137994,37.0
24.0,648,37138642,27.0
27.0,1082,37139724,40.074074074074076
15.0,377,37140101,25.133333333333333
37.0,1242,37141343,33.567567567567565
50.0,1892,37143235,37.84
36.0,1050,37144285,29.166666666666668
40.0,1270,37145555,31.75
26.0,1027,37146582,39.5
7.0,250,37146832,35.714285714285715
25.0,925,37147757,37.0
3.0,116,37147873,38.666666666666664
32.0,1146,37149019,35.8125
19.0,408,37149427,21.473684210526315
47.0,1539,37150966,32.744680851063826
19.0,566,37151532,29.789473684210527
26.0,840,37152372,32.30769230769231
19.0,561,37152933,29.526315789473685
0.0,31,37152964,inf
8.0,246,37153210,30.75
38.0,1204,37154414,31.68421052631579
3.0,102,37154516,34.0
25.0,556,37155072,22.24
19.0,543,37155615,28.57894736842105
14.0,444,37156059,31.714285714285715
29.0,1075,37157134,37.06896551724138
20.0,715,37157849,35.75
28.0,1199,37159048,42.82142857142857
32.0,1016,37160064,31.75
33.0,1133,37161197,34.333333333333336
18.0,619,37161816,34.388888888888886
33.0,1174,37162990,35.57575757575758
26.0,713,37163703,27.423076923076923
32.0,1005,37164708,31.40625
26.0,649,37165357,24.96153846153846
42.0,1800,37167157,42.857142857142854
51.0,1506,37168663,29.529411764705884
22.0,692,37169355,31.454545454545453
38.0,1553,37170908,40.86842105263158
26.0,681,37171589,26.192307692307693
8.0,224,37171813,28.0
44.0,1286,37173099,29.227272727272727
17.0,536,37173635,31.529411764705884
26.0,619,37174254,23.807692307692307
7.0,243,37174497,34.714285714285715
34.0,1161,37175658,34.14705882352941
38.0,1088,37176746,28.63157894736842
40.0,990,37177736,24.75
36.0,1276,37179012,35.44444444444444
30.0,956,37179968,31.866666666666667
32.0,996,37180964,31.125
16.0,453,37181417,28.3125
11.0,248,37181665,22.545454545454547
25.0,735,37182400,29.4
10.0,309,37182709,30.9
23.0,641,37183350,27.869565217391305
30.0,1165,37184515,38.833333333333336
20.0,585,37185100,29.25
15.0,501,37185601,33.4
37.0,1129,37186730,30.513513513513512
19.0,613,37187343,32.26315789473684
30.0,974,37188317,32.46666666666667
21.0,660,37188977,31.428571428571427
23.0,681,37189658,29.608695652173914
29.0,1008,37190666,34.758620689655174
47.0,1526,37192192,32.46808510638298
3.0,259,37192451,86.33333333333333
31.0,1114,37193565,35.935483870967744
26.0,1008,37194573,38.76923076923077
29.0,1030,37195603,35.51724137931034
22.0,691,37196294,31.40909090909091
36.0,1126,37197420,31.27777777777778
11.0,329,37197749,29.90909090909091
40.0,1735,37199484,43.375
27.0,935,37200419,34.629629629629626
33.0,1055,37201474,31.96969696969697
31.0,910,37202384,29.35483870967742
34.0,1080,37203464,31.764705882352942
39.0,1617,37205081,41.46153846153846
26.0,914,37205995,35.15384615384615
30.0,879,37206874,29.3
53.0,1719,37208593,32.43396226415094
13.0,331,37208924,25.46153846153846
6.0,147,37209071,24.5
18.0,751,37209822,41.72222222222222
9.0,344,37210166,38.22222222222222
26.0,900,37211066,34.61538461538461
20.0,518,37211584,25.9
23.0,612,37212196,26.608695652173914
34.0,1077,37213273,31.676470588235293
23.0,618,37213891,26.869565217391305
29.0,951,37214842,32.793103448275865
32.0,982,37215824,30.6875
40.0,1210,37217034,30.25
14.0,475,37217509,33.92857142857143
25.0,830,37218339,33.2
38.0,1176,37219515,30.94736842105263
16.0,398,37219913,24.875
22.0,865,37220778,39.31818181818182
31.0,1225,37222003,39.516129032258064
36.0,1015,37223018,28.194444444444443
42.0,1481,37224499,35.26190476190476
11.0,191,37224690,17.363636363636363
24.0,835,37225525,34.791666666666664
17.0,417,37225942,24.529411764705884
35.0,1146,37227088,32.74285714285714
5.0,125,37227213,25.0
24.0,724,37227937,30.166666666666668
25.0,713,37228650,28.52
35.0,1181,37229831,33.74285714285714
18.0,516,37230347,28.666666666666668
30.0,963,37231310,32.1
23.0,719,37232029,31.26086956521739
13.0,316,37232345,24.307692307692307
35.0,1106,37233451,31.6
25.0,1011,37234462,40.44
9.0,259,37234721,28.77777777777778
27.0,950,37235671,35.18518518518518
18.0,512,37236183,28.444444444444443
43.0,1211,37237394,28.162790697674417
24.0,493,37237887,20.541666666666668
6.0,171,37238058,28.5
22.0,626,37238684,28.454545454545453
29.0,934,37239618,32.206896551724135
42.0,1361,37240979,32.404761904761905
31.0,940,37241919,30.322580645161292
37.0,903,37242822,24.405405405405407
25.0,845,37243667,33.8
6.0,147,37243814,24.5
17.0,651,37244465,38.294117647058826
38.0,1238,37245703,32.578947368421055
32.0,845,37246548,26.40625
18.0,490,37247038,27.22222222222222
17.0,613,37247651,36.05882352941177
43.0,1815,37249466,42.2093023255814
8.0,325,37249791,40.625
23.0,818,37250609,35.56521739130435
28.0,759,37251368,27.107142857142858
13.0,411,37251779,31.615384615384617
38.0,1190,37252969,31.31578947368421
14.0,406,37253375,29.0
7.0,179,37253554,25.571428571428573
49.0,1864,37255418,38.04081632653061
14.0,491,37255909,35.07142857142857
29.0,1086,37256995,37.44827586206897
30.0,921,37257916,30.7
23.0,588,37258504,25.565217391304348
39.0,1113,37259617,28.53846153846154
34.0,1045,37260662,30.735294117647058
47.0,1688,37262350,35.91489361702128
46.0,1544,37263894,33.56521739130435
16.0,465,37264359,29.0625
25.0,531,37264890,21.24
43.0,1418,37266308,32.97674418604651
25.0,715,37267023,28.6
14.0,597,37267620,42.642857142857146
22.0,394,37268014,17.90909090909091
48.0,1752,37269766,36.5
36.0,1129,37270895,31.36111111111111
19.0,554,37271449,29.157894736842106
46.0,1407,37272856,30.58695652173913
30.0,938,37273794,31.266666666666666
31.0,994,37274788,32.064516129032256
33.0,1164,37275952,35.27272727272727
24.0,592,37276544,24.666666666666668
35.0,922,37277466,26.34285714285714
42.0,1798,37279264,42.80952380952381
37.0,1393,37280657,37.648648648648646
8.0,190,37280847,23.75
43.0,1510,37282357,35.116279069767444
38.0,1003,37283360,26.394736842105264
16.0,295,37283655,18.4375
20.0,730,37284385,36.5
22.0,669,37285054,30.40909090909091
36.0,1479,37286533,41.083333333333336
22.0,838,37287371,38.09090909090909
29.0,865,37288236,29.82758620689655
37.0,1012,37289248,27.35135135135135
36.0,1256,37290504,34.888888888888886
27.0,1186,37291690,43.925925925925924
47.0,1855,37293545,39.46808510638298
24.0,750,37294295,31.25
26.0,837,37295132,32.19230769230769
14.0,483,37295615,34.5
16.0,402,37296017,25.125
25.0,742,37296759,29.68
16.0,521,37297280,32.5625
35.0,1281,37298561,36.6
33.0,1385,37299946,41.96969696969697
15.0,533,37300479,35.53333333333333
45.0,1749,37302228,38.86666666666667
13.0,345,37302573,26.53846153846154
35.0,1259,37303832,35.97142857142857
31.0,799,37304631,25.774193548387096
14.0,351,37304982,25.071428571428573
22.0,590,37305572,26.818181818181817
22.0,712,37306284,32.36363636363637
18.0,462,37306746,25.666666666666668
29.0,965,37307711,33.275862068965516
44.0,1463,37309174,33.25
45.0,1349,37310523,29.977777777777778
30.0,1094,37311617,36.46666666666667
33.0,917,37312534,27.78787878787879
35.0,1483,37314017,42.371428571428574
19.0,717,37314734,37.73684210526316
17.0,635,37315369,37.35294117647059
22.0,684,37316053,31.09090909090909
8.0,263,37316316,32.875
20.0,582,37316898,29.1
24.0,649,37317547,27.041666666666668
16.0,253,37317800,15.8125
26.0,741,37318541,28.5
20.0,509,37319050,25.45
13.0,336,37319386,25.846153846153847
39.0,1219,37320605,31.256410256410255
37.0,1356,37321961,36.648648648648646
37.0,1307,37323268,35.32432432432432
7.0,201,37323469,28.714285714285715
18.0,541,37324010,30.055555555555557
26.0,812,37324822,31.23076923076923
35.0,1162,37325984,33.2
27.0,796,37326780,29.48148148148148
23.0,568,37327348,24.695652173913043
26.0,719,37328067,27.653846153846153
34.0,1019,37329086,29.970588235294116
22.0,932,37330018,42.36363636363637
35.0,1094,37331112,31.257142857142856
41.0,1272,37332384,31.024390243902438
22.0,875,37333259,39.77272727272727
26.0,1025,37334284,39.42307692307692
8.0,309,37334593,38.625
42.0,1291,37335884,30.738095238095237
23.0,607,37336491,26.391304347826086
32.0,1373,37337864,42.90625
9.0,201,37338065,22.333333333333332
25.0,644,37338709,25.76
2.0,52,37338761,26.0
36.0,1233,37339994,34.25
31.0,756,37340750,24.387096774193548
18.0,571,37341321,31.72222222222222
34.0,1055,37342376,31.029411764705884
39.0,1189,37343565,30.487179487179485
14.0,321,37343886,22.928571428571427
26.0,781,37344667,30.03846153846154
32.0,986,37345653,30.8125
39.0,1105,37346758,28.333333333333332
12.0,316,37347074,26.333333333333332
27.0,1131,37348205,41.888888888888886
25.0,747,37348952,29.88
32.0,976,37349928,30.5
31.0,814,37350742,26.258064516129032
36.0,1213,37351955,33.69444444444444
29.0,882,37352837,30.413793103448278
33.0,1126,37353963,34.121212121212125
22.0,573,37354536,26.045454545454547
43.0,1465,37356001,34.06976744186046
23.0,657,37356658,28.565217391304348
3.0,149,37356807,49.666666666666664
37.0,1109,37357916,29.972972972972972
42.0,1522,37359438,36.23809523809524
24.0,695,37360133,28.958333333333332
27.0,795,37360928,29.444444444444443
34.0,1489,37362417,43.794117647058826
30.0,845,37363262,28.166666666666668
40.0,1514,37364776,37.85
38.0,1362,37366138,35.8421052631579
39.0,1514,37367652,38.82051282051282
30.0,951,37368603,31.7
19.0,565,37369168,29.736842105263158
12.0,332,37369500,27.666666666666668
51.0,1788,37371288,35.05882352941177
31.0,791,37372079,25.516129032258064
39.0,1320,37373399,33.84615384615385
35.0,1166,37374565,33.31428571428572
32.0,1089,37375654,34.03125
10.0,340,37375994,34.0
30.0,1078,37377072,35.93333333333333
16.0,561,37377633,35.0625
24.0,661,37378294,27.541666666666668
31.0,1081,37379375,34.87096774193548
31.0,1233,37380608,39.774193548387096
18.0,398,37381006,22.11111111111111
34.0,1206,37382212,35.470588235294116
44.0,1555,37383767,35.34090909090909
18.0,475,37384242,26.38888888888889
38.0,952,37385194,25.05263157894737
31.0,1113,37386307,35.903225806451616
32.0,1024,37387331,32.0
27.0,745,37388076,27.59259259259259
31.0,1072,37389148,34.58064516129032
35.0,966,37390114,27.6
15.0,543,37390657,36.2
25.0,705,37391362,28.2
35.0,1242,37392604,35.48571428571429
42.0,1706,37394310,40.61904761904762
29.0,818,37395128,28.20689655172414
36.0,1050,37396178,29.166666666666668
43.0,1676,37397854,38.97674418604651
37.0,1007,37398861,27.216216216216218
47.0,1681,37400542,35.765957446808514
2.0,31,37400573,15.5
26.0,897,37401470,34.5
24.0,848,37402318,35.333333333333336
20.0,526,37402844,26.3
9.0,230,37403074,25.555555555555557
22.0,674,37403748,30.636363636363637
19.0,487,37404235,25.63157894736842
34.0,929,37405164,27.323529411764707
31.0,846,37406010,27.29032258064516
28.0,896,37406906,32.0
28.0,1060,37407966,37.857142857142854
35.0,1151,37409117,32.885714285714286
22.0,571,37409688,25.954545454545453
36.0,1248,37410936,34.666666666666664
32.0,738,37411674,23.0625
22.0,856,37412530,38.90909090909091
45.0,1665,37414195,37.0
26.0,920,37415115,35.38461538461539
38.0,1189,37416304,31.289473684210527
23.0,786,37417090,34.17391304347826
21.0,656,37417746,31.238095238095237
34.0,892,37418638,26.235294117647058
24.0,902,37419540,37.583333333333336
29.0,1110,37420650,38.275862068965516
23.0,585,37421235,25.434782608695652
44.0,1661,37422896,37.75
24.0,771,37423667,32.125
26.0,646,37424313,24.846153846153847
25.0,822,37425135,32.88
3.0,198,37425333,66.0
51.0,1587,37426920,31.11764705882353
28.0,764,37427684,27.285714285714285
20.0,777,37428461,38.85
13.0,350,37428811,26.923076923076923
8.0,240,37429051,30.0
21.0,555,37429606,26.428571428571427
28.0,1060,37430666,37.857142857142854
19.0,582,37431248,30.63157894736842
19.0,428,37431676,22.526315789473685
38.0,1049,37432725,27.605263157894736
18.0,567,37433292,31.5
28.0,1058,37434350,37.785714285714285
29.0,858,37435208,29.586206896551722
42.0,1451,37436659,34.54761904761905
24.0,692,37437351,28.833333333333332
34.0,1054,37438405,31.0
27.0,676,37439081,25.037037037037038
36.0,1034,37440115,28.72222222222222
32.0,1154,37441269,36.0625
32.0,1340,37442609,41.875
20.0,704,37443313,35.2
22.0,729,37444042,33.13636363636363
32.0,1136,37445178,35.5
14.0,386,37445564,27.571428571428573
45.0,1403,37446967,31.177777777777777
37.0,1265,37448232,34.189189189189186
14.0,322,37448554,23.0
36.0,1249,37449803,34.69444444444444
8.0,256,37450059,32.0
33.0,1001,37451060,30.333333333333332
41.0,1363,37452423,33.24390243902439
34.0,1055,37453478,31.029411764705884
44.0,1438,37454916,32.68181818181818
50.0,1751,37456667,35.02
33.0,933,37457600,28.272727272727273
34.0,823,37458423,24.205882352941178
22.0,573,37458996,26.045454545454547
28.0,714,37459710,25.5
26.0,838,37460548,32.23076923076923
34.0,1067,37461615,31.38235294117647
42.0,1488,37463103,35.42857142857143
27.0,840,37463943,31.11111111111111
32.0,1053,37464996,32.90625
41.0,1426,37466422,34.78048780487805
30.0,810,37467232,27.0
10.0,268,37467500,26.8
37.0,1250,37468750,33.78378378378378
7.0,179,37468929,25.571428571428573
26.0,787,37469716,30.26923076923077
13.0,446,37470162,34.30769230769231
40.0,1390,37471552,34.75
32.0,878,37472430,27.4375
46.0,1261,37473691,27.41304347826087
39.0,1588,37475279,40.717948717948715
16.0,462,37475741,28.875
27.0,1049,37476790,38.851851851851855
41.0,1388,37478178,33.853658536585364
25.0,697,37478875,27.88
31.0,854,37479729,27.548387096774192
17.0,528,37480257,31.058823529411764
18.0,435,37480692,24.166666666666668
18.0,497,37481189,27.61111111111111
16.0,377,37481566,23.5625
32.0,879,37482445,27.46875
36.0,1197,37483642,33.25
20.0,840,37484482,42.0
41.0,1104,37485586,26.926829268292682
35.0,1059,37486645,30.257142857142856
29.0,858,37487503,29.586206896551722
22.0,665,37488168,30.227272727272727
48.0,1683,37489851,35.0625
26.0,756,37490607,29.076923076923077
45.0,1644,37492251,36.53333333333333
30.0,919,37493170,30.633333333333333
10.0,348,37493518,34.8
10.0,259,37493777,25.9
16.0,538,37494315,33.625
34.0,1065,37495380,31.323529411764707
32.0,1050,37496430,32.8125
25.0,497,37496927,19.88
36.0,1063,37497990,29.52777777777778
35.0,1223,37499213,34.94285714285714
9.0,120,37499333,13.333333333333334
16.0,396,37499729,24.75
6.0,193,37499922,32.166666666666664
26.0,849,37500771,32.65384615384615
14.0,501,37501272,35.785714285714285
32.0,950,37502222,29.6875
39.0,1505,37503727,38.58974358974359
11.0,353,37504080,32.09090909090909
27.0,723,37504803,26.77777777777778
23.0,763,37505566,33.17391304347826
37.0,1211,37506777,32.729729729729726
26.0,627,37507404,24.115384615384617
30.0,859,37508263,28.633333333333333
35.0,930,37509193,26.571428571428573
20.0,677,37509870,33.85
27.0,927,37510797,34.333333333333336
19.0,495,37511292,26.05263157894737
34.0,1303,37512595,38.3235294117647
37.0,982,37513577,26.54054054054054
16.0,492,37514069,30.75
37.0,1147,37515216,31.0
21.0,558,37515774,26.571428571428573
36.0,1323,37517097,36.75
26.0,775,37517872,29.807692307692307
16.0,419,37518291,26.1875
51.0,1794,37520085,35.1764705882353
35.0,1005,37521090,28.714285714285715
21.0,798,37521888,38.0
22.0,655,37522543,29.772727272727273
26.0,749,37523292,28.807692307692307
22.0,699,37523991,31.772727272727273
54.0,1631,37525622,30.203703703703702
19.0,497,37526119,26.157894736842106
29.0,921,37527040,31.75862068965517
58.0,1917,37528957,33.05172413793103
9.0,399,37529356,44.333333333333336
41.0,1480,37530836,36.09756097560975
35.0,1021,37531857,29.17142857142857
39.0,1351,37533208,34.64102564102564
27.0,753,37533961,27.88888888888889
28.0,1100,37535061,39.285714285714285
38.0,1506,37536567,39.63157894736842
26.0,696,37537263,26.76923076923077
36.0,1787,37539050,49.638888888888886
28.0,733,37539783,26.178571428571427
62.0,1858,37541641,29.967741935483872
22.0,617,37542258,28.045454545454547
33.0,862,37543120,26.12121212121212
48.0,1432,37544552,29.833333333333332
36.0,1324,37545876,36.77777777777778
21.0,749,37546625,35.666666666666664
16.0,312,37546937,19.5
47.0,1287,37548224,27.382978723404257
34.0,1160,37549384,34.11764705882353
38.0,1248,37550632,32.8421052631579
3.0,83,37550715,27.666666666666668
42.0,1070,37551785,25.476190476190474
13.0,395,37552180,30.384615384615383
9.0,251,37552431,27.88888888888889
51.0,1986,37554417,38.94117647058823
22.0,679,37555096,30.863636363636363
25.0,582,37555678,23.28
19.0,479,37556157,25.210526315789473
38.0,1203,37557360,31.657894736842106
16.0,415,37557775,25.9375
36.0,1186,37558961,32.94444444444444
28.0,777,37559738,27.75
22.0,675,37560413,30.681818181818183
44.0,1273,37561686,28.931818181818183
31.0,805,37562491,25.967741935483872
34.0,1008,37563499,29.647058823529413
14.0,408,37563907,29.142857142857142
11.0,187,37564094,17.0
21.0,366,37564460,17.428571428571427
24.0,748,37565208,31.166666666666668
9.0,291,37565499,32.333333333333336
24.0,598,37566097,24.916666666666668
27.0,629,37566726,23.296296296296298
25.0,898,37567624,35.92
27.0,821,37568445,30.40740740740741
26.0,706,37569151,27.153846153846153
15.0,341,37569492,22.733333333333334
16.0,548,37570040,34.25
16.0,365,37570405,22.8125
14.0,348,37570753,24.857142857142858
5.0,195,37570948,39.0
23.0,623,37571571,27.08695652173913
9.0,269,37571840,29.88888888888889
18.0,458,37572298,25.444444444444443
22.0,631,37572929,28.681818181818183
18.0,552,37573481,30.666666666666668
12.0,571,37574052,47.583333333333336
34.0,970,37575022,28.529411764705884
32.0,825,37575847,25.78125
26.0,698,37576545,26.846153846153847
12.0,371,37576916,30.916666666666668
32.0,863,37577779,26.96875
39.0,1096,37578875,28.102564102564102
42.0,1373,37580248,32.69047619047619
30.0,870,37581118,29.0
32.0,1012,37582130,31.625
29.0,714,37582844,24.620689655172413
36.0,1056,37583900,29.333333333333332
17.0,369,37584269,21.705882352941178
25.0,829,37585098,33.16
29.0,1076,37586174,37.10344827586207
6.0,131,37586305,21.833333333333332
29.0,869,37587174,29.96551724137931
17.0,406,37587580,23.88235294117647
28.0,876,37588456,31.285714285714285
37.0,1345,37589801,36.351351351351354
35.0,889,37590690,25.4
23.0,630,37591320,27.391304347826086
26.0,727,37592047,27.96153846153846
34.0,1226,37593273,36.05882352941177
32.0,812,37594085,25.375
33.0,855,37594940,25.90909090909091
11.0,223,37595163,20.272727272727273
20.0,565,37595728,28.25
34.0,1001,37596729,29.441176470588236
35.0,1118,37597847,31.942857142857143
41.0,1212,37599059,29.5609756097561
27.0,663,37599722,24.555555555555557
14.0,423,37600145,30.214285714285715
28.0,971,37601116,34.67857142857143
26.0,845,37601961,32.5
19.0,462,37602423,24.31578947368421
24.0,685,37603108,28.541666666666668
23.0,680,37603788,29.565217391304348
27.0,752,37604540,27.85185185185185
26.0,490,37605030,18.846153846153847
19.0,474,37605504,24.94736842105263
33.0,1043,37606547,31.606060606060606
30.0,934,37607481,31.133333333333333
33.0,1141,37608622,34.57575757575758
29.0,814,37609436,28.06896551724138
17.0,352,37609788,20.705882352941178
39.0,1273,37611061,32.64102564102564
28.0,920,37611981,32.857142857142854
22.0,654,37612635,29.727272727272727
36.0,1153,37613788,32.02777777777778
38.0,1412,37615200,37.1578947368421
7.0,136,37615336,19.428571428571427
34.0,838,37616174,24.647058823529413
48.0,1223,37617397,25.479166666666668
27.0,701,37618098,25.962962962962962
43.0,1436,37619534,33.395348837209305
22.0,474,37620008,21.545454545454547
24.0,771,37620779,32.125
30.0,956,37621735,31.866666666666667
38.0,1201,37622936,31.605263157894736
43.0,1370,37624306,31.86046511627907
13.0,303,37624609,23.307692307692307
36.0,939,37625548,26.083333333333332
43.0,1198,37626746,27.86046511627907
54.0,1659,37628405,30.72222222222222
27.0,679,37629084,25.14814814814815
21.0,535,37629619,25.476190476190474
9.0,203,37629822,22.555555555555557
17.0,419,37630241,24.647058823529413
11.0,402,37630643,36.54545454545455
20.0,686,37631329,34.3
20.0,515,37631844,25.75
22.0,546,37632390,24.818181818181817
28.0,795,37633185,28.392857142857142
20.0,433,37633618,21.65
12.0,308,37633926,25.666666666666668
22.0,565,37634491,25.681818181818183
26.0,734,37635225,28.23076923076923
20.0,799,37636024,39.95
17.0,370,37636394,21.764705882352942
50.0,1849,37638243,36.98
50.0,1768,37640011,35.36
47.0,1531,37641542,32.57446808510638
20.0,403,37641945,20.15
34.0,844,37642789,24.823529411764707
41.0,1232,37644021,30.048780487804876
17.0,517,37644538,30.41176470588235
18.0,580,37645118,32.22222222222222
35.0,1125,37646243,32.142857142857146
52.0,2038,37648281,39.19230769230769
36.0,1047,37649328,29.083333333333332
29.0,934,37650262,32.206896551724135
34.0,804,37651066,23.647058823529413
30.0,896,37651962,29.866666666666667
26.0,720,37652682,27.692307692307693
27.0,761,37653443,28.185185185185187
39.0,1258,37654701,32.256410256410255
35.0,1288,37655989,36.8
16.0,409,37656398,25.5625
27.0,820,37657218,30.37037037037037
3.0,178,37657396,59.333333333333336
15.0,418,37657814,27.866666666666667
20.0,1035,37658849,51.75
32.0,934,37659783,29.1875
11.0,795,37660578,72.27272727272727
15.0,384,37660962,25.6
7.0,547,37661509,78.14285714285714
44.0,1275,37662784,28.977272727272727
1.0,448,37663232,448.0
6.0,618,37663850,103.0
15.0,372,37664222,24.8
23.0,723,37664945,31.434782608695652
21.0,977,37665922,46.523809523809526
18.0,1058,37666980,58.77777777777778
26.0,753,37667733,28.96153846153846
30.0,722,37668455,24.066666666666666
19.0,566,37669021,29.789473684210527
21.0,577,37669598,27.476190476190474
30.0,768,37670366,25.6
13.0,303,37670669,23.307692307692307
45.0,1360,37672029,30.22222222222222
20.0,578,37672607,28.9
7.0,615,37673222,87.85714285714286
38.0,1074,37674296,28.263157894736842
32.0,809,37675105,25.28125
3.0,565,37675670,188.33333333333334
11.0,183,37675853,16.636363636363637
8.0,635,37676488,79.375
29.0,997,37677485,34.37931034482759
10.0,264,37677749,26.4
33.0,1463,37679212,44.333333333333336
14.0,863,37680075,61.642857142857146
24.0,727,37680802,30.291666666666668
13.0,319,37681121,24.53846153846154
15.0,424,37681545,28.266666666666666
28.0,870,37682415,31.071428571428573
20.0,887,37683302,44.35
4.0,578,37683880,144.5
12.0,696,37684576,58.0
20.0,588,37685164,29.4
15.0,764,37685928,50.93333333333333
17.0,758,37686686,44.588235294117645
13.0,826,37687512,63.53846153846154
4.0,570,37688082,142.5
28.0,553,37688635,19.75
17.0,483,37689118,28.41176470588235
8.0,685,37689803,85.625
28.0,1211,37691014,43.25
16.0,464,37691478,29.0
23.0,702,37692180,30.52173913043478
19.0,517,37692697,27.210526315789473
31.0,885,37693582,28.548387096774192
4.0,141,37693723,35.25
37.0,795,37694518,21.486486486486488
6.0,590,37695108,98.33333333333333
17.0,473,37695581,27.823529411764707
31.0,918,37696499,29.612903225806452
12.0,756,37697255,63.0
37.0,1054,37698309,28.486486486486488
26.0,1209,37699518,46.5
30.0,961,37700479,32.03333333333333
0.0,441,37700920,inf
46.0,1596,37702516,34.69565217391305
21.0,622,37703138,29.61904761904762
10.0,290,37703428,29.0
14.0,756,37704184,54.0
17.0,435,37704619,25.58823529411765
47.0,1285,37705904,27.340425531914892
20.0,603,37706507,30.15
16.0,372,37706879,23.25
23.0,1162,37708041,50.52173913043478
44.0,1407,37709448,31.977272727272727
37.0,1030,37710478,27.83783783783784
45.0,1286,37711764,28.57777777777778
9.0,185,37711949,20.555555555555557
42.0,1474,37713423,35.095238095238095
44.0,1151,37714574,26.15909090909091
26.0,999,37715573,38.42307692307692
25.0,769,37716342,30.76
18.0,521,37716863,28.944444444444443
22.0,801,37717664,36.40909090909091
12.0,334,37717998,27.833333333333332
31.0,887,37718885,28.612903225806452
15.0,582,37719467,38.8
30.0,878,37720345,29.266666666666666
15.0,488,37720833,32.53333333333333
30.0,732,37721565,24.4
23.0,527,37722092,22.91304347826087
10.0,406,37722498,40.6
14.0,337,37722835,24.071428571428573
23.0,568,37723403,24.695652173913043
27.0,842,37724245,31.185185185185187
24.0,493,37724738,20.541666666666668
33.0,1097,37725835,33.24242424242424
29.0,852,37726687,29.379310344827587
17.0,503,37727190,29.58823529411765
39.0,1003,37728193,25.71794871794872
24.0,709,37728902,29.541666666666668
15.0,795,37729697,53.0
16.0,424,37730121,26.5
21.0,703,37730824,33.476190476190474
10.0,336,37731160,33.6
20.0,459,37731619,22.95
11.0,309,37731928,28.09090909090909
22.0,968,37732896,44.0
11.0,277,37733173,25.181818181818183
35.0,951,37734124,27.17142857142857
21.0,586,37734710,27.904761904761905
18.0,1126,37735836,62.55555555555556
9.0,722,37736558,80.22222222222223
39.0,1400,37737958,35.8974358974359
14.0,402,37738360,28.714285714285715
35.0,1144,37739504,32.68571428571428
26.0,786,37740290,30.23076923076923
13.0,342,37740632,26.307692307692307
6.0,186,37740818,31.0
25.0,733,37741551,29.32
17.0,427,37741978,25.11764705882353
32.0,988,37742966,30.875
35.0,962,37743928,27.485714285714284
6.0,135,37744063,22.5
10.0,288,37744351,28.8
17.0,456,37744807,26.823529411764707
1.0,447,37745254,447.0
28.0,663,37745917,23.678571428571427
44.0,1109,37747026,25.204545454545453
5.0,519,37747545,103.8
24.0,1063,37748608,44.291666666666664
8.0,182,37748790,22.75
36.0,1065,37749855,29.583333333333332
38.0,1190,37751045,31.31578947368421
32.0,847,37751892,26.46875
7.0,607,37752499,86.71428571428571
48.0,1365,37753864,28.4375
12.0,395,37754259,32.916666666666664
24.0,658,37754917,27.416666666666668
13.0,548,37755465,42.15384615384615
0.0,441,37755906,inf
43.0,1203,37757109,27.976744186046513
23.0,579,37757688,25.17391304347826
26.0,626,37758314,24.076923076923077
58.0,2192,37760506,37.793103448275865
21.0,957,37761463,45.57142857142857
27.0,637,37762100,23.59259259259259
19.0,575,37762675,30.263157894736842
47.0,1373,37764048,29.21276595744681
31.0,943,37764991,30.419354838709676
10.0,321,37765312,32.1
1.0,498,37765810,498.0
37.0,1164,37766974,31.45945945945946
17.0,436,37767410,25.647058823529413
43.0,1267,37768677,29.46511627906977
20.0,676,37769353,33.8
34.0,839,37770192,24.676470588235293
18.0,445,37770637,24.72222222222222
22.0,772,37771409,35.09090909090909
0.0,441,37771850,inf
24.0,585,37772435,24.375
26.0,888,37773323,34.15384615384615
25.0,674,37773997,26.96
13.0,397,37774394,30.53846153846154
18.0,439,37774833,24.38888888888889
19.0,476,37775309,25.05263157894737
26.0,855,37776164,32.88461538461539
2.0,46,37776210,23.0
20.0,550,37776760,27.5
4.0,531,37777291,132.75
24.0,698,37777989,29.083333333333332
42.0,1212,37779201,28.857142857142858
0.0,441,37779642,inf
16.0,423,37780065,26.4375
15.0,407,37780472,27.133333333333333
10.0,390,37780862,39.0
21.0,530,37781392,25.238095238095237
8.0,675,37782067,84.375
28.0,800,37782867,28.571428571428573
47.0,1470,37784337,31.27659574468085
41.0,1775,37786112,43.292682926829265
21.0,673,37786785,32.04761904761905
34.0,876,37787661,25.764705882352942
16.0,328,37787989,20.5
0.0,441,37788430,inf
28.0,772,37789202,27.571428571428573
16.0,857,37790059,53.5625
24.0,862,37790921,35.916666666666664
15.0,533,37791454,35.53333333333333
12.0,449,37791903,37.416666666666664
5.0,589,37792492,117.8
27.0,776,37793268,28.74074074074074
18.0,475,37793743,26.38888888888889
16.0,755,37794498,47.1875
5.0,577,37795075,115.4
11.0,443,37795518,40.27272727272727
43.0,1131,37796649,26.302325581395348
35.0,1027,37797676,29.34285714285714
14.0,301,37797977,21.5
23.0,556,37798533,24.17391304347826
15.0,447,37798980,29.8
42.0,1440,37800420,34.285714285714285
0.0,441,37800861,inf
8.0,170,37801031,21.25
23.0,726,37801757,31.565217391304348
35.0,929,37802686,26.542857142857144
13.0,333,37803019,25.615384615384617
52.0,1169,37804188,22.48076923076923
19.0,542,37804730,28.526315789473685
38.0,1100,37805830,28.94736842105263
28.0,857,37806687,30.607142857142858
27.0,895,37807582,33.148148148148145
4.0,151,37807733,37.75
15.0,652,37808385,43.46666666666667
14.0,449,37808834,32.07142857142857
9.0,323,37809157,35.888888888888886
17.0,265,37809422,15.588235294117647
8.0,157,37809579,19.625
26.0,686,37810265,26.384615384615383
17.0,631,37810896,37.11764705882353
45.0,1271,37812167,28.244444444444444
30.0,925,37813092,30.833333333333332
0.0,441,37813533,inf
13.0,247,37813780,19.0
36.0,998,37814778,27.72222222222222
16.0,390,37815168,24.375
40.0,1115,37816283,27.875
7.0,177,37816460,25.285714285714285
26.0,937,37817397,36.03846153846154
8.0,279,37817676,34.875
19.0,712,37818388,37.473684210526315
35.0,1035,37819423,29.571428571428573
10.0,284,37819707,28.4
13.0,293,37820000,22.53846153846154
22.0,606,37820606,27.545454545454547
15.0,452,37821058,30.133333333333333
33.0,759,37821817,23.0
8.0,237,37822054,29.625
19.0,402,37822456,21.157894736842106
20.0,411,37822867,20.55
34.0,908,37823775,26.705882352941178
37.0,1155,37824930,31.216216216216218
25.0,657,37825587,26.28
50.0,1543,37827130,30.86
31.0,1024,37828154,33.03225806451613
31.0,827,37828981,26.677419354838708
33.0,762,37829743,23.09090909090909
19.0,398,37830141,20.94736842105263
29.0,771,37830912,26.586206896551722
21.0,580,37831492,27.61904761904762
33.0,942,37832434,28.545454545454547
34.0,847,37833281,24.91176470588235
9.0,192,37833473,21.333333333333332
19.0,554,37834027,29.157894736842106
16.0,498,37834525,31.125
28.0,802,37835327,28.642857142857142
25.0,794,37836121,31.76
27.0,590,37836711,21.85185185185185
24.0,620,37837331,25.833333333333332
24.0,683,37838014,28.458333333333332
27.0,754,37838768,27.925925925925927
22.0,579,37839347,26.318181818181817
22.0,513,37839860,23.318181818181817
30.0,718,37840578,23.933333333333334
16.0,338,37840916,21.125
24.0,632,37841548,26.333333333333332
27.0,854,37842402,31.62962962962963
26.0,599,37843001,23.03846153846154
30.0,864,37843865,28.8
31.0,928,37844793,29.93548387096774
23.0,692,37845485,30.08695652173913
35.0,1066,37846551,30.457142857142856
39.0,1220,37847771,31.28205128205128
27.0,560,37848331,20.74074074074074
36.0,961,37849292,26.694444444444443
18.0,487,37849779,27.055555555555557
24.0,478,37850257,19.916666666666668
29.0,848,37851105,29.24137931034483
26.0,636,37851741,24.46153846153846
30.0,733,37852474,24.433333333333334
8.0,174,37852648,21.75
23.0,600,37853248,26.08695652173913
29.0,862,37854110,29.724137931034484
34.0,1033,37855143,30.38235294117647
35.0,841,37855984,24.02857142857143
18.0,459,37856443,25.5
11.0,361,37856804,32.81818181818182
20.0,603,37857407,30.15
27.0,742,37858149,27.48148148148148
24.0,881,37859030,36.708333333333336
26.0,618,37859648,23.76923076923077
30.0,1036,37860684,34.53333333333333
47.0,988,37861672,21.02127659574468
44.0,1107,37862779,25.15909090909091
45.0,1356,37864135,30.133333333333333
30.0,827,37864962,27.566666666666666
6.0,200,37865162,33.333333333333336
26.0,736,37865898,28.307692307692307
12.0,303,37866201,25.25
24.0,762,37866963,31.75
24.0,664,37867627,27.666666666666668
28.0,725,37868352,25.892857142857142
15.0,265,37868617,17.666666666666668
17.0,571,37869188,33.588235294117645
18.0,385,37869573,21.38888888888889
7.0,231,37869804,33.0
28.0,847,37870651,30.25
34.0,1083,37871734,31.852941176470587
26.0,708,37872442,27.23076923076923
22.0,531,37872973,24.136363636363637
39.0,1235,37874208,31.666666666666668
7.0,197,37874405,28.142857142857142
29.0,802,37875207,27.655172413793103
2.0,113,37875320,56.5
20.0,493,37875813,24.65
20.0,540,37876353,27.0
53.0,1479,37877832,27.90566037735849
62.0,2410,37880242,38.87096774193548
46.0,1395,37881637,30.32608695652174
18.0,579,37882216,32.166666666666664
35.0,953,37883169,27.228571428571428
49.0,1309,37884478,26.714285714285715
28.0,660,37885138,23.571428571428573
26.0,794,37885932,30.53846153846154
38.0,1302,37887234,34.26315789473684
41.0,1270,37888504,30.975609756097562
32.0,897,37889401,28.03125
25.0,626,37890027,25.04
52.0,1548,37891575,29.76923076923077
35.0,780,37892355,22.285714285714285
39.0,1177,37893532,30.17948717948718
13.0,795,37894327,61.15384615384615
17.0,389,37894716,22.88235294117647
26.0,724,37895440,27.846153846153847
21.0,631,37896071,30.047619047619047
39.0,1245,37897316,31.923076923076923
45.0,1402,37898718,31.155555555555555
31.0,851,37899569,27.451612903225808
27.0,701,37900270,25.962962962962962
30.0,858,37901128,28.6
46.0,1594,37902722,34.65217391304348
15.0,471,37903193,31.4
22.0,637,37903830,28.954545454545453
27.0,803,37904633,29.74074074074074
7.0,209,37904842,29.857142857142858
15.0,304,37905146,20.266666666666666
31.0,719,37905865,23.193548387096776
39.0,1115,37906980,28.58974358974359
21.0,630,37907610,30.0
23.0,622,37908232,27.043478260869566
7.0,144,37908376,20.571428571428573
37.0,946,37909322,25.56756756756757
20.0,548,37909870,27.4
2.0,46,37909916,23.0
22.0,602,37910518,27.363636363636363
21.0,513,37911031,24.428571428571427
12.0,292,37911323,24.333333333333332
25.0,656,37911979,26.24
38.0,965,37912944,25.394736842105264
20.0,697,37913641,34.85
23.0,549,37914190,23.869565217391305
21.0,721,37914911,34.333333333333336
20.0,412,37915323,20.6
34.0,958,37916281,28.176470588235293
21.0,502,37916783,23.904761904761905
28.0,906,37917689,32.357142857142854
28.0,716,37918405,25.571428571428573
32.0,768,37919173,24.0
40.0,1364,37920537,34.1
28.0,833,37921370,29.75
31.0,785,37922155,25.322580645161292
32.0,967,37923122,30.21875
22.0,483,37923605,21.954545454545453
25.0,794,37924399,31.76
20.0,613,37925012,30.65
14.0,274,37925286,19.571428571428573
38.0,1078,37926364,28.36842105263158
26.0,704,37927068,27.076923076923077
24.0,547,37927615,22.791666666666668
55.0,1630,37929245,29.636363636363637
45.0,1300,37930545,28.88888888888889
26.0,822,37931367,31.615384615384617
30.0,984,37932351,32.8
40.0,1049,37933400,26.225
32.0,847,37934247,26.46875
42.0,1199,37935446,28.547619047619047
38.0,1042,37936488,27.42105263157895
28.0,839,37937327,29.964285714285715
15.0,426,37937753,28.4
22.0,633,37938386,28.772727272727273
22.0,562,37938948,25.545454545454547
24.0,620,37939568,25.833333333333332
42.0,1126,37940694,26.80952380952381
30.0,803,37941497,26.766666666666666
37.0,1005,37942502,27.16216216216216
55.0,1694,37944196,30.8
25.0,713,37944909,28.52
35.0,1033,37945942,29.514285714285716
19.0,713,37946655,37.526315789473685
21.0,474,37947129,22.571428571428573
8.0,213,37947342,26.625
39.0,1289,37948631,33.05128205128205
24.0,583,37949214,24.291666666666668
35.0,908,37950122,25.942857142857143
29.0,731,37950853,25.20689655172414
40.0,1430,37952283,35.75
55.0,1759,37954042,31.98181818181818
27.0,860,37954902,31.85185185185185
15.0,367,37955269,24.466666666666665
37.0,937,37956206,25.324324324324323
45.0,1545,37957751,34.333333333333336
4.0,528,37958279,132.0
29.0,870,37959149,30.0
34.0,841,37959990,24.735294117647058
21.0,564,37960554,26.857142857142858
16.0,433,37960987,27.0625
20.0,526,37961513,26.3
7.0,218,37961731,31.142857142857142
37.0,880,37962611,23.783783783783782
19.0,473,37963084,24.894736842105264
28.0,707,37963791,25.25
40.0,975,37964766,24.375
35.0,1077,37965843,30.771428571428572
39.0,1178,37967021,30.205128205128204
38.0,1095,37968116,28.81578947368421
66.0,1991,37970107,30.166666666666668
19.0,519,37970626,27.31578947368421
38.0,882,37971508,23.210526315789473
24.0,691,37972199,28.791666666666668
21.0,501,37972700,23.857142857142858
9.0,337,37973037,37.44444444444444
32.0,879,37973916,27.46875
18.0,413,37974329,22.944444444444443
17.0,385,37974714,22.647058823529413
25.0,830,37975544,33.2
1.0,31,37975575,31.0
18.0,475,37976050,26.38888888888889
30.0,759,37976809,25.3
23.0,619,37977428,26.91304347826087
48.0,1629,37979057,33.9375
34.0,765,37979822,22.5
39.0,1091,37980913,27.974358974358974
37.0,1127,37982040,30.45945945945946
16.0,480,37982520,30.0
15.0,270,37982790,18.0
25.0,649,37983439,25.96
34.0,1053,37984492,30.970588235294116
27.0,674,37985166,24.962962962962962
49.0,1597,37986763,32.59183673469388
24.0,595,37987358,24.791666666666668
26.0,796,37988154,30.615384615384617
14.0,444,37988598,31.714285714285715
6.0,133,37988731,22.166666666666668
18.0,466,37989197,25.88888888888889
36.0,1072,37990269,29.77777777777778
37.0,917,37991186,24.783783783783782
30.0,955,37992141,31.833333333333332
26.0,818,37992959,31.46153846153846
21.0,479,37993438,22.80952380952381
38.0,960,37994398,25.263157894736842
27.0,740,37995138,27.40740740740741
48.0,1187,37996325,24.729166666666668
35.0,1029,37997354,29.4
24.0,663,37998017,27.625
8.0,228,37998245,28.5
40.0,1208,37999453,30.2
30.0,863,38000316,28.766666666666666
30.0,697,38001013,23.233333333333334
37.0,1072,38002085,28.972972972972972
10.0,235,38002320,23.5
35.0,1118,38003438,31.942857142857143
23.0,549,38003987,23.869565217391305
32.0,849,38004836,26.53125
11.0,282,38005118,25.636363636363637
38.0,1371,38006489,36.078947368421055
50.0,1421,38007910,28.42
20.0,494,38008404,24.7
46.0,1201,38009605,26.108695652173914
38.0,993,38010598,26.13157894736842
33.0,875,38011473,26.515151515151516
34.0,891,38012364,26.205882352941178
16.0,345,38012709,21.5625
14.0,276,38012985,19.714285714285715
48.0,1328,38014313,27.666666666666668
32.0,942,38015255,29.4375
27.0,765,38016020,28.333333333333332
24.0,803,38016823,33.458333333333336
32.0,862,38017685,26.9375
46.0,1416,38019101,30.782608695652176
37.0,865,38019966,23.37837837837838
29.0,813,38020779,28.03448275862069
20.0,551,38021330,27.55
6.0,130,38021460,21.666666666666668
35.0,938,38022398,26.8
23.0,623,38023021,27.08695652173913
30.0,976,38023997,32.53333333333333
26.0,816,38024813,31.384615384615383
29.0,729,38025542,25.137931034482758
46.0,1171,38026713,25.456521739130434
12.0,273,38026986,22.75
40.0,1264,38028250,31.6
13.0,292,38028542,22.46153846153846
49.0,1291,38029833,26.346938775510203
15.0,479,38030312,31.933333333333334
35.0,830,38031142,23.714285714285715
21.0,519,38031661,24.714285714285715
19.0,460,38032121,24.210526315789473
11.0,251,38032372,22.818181818181817
27.0,975,38033347,36.111111111111114
40.0,1001,38034348,25.025
30.0,841,38035189,28.033333333333335
29.0,698,38035887,24.06896551724138
25.0,530,38036417,21.2
39.0,914,38037331,23.435897435897434
42.0,1241,38038572,29.547619047619047
42.0,1526,38040098,36.333333333333336
40.0,1019,38041117,25.475
16.0,375,38041492,23.4375
27.0,697,38042189,25.814814814814813
22.0,679,38042868,30.863636363636363
31.0,891,38043759,28.741935483870968
39.0,1306,38045065,33.48717948717949
31.0,965,38046030,31.129032258064516
33.0,1013,38047043,30.696969696969695
27.0,666,38047709,24.666666666666668
2.0,29,38047738,14.5
14.0,366,38048104,26.142857142857142
14.0,308,38048412,22.0
36.0,1075,38049487,29.86111111111111
31.0,988,38050475,31.870967741935484
31.0,786,38051261,25.35483870967742
40.0,1216,38052477,30.4
48.0,1634,38054111,34.041666666666664
23.0,556,38054667,24.17391304347826
39.0,973,38055640,24.94871794871795
33.0,978,38056618,29.636363636363637
47.0,1299,38057917,27.638297872340427
43.0,1157,38059074,26.906976744186046
37.0,1033,38060107,27.91891891891892
7.0,228,38060335,32.57142857142857
48.0,1650,38061985,34.375
12.0,286,38062271,23.833333333333332
32.0,783,38063054,24.46875
34.0,867,38063921,25.5
53.0,1296,38065217,24.452830188679247
51.0,1836,38067053,36.0
13.0,226,38067279,17.384615384615383
40.0,1353,38068632,33.825
37.0,1036,38069668,28.0
36.0,958,38070626,26.61111111111111
25.0,588,38071214,23.52
29.0,721,38071935,24.862068965517242
12.0,300,38072235,25.0
37.0,990,38073225,26.756756756756758
21.0,502,38073727,23.904761904761905
33.0,1086,38074813,32.90909090909091
28.0,669,38075482,23.892857142857142
34.0,975,38076457,28.676470588235293
36.0,922,38077379,25.61111111111111
40.0,1157,38078536,28.925
34.0,1038,38079574,30.529411764705884
34.0,781,38080355,22.970588235294116
43.0,1199,38081554,27.88372093023256
39.0,1199,38082753,30.743589743589745
36.0,1052,38083805,29.22222222222222
29.0,778,38084583,26.82758620689655
28.0,749,38085332,26.75
32.0,889,38086221,27.78125
56.0,1740,38087961,31.071428571428573
19.0,483,38088444,25.42105263157895
31.0,784,38089228,25.29032258064516
39.0,1102,38090330,28.256410256410255
53.0,1513,38091843,28.547169811320753
32.0,984,38092827,30.75
29.0,742,38093569,25.586206896551722
33.0,689,38094258,20.87878787878788
38.0,1124,38095382,29.57894736842105
13.0,276,38095658,21.23076923076923
26.0,782,38096440,30.076923076923077
36.0,809,38097249,22.47222222222222
31.0,826,38098075,26.64516129032258
5.0,112,38098187,22.4
24.0,651,38098838,27.125
37.0,1007,38099845,27.216216216216218
47.0,1471,38101316,31.29787234042553
36.0,855,38102171,23.75
25.0,634,38102805,25.36
6.0,585,38103390,97.5
22.0,652,38104042,29.636363636363637
38.0,846,38104888,22.263157894736842
34.0,931,38105819,27.38235294117647
24.0,630,38106449,26.25
45.0,1400,38107849,31.11111111111111
13.0,263,38108112,20.23076923076923
24.0,744,38108856,31.0
36.0,1012,38109868,28.11111111111111
20.0,451,38110319,22.55
16.0,420,38110739,26.25
39.0,1081,38111820,27.71794871794872
28.0,952,38112772,34.0
34.0,830,38113602,24.41176470588235
50.0,1428,38115030,28.56
46.0,1543,38116573,33.54347826086956
29.0,795,38117368,27.413793103448278
37.0,1211,38118579,32.729729729729726
31.0,918,38119497,29.612903225806452
44.0,1300,38120797,29.545454545454547
39.0,968,38121765,24.82051282051282
49.0,1529,38123294,31.20408163265306
18.0,376,38123670,20.88888888888889
9.0,228,38123898,25.333333333333332
20.0,663,38124561,33.15
39.0,940,38125501,24.102564102564102
22.0,504,38126005,22.90909090909091
47.0,1387,38127392,29.51063829787234
37.0,950,38128342,25.675675675675677
19.0,519,38128861,27.31578947368421
28.0,722,38129583,25.785714285714285
34.0,839,38130422,24.676470588235293
39.0,1067,38131489,27.358974358974358
8.0,192,38131681,24.0
33.0,875,38132556,26.515151515151516
29.0,592,38133148,20.413793103448278
35.0,1090,38134238,31.142857142857142
30.0,958,38135196,31.933333333333334
24.0,734,38135930,30.583333333333332
37.0,1223,38137153,33.054054054054056
31.0,743,38137896,23.967741935483872
38.0,1163,38139059,30.605263157894736
13.0,386,38139445,29.692307692307693
28.0,731,38140176,26.107142857142858
8.0,148,38140324,18.5
26.0,646,38140970,24.846153846153847
32.0,966,38141936,30.1875
32.0,909,38142845,28.40625
24.0,641,38143486,26.708333333333332
43.0,1273,38144759,29.6046511627907
32.0,871,38145630,27.21875
39.0,1368,38146998,35.07692307692308
26.0,686,38147684,26.384615384615383
30.0,1081,38148765,36.03333333333333
35.0,906,38149671,25.885714285714286
7.0,180,38149851,25.714285714285715
35.0,1101,38150952,31.457142857142856
23.0,602,38151554,26.17391304347826
30.0,791,38152345,26.366666666666667
41.0,1071,38153416,26.121951219512194
6.0,176,38153592,29.333333333333332
36.0,981,38154573,27.25
44.0,1258,38155831,28.59090909090909
27.0,692,38156523,25.62962962962963
35.0,963,38157486,27.514285714285716
26.0,683,38158169,26.26923076923077
26.0,732,38158901,28.153846153846153
41.0,1256,38160157,30.634146341463413
42.0,1233,38161390,29.357142857142858
39.0,755,38162145,19.358974358974358
35.0,1019,38163164,29.114285714285714
36.0,897,38164061,24.916666666666668
26.0,701,38164762,26.96153846153846
15.0,257,38165019,17.133333333333333
44.0,1449,38166468,32.93181818181818
38.0,1096,38167564,28.842105263157894
40.0,1214,38168778,30.35
37.0,1270,38170048,34.32432432432432
32.0,1073,38171121,33.53125
46.0,1475,38172596,32.06521739130435
26.0,794,38173390,30.53846153846154
19.0,515,38173905,27.105263157894736
32.0,874,38174779,27.3125
41.0,1120,38175899,27.317073170731707
26.0,645,38176544,24.807692307692307
42.0,1494,38178038,35.57142857142857
12.0,300,38178338,25.0
23.0,688,38179026,29.91304347826087
6.0,168,38179194,28.0
32.0,901,38180095,28.15625
32.0,744,38180839,23.25
27.0,815,38181654,30.185185185185187
28.0,665,38182319,23.75
11.0,251,38182570,22.818181818181817
29.0,872,38183442,30.06896551724138
16.0,457,38183899,28.5625
26.0,696,38184595,26.76923076923077
24.0,747,38185342,31.125
8.0,269,38185611,33.625
26.0,863,38186474,33.19230769230769
13.0,352,38186826,27.076923076923077
31.0,974,38187800,31.419354838709676
27.0,810,38188610,30.0
4.0,570,38189180,142.5
31.0,910,38190090,29.35483870967742
18.0,486,38190576,27.0
37.0,1334,38191910,36.054054054054056
2.0,42,38191952,21.0
31.0,814,38192766,26.258064516129032
15.0,324,38193090,21.6
38.0,1302,38194392,34.26315789473684
30.0,829,38195221,27.633333333333333
28.0,1057,38196278,37.75
22.0,547,38196825,24.863636363636363
29.0,837,38197662,28.862068965517242
46.0,1197,38198859,26.02173913043478
26.0,742,38199601,28.53846153846154
32.0,1039,38200640,32.46875
37.0,973,38201613,26.2972972972973
35.0,1094,38202707,31.257142857142856
34.0,877,38203584,25.794117647058822
26.0,718,38204302,27.615384615384617
33.0,981,38205283,29.727272727272727
5.0,578,38205861,115.6
13.0,467,38206328,35.92307692307692
25.0,629,38206957,25.16
35.0,1001,38207958,28.6
21.0,586,38208544,27.904761904761905
16.0,530,38209074,33.125
34.0,933,38210007,27.441176470588236
37.0,1248,38211255,33.729729729729726
20.0,439,38211694,21.95
33.0,789,38212483,23.90909090909091
44.0,1372,38213855,31.181818181818183
21.0,605,38214460,28.80952380952381
9.0,151,38214611,16.77777777777778
17.0,261,38214872,15.352941176470589
19.0,619,38215491,32.578947368421055
21.0,511,38216002,24.333333333333332
46.0,1662,38217664,36.130434782608695
28.0,765,38218429,27.321428571428573
19.0,561,38218990,29.526315789473685
31.0,763,38219753,24.612903225806452
31.0,984,38220737,31.741935483870968
28.0,820,38221557,29.285714285714285
45.0,1688,38223245,37.51111111111111
13.0,328,38223573,25.23076923076923
36.0,1127,38224700,31.305555555555557
37.0,1046,38225746,28.27027027027027
25.0,644,38226390,25.76
23.0,744,38227134,32.34782608695652
20.0,473,38227607,23.65
32.0,1010,38228617,31.5625
24.0,921,38229538,38.375
41.0,1182,38230720,28.829268292682926
27.0,833,38231553,30.85185185185185
13.0,366,38231919,28.153846153846153
8.0,293,38232212,36.625
35.0,1152,38233364,32.91428571428571
19.0,443,38233807,23.31578947368421
27.0,625,38234432,23.14814814814815
30.0,832,38235264,27.733333333333334
53.0,1481,38236745,27.943396226415093
48.0,1483,38238228,30.895833333333332
33.0,1056,38239284,32.0
23.0,440,38239724,19.130434782608695
16.0,585,38240309,36.5625
48.0,1552,38241861,32.333333333333336
20.0,451,38242312,22.55
45.0,1623,38243935,36.06666666666667
18.0,461,38244396,25.61111111111111
16.0,360,38244756,22.5
41.0,1228,38245984,29.951219512195124
17.0,368,38246352,21.647058823529413
22.0,626,38246978,28.454545454545453
12.0,198,38247176,16.5
38.0,1250,38248426,32.89473684210526
11.0,286,38248712,26.0
12.0,257,38248969,21.416666666666668
29.0,708,38249677,24.413793103448278
40.0,1021,38250698,25.525
4.0,113,38250811,28.25
42.0,1241,38252052,29.547619047619047
14.0,338,38252390,24.142857142857142
1.0,478,38252868,478.0
19.0,450,38253318,23.68421052631579
23.0,649,38253967,28.217391304347824
20.0,470,38254437,23.5
40.0,1190,38255627,29.75
31.0,843,38256470,27.193548387096776
30.0,910,38257380,30.333333333333332
28.0,886,38258266,31.642857142857142
21.0,516,38258782,24.571428571428573
28.0,661,38259443,23.607142857142858
37.0,998,38260441,26.972972972972972
28.0,733,38261174,26.178571428571427
19.0,572,38261746,30.105263157894736
47.0,1639,38263385,34.87234042553192
38.0,1252,38264637,32.94736842105263
47.0,1688,38266325,35.91489361702128
13.0,299,38266624,23.0
52.0,1706,38268330,32.80769230769231
9.0,235,38268565,26.11111111111111
22.0,590,38269155,26.818181818181817
28.0,867,38270022,30.964285714285715
42.0,885,38270907,21.071428571428573
39.0,845,38271752,21.666666666666668
18.0,562,38272314,31.22222222222222
38.0,1028,38273342,27.05263157894737
26.0,654,38273996,25.153846153846153
26.0,810,38274806,31.153846153846153
25.0,674,38275480,26.96
55.0,1622,38277102,29.490909090909092
23.0,663,38277765,28.82608695652174
58.0,1565,38279330,26.982758620689655
46.0,1548,38280878,33.65217391304348
37.0,1012,38281890,27.35135135135135
27.0,778,38282668,28.814814814814813
31.0,861,38283529,27.774193548387096
28.0,886,38284415,31.642857142857142
11.0,325,38284740,29.545454545454547
53.0,1424,38286164,26.867924528301888
16.0,882,38287046,55.125
38.0,1136,38288182,29.894736842105264
25.0,667,38288849,26.68
20.0,611,38289460,30.55
38.0,1308,38290768,34.421052631578945
40.0,1143,38291911,28.575
12.0,340,38292251,28.333333333333332
24.0,660,38292911,27.5
31.0,1055,38293966,34.03225806451613
25.0,759,38294725,30.36
20.0,557,38295282,27.85
27.0,667,38295949,24.703703703703702
13.0,246,38296195,18.923076923076923
43.0,1488,38297683,34.604651162790695
43.0,1101,38298784,25.6046511627907
9.0,158,38298942,17.555555555555557
32.0,836,38299778,26.125
36.0,1065,38300843,29.583333333333332
32.0,983,38301826,30.71875
38.0,981,38302807,25.81578947368421
33.0,961,38303768,29.12121212121212
45.0,1335,38305103,29.666666666666668
32.0,923,38306026,28.84375
11.0,224,38306250,20.363636363636363
24.0,583,38306833,24.291666666666668
45.0,1540,38308373,34.22222222222222
27.0,702,38309075,26.0
21.0,657,38309732,31.285714285714285
35.0,1071,38310803,30.6
41.0,1270,38312073,30.975609756097562
41.0,1128,38313201,27.51219512195122
25.0,543,38313744,21.72
33.0,1093,38314837,33.121212121212125
36.0,1208,38316045,33.55555555555556
12.0,345,38316390,28.75
23.0,568,38316958,24.695652173913043
32.0,864,38317822,27.0
36.0,921,38318743,25.583333333333332
20.0,577,38319320,28.85
30.0,889,38320209,29.633333333333333
37.0,1084,38321293,29.2972972972973
32.0,816,38322109,25.5
26.0,620,38322729,23.846153846153847
38.0,1078,38323807,28.36842105263158
21.0,392,38324199,18.666666666666668
16.0,344,38324543,21.5
28.0,726,38325269,25.928571428571427
42.0,1231,38326500,29.30952380952381
21.0,473,38326973,22.523809523809526
31.0,791,38327764,25.516129032258064
21.0,515,38328279,24.523809523809526
47.0,1466,38329745,31.19148936170213
16.0,403,38330148,25.1875
49.0,1723,38331871,35.16326530612245
5.0,136,38332007,27.2
8.0,196,38332203,24.5
34.0,1002,38333205,29.470588235294116
29.0,948,38334153,32.689655172413794
7.0,109,38334262,15.571428571428571
23.0,609,38334871,26.47826086956522
34.0,986,38335857,29.0
41.0,1138,38336995,27.75609756097561
48.0,1552,38338547,32.333333333333336
40.0,1019,38339566,25.475
46.0,1359,38340925,29.543478260869566
34.0,1102,38342027,32.411764705882355
16.0,382,38342409,23.875
32.0,894,38343303,27.9375
43.0,1332,38344635,30.976744186046513
59.0,1952,38346587,33.08474576271186
24.0,641,38347228,26.708333333333332
32.0,713,38347941,22.28125
29.0,708,38348649,24.413793103448278
20.0,511,38349160,25.55
16.0,390,38349550,24.375
18.0,547,38350097,30.38888888888889
38.0,1167,38351264,30.710526315789473
12.0,399,38351663,33.25
52.0,1628,38353291,31.307692307692307
18.0,502,38353793,27.88888888888889
27.0,729,38354522,27.0
14.0,365,38354887,26.071428571428573
30.0,983,38355870,32.766666666666666
25.0,547,38356417,21.88
8.0,624,38357041,78.0
36.0,1036,38358077,28.77777777777778
20.0,558,38358635,27.9
9.0,177,38358812,19.666666666666668
35.0,1150,38359962,32.857142857142854
18.0,464,38360426,25.77777777777778
29.0,878,38361304,30.275862068965516
36.0,1097,38362401,30.47222222222222
16.0,294,38362695,18.375
36.0,982,38363677,27.27777777777778
25.0,824,38364501,32.96
42.0,952,38365453,22.666666666666668
41.0,1326,38366779,32.34146341463415
15.0,554,38367333,36.93333333333333
30.0,951,38368284,31.7
34.0,1057,38369341,31.08823529411765
26.0,710,38370051,27.307692307692307
12.0,369,38370420,30.75
22.0,572,38370992,26.0
56.0,1686,38372678,30.107142857142858
30.0,855,38373533,28.5
35.0,947,38374480,27.057142857142857
26.0,790,38375270,30.384615384615383
13.0,368,38375638,28.307692307692307
32.0,1042,38376680,32.5625
45.0,1319,38377999,29.31111111111111
39.0,1131,38379130,29.0
43.0,1298,38380428,30.186046511627907
4.0,89,38380517,22.25
23.0,649,38381166,28.217391304347824
50.0,1518,38382684,30.36
16.0,383,38383067,23.9375
22.0,751,38383818,34.13636363636363
43.0,1267,38385085,29.46511627906977
43.0,1359,38386444,31.6046511627907
39.0,1159,38387603,29.71794871794872
11.0,316,38387919,28.727272727272727
16.0,427,38388346,26.6875
25.0,674,38389020,26.96
21.0,567,38389587,27.0
29.0,875,38390462,30.17241379310345
20.0,583,38391045,29.15
38.0,1117,38392162,29.394736842105264
16.0,389,38392551,24.3125
18.0,494,38393045,27.444444444444443
26.0,729,38393774,28.03846153846154
36.0,1292,38395066,35.888888888888886
32.0,877,38395943,27.40625
30.0,793,38396736,26.433333333333334
25.0,695,38397431,27.8
23.0,612,38398043,26.608695652173914
22.0,549,38398592,24.954545454545453
10.0,230,38398822,23.0
48.0,1307,38400129,27.229166666666668
18.0,469,38400598,26.055555555555557
12.0,343,38400941,28.583333333333332
26.0,705,38401646,27.115384615384617
29.0,758,38402404,26.137931034482758
24.0,598,38403002,24.916666666666668
4.0,143,38403145,35.75
28.0,940,38404085,33.57142857142857
4.0,67,38404152,16.75
38.0,1108,38405260,29.157894736842106
41.0,1157,38406417,28.21951219512195
26.0,710,38407127,27.307692307692307
27.0,836,38407963,30.962962962962962
37.0,1074,38409037,29.027027027027028
8.0,664,38409701,83.0
31.0,1061,38410762,34.225806451612904
21.0,645,38411407,30.714285714285715
22.0,566,38411973,25.727272727272727
14.0,349,38412322,24.928571428571427
3.0,69,38412391,23.0
20.0,586,38412977,29.3
45.0,1471,38414448,32.68888888888889
33.0,764,38415212,23.151515151515152
35.0,1053,38416265,30.085714285714285
31.0,914,38417179,29.483870967741936
37.0,1160,38418339,31.35135135135135
11.0,243,38418582,22.09090909090909
28.0,713,38419295,25.464285714285715
29.0,774,38420069,26.689655172413794
32.0,770,38420839,24.0625
24.0,820,38421659,34.166666666666664
13.0,299,38421958,23.0
39.0,1095,38423053,28.076923076923077
39.0,1283,38424336,32.8974358974359
36.0,1219,38425555,33.861111111111114
37.0,1120,38426675,30.27027027027027
37.0,1195,38427870,32.2972972972973
19.0,542,38428412,28.526315789473685
26.0,560,38428972,21.53846153846154
27.0,633,38429605,23.444444444444443
26.0,812,38430417,31.23076923076923
4.0,80,38430497,20.0
19.0,464,38430961,24.42105263157895
46.0,1567,38432528,34.06521739130435
19.0,562,38433090,29.57894736842105
16.0,485,38433575,30.3125
36.0,1215,38434790,33.75
21.0,400,38435190,19.047619047619047
32.0,993,38436183,31.03125
6.0,118,38436301,19.666666666666668
43.0,1444,38437745,33.58139534883721
19.0,554,38438299,29.157894736842106
26.0,873,38439172,33.57692307692308
35.0,967,38440139,27.62857142857143
16.0,376,38440515,23.5
35.0,998,38441513,28.514285714285716
22.0,553,38442066,25.136363636363637
32.0,870,38442936,27.1875
26.0,775,38443711,29.807692307692307
18.0,475,38444186,26.38888888888889
5.0,168,38444354,33.6
43.0,1403,38445757,32.627906976744185
15.0,413,38446170,27.533333333333335
9.0,215,38446385,23.88888888888889
20.0,434,38446819,21.7
5.0,121,38446940,24.2
15.0,324,38447264,21.6
13.0,402,38447666,30.923076923076923
23.0,495,38448161,21.52173913043478
39.0,1126,38449287,28.871794871794872
27.0,851,38450138,31.51851851851852
32.0,953,38451091,29.78125
53.0,1606,38452697,30.30188679245283
27.0,623,38453320,23.074074074074073
17.0,500,38453820,29.41176470588235
45.0,1511,38455331,33.577777777777776
35.0,931,38456262,26.6
33.0,1063,38457325,32.21212121212121
19.0,443,38457768,23.31578947368421
24.0,682,38458450,28.416666666666668
28.0,848,38459298,30.285714285714285
9.0,179,38459477,19.88888888888889
13.0,283,38459760,21.76923076923077
36.0,982,38460742,27.27777777777778
16.0,409,38461151,25.5625
28.0,623,38461774,22.25
23.0,705,38462479,30.652173913043477
22.0,679,38463158,30.863636363636363
42.0,1198,38464356,28.523809523809526
29.0,662,38465018,22.82758620689655
37.0,1094,38466112,29.56756756756757
48.0,1392,38467504,29.0
14.0,383,38467887,27.357142857142858
10.0,326,38468213,32.6
39.0,1133,38469346,29.05128205128205
28.0,702,38470048,25.071428571428573
47.0,1667,38471715,35.46808510638298
29.0,743,38472458,25.620689655172413
5.0,115,38472573,23.0
24.0,648,38473221,27.0
31.0,895,38474116,28.870967741935484
18.0,599,38474715,33.27777777777778
25.0,605,38475320,24.2
23.0,594,38475914,25.82608695652174
49.0,1402,38477316,28.612244897959183
7.0,644,38477960,92.0
24.0,689,38478649,28.708333333333332
35.0,943,38479592,26.942857142857143
32.0,813,38480405,25.40625
18.0,444,38480849,24.666666666666668
24.0,754,38481603,31.416666666666668
27.0,626,38482229,23.185185185185187
33.0,876,38483105,26.545454545454547
34.0,978,38484083,28.764705882352942
20.0,476,38484559,23.8
37.0,986,38485545,26.64864864864865
27.0,732,38486277,27.11111111111111
42.0,1113,38487390,26.5
44.0,1145,38488535,26.022727272727273
23.0,723,38489258,31.434782608695652
18.0,583,38489841,32.388888888888886
18.0,493,38490334,27.38888888888889
6.0,177,38490511,29.5
30.0,918,38491429,30.6
12.0,235,38491664,19.583333333333332
26.0,705,38492369,27.115384615384617
18.0,435,38492804,24.166666666666668
30.0,950,38493754,31.666666666666668
28.0,712,38494466,25.428571428571427
37.0,1060,38495526,28.64864864864865
52.0,1694,38497220,32.57692307692308
23.0,688,38497908,29.91304347826087
33.0,857,38498765,25.96969696969697
28.0,697,38499462,24.892857142857142
46.0,1234,38500696,26.82608695652174
37.0,1120,38501816,30.27027027027027
15.0,435,38502251,29.0
38.0,1052,38503303,27.68421052631579
22.0,603,38503906,27.40909090909091
27.0,768,38504674,28.444444444444443
22.0,544,38505218,24.727272727272727
10.0,291,38505509,29.1
33.0,1013,38506522,30.696969696969695
25.0,638,38507160,25.52
34.0,1104,38508264,32.470588235294116
40.0,1181,38509445,29.525
21.0,578,38510023,27.523809523809526
43.0,1329,38511352,30.906976744186046
29.0,862,38512214,29.724137931034484
23.0,606,38512820,26.347826086956523
35.0,857,38513677,24.485714285714284
12.0,380,38514057,31.666666666666668
28.0,877,38514934,31.321428571428573
34.0,1044,38515978,30.705882352941178
30.0,792,38516770,26.4
18.0,333,38517103,18.5
45.0,1146,38518249,25.466666666666665
21.0,584,38518833,27.80952380952381
24.0,555,38519388,23.125
35.0,1050,38520438,30.0
39.0,1094,38521532,28.05128205128205
23.0,411,38521943,17.869565217391305
28.0,713,38522656,25.464285714285715
19.0,411,38523067,21.63157894736842
38.0,995,38524062,26.18421052631579
29.0,773,38524835,26.655172413793103
24.0,630,38525465,26.25
34.0,903,38526368,26.558823529411764
25.0,633,38527001,25.32
24.0,600,38527601,25.0
24.0,684,38528285,28.5
34.0,925,38529210,27.205882352941178
39.0,1107,38530317,28.384615384615383
23.0,564,38530881,24.52173913043478
28.0,659,38531540,23.535714285714285
18.0,391,38531931,21.72222222222222
30.0,1099,38533030,36.63333333333333
26.0,777,38533807,29.884615384615383
44.0,1243,38535050,28.25
11.0,247,38535297,22.454545454545453
29.0,1021,38536318,35.206896551724135
39.0,1093,38537411,28.025641025641026
47.0,1401,38538812,29.80851063829787
18.0,469,38539281,26.055555555555557
17.0,386,38539667,22.705882352941178
12.0,388,38540055,32.333333333333336
32.0,1172,38541227,36.625
31.0,772,38541999,24.903225806451612
32.0,986,38542985,30.8125
30.0,720,38543705,24.0
5.0,86,38543791,17.2
31.0,803,38544594,25.903225806451612
33.0,1041,38545635,31.545454545454547
27.0,620,38546255,22.962962962962962
49.0,1197,38547452,24.428571428571427
34.0,984,38548436,28.941176470588236
34.0,996,38549432,29.294117647058822
32.0,741,38550173,23.15625
28.0,796,38550969,28.428571428571427
24.0,737,38551706,30.708333333333332
33.0,925,38552631,28.03030303030303
12.0,311,38552942,25.916666666666668
36.0,1207,38554149,33.52777777777778
18.0,399,38554548,22.166666666666668
16.0,398,38554946,24.875
27.0,690,38555636,25.555555555555557
28.0,668,38556304,23.857142857142858
27.0,741,38557045,27.444444444444443
28.0,533,38557578,19.035714285714285
34.0,1090,38558668,32.05882352941177
24.0,685,38559353,28.541666666666668
28.0,881,38560234,31.464285714285715
19.0,660,38560894,34.73684210526316
9.0,199,38561093,22.11111111111111
27.0,733,38561826,27.14814814814815
22.0,631,38562457,28.681818181818183
29.0,794,38563251,27.379310344827587
22.0,638,38563889,29.0
24.0,635,38564524,26.458333333333332
10.0,196,38564720,19.6
27.0,816,38565536,30.22222222222222
27.0,856,38566392,31.703703703703702
23.0,610,38567002,26.52173913043478
21.0,558,38567560,26.571428571428573
39.0,999,38568559,25.615384615384617
11.0,293,38568852,26.636363636363637
10.0,271,38569123,27.1
48.0,1378,38570501,28.708333333333332
20.0,621,38571122,31.05
18.0,487,38571609,27.055555555555557
19.0,446,38572055,23.473684210526315
29.0,617,38572672,21.275862068965516
22.0,683,38573355,31.045454545454547
57.0,1968,38575323,34.526315789473685
18.0,516,38575839,28.666666666666668
45.0,1284,38577123,28.533333333333335
20.0,503,38577626,25.15
30.0,953,38578579,31.766666666666666
48.0,1639,38580218,34.145833333333336
40.0,1028,38581246,25.7
28.0,896,38582142,32.0
26.0,770,38582912,29.615384615384617
16.0,394,38583306,24.625
42.0,1286,38584592,30.61904761904762
30.0,720,38585312,24.0
36.0,1044,38586356,29.0
6.0,112,38586468,18.666666666666668
32.0,903,38587371,28.21875
36.0,1198,38588569,33.27777777777778
25.0,679,38589248,27.16
11.0,305,38589553,27.727272727272727
33.0,887,38590440,26.87878787878788
23.0,608,38591048,26.434782608695652
33.0,968,38592016,29.333333333333332
26.0,620,38592636,23.846153846153847
28.0,830,38593466,29.642857142857142
27.0,794,38594260,29.40740740740741
39.0,1040,38595300,26.666666666666668
24.0,637,38595937,26.541666666666668
27.0,850,38596787,31.48148148148148
19.0,395,38597182,20.789473684210527
6.0,169,38597351,28.166666666666668
36.0,979,38598330,27.194444444444443
35.0,947,38599277,27.057142857142857
27.0,744,38600021,27.555555555555557
25.0,582,38600603,23.28
12.0,304,38600907,25.333333333333332
9.0,219,38601126,24.333333333333332
38.0,1183,38602309,31.13157894736842
11.0,181,38602490,16.454545454545453
37.0,1240,38603730,33.513513513513516
34.0,1046,38604776,30.764705882352942
6.0,141,38604917,23.5
34.0,1014,38605931,29.823529411764707
32.0,753,38606684,23.53125
14.0,455,38607139,32.5
33.0,897,38608036,27.181818181818183
43.0,1271,38609307,29.558139534883722
30.0,726,38610033,24.2
34.0,913,38610946,26.852941176470587
26.0,655,38611601,25.192307692307693
38.0,1076,38612677,28.31578947368421
33.0,1129,38613806,34.21212121212121
28.0,631,38614437,22.535714285714285
35.0,1017,38615454,29.057142857142857
25.0,574,38616028,22.96
23.0,563,38616591,24.47826086956522
24.0,663,38617254,27.625
16.0,479,38617733,29.9375
15.0,480,38618213,32.0
41.0,1055,38619268,25.73170731707317
21.0,660,38619928,31.428571428571427
24.0,760,38620688,31.666666666666668
45.0,1342,38622030,29.822222222222223
34.0,1086,38623116,31.941176470588236
36.0,910,38624026,25.27777777777778
29.0,809,38624835,27.896551724137932
30.0,684,38625519,22.8
30.0,964,38626483,32.13333333333333
22.0,556,38627039,25.272727272727273
6.0,168,38627207,28.0
15.0,401,38627608,26.733333333333334
34.0,1199,38628807,35.26470588235294
25.0,606,38629413,24.24
22.0,475,38629888,21.59090909090909
42.0,1109,38630997,26.404761904761905
24.0,643,38631640,26.791666666666668
28.0,776,38632416,27.714285714285715
42.0,1384,38633800,32.95238095238095
21.0,521,38634321,24.80952380952381
33.0,820,38635141,24.848484848484848
21.0,518,38635659,24.666666666666668
7.0,203,38635862,29.0
26.0,604,38636466,23.23076923076923
12.0,327,38636793,27.25
22.0,513,38637306,23.318181818181817
24.0,507,38637813,21.125
30.0,769,38638582,25.633333333333333
34.0,815,38639397,23.970588235294116
39.0,1084,38640481,27.794871794871796
23.0,642,38641123,27.91304347826087
18.0,370,38641493,20.555555555555557
25.0,693,38642186,27.72
22.0,510,38642696,23.181818181818183
32.0,955,38643651,29.84375
26.0,720,38644371,27.692307692307693
28.0,962,38645333,34.357142857142854
13.0,311,38645644,23.923076923076923
22.0,525,38646169,23.863636363636363
29.0,746,38646915,25.724137931034484
2.0,24,38646939,12.0
29.0,797,38647736,27.482758620689655
42.0,1256,38648992,29.904761904761905
23.0,668,38649660,29.043478260869566
31.0,744,38650404,24.0
19.0,414,38650818,21.789473684210527
27.0,660,38651478,24.444444444444443
21.0,612,38652090,29.142857142857142
29.0,936,38653026,32.275862068965516
32.0,1141,38654167,35.65625
21.0,595,38654762,28.333333333333332
38.0,1193,38655955,31.394736842105264
4.0,134,38656089,33.5
32.0,729,38656818,22.78125
43.0,1221,38658039,28.3953488372093
26.0,636,38658675,24.46153846153846
28.0,682,38659357,24.357142857142858
34.0,1084,38660441,31.88235294117647
22.0,421,38660862,19.136363636363637
43.0,1322,38662184,30.74418604651163
14.0,422,38662606,30.142857142857142
40.0,1292,38663898,32.3
41.0,1150,38665048,28.048780487804876
34.0,1112,38666160,32.705882352941174
46.0,1362,38667522,29.608695652173914
22.0,572,38668094,26.0
49.0,1603,38669697,32.714285714285715
15.0,370,38670067,24.666666666666668
33.0,862,38670929,26.12121212121212
38.0,957,38671886,25.18421052631579
29.0,838,38672724,28.896551724137932
22.0,605,38673329,27.5
36.0,1205,38674534,33.47222222222222
16.0,349,38674883,21.8125
9.0,275,38675158,30.555555555555557
35.0,1009,38676167,28.82857142857143
25.0,620,38676787,24.8
10.0,170,38676957,17.0
20.0,474,38677431,23.7
31.0,794,38678225,25.612903225806452
30.0,631,38678856,21.033333333333335
33.0,895,38679751,27.12121212121212
23.0,592,38680343,25.73913043478261
27.0,715,38681058,26.48148148148148
31.0,828,38681886,26.70967741935484
31.0,882,38682768,28.451612903225808
20.0,403,38683171,20.15
31.0,809,38683980,26.096774193548388
4.0,66,38684046,16.5
38.0,1106,38685152,29.105263157894736
46.0,1199,38686351,26.065217391304348
28.0,755,38687106,26.964285714285715
22.0,460,38687566,20.90909090909091
20.0,479,38688045,23.95
41.0,1267,38689312,30.902439024390244
17.0,465,38689777,27.352941176470587
22.0,649,38690426,29.5
27.0,708,38691134,26.22222222222222
22.0,776,38691910,35.27272727272727
43.0,1198,38693108,27.86046511627907
22.0,487,38693595,22.136363636363637
51.0,1341,38694936,26.294117647058822
32.0,879,38695815,27.46875
36.0,966,38696781,26.833333333333332
32.0,766,38697547,23.9375
17.0,345,38697892,20.294117647058822
33.0,923,38698815,27.96969696969697
31.0,913,38699728,29.451612903225808
33.0,1108,38700836,33.57575757575758
45.0,1366,38702202,30.355555555555554
36.0,1007,38703209,27.97222222222222
13.0,343,38703552,26.384615384615383
41.0,1140,38704692,27.804878048780488
32.0,943,38705635,29.46875
22.0,615,38706250,27.954545454545453
29.0,801,38707051,27.620689655172413
18.0,466,38707517,25.88888888888889
16.0,429,38707946,26.8125
12.0,326,38708272,27.166666666666668
27.0,739,38709011,27.37037037037037
36.0,1148,38710159,31.88888888888889
35.0,834,38710993,23.82857142857143
10.0,357,38711350,35.7
29.0,906,38712256,31.24137931034483
27.0,715,38712971,26.48148148148148
23.0,702,38713673,30.52173913043478
7.0,130,38713803,18.571428571428573
49.0,1454,38715257,29.6734693877551
23.0,658,38715915,28.608695652173914
11.0,239,38716154,21.727272727272727
27.0,626,38716780,23.185185185185187
28.0,828,38717608,29.571428571428573
40.0,1372,38718980,34.3
29.0,745,38719725,25.689655172413794
30.0,765,38720490,25.5
5.0,146,38720636,29.2
20.0,530,38721166,26.5
34.0,1145,38722311,33.6764705882353
25.0,684,38722995,27.36
19.0,504,38723499,26.526315789473685
24.0,693,38724192,28.875
26.0,638,38724830,24.53846153846154
19.0,419,38725249,22.05263157894737
48.0,1336,38726585,27.833333333333332
34.0,1257,38727842,36.970588235294116
23.0,574,38728416,24.956521739130434
24.0,559,38728975,23.291666666666668
27.0,748,38729723,27.703703703703702
24.0,577,38730300,24.041666666666668
21.0,634,38730934,30.19047619047619
38.0,1007,38731941,26.5
30.0,752,38732693,25.066666666666666
29.0,690,38733383,23.79310344827586
14.0,332,38733715,23.714285714285715
28.0,730,38734445,26.071428571428573
26.0,847,38735292,32.57692307692308
25.0,662,38735954,26.48
20.0,519,38736473,25.95
29.0,667,38737140,23.0
36.0,1180,38738320,32.77777777777778
21.0,561,38738881,26.714285714285715
19.0,516,38739397,27.157894736842106
33.0,1102,38740499,33.39393939393939
37.0,1183,38741682,31.972972972972972
24.0,591,38742273,24.625
26.0,677,38742950,26.03846153846154
29.0,858,38743808,29.586206896551722
28.0,673,38744481,24.035714285714285
19.0,471,38744952,24.789473684210527
13.0,429,38745381,33.0
25.0,651,38746032,26.04
26.0,578,38746610,22.23076923076923
33.0,1162,38747772,35.21212121212121
35.0,884,38748656,25.257142857142856
29.0,899,38749555,31.0
42.0,1172,38750727,27.904761904761905
30.0,827,38751554,27.566666666666666
27.0,770,38752324,28.51851851851852
19.0,455,38752779,23.94736842105263
37.0,1122,38753901,30.324324324324323
26.0,653,38754554,25.115384615384617
9.0,158,38754712,17.555555555555557
33.0,1021,38755733,30.939393939393938
16.0,382,38756115,23.875
31.0,810,38756925,26.129032258064516
24.0,847,38757772,35.291666666666664
32.0,844,38758616,26.375
16.0,361,38758977,22.5625
17.0,479,38759456,28.176470588235293
24.0,815,38760271,33.958333333333336
29.0,862,38761133,29.724137931034484
10.0,199,38761332,19.9
13.0,440,38761772,33.84615384615385
29.0,761,38762533,26.24137931034483
39.0,1155,38763688,29.615384615384617
14.0,391,38764079,27.928571428571427
45.0,1101,38765180,24.466666666666665
16.0,382,38765562,23.875
21.0,722,38766284,34.38095238095238
35.0,1065,38767349,30.428571428571427
35.0,1014,38768363,28.97142857142857
33.0,964,38769327,29.21212121212121
26.0,628,38769955,24.153846153846153
10.0,254,38770209,25.4
25.0,552,38770761,22.08
33.0,999,38771760,30.272727272727273
40.0,1522,38773282,38.05
31.0,785,38774067,25.322580645161292
25.0,717,38774784,28.68
32.0,735,38775519,22.96875
37.0,1131,38776650,30.56756756756757
8.0,230,38776880,28.75
21.0,432,38777312,20.571428571428573
29.0,844,38778156,29.103448275862068
26.0,813,38778969,31.26923076923077
50.0,1288,38780257,25.76
19.0,520,38780777,27.36842105263158
34.0,943,38781720,27.735294117647058
30.0,721,38782441,24.033333333333335
31.0,847,38783288,27.322580645161292
36.0,973,38784261,27.02777777777778
46.0,1614,38785875,35.08695652173913
29.0,930,38786805,32.06896551724138
23.0,871,38787676,37.869565217391305
25.0,589,38788265,23.56
29.0,701,38788966,24.17241379310345
25.0,658,38789624,26.32
18.0,507,38790131,28.166666666666668
23.0,442,38790573,19.217391304347824
24.0,515,38791088,21.458333333333332
19.0,462,38791550,24.31578947368421
18.0,343,38791893,19.055555555555557
9.0,220,38792113,24.444444444444443
37.0,1073,38793186,29.0
39.0,1189,38794375,30.487179487179485
17.0,626,38795001,36.8235294117647
20.0,665,38795666,33.25
37.0,1052,38796718,28.43243243243243
34.0,1088,38797806,32.0
30.0,860,38798666,28.666666666666668
21.0,543,38799209,25.857142857142858
38.0,1251,38800460,32.921052631578945
33.0,915,38801375,27.727272727272727
34.0,1005,38802380,29.558823529411764
22.0,537,38802917,24.40909090909091
16.0,520,38803437,32.5
21.0,586,38804023,27.904761904761905
25.0,799,38804822,31.96
46.0,1250,38806072,27.17391304347826
33.0,953,38807025,28.87878787878788
25.0,473,38807498,18.92
33.0,1218,38808716,36.90909090909091
19.0,457,38809173,24.05263157894737
16.0,359,38809532,22.4375
22.0,593,38810125,26.954545454545453
16.0,522,38810647,32.625
39.0,1193,38811840,30.58974358974359
17.0,422,38812262,24.823529411764707
31.0,746,38813008,24.06451612903226
22.0,413,38813421,18.772727272727273
35.0,1057,38814478,30.2
24.0,595,38815073,24.791666666666668
28.0,892,38815965,31.857142857142858
24.0,704,38816669,29.333333333333332
8.0,183,38816852,22.875
39.0,1148,38818000,29.435897435897434
34.0,864,38818864,25.41176470588235
47.0,1602,38820466,34.08510638297872
34.0,1067,38821533,31.38235294117647
26.0,745,38822278,28.653846153846153
19.0,520,38822798,27.36842105263158
25.0,637,38823435,25.48
18.0,524,38823959,29.11111111111111
17.0,436,38824395,25.647058823529413
33.0,964,38825359,29.21212121212121
26.0,594,38825953,22.846153846153847
38.0,1229,38827182,32.3421052631579
38.0,1395,38828577,36.71052631578947
44.0,1502,38830079,34.13636363636363
29.0,783,38830862,27.0
38.0,1120,38831982,29.473684210526315
21.0,466,38832448,22.19047619047619
36.0,931,38833379,25.86111111111111
30.0,711,38834090,23.7
35.0,1076,38835166,30.742857142857144
53.0,1421,38836587,26.81132075471698
34.0,816,38837403,24.0
26.0,681,38838084,26.192307692307693
27.0,783,38838867,29.0
15.0,466,38839333,31.066666666666666
24.0,566,38839899,23.583333333333332
31.0,860,38840759,27.741935483870968
37.0,1019,38841778,27.54054054054054
17.0,505,38842283,29.705882352941178
28.0,849,38843132,30.321428571428573
31.0,904,38844036,29.161290322580644
23.0,719,38844755,31.26086956521739
27.0,672,38845427,24.88888888888889
29.0,702,38846129,24.20689655172414
31.0,701,38846830,22.612903225806452
33.0,863,38847693,26.151515151515152
54.0,1691,38849384,31.314814814814813
26.0,538,38849922,20.692307692307693
40.0,1188,38851110,29.7
34.0,960,38852070,28.235294117647058
39.0,1156,38853226,29.641025641025642
37.0,1141,38854367,30.83783783783784
24.0,712,38855079,29.666666666666668
20.0,501,38855580,25.05
8.0,274,38855854,34.25
37.0,1086,38856940,29.35135135135135
39.0,1227,38858167,31.46153846153846
33.0,811,38858978,24.575757575757574
14.0,349,38859327,24.928571428571427
22.0,575,38859902,26.136363636363637
37.0,787,38860689,21.27027027027027
2.0,33,38860722,16.5
16.0,488,38861210,30.5
14.0,337,38861547,24.071428571428573
12.0,309,38861856,25.75
41.0,1183,38863039,28.853658536585368
35.0,1100,38864139,31.428571428571427
12.0,375,38864514,31.25
22.0,591,38865105,26.863636363636363
15.0,392,38865497,26.133333333333333
5.0,198,38865695,39.6
34.0,1013,38866708,29.794117647058822
25.0,788,38867496,31.52
41.0,1693,38869189,41.292682926829265
39.0,1098,38870287,28.153846153846153
38.0,1306,38871593,34.36842105263158
16.0,524,38872117,32.75
27.0,833,38872950,30.85185185185185
24.0,524,38873474,21.833333333333332
28.0,697,38874171,24.892857142857142
21.0,447,38874618,21.285714285714285
10.0,236,38874854,23.6
25.0,624,38875478,24.96
18.0,565,38876043,31.38888888888889
27.0,832,38876875,30.814814814814813
28.0,785,38877660,28.035714285714285
38.0,848,38878508,22.31578947368421
19.0,506,38879014,26.63157894736842
43.0,1524,38880538,35.44186046511628
24.0,632,38881170,26.333333333333332
27.0,652,38881822,24.14814814814815
36.0,1037,38882859,28.805555555555557
15.0,363,38883222,24.2
25.0,657,38883879,26.28
18.0,381,38884260,21.166666666666668
22.0,583,38884843,26.5
10.0,235,38885078,23.5
38.0,1099,38886177,28.92105263157895
23.0,617,38886794,26.82608695652174
13.0,390,38887184,30.0
26.0,623,38887807,23.96153846153846
23.0,640,38888447,27.82608695652174
22.0,708,38889155,32.18181818181818
44.0,1517,38890672,34.47727272727273
26.0,637,38891309,24.5
28.0,848,38892157,30.285714285714285
33.0,1038,38893195,31.454545454545453
34.0,1078,38894273,31.705882352941178
11.0,246,38894519,22.363636363636363
28.0,806,38895325,28.785714285714285
28.0,760,38896085,27.142857142857142
29.0,769,38896854,26.517241379310345
16.0,360,38897214,22.5
29.0,854,38898068,29.448275862068964
25.0,716,38898784,28.64
28.0,703,38899487,25.107142857142858
18.0,486,38899973,27.0
38.0,1300,38901273,34.21052631578947
8.0,156,38901429,19.5
31.0,871,38902300,28.096774193548388
27.0,842,38903142,31.185185185185187
31.0,900,38904042,29.032258064516128
23.0,618,38904660,26.869565217391305
20.0,654,38905314,32.7
30.0,941,38906255,31.366666666666667
23.0,623,38906878,27.08695652173913
13.0,284,38907162,21.846153846153847
36.0,1019,38908181,28.305555555555557
19.0,412,38908593,21.68421052631579
34.0,893,38909486,26.264705882352942
30.0,874,38910360,29.133333333333333
8.0,200,38910560,25.0
6.0,157,38910717,26.166666666666668
35.0,756,38911473,21.6
40.0,1047,38912520,26.175
9.0,196,38912716,21.77777777777778
33.0,1139,38913855,34.515151515151516
35.0,826,38914681,23.6
18.0,464,38915145,25.77777777777778
37.0,1228,38916373,33.189189189189186
29.0,944,38917317,32.55172413793103
31.0,813,38918130,26.225806451612904
25.0,519,38918649,20.76
33.0,1166,38919815,35.333333333333336
27.0,708,38920523,26.22222222222222
24.0,631,38921154,26.291666666666668
29.0,682,38921836,23.517241379310345
38.0,912,38922748,24.0
35.0,896,38923644,25.6
36.0,1102,38924746,30.61111111111111
22.0,621,38925367,28.227272727272727
23.0,645,38926012,28.043478260869566
26.0,718,38926730,27.615384615384617
32.0,898,38927628,28.0625
29.0,741,38928369,25.551724137931036
27.0,856,38929225,31.703703703703702
25.0,595,38929820,23.8
28.0,794,38930614,28.357142857142858
39.0,1351,38931965,34.64102564102564
30.0,1056,38933021,35.2
36.0,1119,38934140,31.083333333333332
41.0,1328,38935468,32.390243902439025
13.0,324,38935792,24.923076923076923
15.0,406,38936198,27.066666666666666
22.0,497,38936695,22.59090909090909
38.0,1015,38937710,26.710526315789473
41.0,1259,38938969,30.70731707317073
37.0,1237,38940206,33.432432432432435
27.0,687,38940893,25.444444444444443
24.0,697,38941590,29.041666666666668
20.0,391,38941981,19.55
3.0,67,38942048,22.333333333333332
47.0,1199,38943247,25.51063829787234
27.0,653,38943900,24.185185185185187
29.0,703,38944603,24.24137931034483
31.0,900,38945503,29.032258064516128
11.0,250,38945753,22.727272727272727
26.0,975,38946728,37.5
24.0,649,38947377,27.041666666666668
24.0,568,38947945,23.666666666666668
34.0,900,38948845,26.470588235294116
33.0,837,38949682,25.363636363636363
18.0,476,38950158,26.444444444444443
37.0,1050,38951208,28.37837837837838
14.0,391,38951599,27.928571428571427
0.0,47,38951646,inf
7.0,201,38951847,28.714285714285715
4.0,126,38951973,31.5
3.0,93,38952066,31.0
5.0,69,38952135,13.8
4.0,137,38952272,34.25
23.0,610,38952882,26.52173913043478
16.0,296,38953178,18.5
2.0,42,38953220,21.0
12.0,294,38953514,24.5
1.0,18,38953532,18.0
2.0,89,38953621,44.5
10.0,211,38953832,21.1
6.0,120,38953952,20.0
3.0,85,38954037,28.333333333333332
1.0,26,38954063,26.0
14.0,479,38954542,34.214285714285715
4.0,107,38954649,26.75
8.0,223,38954872,27.875
45.0,1531,38956403,34.022222222222226
42.0,1348,38957751,32.095238095238095
20.0,512,38958263,25.6
38.0,1122,38959385,29.526315789473685
18.0,488,38959873,27.11111111111111
10.0,233,38960106,23.3
32.0,1078,38961184,33.6875
4.0,112,38961296,28.0
30.0,672,38961968,22.4
33.0,1114,38963082,33.75757575757576
35.0,960,38964042,27.428571428571427
37.0,1106,38965148,29.89189189189189
42.0,1395,38966543,33.214285714285715
27.0,908,38967451,33.629629629629626
16.0,342,38967793,21.375
29.0,697,38968490,24.03448275862069
27.0,752,38969242,27.85185185185185
30.0,1136,38970378,37.86666666666667
27.0,575,38970953,21.296296296296298
33.0,742,38971695,22.484848484848484
46.0,1719,38973414,37.369565217391305
30.0,741,38974155,24.7
30.0,676,38974831,22.533333333333335
26.0,894,38975725,34.38461538461539
29.0,927,38976652,31.96551724137931
15.0,423,38977075,28.2
29.0,788,38977863,27.17241379310345
22.0,494,38978357,22.454545454545453
26.0,620,38978977,23.846153846153847
20.0,424,38979401,21.2
22.0,568,38979969,25.818181818181817
31.0,1037,38981006,33.45161290322581
37.0,1120,38982126,30.27027027027027
33.0,1095,38983221,33.18181818181818
40.0,1157,38984378,28.925
20.0,491,38984869,24.55
38.0,1361,38986230,35.81578947368421
13.0,267,38986497,20.53846153846154
20.0,461,38986958,23.05
17.0,527,38987485,31.0
15.0,320,38987805,21.333333333333332
29.0,764,38988569,26.344827586206897
21.0,614,38989183,29.238095238095237
23.0,609,38989792,26.47826086956522
25.0,623,38990415,24.92
21.0,557,38990972,26.523809523809526
11.0,321,38991293,29.181818181818183
29.0,942,38992235,32.48275862068966
22.0,714,38992949,32.45454545454545
25.0,623,38993572,24.92
17.0,425,38993997,25.0
21.0,521,38994518,24.80952380952381
27.0,724,38995242,26.814814814814813
5.0,141,38995383,28.2
24.0,625,38996008,26.041666666666668
10.0,231,38996239,23.1
10.0,246,38996485,24.6
31.0,974,38997459,31.419354838709676
17.0,357,38997816,21.0
9.0,248,38998064,27.555555555555557
35.0,1133,38999197,32.371428571428574
15.0,419,38999616,27.933333333333334
34.0,1192,39000808,35.05882352941177
24.0,838,39001646,34.916666666666664
30.0,666,39002312,22.2
33.0,890,39003202,26.96969696969697
13.0,245,39003447,18.846153846153847
23.0,612,39004059,26.608695652173914
26.0,607,39004666,23.346153846153847
24.0,694,39005360,28.916666666666668
27.0,712,39006072,26.37037037037037
33.0,974,39007046,29.515151515151516
16.0,373,39007419,23.3125
28.0,709,39008128,25.321428571428573
40.0,1051,39009179,26.275
34.0,1203,39010382,35.38235294117647
40.0,1307,39011689,32.675
22.0,700,39012389,31.818181818181817
16.0,420,39012809,26.25
34.0,1051,39013860,30.91176470588235
32.0,1152,39015012,36.0
31.0,966,39015978,31.161290322580644
30.0,725,39016703,24.166666666666668
2.0,76,39016779,38.0
26.0,652,39017431,25.076923076923077
22.0,682,39018113,31.0
38.0,1094,39019207,28.789473684210527
33.0,1059,39020266,32.09090909090909
18.0,460,39020726,25.555555555555557
36.0,900,39021626,25.0
33.0,1152,39022778,34.90909090909091
45.0,1319,39024097,29.31111111111111
29.0,777,39024874,26.79310344827586
26.0,652,39025526,25.076923076923077
36.0,1039,39026565,28.86111111111111
24.0,664,39027229,27.666666666666668
37.0,1123,39028352,30.35135135135135
34.0,907,39029259,26.676470588235293
37.0,916,39030175,24.756756756756758
33.0,824,39030999,24.96969696969697
32.0,976,39031975,30.5
14.0,416,39032391,29.714285714285715
24.0,610,39033001,25.416666666666668
41.0,1285,39034286,31.341463414634145
25.0,552,39034838,22.08
27.0,685,39035523,25.37037037037037
19.0,510,39036033,26.842105263157894
29.0,803,39036836,27.689655172413794
18.0,648,39037484,36.0
26.0,670,39038154,25.76923076923077
9.0,168,39038322,18.666666666666668
9.0,248,39038570,27.555555555555557
3.0,41,39038611,13.666666666666666
23.0,596,39039207,25.91304347826087
16.0,479,39039686,29.9375
16.0,338,39040024,21.125
23.0,703,39040727,30.565217391304348
26.0,718,39041445,27.615384615384617
43.0,1411,39042856,32.81395348837209
25.0,674,39043530,26.96
21.0,543,39044073,25.857142857142858
24.0,668,39044741,27.833333333333332
26.0,667,39045408,25.653846153846153
33.0,947,39046355,28.696969696969695
33.0,554,39046909,16.78787878787879
43.0,1165,39048074,27.093023255813954
28.0,689,39048763,24.607142857142858
28.0,888,39049651,31.714285714285715
16.0,350,39050001,21.875
17.0,315,39050316,18.529411764705884
21.0,468,39050784,22.285714285714285
28.0,771,39051555,27.535714285714285
34.0,1238,39052793,36.411764705882355
25.0,778,39053571,31.12
28.0,754,39054325,26.928571428571427
33.0,977,39055302,29.606060606060606
37.0,1202,39056504,32.486486486486484
44.0,1344,39057848,30.545454545454547
12.0,412,39058260,34.333333333333336
37.0,1264,39059524,34.16216216216216
35.0,1098,39060622,31.37142857142857
28.0,646,39061268,23.071428571428573
23.0,562,39061830,24.434782608695652
34.0,927,39062757,27.264705882352942
16.0,367,39063124,22.9375
16.0,334,39063458,20.875
22.0,563,39064021,25.59090909090909
18.0,397,39064418,22.055555555555557
31.0,888,39065306,28.64516129032258
26.0,846,39066152,32.53846153846154
41.0,1185,39067337,28.902439024390244
21.0,553,39067890,26.333333333333332
20.0,581,39068471,29.05
15.0,414,39068885,27.6
37.0,1361,39070246,36.78378378378378
15.0,372,39070618,24.8
17.0,523,39071141,30.764705882352942
29.0,854,39071995,29.448275862068964
40.0,1551,39073546,38.775
34.0,797,39074343,23.441176470588236
36.0,1106,39075449,30.72222222222222
11.0,290,39075739,26.363636363636363
34.0,882,39076621,25.941176470588236
47.0,1725,39078346,36.702127659574465
32.0,868,39079214,27.125
9.0,231,39079445,25.666666666666668
26.0,664,39080109,25.53846153846154
31.0,927,39081036,29.903225806451612
49.0,1512,39082548,30.857142857142858
32.0,856,39083404,26.75
12.0,225,39083629,18.75
37.0,912,39084541,24.64864864864865
19.0,501,39085042,26.36842105263158
33.0,1127,39086169,34.15151515151515
22.0,761,39086930,34.59090909090909
30.0,806,39087736,26.866666666666667
44.0,1397,39089133,31.75
15.0,378,39089511,25.2
23.0,620,39090131,26.956521739130434
34.0,1061,39091192,31.205882352941178
45.0,1269,39092461,28.2
28.0,827,39093288,29.535714285714285
17.0,472,39093760,27.764705882352942
36.0,1264,39095024,35.111111111111114
27.0,870,39095894,32.22222222222222
27.0,525,39096419,19.444444444444443
24.0,658,39097077,27.416666666666668
17.0,522,39097599,30.705882352941178
22.0,845,39098444,38.40909090909091
30.0,851,39099295,28.366666666666667
33.0,1038,39100333,31.454545454545453
32.0,739,39101072,23.09375
20.0,484,39101556,24.2
28.0,936,39102492,33.42857142857143
5.0,182,39102674,36.4
41.0,1044,39103718,25.463414634146343
20.0,578,39104296,28.9
30.0,811,39105107,27.033333333333335
21.0,680,39105787,32.38095238095238
46.0,1473,39107260,32.02173913043478
33.0,822,39108082,24.90909090909091
51.0,1381,39109463,27.07843137254902
5.0,146,39109609,29.2
16.0,462,39110071,28.875
20.0,544,39110615,27.2
33.0,996,39111611,30.181818181818183
47.0,1329,39112940,28.27659574468085
32.0,871,39113811,27.21875
21.0,651,39114462,31.0
30.0,820,39115282,27.333333333333332
24.0,767,39116049,31.958333333333332
41.0,1236,39117285,30.146341463414632
43.0,1221,39118506,28.3953488372093
36.0,1083,39119589,30.083333333333332
38.0,1161,39120750,30.55263157894737
32.0,952,39121702,29.75
28.0,707,39122409,25.25
10.0,175,39122584,17.5
16.0,410,39122994,25.625
25.0,750,39123744,30.0
5.0,166,39123910,33.2
33.0,1013,39124923,30.696969696969695
27.0,684,39125607,25.333333333333332
26.0,676,39126283,26.0
40.0,1071,39127354,26.775
37.0,1007,39128361,27.216216216216218
25.0,699,39129060,27.96
29.0,713,39129773,24.586206896551722
7.0,147,39129920,21.0
35.0,956,39130876,27.314285714285713
17.0,424,39131300,24.941176470588236
10.0,147,39131447,14.7
32.0,1155,39132602,36.09375
28.0,714,39133316,25.5
14.0,314,39133630,22.428571428571427
38.0,1257,39134887,33.078947368421055
29.0,926,39135813,31.93103448275862
23.0,683,39136496,29.695652173913043
17.0,460,39136956,27.058823529411764
30.0,984,39137940,32.8
14.0,269,39138209,19.214285714285715
28.0,782,39138991,27.928571428571427
24.0,619,39139610,25.791666666666668
22.0,581,39140191,26.40909090909091
28.0,721,39140912,25.75
9.0,225,39141137,25.0
37.0,1261,39142398,34.08108108108108
41.0,1229,39143627,29.975609756097562
22.0,589,39144216,26.772727272727273
36.0,1194,39145410,33.166666666666664
30.0,695,39146105,23.166666666666668
21.0,658,39146763,31.333333333333332
38.0,1259,39148022,33.13157894736842
30.0,801,39148823,26.7
34.0,1123,39149946,33.029411764705884
21.0,549,39150495,26.142857142857142
26.0,550,39151045,21.153846153846153
40.0,1059,39152104,26.475
22.0,665,39152769,30.227272727272727
34.0,900,39153669,26.470588235294116
29.0,787,39154456,27.137931034482758
35.0,1193,39155649,34.08571428571429
27.0,813,39156462,30.11111111111111
11.0,231,39156693,21.0
25.0,804,39157497,32.16
28.0,584,39158081,20.857142857142858
35.0,1260,39159341,36.0
22.0,526,39159867,23.90909090909091
14.0,431,39160298,30.785714285714285
35.0,993,39161291,28.37142857142857
45.0,1366,39162657,30.355555555555554
20.0,696,39163353,34.8
24.0,621,39163974,25.875
46.0,1125,39165099,24.456521739130434
21.0,514,39165613,24.476190476190474
22.0,495,39166108,22.5
18.0,469,39166577,26.055555555555557
29.0,782,39167359,26.96551724137931
25.0,750,39168109,30.0
20.0,644,39168753,32.2
27.0,625,39169378,23.14814814814815
31.0,1206,39170584,38.903225806451616
22.0,565,39171149,25.681818181818183
23.0,732,39171881,31.82608695652174
37.0,900,39172781,24.324324324324323
51.0,1503,39174284,29.470588235294116
18.0,434,39174718,24.11111111111111
43.0,1305,39176023,30.348837209302324
4.0,49,39176072,12.25
14.0,452,39176524,32.285714285714285
9.0,251,39176775,27.88888888888889
23.0,673,39177448,29.26086956521739
22.0,618,39178066,28.09090909090909
13.0,294,39178360,22.615384615384617
27.0,650,39179010,24.074074074074073
16.0,525,39179535,32.8125
39.0,1181,39180716,30.28205128205128
40.0,1193,39181909,29.825
32.0,974,39182883,30.4375
40.0,1239,39184122,30.975
30.0,886,39185008,29.533333333333335
16.0,451,39185459,28.1875
28.0,770,39186229,27.5
32.0,837,39187066,26.15625
21.0,566,39187632,26.952380952380953
17.0,523,39188155,30.764705882352942
27.0,836,39188991,30.962962962962962
29.0,854,39189845,29.448275862068964
10.0,148,39189993,14.8
12.0,315,39190308,26.25
19.0,477,39190785,25.105263157894736
20.0,457,39191242,22.85
21.0,505,39191747,24.047619047619047
23.0,640,39192387,27.82608695652174
30.0,1035,39193422,34.5
28.0,852,39194274,30.428571428571427
25.0,843,39195117,33.72
16.0,459,39195576,28.6875
40.0,1160,39196736,29.0
19.0,480,39197216,25.263157894736842
38.0,943,39198159,24.81578947368421
46.0,1189,39199348,25.847826086956523
40.0,884,39200232,22.1
29.0,946,39201178,32.62068965517241
37.0,1089,39202267,29.43243243243243
26.0,759,39203026,29.192307692307693
43.0,1336,39204362,31.069767441860463
28.0,1054,39205416,37.642857142857146
19.0,535,39205951,28.157894736842106
22.0,662,39206613,30.09090909090909
28.0,805,39207418,28.75
31.0,873,39208291,28.161290322580644
30.0,822,39209113,27.4
50.0,1827,39210940,36.54
22.0,618,39211558,28.09090909090909
30.0,888,39212446,29.6
36.0,1110,39213556,30.833333333333332
29.0,841,39214397,29.0
26.0,784,39215181,30.153846153846153
26.0,763,39215944,29.346153846153847
20.0,445,39216389,22.25
38.0,1247,39217636,32.81578947368421
16.0,358,39217994,22.375
26.0,724,39218718,27.846153846153847
30.0,952,39219670,31.733333333333334
28.0,564,39220234,20.142857142857142
29.0,750,39220984,25.862068965517242
31.0,893,39221877,28.806451612903224
30.0,855,39222732,28.5
9.0,278,39223010,30.88888888888889
13.0,324,39223334,24.923076923076923
47.0,1321,39224655,28.106382978723403
27.0,719,39225374,26.62962962962963
9.0,266,39225640,29.555555555555557
35.0,1035,39226675,29.571428571428573
35.0,1095,39227770,31.285714285714285
14.0,398,39228168,28.428571428571427
21.0,608,39228776,28.952380952380953
43.0,1324,39230100,30.790697674418606
13.0,310,39230410,23.846153846153847
15.0,474,39230884,31.6
27.0,584,39231468,21.62962962962963
18.0,439,39231907,24.38888888888889
36.0,1024,39232931,28.444444444444443
32.0,736,39233667,23.0
29.0,727,39234394,25.06896551724138
18.0,412,39234806,22.88888888888889
21.0,468,39235274,22.285714285714285
18.0,510,39235784,28.333333333333332
7.0,255,39236039,36.42857142857143
29.0,744,39236783,25.655172413793103
36.0,1170,39237953,32.5
43.0,1278,39239231,29.72093023255814
2.0,36,39239267,18.0
41.0,1241,39240508,30.26829268292683
14.0,421,39240929,30.071428571428573
16.0,436,39241365,27.25
39.0,1122,39242487,28.76923076923077
26.0,759,39243246,29.192307692307693
3.0,104,39243350,34.666666666666664
27.0,809,39244159,29.962962962962962
39.0,1020,39245179,26.153846153846153
36.0,1029,39246208,28.583333333333332
41.0,1177,39247385,28.70731707317073
22.0,502,39247887,22.818181818181817
2.0,31,39247918,15.5
26.0,717,39248635,27.576923076923077
25.0,605,39249240,24.2
35.0,1145,39250385,32.714285714285715
32.0,805,39251190,25.15625
31.0,765,39251955,24.677419354838708
12.0,303,39252258,25.25
24.0,714,39252972,29.75
26.0,821,39253793,31.576923076923077
31.0,634,39254427,20.451612903225808
23.0,649,39255076,28.217391304347824
15.0,353,39255429,23.533333333333335
47.0,1674,39257103,35.61702127659574
25.0,588,39257691,23.52
33.0,1071,39258762,32.45454545454545
25.0,850,39259612,34.0
2.0,52,39259664,26.0
25.0,836,39260500,33.44
21.0,570,39261070,27.142857142857142
31.0,1017,39262087,32.806451612903224
34.0,833,39262920,24.5
30.0,885,39263805,29.5
46.0,1343,39265148,29.195652173913043
37.0,1369,39266517,37.0
25.0,712,39267229,28.48
34.0,1176,39268405,34.588235294117645
31.0,914,39269319,29.483870967741936
19.0,633,39269952,33.31578947368421
41.0,1093,39271045,26.658536585365855
23.0,496,39271541,21.565217391304348
32.0,838,39272379,26.1875
27.0,803,39273182,29.74074074074074
28.0,583,39273765,20.821428571428573
18.0,437,39274202,24.27777777777778
33.0,871,39275073,26.393939393939394
38.0,1210,39276283,31.842105263157894
16.0,499,39276782,31.1875
30.0,944,39277726,31.466666666666665
30.0,657,39278383,21.9
16.0,362,39278745,22.625
17.0,469,39279214,27.58823529411765
33.0,1071,39280285,32.45454545454545
13.0,349,39280634,26.846153846153847
8.0,305,39280939,38.125
26.0,1051,39281990,40.42307692307692
22.0,528,39282518,24.0
24.0,691,39283209,28.791666666666668
25.0,770,39283979,30.8
35.0,827,39284806,23.62857142857143
25.0,632,39285438,25.28
20.0,713,39286151,35.65
19.0,624,39286775,32.8421052631579
20.0,520,39287295,26.0
15.0,498,39287793,33.2
19.0,403,39288196,21.210526315789473
9.0,218,39288414,24.22222222222222
20.0,598,39289012,29.9
30.0,963,39289975,32.1
34.0,1251,39291226,36.794117647058826
13.0,297,39291523,22.846153846153847
17.0,431,39291954,25.352941176470587
19.0,521,39292475,27.42105263157895
22.0,676,39293151,30.727272727272727
25.0,662,39293813,26.48
22.0,572,39294385,26.0
31.0,1047,39295432,33.774193548387096
36.0,996,39296428,27.666666666666668
23.0,581,39297009,25.26086956521739
13.0,386,39297395,29.692307692307693
10.0,211,39297606,21.1
23.0,565,39298171,24.565217391304348
20.0,616,39298787,30.8
3.0,53,39298840,17.666666666666668
11.0,287,39299127,26.09090909090909
18.0,705,39299832,39.166666666666664
17.0,475,39300307,27.941176470588236
46.0,1124,39301431,24.434782608695652
8.0,163,39301594,20.375
18.0,414,39302008,23.0
42.0,1208,39303216,28.761904761904763
3.0,105,39303321,35.0
38.0,1028,39304349,27.05263157894737
28.0,956,39305305,34.142857142857146
25.0,728,39306033,29.12
24.0,757,39306790,31.541666666666668
26.0,760,39307550,29.23076923076923
30.0,810,39308360,27.0
35.0,970,39309330,27.714285714285715
26.0,810,39310140,31.153846153846153
13.0,335,39310475,25.76923076923077
35.0,1068,39311543,30.514285714285716
15.0,399,39311942,26.6
34.0,1054,39312996,31.0
28.0,587,39313583,20.964285714285715
11.0,345,39313928,31.363636363636363
34.0,962,39314890,28.294117647058822
52.0,1409,39316299,27.096153846153847
26.0,823,39317122,31.653846153846153
36.0,814,39317936,22.61111111111111
21.0,653,39318589,31.095238095238095
28.0,969,39319558,34.607142857142854
39.0,1105,39320663,28.333333333333332
9.0,233,39320896,25.88888888888889
32.0,1047,39321943,32.71875
32.0,1014,39322957,31.6875
28.0,745,39323702,26.607142857142858
28.0,841,39324543,30.035714285714285
28.0,636,39325179,22.714285714285715
22.0,664,39325843,30.181818181818183
31.0,745,39326588,24.032258064516128
30.0,816,39327404,27.2
13.0,282,39327686,21.692307692307693
21.0,644,39328330,30.666666666666668
35.0,992,39329322,28.34285714285714
1.0,23,39329345,23.0
44.0,1499,39330844,34.06818181818182
13.0,311,39331155,23.923076923076923
50.0,1789,39332944,35.78
24.0,785,39333729,32.708333333333336
36.0,1034,39334763,28.72222222222222
13.0,332,39335095,25.53846153846154
17.0,367,39335462,21.58823529411765
37.0,962,39336424,26.0
21.0,787,39337211,37.476190476190474
22.0,716,39337927,32.54545454545455
38.0,1111,39339038,29.236842105263158
32.0,978,39340016,30.5625
36.0,1108,39341124,30.77777777777778
31.0,937,39342061,30.225806451612904
22.0,522,39342583,23.727272727272727
19.0,662,39343245,34.8421052631579
42.0,1154,39344399,27.476190476190474
21.0,591,39344990,28.142857142857142
34.0,991,39345981,29.147058823529413
34.0,872,39346853,25.647058823529413
38.0,1248,39348101,32.8421052631579
34.0,795,39348896,23.38235294117647
46.0,1139,39350035,24.76086956521739
16.0,440,39350475,27.5
22.0,578,39351053,26.272727272727273
23.0,509,39351562,22.130434782608695
21.0,636,39352198,30.285714285714285
23.0,554,39352752,24.08695652173913
38.0,1148,39353900,30.210526315789473
35.0,1231,39355131,35.17142857142857
15.0,330,39355461,22.0
27.0,735,39356196,27.22222222222222
29.0,649,39356845,22.379310344827587
28.0,710,39357555,25.357142857142858
33.0,1185,39358740,35.90909090909091
29.0,774,39359514,26.689655172413794
26.0,700,39360214,26.923076923076923
30.0,886,39361100,29.533333333333335
32.0,1263,39362363,39.46875
37.0,1118,39363481,30.216216216216218
39.0,1116,39364597,28.615384615384617
36.0,1053,39365650,29.25
45.0,1167,39366817,25.933333333333334
44.0,1406,39368223,31.954545454545453
26.0,789,39369012,30.346153846153847
25.0,706,39369718,28.24
35.0,1159,39370877,33.114285714285714
16.0,478,39371355,29.875
31.0,993,39372348,32.03225806451613
33.0,1099,39373447,33.303030303030305
34.0,910,39374357,26.764705882352942
22.0,568,39374925,25.818181818181817
25.0,626,39375551,25.04
17.0,308,39375859,18.11764705882353
18.0,519,39376378,28.833333333333332
40.0,1153,39377531,28.825
33.0,925,39378456,28.03030303030303
19.0,382,39378838,20.105263157894736
44.0,1806,39380644,41.04545454545455
39.0,1329,39381973,34.07692307692308
21.0,471,39382444,22.428571428571427
42.0,1245,39383689,29.642857142857142
27.0,568,39384257,21.037037037037038
33.0,821,39385078,24.87878787878788
20.0,650,39385728,32.5
42.0,1325,39387053,31.547619047619047
18.0,392,39387445,21.77777777777778
29.0,738,39388183,25.448275862068964
16.0,436,39388619,27.25
26.0,766,39389385,29.46153846153846
31.0,912,39390297,29.419354838709676
26.0,605,39390902,23.26923076923077
31.0,891,39391793,28.741935483870968
28.0,882,39392675,31.5
33.0,891,39393566,27.0
30.0,861,39394427,28.7
35.0,953,39395380,27.228571428571428
35.0,994,39396374,28.4
42.0,1470,39397844,35.0
39.0,1036,39398880,26.564102564102566
43.0,1437,39400317,33.41860465116279
32.0,915,39401232,28.59375
42.0,1124,39402356,26.761904761904763
47.0,1405,39403761,29.893617021276597
18.0,414,39404175,23.0
26.0,605,39404780,23.26923076923077
36.0,1271,39406051,35.30555555555556
36.0,1280,39407331,35.55555555555556
32.0,921,39408252,28.78125
25.0,715,39408967,28.6
23.0,636,39409603,27.652173913043477
25.0,683,39410286,27.32
26.0,584,39410870,22.46153846153846
30.0,1039,39411909,34.63333333333333
28.0,703,39412612,25.107142857142858
23.0,793,39413405,34.47826086956522
23.0,582,39413987,25.304347826086957
31.0,794,39414781,25.612903225806452
23.0,584,39415365,25.391304347826086
14.0,415,39415780,29.642857142857142
12.0,333,39416113,27.75
49.0,1469,39417582,29.979591836734695
58.0,1849,39419431,31.879310344827587
24.0,669,39420100,27.875
6.0,84,39420184,14.0
29.0,1040,39421224,35.86206896551724
15.0,455,39421679,30.333333333333332
18.0,542,39422221,30.11111111111111
28.0,682,39422903,24.357142857142858
35.0,1134,39424037,32.4
33.0,1165,39425202,35.303030303030305
22.0,681,39425883,30.954545454545453
30.0,752,39426635,25.066666666666666
22.0,627,39427262,28.5
21.0,636,39427898,30.285714285714285
20.0,426,39428324,21.3
26.0,948,39429272,36.46153846153846
23.0,617,39429889,26.82608695652174
38.0,988,39430877,26.0
27.0,795,39431672,29.444444444444443
40.0,1091,39432763,27.275
31.0,921,39433684,29.70967741935484
21.0,583,39434267,27.761904761904763
33.0,894,39435161,27.09090909090909
24.0,951,39436112,39.625
39.0,1423,39437535,36.48717948717949
16.0,466,39438001,29.125
14.0,292,39438293,20.857142857142858
34.0,1123,39439416,33.029411764705884
31.0,979,39440395,31.580645161290324
1.0,21,39440416,21.0
19.0,432,39440848,22.736842105263158
10.0,203,39441051,20.3
25.0,885,39441936,35.4
36.0,1197,39443133,33.25
19.0,410,39443543,21.57894736842105
32.0,821,39444364,25.65625
20.0,442,39444806,22.1
32.0,810,39445616,25.3125
31.0,978,39446594,31.548387096774192
11.0,254,39446848,23.09090909090909
34.0,1158,39448006,34.05882352941177
18.0,488,39448494,27.11111111111111
23.0,487,39448981,21.17391304347826
39.0,1120,39450101,28.71794871794872
30.0,818,39450919,27.266666666666666
28.0,829,39451748,29.607142857142858
19.0,530,39452278,27.894736842105264
38.0,1471,39453749,38.71052631578947
41.0,1256,39455005,30.634146341463413
16.0,458,39455463,28.625
19.0,489,39455952,25.736842105263158
34.0,1181,39457133,34.73529411764706
31.0,699,39457832,22.548387096774192
28.0,778,39458610,27.785714285714285
20.0,683,39459293,34.15
25.0,721,39460014,28.84
39.0,1204,39461218,30.871794871794872
33.0,972,39462190,29.454545454545453
24.0,689,39462879,28.708333333333332
20.0,456,39463335,22.8
38.0,1090,39464425,28.68421052631579
24.0,615,39465040,25.625
26.0,844,39465884,32.46153846153846
36.0,1242,39467126,34.5
27.0,726,39467852,26.88888888888889
14.0,425,39468277,30.357142857142858
18.0,460,39468737,25.555555555555557
23.0,615,39469352,26.73913043478261
34.0,871,39470223,25.61764705882353
6.0,138,39470361,23.0
25.0,890,39471251,35.6
24.0,791,39472042,32.958333333333336
7.0,175,39472217,25.0
32.0,1011,39473228,31.59375
15.0,321,39473549,21.4
38.0,1321,39474870,34.76315789473684
12.0,363,39475233,30.25
22.0,605,39475838,27.5
20.0,485,39476323,24.25
33.0,846,39477169,25.636363636363637
25.0,783,39477952,31.32
31.0,831,39478783,26.806451612903224
15.0,418,39479201,27.866666666666667
37.0,1055,39480256,28.513513513513512
27.0,718,39480974,26.59259259259259
11.0,281,39481255,25.545454545454547
38.0,1034,39482289,27.210526315789473
10.0,198,39482487,19.8
27.0,943,39483430,34.925925925925924
24.0,642,39484072,26.75
25.0,763,39484835,30.52
29.0,975,39485810,33.62068965517241
27.0,865,39486675,32.03703703703704
22.0,594,39487269,27.0
25.0,835,39488104,33.4
37.0,1070,39489174,28.91891891891892
20.0,542,39489716,27.1
21.0,497,39490213,23.666666666666668
26.0,686,39490899,26.384615384615383
21.0,678,39491577,32.285714285714285
25.0,744,39492321,29.76
40.0,1176,39493497,29.4
22.0,633,39494130,28.772727272727273
28.0,918,39495048,32.785714285714285
11.0,255,39495303,23.181818181818183
33.0,952,39496255,28.848484848484848
25.0,594,39496849,23.76
12.0,374,39497223,31.166666666666668
35.0,1176,39498399,33.6
7.0,164,39498563,23.428571428571427
35.0,912,39499475,26.057142857142857
22.0,742,39500217,33.72727272727273
43.0,1468,39501685,34.13953488372093
38.0,1222,39502907,32.1578947368421
33.0,1051,39503958,31.848484848484848
43.0,1318,39505276,30.651162790697676
31.0,991,39506267,31.967741935483872
25.0,723,39506990,28.92
34.0,1042,39508032,30.647058823529413
16.0,344,39508376,21.5
20.0,361,39508737,18.05
28.0,989,39509726,35.32142857142857
22.0,612,39510338,27.818181818181817
16.0,399,39510737,24.9375
30.0,895,39511632,29.833333333333332
23.0,602,39512234,26.17391304347826
31.0,825,39513059,26.612903225806452
21.0,706,39513765,33.61904761904762
21.0,541,39514306,25.761904761904763
38.0,1036,39515342,27.263157894736842
8.0,219,39515561,27.375
22.0,705,39516266,32.04545454545455
5.0,66,39516332,13.2
26.0,717,39517049,27.576923076923077
24.0,545,39517594,22.708333333333332
13.0,294,39517888,22.615384615384617
23.0,595,39518483,25.869565217391305
24.0,745,39519228,31.041666666666668
23.0,726,39519954,31.565217391304348
17.0,528,39520482,31.058823529411764
25.0,454,39520936,18.16
13.0,242,39521178,18.615384615384617
33.0,915,39522093,27.727272727272727
24.0,706,39522799,29.416666666666668
25.0,745,39523544,29.8
14.0,378,39523922,27.0
32.0,1382,39525304,43.1875
11.0,302,39525606,27.454545454545453
28.0,1011,39526617,36.107142857142854
41.0,1400,39528017,34.146341463414636
19.0,353,39528370,18.57894736842105
16.0,374,39528744,23.375
39.0,1100,39529844,28.205128205128204
15.0,379,39530223,25.266666666666666
25.0,545,39530768,21.8
23.0,643,39531411,27.956521739130434
35.0,1271,39532682,36.31428571428572
30.0,729,39533411,24.3
36.0,998,39534409,27.72222222222222
23.0,516,39534925,22.434782608695652
24.0,583,39535508,24.291666666666668
42.0,975,39536483,23.214285714285715
19.0,527,39537010,27.736842105263158
45.0,1337,39538347,29.711111111111112
36.0,1203,39539550,33.416666666666664
36.0,947,39540497,26.305555555555557
35.0,972,39541469,27.771428571428572
17.0,395,39541864,23.235294117647058
32.0,962,39542826,30.0625
30.0,981,39543807,32.7
51.0,1668,39545475,32.705882352941174
34.0,965,39546440,28.38235294117647
28.0,663,39547103,23.678571428571427
19.0,543,39547646,28.57894736842105
21.0,578,39548224,27.523809523809526
35.0,987,39549211,28.2
38.0,1219,39550430,32.078947368421055
13.0,291,39550721,22.384615384615383
30.0,682,39551403,22.733333333333334
34.0,1281,39552684,37.6764705882353
18.0,481,39553165,26.72222222222222
42.0,1252,39554417,29.80952380952381
24.0,709,39555126,29.541666666666668
10.0,331,39555457,33.1
25.0,547,39556004,21.88
14.0,462,39556466,33.0
33.0,976,39557442,29.575757575757574
10.0,274,39557716,27.4
47.0,1291,39559007,27.46808510638298
32.0,1099,39560106,34.34375
31.0,849,39560955,27.387096774193548
27.0,763,39561718,28.25925925925926
11.0,362,39562080,32.90909090909091
36.0,1130,39563210,31.38888888888889
14.0,377,39563587,26.928571428571427
26.0,789,39564376,30.346153846153847
38.0,1054,39565430,27.736842105263158
20.0,584,39566014,29.2
30.0,671,39566685,22.366666666666667
33.0,905,39567590,27.424242424242426
27.0,690,39568280,25.555555555555557
30.0,720,39569000,24.0
31.0,1001,39570001,32.29032258064516
29.0,710,39570711,24.482758620689655
30.0,993,39571704,33.1
42.0,1432,39573136,34.095238095238095
24.0,707,39573843,29.458333333333332
18.0,333,39574176,18.5
35.0,1032,39575208,29.485714285714284
8.0,93,39575301,11.625
23.0,511,39575812,22.217391304347824
45.0,1435,39577247,31.88888888888889
21.0,523,39577770,24.904761904761905
29.0,946,39578716,32.62068965517241
13.0,359,39579075,27.615384615384617
17.0,479,39579554,28.176470588235293
18.0,462,39580016,25.666666666666668
42.0,1564,39581580,37.23809523809524
21.0,564,39582144,26.857142857142858
8.0,177,39582321,22.125
31.0,941,39583262,30.35483870967742
29.0,686,39583948,23.655172413793103
37.0,1199,39585147,32.4054054054054
26.0,654,39585801,25.153846153846153
30.0,936,39586737,31.2
37.0,1053,39587790,28.45945945945946
28.0,708,39588498,25.285714285714285
20.0,589,39589087,29.45
22.0,607,39589694,27.59090909090909
11.0,308,39590002,28.0
12.0,320,39590322,26.666666666666668
24.0,788,39591110,32.833333333333336
25.0,683,39591793,27.32
8.0,197,39591990,24.625
32.0,1121,39593111,35.03125
24.0,769,39593880,32.041666666666664
14.0,371,39594251,26.5
38.0,1140,39595391,30.0
38.0,1171,39596562,30.81578947368421
20.0,558,39597120,27.9
22.0,566,39597686,25.727272727272727
36.0,915,39598601,25.416666666666668
27.0,684,39599285,25.333333333333332
11.0,157,39599442,14.272727272727273
34.0,894,39600336,26.294117647058822
27.0,850,39601186,31.48148148148148
21.0,506,39601692,24.095238095238095
43.0,1274,39602966,29.627906976744185
2.0,42,39603008,21.0
25.0,640,39603648,25.6
13.0,298,39603946,22.923076923076923
20.0,488,39604434,24.4
17.0,630,39605064,37.05882352941177
46.0,1477,39606541,32.108695652173914
3.0,50,39606591,16.666666666666668
16.0,436,39607027,27.25
20.0,672,39607699,33.6
21.0,478,39608177,22.761904761904763
16.0,360,39608537,22.5
47.0,1210,39609747,25.74468085106383
26.0,446,39610193,17.153846153846153
20.0,431,39610624,21.55
21.0,437,39611061,20.80952380952381
22.0,528,39611589,24.0
22.0,693,39612282,31.5
30.0,855,39613137,28.5
37.0,1049,39614186,28.35135135135135
22.0,530,39614716,24.09090909090909
23.0,621,39615337,27.0
20.0,521,39615858,26.05
31.0,886,39616744,28.580645161290324
38.0,921,39617665,24.236842105263158
28.0,888,39618553,31.714285714285715
16.0,400,39618953,25.0
35.0,1009,39619962,28.82857142857143
25.0,649,39620611,25.96
45.0,1278,39621889,28.4
41.0,1204,39623093,29.365853658536587
35.0,1125,39624218,32.142857142857146
3.0,56,39624274,18.666666666666668
1.0,22,39624296,22.0
27.0,715,39625011,26.48148148148148
33.0,963,39625974,29.181818181818183
27.0,661,39626635,24.48148148148148
26.0,838,39627473,32.23076923076923
42.0,1453,39628926,34.595238095238095
23.0,739,39629665,32.130434782608695
20.0,596,39630261,29.8
41.0,1236,39631497,30.146341463414632
38.0,1338,39632835,35.21052631578947
16.0,570,39633405,35.625
26.0,804,39634209,30.923076923076923
28.0,784,39634993,28.0
10.0,258,39635251,25.8
25.0,643,39635894,25.72
31.0,787,39636681,25.387096774193548
34.0,1072,39637753,31.529411764705884
34.0,928,39638681,27.294117647058822
33.0,1139,39639820,34.515151515151516
19.0,432,39640252,22.736842105263158
20.0,621,39640873,31.05
26.0,933,39641806,35.88461538461539
17.0,599,39642405,35.23529411764706
44.0,1408,39643813,32.0
36.0,1021,39644834,28.36111111111111
30.0,917,39645751,30.566666666666666
40.0,1239,39646990,30.975
23.0,613,39647603,26.652173913043477
41.0,1407,39649010,34.31707317073171
26.0,681,39649691,26.192307692307693
23.0,627,39650318,27.26086956521739
9.0,220,39650538,24.444444444444443
28.0,880,39651418,31.428571428571427
18.0,369,39651787,20.5
38.0,1339,39653126,35.23684210526316
13.0,293,39653419,22.53846153846154
19.0,320,39653739,16.842105263157894
31.0,912,39654651,29.419354838709676
44.0,1302,39655953,29.59090909090909
25.0,680,39656633,27.2
24.0,759,39657392,31.625
33.0,967,39658359,29.303030303030305
27.0,846,39659205,31.333333333333332
32.0,779,39659984,24.34375
41.0,1063,39661047,25.926829268292682
32.0,887,39661934,27.71875
31.0,966,39662900,31.161290322580644
26.0,602,39663502,23.153846153846153
38.0,1103,39664605,29.026315789473685
33.0,864,39665469,26.181818181818183
33.0,1003,39666472,30.393939393939394
21.0,447,39666919,21.285714285714285
27.0,767,39667686,28.40740740740741
47.0,1317,39669003,28.02127659574468
40.0,1321,39670324,33.025
21.0,576,39670900,27.428571428571427
30.0,985,39671885,32.833333333333336
27.0,888,39672773,32.888888888888886
12.0,165,39672938,13.75
30.0,672,39673610,22.4
23.0,918,39674528,39.91304347826087
31.0,699,39675227,22.548387096774192
13.0,326,39675553,25.076923076923077
30.0,855,39676408,28.5
16.0,437,39676845,27.3125
35.0,977,39677822,27.914285714285715
39.0,947,39678769,24.28205128205128
21.0,592,39679361,28.19047619047619
31.0,960,39680321,30.967741935483872
39.0,1250,39681571,32.05128205128205
22.0,525,39682096,23.863636363636363
33.0,907,39683003,27.484848484848484
19.0,495,39683498,26.05263157894737
32.0,923,39684421,28.84375
25.0,670,39685091,26.8
28.0,625,39685716,22.321428571428573
38.0,1375,39687091,36.18421052631579
26.0,661,39687752,25.423076923076923
26.0,787,39688539,30.26923076923077
32.0,899,39689438,28.09375
34.0,833,39690271,24.5
51.0,1608,39691879,31.529411764705884
26.0,763,39692642,29.346153846153847
17.0,598,39693240,35.1764705882353
50.0,1441,39694681,28.82
31.0,854,39695535,27.548387096774192
29.0,722,39696257,24.896551724137932
18.0,513,39696770,28.5
20.0,644,39697414,32.2
6.0,88,39697502,14.666666666666666
16.0,481,39697983,30.0625
36.0,1085,39699068,30.13888888888889
36.0,1219,39700287,33.861111111111114
44.0,1373,39701660,31.204545454545453
13.0,404,39702064,31.076923076923077
31.0,928,39702992,29.93548387096774
20.0,526,39703518,26.3
27.0,782,39704300,28.962962962962962
38.0,1131,39705431,29.763157894736842
21.0,553,39705984,26.333333333333332
35.0,990,39706974,28.285714285714285
31.0,769,39707743,24.806451612903224
44.0,1510,39709253,34.31818181818182
25.0,764,39710017,30.56
32.0,927,39710944,28.96875
29.0,825,39711769,28.448275862068964
15.0,402,39712171,26.8
37.0,1116,39713287,30.16216216216216
15.0,392,39713679,26.133333333333333
31.0,870,39714549,28.06451612903226
29.0,704,39715253,24.275862068965516
49.0,1243,39716496,25.367346938775512
35.0,1055,39717551,30.142857142857142
19.0,505,39718056,26.57894736842105
11.0,332,39718388,30.181818181818183
28.0,867,39719255,30.964285714285715
29.0,990,39720245,34.13793103448276
41.0,1309,39721554,31.926829268292682
33.0,1281,39722835,38.81818181818182
2.0,100,39722935,50.0
5.0,84,39723019,16.8
29.0,723,39723742,24.93103448275862
29.0,1062,39724804,36.62068965517241
35.0,1021,39725825,29.17142857142857
30.0,769,39726594,25.633333333333333
28.0,754,39727348,26.928571428571427
33.0,884,39728232,26.78787878787879
18.0,477,39728709,26.5
31.0,717,39729426,23.129032258064516
34.0,1143,39730569,33.61764705882353
15.0,435,39731004,29.0
37.0,938,39731942,25.35135135135135
18.0,629,39732571,34.94444444444444
29.0,844,39733415,29.103448275862068
9.0,208,39733623,23.11111111111111
37.0,1144,39734767,30.91891891891892
8.0,151,39734918,18.875
34.0,1002,39735920,29.470588235294116
11.0,362,39736282,32.90909090909091
26.0,573,39736855,22.03846153846154
37.0,1096,39737951,29.62162162162162
16.0,274,39738225,17.125
10.0,218,39738443,21.8
43.0,1275,39739718,29.651162790697676
18.0,419,39740137,23.27777777777778
29.0,817,39740954,28.17241379310345
23.0,765,39741719,33.26086956521739
38.0,1323,39743042,34.81578947368421
37.0,1028,39744070,27.783783783783782
26.0,789,39744859,30.346153846153847
21.0,577,39745436,27.476190476190474
31.0,705,39746141,22.741935483870968
36.0,731,39746872,20.305555555555557
24.0,645,39747517,26.875
4.0,134,39747651,33.5
34.0,955,39748606,28.08823529411765
21.0,599,39749205,28.523809523809526
33.0,840,39750045,25.454545454545453
49.0,1572,39751617,32.08163265306123
18.0,478,39752095,26.555555555555557
36.0,945,39753040,26.25
26.0,605,39753645,23.26923076923077
21.0,707,39754352,33.666666666666664
20.0,711,39755063,35.55
17.0,353,39755416,20.764705882352942
35.0,909,39756325,25.97142857142857
35.0,965,39757290,27.571428571428573
28.0,743,39758033,26.535714285714285
39.0,1007,39759040,25.82051282051282
24.0,496,39759536,20.666666666666668
19.0,441,39759977,23.210526315789473
24.0,754,39760731,31.416666666666668
38.0,787,39761518,20.710526315789473
26.0,795,39762313,30.576923076923077
32.0,768,39763081,24.0
22.0,663,39763744,30.136363636363637
37.0,1172,39764916,31.675675675675677
31.0,787,39765703,25.387096774193548
17.0,521,39766224,30.647058823529413
29.0,723,39766947,24.93103448275862
25.0,705,39767652,28.2
35.0,844,39768496,24.114285714285714
29.0,725,39769221,25.0
33.0,868,39770089,26.303030303030305
33.0,925,39771014,28.03030303030303
30.0,685,39771699,22.833333333333332
5.0,51,39771750,10.2
17.0,471,39772221,27.705882352941178
31.0,930,39773151,30.0
24.0,590,39773741,24.583333333333332
25.0,771,39774512,30.84
24.0,491,39775003,20.458333333333332
30.0,820,39775823,27.333333333333332
17.0,390,39776213,22.941176470588236
20.0,579,39776792,28.95
29.0,876,39777668,30.20689655172414
28.0,760,39778428,27.142857142857142
37.0,863,39779291,23.324324324324323
11.0,244,39779535,22.181818181818183
30.0,1183,39780718,39.43333333333333
26.0,645,39781363,24.807692307692307
29.0,831,39782194,28.655172413793103
33.0,977,39783171,29.606060606060606
35.0,1008,39784179,28.8
32.0,817,39784996,25.53125
35.0,1161,39786157,33.17142857142857
35.0,1100,39787257,31.428571428571427
21.0,505,39787762,24.047619047619047
41.0,1207,39788969,29.4390243902439
31.0,1077,39790046,34.74193548387097
9.0,312,39790358,34.666666666666664
15.0,525,39790883,35.0
29.0,762,39791645,26.275862068965516
29.0,773,39792418,26.655172413793103
48.0,1633,39794051,34.020833333333336
17.0,373,39794424,21.941176470588236
26.0,801,39795225,30.807692307692307
30.0,774,39795999,25.8
28.0,921,39796920,32.892857142857146
17.0,450,39797370,26.470588235294116
21.0,588,39797958,28.0
39.0,1333,39799291,34.17948717948718
36.0,947,39800238,26.305555555555557
17.0,448,39800686,26.352941176470587
11.0,194,39800880,17.636363636363637
32.0,1010,39801890,31.5625
18.0,587,39802477,32.611111111111114
13.0,422,39802899,32.46153846153846
21.0,605,39803504,28.80952380952381
23.0,649,39804153,28.217391304347824
13.0,324,39804477,24.923076923076923
39.0,1265,39805742,32.43589743589744
25.0,442,39806184,17.68
25.0,730,39806914,29.2
33.0,1085,39807999,32.878787878787875
32.0,926,39808925,28.9375
22.0,582,39809507,26.454545454545453
31.0,914,39810421,29.483870967741936
34.0,949,39811370,27.91176470588235
33.0,873,39812243,26.454545454545453
29.0,795,39813038,27.413793103448278
37.0,941,39813979,25.43243243243243
40.0,1258,39815237,31.45
15.0,303,39815540,20.2
36.0,1077,39816617,29.916666666666668
18.0,447,39817064,24.833333333333332
9.0,249,39817313,27.666666666666668
22.0,624,39817937,28.363636363636363
26.0,603,39818540,23.192307692307693
38.0,1297,39819837,34.13157894736842
19.0,499,39820336,26.263157894736842
35.0,1170,39821506,33.42857142857143
28.0,905,39822411,32.32142857142857
27.0,629,39823040,23.296296296296298
31.0,878,39823918,28.322580645161292
39.0,1018,39824936,26.102564102564102
35.0,1040,39825976,29.714285714285715
33.0,868,39826844,26.303030303030305
10.0,278,39827122,27.8
11.0,223,39827345,20.272727272727273
24.0,733,39828078,30.541666666666668
42.0,1225,39829303,29.166666666666668
33.0,949,39830252,28.757575757575758
21.0,528,39830780,25.142857142857142
32.0,849,39831629,26.53125
23.0,534,39832163,23.217391304347824
35.0,904,39833067,25.82857142857143
12.0,266,39833333,22.166666666666668
31.0,942,39834275,30.387096774193548
15.0,431,39834706,28.733333333333334
27.0,807,39835513,29.88888888888889
26.0,575,39836088,22.115384615384617
24.0,591,39836679,24.625
24.0,696,39837375,29.0
37.0,1079,39838454,29.16216216216216
36.0,958,39839412,26.61111111111111
32.0,988,39840400,30.875
14.0,309,39840709,22.071428571428573
24.0,625,39841334,26.041666666666668
38.0,1194,39842528,31.42105263157895
34.0,788,39843316,23.176470588235293
34.0,1059,39844375,31.147058823529413
32.0,991,39845366,30.96875
1.0,33,39845399,33.0
23.0,816,39846215,35.47826086956522
21.0,656,39846871,31.238095238095237
33.0,919,39847790,27.848484848484848
38.0,1232,39849022,32.421052631578945
27.0,855,39849877,31.666666666666668
24.0,714,39850591,29.75
46.0,1464,39852055,31.82608695652174
17.0,431,39852486,25.352941176470587
16.0,493,39852979,30.8125
24.0,725,39853704,30.208333333333332
41.0,1259,39854963,30.70731707317073
34.0,1201,39856164,35.3235294117647
30.0,880,39857044,29.333333333333332
34.0,1143,39858187,33.61764705882353
30.0,894,39859081,29.8
32.0,763,39859844,23.84375
5.0,78,39859922,15.6
9.0,287,39860209,31.88888888888889
25.0,812,39861021,32.48
44.0,1428,39862449,32.45454545454545
44.0,1496,39863945,34.0
27.0,652,39864597,24.14814814814815
32.0,936,39865533,29.25
21.0,419,39865952,19.952380952380953
24.0,492,39866444,20.5
30.0,881,39867325,29.366666666666667
25.0,787,39868112,31.48
25.0,793,39868905,31.72
24.0,651,39869556,27.125
33.0,881,39870437,26.696969696969695
24.0,705,39871142,29.375
27.0,734,39871876,27.185185185185187
26.0,906,39872782,34.84615384615385
24.0,759,39873541,31.625
15.0,481,39874022,32.06666666666667
8.0,210,39874232,26.25
33.0,1059,39875291,32.09090909090909
32.0,1080,39876371,33.75
37.0,1047,39877418,28.2972972972973
31.0,827,39878245,26.677419354838708
32.0,924,39879169,28.875
34.0,949,39880118,27.91176470588235
34.0,887,39881005,26.08823529411765
45.0,1405,39882410,31.22222222222222
22.0,461,39882871,20.954545454545453
15.0,376,39883247,25.066666666666666
32.0,986,39884233,30.8125
27.0,833,39885066,30.85185185185185
46.0,1421,39886487,30.891304347826086
38.0,987,39887474,25.973684210526315
32.0,807,39888281,25.21875
42.0,1093,39889374,26.023809523809526
37.0,976,39890350,26.37837837837838
16.0,408,39890758,25.5
28.0,917,39891675,32.75
36.0,1101,39892776,30.583333333333332
33.0,856,39893632,25.939393939393938
29.0,830,39894462,28.620689655172413
34.0,990,39895452,29.11764705882353
8.0,219,39895671,27.375
45.0,1629,39897300,36.2
33.0,1004,39898304,30.424242424242426
26.0,713,39899017,27.423076923076923
23.0,481,39899498,20.91304347826087
29.0,817,39900315,28.17241379310345
30.0,760,39901075,25.333333333333332
19.0,507,39901582,26.68421052631579
30.0,875,39902457,29.166666666666668
21.0,566,39903023,26.952380952380953
33.0,864,39903887,26.181818181818183
18.0,494,39904381,27.444444444444443
48.0,1338,39905719,27.875
35.0,1099,39906818,31.4
22.0,597,39907415,27.136363636363637
45.0,1695,39909110,37.666666666666664
19.0,510,39909620,26.842105263157894
19.0,609,39910229,32.05263157894737
44.0,1160,39911389,26.363636363636363
26.0,778,39912167,29.923076923076923
26.0,864,39913031,33.23076923076923
12.0,344,39913375,28.666666666666668
28.0,699,39914074,24.964285714285715
6.0,148,39914222,24.666666666666668
28.0,934,39915156,33.357142857142854
34.0,1151,39916307,33.85294117647059
41.0,1110,39917417,27.073170731707318
33.0,1117,39918534,33.84848484848485
33.0,816,39919350,24.727272727272727
28.0,679,39920029,24.25
25.0,649,39920678,25.96
28.0,790,39921468,28.214285714285715
24.0,624,39922092,26.0
26.0,655,39922747,25.192307692307693
25.0,908,39923655,36.32
21.0,599,39924254,28.523809523809526
32.0,1077,39925331,33.65625
38.0,687,39926018,18.07894736842105
41.0,1146,39927164,27.951219512195124
10.0,307,39927471,30.7
26.0,797,39928268,30.653846153846153
38.0,1285,39929553,33.81578947368421
36.0,962,39930515,26.72222222222222
33.0,962,39931477,29.151515151515152
32.0,1086,39932563,33.9375
8.0,211,39932774,26.375
41.0,1112,39933886,27.121951219512194
21.0,719,39934605,34.23809523809524
30.0,731,39935336,24.366666666666667
22.0,594,39935930,27.0
36.0,1122,39937052,31.166666666666668
11.0,269,39937321,24.454545454545453
13.0,328,39937649,25.23076923076923
29.0,896,39938545,30.896551724137932
16.0,381,39938926,23.8125
26.0,774,39939700,29.76923076923077
21.0,770,39940470,36.666666666666664
47.0,1632,39942102,34.723404255319146
29.0,937,39943039,32.310344827586206
37.0,1377,39944416,37.21621621621622
17.0,550,39944966,32.35294117647059
31.0,850,39945816,27.419354838709676
30.0,855,39946671,28.5
14.0,520,39947191,37.142857142857146
25.0,647,39947838,25.88
31.0,896,39948734,28.903225806451612
17.0,375,39949109,22.058823529411764
36.0,895,39950004,24.86111111111111
28.0,858,39950862,30.642857142857142
8.0,220,39951082,27.5
28.0,817,39951899,29.178571428571427
34.0,1091,39952990,32.088235294117645
29.0,873,39953863,30.103448275862068
33.0,1064,39954927,32.24242424242424
24.0,659,39955586,27.458333333333332
12.0,355,39955941,29.583333333333332
26.0,784,39956725,30.153846153846153
26.0,674,39957399,25.923076923076923
33.0,1039,39958438,31.484848484848484
22.0,594,39959032,27.0
23.0,564,39959596,24.52173913043478
38.0,1155,39960751,30.394736842105264
29.0,821,39961572,28.310344827586206
26.0,776,39962348,29.846153846153847
23.0,574,39962922,24.956521739130434
27.0,743,39963665,27.51851851851852
46.0,1417,39965082,30.804347826086957
22.0,546,39965628,24.818181818181817
15.0,493,39966121,32.86666666666667
40.0,1220,39967341,30.5
41.0,1385,39968726,33.78048780487805
17.0,356,39969082,20.941176470588236
32.0,967,39970049,30.21875
21.0,530,39970579,25.238095238095237
32.0,921,39971500,28.78125
33.0,1075,39972575,32.57575757575758
31.0,1109,39973684,35.774193548387096
36.0,1080,39974764,30.0
13.0,284,39975048,21.846153846153847
23.0,542,39975590,23.565217391304348
26.0,703,39976293,27.03846153846154
14.0,346,39976639,24.714285714285715
19.0,510,39977149,26.842105263157894
55.0,1486,39978635,27.01818181818182
35.0,916,39979551,26.17142857142857
43.0,1019,39980570,23.697674418604652
16.0,391,39980961,24.4375
28.0,727,39981688,25.964285714285715
28.0,888,39982576,31.714285714285715
19.0,495,39983071,26.05263157894737
36.0,1146,39984217,31.833333333333332
26.0,716,39984933,27.53846153846154
20.0,601,39985534,30.05
40.0,1039,39986573,25.975
22.0,713,39987286,32.40909090909091
24.0,669,39987955,27.875
30.0,1022,39988977,34.06666666666667
37.0,1044,39990021,28.216216216216218
22.0,474,39990495,21.545454545454547
30.0,778,39991273,25.933333333333334
36.0,1148,39992421,31.88888888888889
21.0,511,39992932,24.333333333333332
14.0,317,39993249,22.642857142857142
31.0,979,39994228,31.580645161290324
37.0,1174,39995402,31.72972972972973
21.0,596,39995998,28.38095238095238
28.0,753,39996751,26.892857142857142
25.0,729,39997480,29.16
27.0,655,39998135,24.25925925925926
40.0,1136,39999271,28.4
29.0,685,39999956,23.620689655172413
40.0,1152,40001108,28.8
28.0,835,40001943,29.821428571428573
42.0,1430,40003373,34.04761904761905
39.0,1207,40004580,30.94871794871795
55.0,1778,40006358,32.32727272727273
27.0,603,40006961,22.333333333333332
17.0,529,40007490,31.11764705882353
29.0,816,40008306,28.137931034482758
10.0,225,40008531,22.5
25.0,729,40009260,29.16
14.0,351,40009611,25.071428571428573
22.0,641,40010252,29.136363636363637
17.0,401,40010653,23.58823529411765
15.0,274,40010927,18.266666666666666
29.0,842,40011769,29.03448275862069
37.0,1143,40012912,30.89189189189189
8.0,153,40013065,19.125
34.0,1011,40014076,29.735294117647058
22.0,634,40014710,28.818181818181817
21.0,579,40015289,27.571428571428573
18.0,493,40015782,27.38888888888889
31.0,785,40016567,25.322580645161292
34.0,1048,40017615,30.823529411764707
34.0,957,40018572,28.147058823529413
30.0,804,40019376,26.8
44.0,1596,40020972,36.27272727272727
43.0,1249,40022221,29.046511627906977
36.0,1010,40023231,28.055555555555557
32.0,871,40024102,27.21875
32.0,939,40025041,29.34375
14.0,317,40025358,22.642857142857142
24.0,822,40026180,34.25
16.0,491,40026671,30.6875
36.0,1187,40027858,32.97222222222222
20.0,511,40028369,25.55
17.0,520,40028889,30.58823529411765
31.0,948,40029837,30.580645161290324
32.0,1009,40030846,31.53125
31.0,843,40031689,27.193548387096776
10.0,206,40031895,20.6
37.0,1141,40033036,30.83783783783784
26.0,581,40033617,22.346153846153847
25.0,681,40034298,27.24
40.0,1491,40035789,37.275
28.0,1053,40036842,37.607142857142854
25.0,725,40037567,29.0
35.0,1264,40038831,36.114285714285714
16.0,534,40039365,33.375
29.0,1039,40040404,35.827586206896555
30.0,930,40041334,31.0
21.0,513,40041847,24.428571428571427
37.0,1127,40042974,30.45945945945946
30.0,861,40043835,28.7
37.0,1172,40045007,31.675675675675677
29.0,879,40045886,30.310344827586206
18.0,493,40046379,27.38888888888889
50.0,1615,40047994,32.3
24.0,559,40048553,23.291666666666668
39.0,968,40049521,24.82051282051282
23.0,588,40050109,25.565217391304348
37.0,1199,40051308,32.4054054054054
20.0,514,40051822,25.7
30.0,850,40052672,28.333333333333332
34.0,1086,40053758,31.941176470588236
27.0,701,40054459,25.962962962962962
42.0,1604,40056063,38.19047619047619
32.0,921,40056984,28.78125
35.0,991,40057975,28.314285714285713
35.0,968,40058943,27.65714285714286
27.0,770,40059713,28.51851851851852
29.0,886,40060599,30.551724137931036
10.0,203,40060802,20.3
18.0,538,40061340,29.88888888888889
41.0,1331,40062671,32.46341463414634
24.0,645,40063316,26.875
49.0,1884,40065200,38.44897959183673
32.0,939,40066139,29.34375
29.0,1000,40067139,34.48275862068966
16.0,375,40067514,23.4375
29.0,744,40068258,25.655172413793103
25.0,773,40069031,30.92
31.0,850,40069881,27.419354838709676
24.0,682,40070563,28.416666666666668
29.0,877,40071440,30.24137931034483
39.0,1408,40072848,36.1025641025641
55.0,1829,40074677,33.25454545454546
20.0,534,40075211,26.7
29.0,770,40075981,26.551724137931036
28.0,785,40076766,28.035714285714285
17.0,498,40077264,29.294117647058822
19.0,568,40077832,29.894736842105264
32.0,1124,40078956,35.125
21.0,757,40079713,36.04761904761905
33.0,888,40080601,26.90909090909091
32.0,872,40081473,27.25
22.0,614,40082087,27.90909090909091
18.0,399,40082486,22.166666666666668
13.0,382,40082868,29.384615384615383
36.0,1091,40083959,30.305555555555557
11.0,296,40084255,26.90909090909091
42.0,1041,40085296,24.785714285714285
11.0,291,40085587,26.454545454545453
25.0,684,40086271,27.36
24.0,560,40086831,23.333333333333332
48.0,1384,40088215,28.833333333333332
33.0,1012,40089227,30.666666666666668
27.0,703,40089930,26.037037037037038
23.0,578,40090508,25.130434782608695
20.0,555,40091063,27.75
12.0,270,40091333,22.5
22.0,575,40091908,26.136363636363637
28.0,952,40092860,34.0
40.0,1227,40094087,30.675
24.0,669,40094756,27.875
26.0,749,40095505,28.807692307692307
34.0,815,40096320,23.970588235294116
22.0,530,40096850,24.09090909090909
40.0,1083,40097933,27.075
21.0,576,40098509,27.428571428571427
15.0,567,40099076,37.8
28.0,1003,40100079,35.82142857142857
31.0,751,40100830,24.225806451612904
13.0,384,40101214,29.53846153846154
31.0,999,40102213,32.225806451612904
35.0,949,40103162,27.114285714285714
28.0,890,40104052,31.785714285714285
32.0,918,40104970,28.6875
42.0,1375,40106345,32.73809523809524
31.0,963,40107308,31.06451612903226
21.0,607,40107915,28.904761904761905
12.0,366,40108281,30.5
18.0,366,40108647,20.333333333333332
42.0,1345,40109992,32.023809523809526
44.0,1474,40111466,33.5
39.0,1146,40112612,29.384615384615383
30.0,906,40113518,30.2
27.0,763,40114281,28.25925925925926
29.0,863,40115144,29.75862068965517
34.0,999,40116143,29.38235294117647
23.0,608,40116751,26.434782608695652
17.0,393,40117144,23.11764705882353
30.0,827,40117971,27.566666666666666
39.0,1156,40119127,29.641025641025642
4.0,119,40119246,29.75
22.0,598,40119844,27.181818181818183
13.0,281,40120125,21.615384615384617
17.0,381,40120506,22.41176470588235
44.0,1270,40121776,28.863636363636363
27.0,775,40122551,28.703703703703702
30.0,973,40123524,32.43333333333333
42.0,1255,40124779,29.88095238095238
11.0,385,40125164,35.0
13.0,466,40125630,35.84615384615385
15.0,300,40125930,20.0
30.0,678,40126608,22.6
28.0,1040,40127648,37.142857142857146
24.0,870,40128518,36.25
12.0,234,40128752,19.5
26.0,801,40129553,30.807692307692307
5.0,129,40129682,25.8
30.0,870,40130552,29.0
24.0,759,40131311,31.625
30.0,915,40132226,30.5
30.0,965,40133191,32.166666666666664
7.0,94,40133285,13.428571428571429
38.0,880,40134165,23.157894736842106
10.0,371,40134536,37.1
14.0,366,40134902,26.142857142857142
18.0,399,40135301,22.166666666666668
6.0,142,40135443,23.666666666666668
21.0,626,40136069,29.80952380952381
21.0,570,40136639,27.142857142857142
23.0,645,40137284,28.043478260869566
6.0,141,40137425,23.5
33.0,865,40138290,26.21212121212121
17.0,348,40138638,20.470588235294116
2.0,43,40138681,21.5
2.0,46,40138727,23.0
13.0,295,40139022,22.692307692307693
10.0,282,40139304,28.2
22.0,499,40139803,22.681818181818183
4.0,171,40139974,42.75
17.0,530,40140504,31.176470588235293
18.0,602,40141106,33.44444444444444
25.0,494,40141600,19.76
12.0,302,40141902,25.166666666666668
12.0,387,40142289,32.25
6.0,147,40142436,24.5
4.0,57,40142493,14.25
32.0,724,40143217,22.625
18.0,452,40143669,25.11111111111111
9.0,234,40143903,26.0
20.0,588,40144491,29.4
20.0,536,40145027,26.8
20.0,361,40145388,18.05
30.0,992,40146380,33.06666666666667
21.0,397,40146777,18.904761904761905
11.0,213,40146990,19.363636363636363
24.0,811,40147801,33.791666666666664
9.0,207,40148008,23.0
28.0,963,40148971,34.392857142857146
1.0,43,40149014,43.0
12.0,385,40149399,32.083333333333336
17.0,358,40149757,21.058823529411764
32.0,1004,40150761,31.375
3.0,150,40150911,50.0
26.0,707,40151618,27.192307692307693
8.0,143,40151761,17.875
28.0,822,40152583,29.357142857142858
30.0,797,40153380,26.566666666666666
8.0,177,40153557,22.125
10.0,269,40153826,26.9
11.0,259,40154085,23.545454545454547
3.0,69,40154154,23.0
34.0,875,40155029,25.735294117647058
8.0,191,40155220,23.875
33.0,813,40156033,24.636363636363637
27.0,709,40156742,26.25925925925926
13.0,308,40157050,23.692307692307693
22.0,898,40157948,40.81818181818182
22.0,554,40158502,25.181818181818183
23.0,710,40159212,30.869565217391305
8.0,160,40159372,20.0
27.0,827,40160199,30.62962962962963
9.0,272,40160471,30.22222222222222
9.0,231,40160702,25.666666666666668
2.0,59,40160761,29.5
4.0,118,40160879,29.5
35.0,980,40161859,28.0
17.0,539,40162398,31.705882352941178
4.0,59,40162457,14.75
24.0,529,40162986,22.041666666666668
38.0,1059,40164045,27.86842105263158
11.0,320,40164365,29.09090909090909
32.0,832,40165197,26.0
3.0,98,40165295,32.666666666666664
17.0,637,40165932,37.470588235294116
3.0,97,40166029,32.333333333333336
10.0,288,40166317,28.8
9.0,242,40166559,26.88888888888889
34.0,884,40167443,26.0
13.0,246,40167689,18.923076923076923
12.0,322,40168011,26.833333333333332
20.0,575,40168586,28.75
5.0,70,40168656,14.0
2.0,21,40168677,10.5
6.0,161,40168838,26.833333333333332
11.0,191,40169029,17.363636363636363
34.0,1065,40170094,31.323529411764707
1.0,23,40170117,23.0
14.0,412,40170529,29.428571428571427
5.0,87,40170616,17.4
10.0,229,40170845,22.9
25.0,613,40171458,24.52
27.0,785,40172243,29.074074074074073
3.0,58,40172301,19.333333333333332
9.0,221,40172522,24.555555555555557
18.0,508,40173030,28.22222222222222
18.0,497,40173527,27.61111111111111
12.0,236,40173763,19.666666666666668
3.0,115,40173878,38.333333333333336
10.0,217,40174095,21.7
12.0,314,40174409,26.166666666666668
18.0,550,40174959,30.555555555555557
38.0,1195,40176154,31.44736842105263
4.0,77,40176231,19.25
22.0,522,40176753,23.727272727272727
20.0,547,40177300,27.35
12.0,259,40177559,21.583333333333332
22.0,436,40177995,19.818181818181817
33.0,998,40178993,30.242424242424242
2.0,91,40179084,45.5
19.0,491,40179575,25.842105263157894
21.0,570,40180145,27.142857142857142
5.0,208,40180353,41.6
5.0,166,40180519,33.2
15.0,474,40180993,31.6
20.0,478,40181471,23.9
18.0,338,40181809,18.77777777777778
17.0,387,40182196,22.764705882352942
19.0,619,40182815,32.578947368421055
1.0,27,40182842,27.0
20.0,305,40183147,15.25
21.0,608,40183755,28.952380952380953
21.0,408,40184163,19.428571428571427
20.0,508,40184671,25.4
2.0,63,40184734,31.5
14.0,373,40185107,26.642857142857142
26.0,520,40185627,20.0
12.0,311,40185938,25.916666666666668
38.0,939,40186877,24.710526315789473
18.0,508,40187385,28.22222222222222
18.0,335,40187720,18.61111111111111
11.0,375,40188095,34.09090909090909
14.0,400,40188495,28.571428571428573
3.0,79,40188574,26.333333333333332
11.0,137,40188711,12.454545454545455
18.0,475,40189186,26.38888888888889
3.0,73,40189259,24.333333333333332
19.0,472,40189731,24.842105263157894
3.0,31,40189762,10.333333333333334
33.0,1069,40190831,32.39393939393939
26.0,763,40191594,29.346153846153847
13.0,363,40191957,27.923076923076923
4.0,111,40192068,27.75
46.0,1412,40193480,30.695652173913043
19.0,593,40194073,31.210526315789473
31.0,767,40194840,24.741935483870968
10.0,255,40195095,25.5
7.0,183,40195278,26.142857142857142
3.0,91,40195369,30.333333333333332
2.0,40,40195409,20.0
3.0,82,40195491,27.333333333333332
11.0,228,40195719,20.727272727272727
12.0,296,40196015,24.666666666666668
7.0,205,40196220,29.285714285714285
32.0,795,40197015,24.84375
28.0,865,40197880,30.892857142857142
22.0,657,40198537,29.863636363636363
8.0,226,40198763,28.25
11.0,248,40199011,22.545454545454547
1.0,43,40199054,43.0
34.0,695,40199749,20.441176470588236
26.0,648,40200397,24.923076923076923
22.0,566,40200963,25.727272727272727
9.0,171,40201134,19.0
17.0,433,40201567,25.470588235294116
15.0,501,40202068,33.4
18.0,463,40202531,25.72222222222222
1.0,60,40202591,60.0
6.0,145,40202736,24.166666666666668
14.0,360,40203096,25.714285714285715
20.0,567,40203663,28.35
22.0,601,40204264,27.318181818181817
6.0,140,40204404,23.333333333333332
21.0,467,40204871,22.238095238095237
3.0,20,40204891,6.666666666666667
23.0,447,40205338,19.434782608695652
6.0,98,40205436,16.333333333333332
6.0,121,40205557,20.166666666666668
20.0,451,40206008,22.55
1.0,40,40206048,40.0
4.0,86,40206134,21.5
2.0,104,40206238,52.0
7.0,256,40206494,36.57142857142857
4.0,120,40206614,30.0
38.0,1152,40207766,30.31578947368421
20.0,576,40208342,28.8
38.0,1114,40209456,29.31578947368421
42.0,1232,40210688,29.333333333333332
35.0,1001,40211689,28.6
24.0,706,40212395,29.416666666666668
3.0,73,40212468,24.333333333333332
22.0,530,40212998,24.09090909090909
42.0,963,40213961,22.928571428571427
7.0,161,40214122,23.0
15.0,455,40214577,30.333333333333332
1.0,61,40214638,61.0
8.0,266,40214904,33.25
27.0,509,40215413,18.85185185185185
21.0,522,40215935,24.857142857142858
15.0,374,40216309,24.933333333333334
18.0,489,40216798,27.166666666666668
11.0,267,40217065,24.272727272727273
2.0,57,40217122,28.5
9.0,243,40217365,27.0
25.0,781,40218146,31.24
16.0,485,40218631,30.3125
15.0,427,40219058,28.466666666666665
20.0,526,40219584,26.3
33.0,1121,40220705,33.96969696969697
33.0,881,40221586,26.696969696969695
14.0,303,40221889,21.642857142857142
6.0,154,40222043,25.666666666666668
4.0,141,40222184,35.25
35.0,1310,40223494,37.42857142857143
9.0,220,40223714,24.444444444444443
28.0,675,40224389,24.107142857142858
26.0,879,40225268,33.80769230769231
11.0,313,40225581,28.454545454545453
28.0,529,40226110,18.892857142857142
16.0,436,40226546,27.25
1.0,56,40226602,56.0
23.0,507,40227109,22.043478260869566
4.0,92,40227201,23.0
31.0,975,40228176,31.451612903225808
21.0,631,40228807,30.047619047619047
1.0,60,40228867,60.0
16.0,397,40229264,24.8125
20.0,456,40229720,22.8
16.0,433,40230153,27.0625
23.0,554,40230707,24.08695652173913
33.0,697,40231404,21.12121212121212
18.0,608,40232012,33.77777777777778
36.0,1185,40233197,32.916666666666664
35.0,949,40234146,27.114285714285714
8.0,171,40234317,21.375
18.0,413,40234730,22.944444444444443
2.0,65,40234795,32.5
1.0,41,40234836,41.0
13.0,297,40235133,22.846153846153847
13.0,308,40235441,23.692307692307693
38.0,1107,40236548,29.13157894736842
26.0,636,40237184,24.46153846153846
2.0,39,40237223,19.5
8.0,172,40237395,21.5
33.0,848,40238243,25.696969696969695
17.0,492,40238735,28.941176470588236
16.0,347,40239082,21.6875
14.0,535,40239617,38.214285714285715
15.0,346,40239963,23.066666666666666
18.0,463,40240426,25.72222222222222
18.0,411,40240837,22.833333333333332
9.0,180,40241017,20.0
13.0,220,40241237,16.923076923076923
25.0,816,40242053,32.64
22.0,521,40242574,23.681818181818183
24.0,586,40243160,24.416666666666668
22.0,529,40243689,24.045454545454547
12.0,372,40244061,31.0
16.0,299,40244360,18.6875
2.0,96,40244456,48.0
16.0,393,40244849,24.5625
2.0,88,40244937,44.0
1.0,37,40244974,37.0
15.0,375,40245349,25.0
13.0,355,40245704,27.307692307692307
7.0,174,40245878,24.857142857142858
11.0,283,40246161,25.727272727272727
37.0,997,40247158,26.945945945945947
3.0,84,40247242,28.0
28.0,738,40247980,26.357142857142858
19.0,576,40248556,30.31578947368421
22.0,669,40249225,30.40909090909091
7.0,228,40249453,32.57142857142857
2.0,92,40249545,46.0
7.0,160,40249705,22.857142857142858
19.0,516,40250221,27.157894736842106
16.0,390,40250611,24.375
13.0,323,40250934,24.846153846153847
2.0,86,40251020,43.0
15.0,372,40251392,24.8
2.0,106,40251498,53.0
31.0,905,40252403,29.193548387096776
15.0,337,40252740,22.466666666666665
27.0,809,40253549,29.962962962962962
28.0,876,40254425,31.285714285714285
13.0,350,40254775,26.923076923076923
17.0,419,40255194,24.647058823529413
4.0,94,40255288,23.5
16.0,316,40255604,19.75
2.0,53,40255657,26.5
1.0,72,40255729,72.0
8.0,192,40255921,24.0
4.0,104,40256025,26.0
17.0,701,40256726,41.23529411764706
20.0,523,40257249,26.15
32.0,838,40258087,26.1875
41.0,1060,40259147,25.853658536585368
16.0,417,40259564,26.0625
18.0,590,40260154,32.77777777777778
27.0,716,40260870,26.51851851851852
6.0,127,40260997,21.166666666666668
18.0,531,40261528,29.5
8.0,160,40261688,20.0
18.0,375,40262063,20.833333333333332
5.0,172,40262235,34.4
21.0,666,40262901,31.714285714285715
27.0,860,40263761,31.85185185185185
27.0,777,40264538,28.77777777777778
10.0,296,40264834,29.6
25.0,685,40265519,27.4
7.0,265,40265784,37.857142857142854
39.0,1241,40267025,31.82051282051282
22.0,604,40267629,27.454545454545453
28.0,593,40268222,21.178571428571427
37.0,870,40269092,23.513513513513512
27.0,869,40269961,32.18518518518518
37.0,1076,40271037,29.08108108108108
7.0,154,40271191,22.0
16.0,580,40271771,36.25
12.0,269,40272040,22.416666666666668
21.0,503,40272543,23.952380952380953
17.0,429,40272972,25.235294117647058
28.0,564,40273536,20.142857142857142
20.0,503,40274039,25.15
14.0,265,40274304,18.928571428571427
29.0,903,40275207,31.137931034482758
3.0,95,40275302,31.666666666666668
24.0,516,40275818,21.5
2.0,118,40275936,59.0
16.0,356,40276292,22.25
25.0,821,40277113,32.84
4.0,61,40277174,15.25
9.0,279,40277453,31.0
27.0,791,40278244,29.296296296296298
16.0,392,40278636,24.5
4.0,53,40278689,13.25
12.0,400,40279089,33.333333333333336
34.0,844,40279933,24.823529411764707
30.0,805,40280738,26.833333333333332
29.0,788,40281526,27.17241379310345
7.0,113,40281639,16.142857142857142
19.0,523,40282162,27.526315789473685
3.0,97,40282259,32.333333333333336
15.0,420,40282679,28.0
27.0,801,40283480,29.666666666666668
8.0,224,40283704,28.0
20.0,438,40284142,21.9
7.0,245,40284387,35.0
23.0,620,40285007,26.956521739130434
39.0,1170,40286177,30.0
25.0,569,40286746,22.76
42.0,1135,40287881,27.023809523809526
27.0,766,40288647,28.37037037037037
24.0,570,40289217,23.75
30.0,703,40289920,23.433333333333334
3.0,68,40289988,22.666666666666668
25.0,686,40290674,27.44
19.0,390,40291064,20.526315789473685
2.0,85,40291149,42.5
21.0,662,40291811,31.523809523809526
16.0,331,40292142,20.6875
24.0,775,40292917,32.291666666666664
37.0,1156,40294073,31.243243243243242
1.0,24,40294097,24.0
28.0,720,40294817,25.714285714285715
18.0,438,40295255,24.333333333333332
28.0,940,40296195,33.57142857142857
8.0,175,40296370,21.875
17.0,454,40296824,26.705882352941178
20.0,409,40297233,20.45
26.0,738,40297971,28.384615384615383
16.0,404,40298375,25.25
28.0,753,40299128,26.892857142857142
15.0,439,40299567,29.266666666666666
22.0,678,40300245,30.818181818181817
13.0,376,40300621,28.923076923076923
1.0,35,40300656,35.0
32.0,949,40301605,29.65625
8.0,242,40301847,30.25
3.0,154,40302001,51.333333333333336
7.0,195,40302196,27.857142857142858
13.0,373,40302569,28.692307692307693
32.0,805,40303374,25.15625
40.0,1121,40304495,28.025
43.0,1512,40306007,35.16279069767442
3.0,39,40306046,13.0
7.0,148,40306194,21.142857142857142
5.0,103,40306297,20.6
22.0,666,40306963,30.272727272727273
9.0,213,40307176,23.666666666666668
10.0,284,40307460,28.4
30.0,731,40308191,24.366666666666667
7.0,203,40308394,29.0
32.0,794,40309188,24.8125
2.0,42,40309230,21.0
1.0,23,40309253,23.0
3.0,109,40309362,36.333333333333336
36.0,937,40310299,26.02777777777778
19.0,521,40310820,27.42105263157895
23.0,685,40311505,29.782608695652176
14.0,418,40311923,29.857142857142858
14.0,332,40312255,23.714285714285715
10.0,211,40312466,21.1
15.0,447,40312913,29.8
13.0,331,40313244,25.46153846153846
24.0,592,40313836,24.666666666666668
8.0,153,40313989,19.125
35.0,1057,40315046,30.2
10.0,232,40315278,23.2
21.0,616,40315894,29.333333333333332
11.0,291,40316185,26.454545454545453
7.0,134,40316319,19.142857142857142
32.0,689,40317008,21.53125
8.0,245,40317253,30.625
21.0,471,40317724,22.428571428571427
24.0,607,40318331,25.291666666666668
20.0,662,40318993,33.1
19.0,510,40319503,26.842105263157894
26.0,717,40320220,27.576923076923077
38.0,1198,40321418,31.526315789473685
17.0,454,40321872,26.705882352941178
20.0,426,40322298,21.3
30.0,861,40323159,28.7
24.0,524,40323683,21.833333333333332
31.0,758,40324441,24.451612903225808
35.0,909,40325350,25.97142857142857
10.0,197,40325547,19.7
37.0,1253,40326800,33.86486486486486
1.0,21,40326821,21.0
1.0,24,40326845,24.0
27.0,771,40327616,28.555555555555557
33.0,1062,40328678,32.18181818181818
19.0,524,40329202,27.57894736842105
12.0,342,40329544,28.5
26.0,595,40330139,22.884615384615383
34.0,971,40331110,28.558823529411764
16.0,388,40331498,24.25
3.0,131,40331629,43.666666666666664
11.0,258,40331887,23.454545454545453
29.0,981,40332868,33.827586206896555
20.0,415,40333283,20.75
32.0,806,40334089,25.1875
17.0,570,40334659,33.529411764705884
15.0,308,40334967,20.533333333333335
24.0,580,40335547,24.166666666666668
8.0,221,40335768,27.625
19.0,500,40336268,26.31578947368421
21.0,557,40336825,26.523809523809526
19.0,529,40337354,27.842105263157894
19.0,552,40337906,29.05263157894737
5.0,141,40338047,28.2
11.0,300,40338347,27.272727272727273
42.0,1252,40339599,29.80952380952381
24.0,524,40340123,21.833333333333332
22.0,533,40340656,24.227272727272727
23.0,695,40341351,30.217391304347824
9.0,279,40341630,31.0
16.0,486,40342116,30.375
13.0,243,40342359,18.692307692307693
5.0,152,40342511,30.4
7.0,185,40342696,26.428571428571427
19.0,528,40343224,27.789473684210527
4.0,151,40343375,37.75
23.0,640,40344015,27.82608695652174
23.0,643,40344658,27.956521739130434
17.0,475,40345133,27.941176470588236
13.0,335,40345468,25.76923076923077
18.0,599,40346067,33.27777777777778
12.0,354,40346421,29.5
45.0,1319,40347740,29.31111111111111
25.0,641,40348381,25.64
2.0,31,40348412,15.5
10.0,281,40348693,28.1
22.0,633,40349326,28.772727272727273
4.0,92,40349418,23.0
34.0,1184,40350602,34.8235294117647
24.0,645,40351247,26.875
22.0,429,40351676,19.5
6.0,191,40351867,31.833333333333332
26.0,719,40352586,27.653846153846153
27.0,827,40353413,30.62962962962963
36.0,783,40354196,21.75
33.0,1009,40355205,30.575757575757574
6.0,134,40355339,22.333333333333332
7.0,197,40355536,28.142857142857142
32.0,836,40356372,26.125
19.0,463,40356835,24.36842105263158
40.0,1355,40358190,33.875
20.0,534,40358724,26.7
35.0,1054,40359778,30.114285714285714
2.0,63,40359841,31.5
17.0,480,40360321,28.235294117647058
13.0,427,40360748,32.84615384615385
32.0,984,40361732,30.75
19.0,595,40362327,31.31578947368421
23.0,693,40363020,30.130434782608695
3.0,71,40363091,23.666666666666668
33.0,904,40363995,27.393939393939394
20.0,664,40364659,33.2
28.0,794,40365453,28.357142857142858
4.0,57,40365510,14.25
3.0,51,40365561,17.0
3.0,112,40365673,37.333333333333336
9.0,186,40365859,20.666666666666668
3.0,68,40365927,22.666666666666668
3.0,74,40366001,24.666666666666668
22.0,558,40366559,25.363636363636363
1.0,35,40366594,35.0
4.0,123,40366717,30.75
5.0,121,40366838,24.2
18.0,354,40367192,19.666666666666668
38.0,1064,40368256,28.0
10.0,249,40368505,24.9
21.0,593,40369098,28.238095238095237
10.0,227,40369325,22.7
19.0,591,40369916,31.105263157894736
32.0,852,40370768,26.625
17.0,385,40371153,22.647058823529413
5.0,116,40371269,23.2
13.0,350,40371619,26.923076923076923
50.0,1220,40372839,24.4
20.0,516,40373355,25.8
26.0,521,40373876,20.03846153846154
20.0,443,40374319,22.15
16.0,490,40374809,30.625
2.0,58,40374867,29.0
28.0,929,40375796,33.17857142857143
18.0,495,40376291,27.5
36.0,1023,40377314,28.416666666666668
6.0,102,40377416,17.0
11.0,330,40377746,30.0
33.0,1216,40378962,36.84848484848485
25.0,723,40379685,28.92
15.0,476,40380161,31.733333333333334
12.0,315,40380476,26.25
11.0,302,40380778,27.454545454545453
37.0,1040,40381818,28.10810810810811
26.0,707,40382525,27.192307692307693
6.0,194,40382719,32.333333333333336
3.0,68,40382787,22.666666666666668
35.0,884,40383671,25.257142857142856
20.0,485,40384156,24.25
13.0,436,40384592,33.53846153846154
21.0,503,40385095,23.952380952380953
16.0,526,40385621,32.875
19.0,563,40386184,29.63157894736842
18.0,491,40386675,27.27777777777778
25.0,792,40387467,31.68
20.0,494,40387961,24.7
2.0,52,40388013,26.0
10.0,271,40388284,27.1
17.0,464,40388748,27.294117647058822
26.0,612,40389360,23.53846153846154
20.0,613,40389973,30.65
19.0,491,40390464,25.842105263157894
33.0,898,40391362,27.21212121212121
6.0,154,40391516,25.666666666666668
7.0,190,40391706,27.142857142857142
3.0,49,40391755,16.333333333333332
6.0,166,40391921,27.666666666666668
30.0,831,40392752,27.7
11.0,262,40393014,23.818181818181817
2.0,102,40393116,51.0
34.0,1097,40394213,32.26470588235294
11.0,350,40394563,31.818181818181817
27.0,1034,40395597,38.2962962962963
18.0,524,40396121,29.11111111111111
1.0,39,40396160,39.0
6.0,193,40396353,32.166666666666664
10.0,233,40396586,23.3
19.0,472,40397058,24.842105263157894
33.0,943,40398001,28.575757575757574
11.0,219,40398220,19.90909090909091
17.0,464,40398684,27.294117647058822
12.0,321,40399005,26.75
7.0,162,40399167,23.142857142857142
38.0,942,40400109,24.789473684210527
19.0,537,40400646,28.263157894736842
22.0,666,40401312,30.272727272727273
47.0,1405,40402717,29.893617021276597
8.0,219,40402936,27.375
16.0,512,40403448,32.0
34.0,896,40404344,26.352941176470587
39.0,1144,40405488,29.333333333333332
17.0,437,40405925,25.705882352941178
20.0,687,40406612,34.35
42.0,1181,40407793,28.11904761904762
15.0,282,40408075,18.8
18.0,412,40408487,22.88888888888889
8.0,221,40408708,27.625
5.0,166,40408874,33.2
4.0,85,40408959,21.25
12.0,445,40409404,37.083333333333336
27.0,871,40410275,32.25925925925926
46.0,1406,40411681,30.565217391304348
17.0,540,40412221,31.764705882352942
35.0,905,40413126,25.857142857142858
26.0,662,40413788,25.46153846153846
3.0,60,40413848,20.0
15.0,418,40414266,27.866666666666667
21.0,700,40414966,33.333333333333336
13.0,373,40415339,28.692307692307693
28.0,796,40416135,28.428571428571427
34.0,1006,40417141,29.58823529411765
27.0,886,40418027,32.81481481481482
19.0,545,40418572,28.68421052631579
16.0,424,40418996,26.5
10.0,295,40419291,29.5
22.0,466,40419757,21.181818181818183
23.0,490,40420247,21.304347826086957
8.0,138,40420385,17.25
35.0,1046,40421431,29.885714285714286
14.0,353,40421784,25.214285714285715
24.0,812,40422596,33.833333333333336
12.0,286,40422882,23.833333333333332
3.0,104,40422986,34.666666666666664
7.0,233,40423219,33.285714285714285
24.0,718,40423937,29.916666666666668
4.0,65,40424002,16.25
7.0,169,40424171,24.142857142857142
20.0,480,40424651,24.0
21.0,630,40425281,30.0
22.0,556,40425837,25.272727272727273
16.0,421,40426258,26.3125
4.0,136,40426394,34.0
11.0,343,40426737,31.181818181818183
23.0,509,40427246,22.130434782608695
28.0,692,40427938,24.714285714285715
13.0,230,40428168,17.692307692307693
8.0,300,40428468,37.5
38.0,1110,40429578,29.210526315789473
22.0,636,40430214,28.90909090909091
7.0,178,40430392,25.428571428571427
40.0,1110,40431502,27.75
28.0,950,40432452,33.92857142857143
28.0,727,40433179,25.964285714285715
6.0,101,40433280,16.833333333333332
24.0,562,40433842,23.416666666666668
3.0,98,40433940,32.666666666666664
1.0,14,40433954,14.0
24.0,651,40434605,27.125
29.0,749,40435354,25.82758620689655
20.0,547,40435901,27.35
11.0,266,40436167,24.181818181818183
27.0,649,40436816,24.037037037037038
14.0,404,40437220,28.857142857142858
23.0,546,40437766,23.73913043478261
22.0,590,40438356,26.818181818181817
2.0,80,40438436,40.0
6.0,195,40438631,32.5
9.0,373,40439004,41.44444444444444
23.0,550,40439554,23.91304347826087
4.0,91,40439645,22.75
9.0,153,40439798,17.0
27.0,784,40440582,29.037037037037038
22.0,520,40441102,23.636363636363637
33.0,1059,40442161,32.09090909090909
8.0,267,40442428,33.375
11.0,309,40442737,28.09090909090909
7.0,155,40442892,22.142857142857142
25.0,948,40443840,37.92
11.0,272,40444112,24.727272727272727
15.0,318,40444430,21.2
6.0,91,40444521,15.166666666666666
9.0,238,40444759,26.444444444444443
29.0,816,40445575,28.137931034482758
7.0,174,40445749,24.857142857142858
32.0,983,40446732,30.71875
14.0,442,40447174,31.571428571428573
14.0,302,40447476,21.571428571428573
30.0,885,40448361,29.5
25.0,626,40448987,25.04
36.0,1017,40450004,28.25
35.0,1178,40451182,33.65714285714286
18.0,555,40451737,30.833333333333332
23.0,528,40452265,22.956521739130434
14.0,348,40452613,24.857142857142858
7.0,247,40452860,35.285714285714285
27.0,889,40453749,32.925925925925924
7.0,147,40453896,21.0
28.0,821,40454717,29.321428571428573
9.0,255,40454972,28.333333333333332
14.0,525,40455497,37.5
15.0,458,40455955,30.533333333333335
23.0,719,40456674,31.26086956521739
23.0,733,40457407,31.869565217391305
11.0,202,40457609,18.363636363636363
18.0,418,40458027,23.22222222222222
15.0,452,40458479,30.133333333333333
1.0,26,40458505,26.0
2.0,65,40458570,32.5
17.0,398,40458968,23.41176470588235
3.0,34,40459002,11.333333333333334
39.0,1149,40460151,29.46153846153846
1.0,37,40460188,37.0
15.0,389,40460577,25.933333333333334
8.0,237,40460814,29.625
9.0,225,40461039,25.0
11.0,251,40461290,22.818181818181817
4.0,65,40461355,16.25
3.0,69,40461424,23.0
24.0,682,40462106,28.416666666666668
16.0,338,40462444,21.125
17.0,349,40462793,20.529411764705884
3.0,94,40462887,31.333333333333332
23.0,531,40463418,23.08695652173913
10.0,309,40463727,30.9
23.0,538,40464265,23.391304347826086
7.0,232,40464497,33.142857142857146
18.0,571,40465068,31.72222222222222
21.0,585,40465653,27.857142857142858
18.0,412,40466065,22.88888888888889
25.0,734,40466799,29.36
23.0,570,40467369,24.782608695652176
27.0,816,40468185,30.22222222222222
39.0,1290,40469475,33.07692307692308
8.0,212,40469687,26.5
6.0,164,40469851,27.333333333333332
8.0,210,40470061,26.25
23.0,741,40470802,32.21739130434783
30.0,767,40471569,25.566666666666666
4.0,150,40471719,37.5
11.0,437,40472156,39.72727272727273
8.0,158,40472314,19.75
47.0,1531,40473845,32.57446808510638
5.0,147,40473992,29.4
36.0,1024,40475016,28.444444444444443
5.0,157,40475173,31.4
26.0,908,40476081,34.92307692307692
12.0,243,40476324,20.25
31.0,707,40477031,22.806451612903224
12.0,239,40477270,19.916666666666668
13.0,352,40477622,27.076923076923077
19.0,412,40478034,21.68421052631579
19.0,376,40478410,19.789473684210527
5.0,187,40478597,37.4
31.0,1122,40479719,36.193548387096776
27.0,701,40480420,25.962962962962962
26.0,700,40481120,26.923076923076923
3.0,145,40481265,48.333333333333336
30.0,656,40481921,21.866666666666667
10.0,290,40482211,29.0
10.0,392,40482603,39.2
20.0,480,40483083,24.0
8.0,178,40483261,22.25
22.0,683,40483944,31.045454545454547
20.0,419,40484363,20.95
14.0,365,40484728,26.071428571428573
16.0,514,40485242,32.125
16.0,461,40485703,28.8125
5.0,148,40485851,29.6
29.0,806,40486657,27.79310344827586
31.0,943,40487600,30.419354838709676
10.0,258,40487858,25.8
23.0,629,40488487,27.347826086956523
5.0,99,40488586,19.8
25.0,465,40489051,18.6
17.0,562,40489613,33.05882352941177
33.0,960,40490573,29.09090909090909
23.0,673,40491246,29.26086956521739
2.0,40,40491286,20.0
12.0,371,40491657,30.916666666666668
4.0,158,40491815,39.5
8.0,188,40492003,23.5
1.0,73,40492076,73.0
18.0,589,40492665,32.72222222222222
13.0,334,40492999,25.692307692307693
9.0,115,40493114,12.777777777777779
4.0,106,40493220,26.5
15.0,338,40493558,22.533333333333335
18.0,294,40493852,16.333333333333332
34.0,944,40494796,27.764705882352942
30.0,962,40495758,32.06666666666667
3.0,43,40495801,14.333333333333334
26.0,936,40496737,36.0
8.0,208,40496945,26.0
20.0,629,40497574,31.45
14.0,401,40497975,28.642857142857142
40.0,1387,40499362,34.675
36.0,1140,40500502,31.666666666666668
11.0,268,40500770,24.363636363636363
13.0,312,40501082,24.0
28.0,687,40501769,24.535714285714285
35.0,882,40502651,25.2
14.0,313,40502964,22.357142857142858
16.0,358,40503322,22.375
25.0,731,40504053,29.24
12.0,392,40504445,32.666666666666664
33.0,961,40505406,29.12121212121212
12.0,277,40505683,23.083333333333332
34.0,1081,40506764,31.794117647058822
7.0,219,40506983,31.285714285714285
7.0,194,40507177,27.714285714285715
39.0,1040,40508217,26.666666666666668
22.0,723,40508940,32.86363636363637
4.0,106,40509046,26.5
34.0,1154,40510200,33.94117647058823
14.0,366,40510566,26.142857142857142
16.0,293,40510859,18.3125
29.0,689,40511548,23.75862068965517
38.0,1048,40512596,27.57894736842105
46.0,1516,40514112,32.95652173913044
20.0,413,40514525,20.65
26.0,863,40515388,33.19230769230769
18.0,448,40515836,24.88888888888889
24.0,648,40516484,27.0
20.0,434,40516918,21.7
22.0,594,40517512,27.0
15.0,229,40517741,15.266666666666667
33.0,971,40518712,29.424242424242426
20.0,540,40519252,27.0
39.0,1189,40520441,30.487179487179485
24.0,780,40521221,32.5
28.0,715,40521936,25.535714285714285
22.0,467,40522403,21.227272727272727
29.0,754,40523157,26.0
12.0,357,40523514,29.75
19.0,438,40523952,23.05263157894737
8.0,159,40524111,19.875
16.0,401,40524512,25.0625
39.0,1078,40525590,27.641025641025642
18.0,458,40526048,25.444444444444443
39.0,1104,40527152,28.307692307692307
17.0,423,40527575,24.88235294117647
26.0,659,40528234,25.346153846153847
20.0,474,40528708,23.7
42.0,1187,40529895,28.261904761904763
34.0,786,40530681,23.11764705882353
20.0,622,40531303,31.1
33.0,769,40532072,23.303030303030305
38.0,1060,40533132,27.894736842105264
31.0,906,40534038,29.225806451612904
33.0,874,40534912,26.484848484848484
27.0,770,40535682,28.51851851851852
39.0,1284,40536966,32.92307692307692
24.0,695,40537661,28.958333333333332
20.0,613,40538274,30.65
36.0,1026,40539300,28.5
7.0,214,40539514,30.571428571428573
35.0,851,40540365,24.314285714285713
34.0,905,40541270,26.61764705882353
32.0,789,40542059,24.65625
24.0,651,40542710,27.125
36.0,925,40543635,25.694444444444443
41.0,1208,40544843,29.463414634146343
22.0,614,40545457,27.90909090909091
38.0,1125,40546582,29.605263157894736
38.0,1015,40547597,26.710526315789473
25.0,673,40548270,26.92
15.0,430,40548700,28.666666666666668
16.0,497,40549197,31.0625
32.0,722,40549919,22.5625
27.0,641,40550560,23.74074074074074
34.0,770,40551330,22.647058823529413
37.0,998,40552328,26.972972972972972
41.0,1191,40553519,29.048780487804876
23.0,760,40554279,33.04347826086956
9.0,160,40554439,17.77777777777778
27.0,736,40555175,27.25925925925926
34.0,887,40556062,26.08823529411765
29.0,910,40556972,31.379310344827587
20.0,521,40557493,26.05
6.0,146,40557639,24.333333333333332
37.0,940,40558579,25.405405405405407
35.0,1122,40559701,32.05714285714286
27.0,916,40560617,33.925925925925924
34.0,977,40561594,28.735294117647058
11.0,234,40561828,21.272727272727273
31.0,851,40562679,27.451612903225808
31.0,1049,40563728,33.83870967741935
17.0,360,40564088,21.176470588235293
22.0,487,40564575,22.136363636363637
22.0,674,40565249,30.636363636363637
31.0,921,40566170,29.70967741935484
32.0,1109,40567279,34.65625
12.0,230,40567509,19.166666666666668
48.0,1392,40568901,29.0
18.0,510,40569411,28.333333333333332
8.0,225,40569636,28.125
19.0,415,40570051,21.842105263157894
25.0,814,40570865,32.56
47.0,1510,40572375,32.12765957446808
4.0,52,40572427,13.0
29.0,972,40573399,33.51724137931034
41.0,1170,40574569,28.536585365853657
13.0,324,40574893,24.923076923076923
30.0,672,40575565,22.4
40.0,1211,40576776,30.275
26.0,596,40577372,22.923076923076923
38.0,1123,40578495,29.55263157894737
14.0,250,40578745,17.857142857142858
35.0,898,40579643,25.65714285714286
24.0,767,40580410,31.958333333333332
7.0,124,40580534,17.714285714285715
13.0,268,40580802,20.615384615384617
36.0,1084,40581886,30.11111111111111
2.0,111,40581997,55.5
43.0,1200,40583197,27.906976744186046
15.0,391,40583588,26.066666666666666
41.0,1137,40584725,27.73170731707317
40.0,1255,40585980,31.375
25.0,680,40586660,27.2
35.0,923,40587583,26.37142857142857
25.0,683,40588266,27.32
22.0,698,40588964,31.727272727272727
41.0,1235,40590199,30.121951219512194
32.0,1162,40591361,36.3125
20.0,517,40591878,25.85
34.0,913,40592791,26.852941176470587
38.0,1281,40594072,33.71052631578947
5.0,74,40594146,14.8
20.0,488,40594634,24.4
15.0,418,40595052,27.866666666666667
15.0,360,40595412,24.0
13.0,298,40595710,22.923076923076923
20.0,536,40596246,26.8
40.0,1165,40597411,29.125
36.0,839,40598250,23.305555555555557
19.0,519,40598769,27.31578947368421
33.0,917,40599686,27.78787878787879
11.0,241,40599927,21.90909090909091
20.0,486,40600413,24.3
38.0,1167,40601580,30.710526315789473
23.0,622,40602202,27.043478260869566
32.0,802,40603004,25.0625
23.0,668,40603672,29.043478260869566
43.0,1341,40605013,31.186046511627907
24.0,710,40605723,29.583333333333332
31.0,912,40606635,29.419354838709676
6.0,143,40606778,23.833333333333332
36.0,1305,40608083,36.25
15.0,349,40608432,23.266666666666666
34.0,889,40609321,26.147058823529413
15.0,280,40609601,18.666666666666668
40.0,1034,40610635,25.85
33.0,903,40611538,27.363636363636363
14.0,274,40611812,19.571428571428573
37.0,872,40612684,23.56756756756757
17.0,432,40613116,25.41176470588235
24.0,644,40613760,26.833333333333332
36.0,992,40614752,27.555555555555557
3.0,138,40614890,46.0
28.0,711,40615601,25.392857142857142
36.0,1029,40616630,28.583333333333332
46.0,1297,40617927,28.195652173913043
1.0,37,40617964,37.0
33.0,959,40618923,29.060606060606062
24.0,665,40619588,27.708333333333332
23.0,744,40620332,32.34782608695652
25.0,733,40621065,29.32
34.0,869,40621934,25.558823529411764
22.0,524,40622458,23.818181818181817
41.0,1310,40623768,31.951219512195124
21.0,588,40624356,28.0
26.0,740,40625096,28.46153846153846
7.0,186,40625282,26.571428571428573
38.0,1136,40626418,29.894736842105264
35.0,868,40627286,24.8
33.0,1060,40628346,32.121212121212125
42.0,1239,40629585,29.5
25.0,780,40630365,31.2
14.0,329,40630694,23.5
20.0,489,40631183,24.45
22.0,576,40631759,26.181818181818183
14.0,374,40632133,26.714285714285715
17.0,346,40632479,20.352941176470587
27.0,850,40633329,31.48148148148148
34.0,961,40634290,28.264705882352942
24.0,568,40634858,23.666666666666668
31.0,857,40635715,27.64516129032258
34.0,858,40636573,25.235294117647058
32.0,858,40637431,26.8125
19.0,449,40637880,23.63157894736842
25.0,520,40638400,20.8
12.0,363,40638763,30.25
11.0,278,40639041,25.272727272727273
27.0,749,40639790,27.74074074074074
7.0,192,40639982,27.428571428571427
26.0,677,40640659,26.03846153846154
34.0,965,40641624,28.38235294117647
7.0,213,40641837,30.428571428571427
21.0,551,40642388,26.238095238095237
33.0,1001,40643389,30.333333333333332
33.0,853,40644242,25.848484848484848
21.0,513,40644755,24.428571428571427
36.0,1000,40645755,27.77777777777778
39.0,1193,40646948,30.58974358974359
43.0,1127,40648075,26.209302325581394
26.0,680,40648755,26.153846153846153
28.0,855,40649610,30.535714285714285
40.0,1326,40650936,33.15
31.0,842,40651778,27.161290322580644
23.0,705,40652483,30.652173913043477
30.0,800,40653283,26.666666666666668
22.0,423,40653706,19.227272727272727
14.0,486,40654192,34.714285714285715
28.0,816,40655008,29.142857142857142
25.0,505,40655513,20.2
30.0,915,40656428,30.5
25.0,771,40657199,30.84
30.0,907,40658106,30.233333333333334
28.0,700,40658806,25.0
31.0,701,40659507,22.612903225806452
17.0,562,40660069,33.05882352941177
30.0,746,40660815,24.866666666666667
40.0,1384,40662199,34.6
20.0,457,40662656,22.85
30.0,792,40663448,26.4
15.0,402,40663850,26.8
24.0,561,40664411,23.375
11.0,276,40664687,25.09090909090909
30.0,757,40665444,25.233333333333334
26.0,702,40666146,27.0
26.0,643,40666789,24.73076923076923
26.0,551,40667340,21.192307692307693
23.0,554,40667894,24.08695652173913
34.0,829,40668723,24.38235294117647
33.0,797,40669520,24.151515151515152
35.0,851,40670371,24.314285714285713
32.0,1001,40671372,31.28125
18.0,563,40671935,31.27777777777778
42.0,1149,40673084,27.357142857142858
32.0,980,40674064,30.625
11.0,246,40674310,22.363636363636363
24.0,809,40675119,33.708333333333336
29.0,902,40676021,31.103448275862068
20.0,418,40676439,20.9
19.0,418,40676857,22.0
43.0,1050,40677907,24.41860465116279
13.0,354,40678261,27.23076923076923
40.0,1135,40679396,28.375
4.0,83,40679479,20.75
47.0,1699,40681178,36.148936170212764
33.0,1172,40682350,35.515151515151516
16.0,468,40682818,29.25
45.0,1736,40684554,38.577777777777776
22.0,537,40685091,24.40909090909091
24.0,704,40685795,29.333333333333332
11.0,337,40686132,30.636363636363637
12.0,250,40686382,20.833333333333332
23.0,636,40687018,27.652173913043477
26.0,779,40687797,29.96153846153846
21.0,621,40688418,29.571428571428573
28.0,748,40689166,26.714285714285715
22.0,548,40689714,24.90909090909091
38.0,1009,40690723,26.55263157894737
50.0,1704,40692427,34.08
37.0,1260,40693687,34.054054054054056
29.0,707,40694394,24.379310344827587
23.0,727,40695121,31.608695652173914
36.0,1170,40696291,32.5
28.0,694,40696985,24.785714285714285
15.0,327,40697312,21.8
34.0,1028,40698340,30.235294117647058
34.0,1219,40699559,35.85294117647059
29.0,855,40700414,29.482758620689655
42.0,1294,40701708,30.80952380952381
41.0,1251,40702959,30.51219512195122
17.0,367,40703326,21.58823529411765
39.0,1018,40704344,26.102564102564102
35.0,863,40705207,24.65714285714286
42.0,1056,40706263,25.142857142857142
27.0,664,40706927,24.59259259259259
32.0,909,40707836,28.40625
13.0,410,40708246,31.53846153846154
28.0,814,40709060,29.071428571428573
39.0,1453,40710513,37.256410256410255
11.0,370,40710883,33.63636363636363
34.0,843,40711726,24.794117647058822
31.0,912,40712638,29.419354838709676
28.0,954,40713592,34.07142857142857
37.0,1231,40714823,33.270270270270274
23.0,726,40715549,31.565217391304348
3.0,61,40715610,20.333333333333332
11.0,306,40715916,27.818181818181817
28.0,841,40716757,30.035714285714285
30.0,670,40717427,22.333333333333332
6.0,158,40717585,26.333333333333332
40.0,1088,40718673,27.2
32.0,928,40719601,29.0
5.0,228,40719829,45.6
8.0,218,40720047,27.25
32.0,1047,40721094,32.71875
25.0,684,40721778,27.36
38.0,1174,40722952,30.894736842105264
17.0,572,40723524,33.64705882352941
12.0,391,40723915,32.583333333333336
26.0,513,40724428,19.73076923076923
20.0,559,40724987,27.95
44.0,1394,40726381,31.681818181818183
25.0,629,40727010,25.16
32.0,1097,40728107,34.28125
19.0,347,40728454,18.263157894736842
25.0,628,40729082,25.12
14.0,320,40729402,22.857142857142858
33.0,959,40730361,29.060606060606062
18.0,461,40730822,25.61111111111111
35.0,886,40731708,25.314285714285713
36.0,1030,40732738,28.61111111111111
35.0,1133,40733871,32.371428571428574
28.0,692,40734563,24.714285714285715
52.0,1636,40736199,31.46153846153846
44.0,1703,40737902,38.70454545454545
34.0,1239,40739141,36.44117647058823
37.0,1144,40740285,30.91891891891892
15.0,475,40740760,31.666666666666668
34.0,660,40741420,19.41176470588235
28.0,662,40742082,23.642857142857142
29.0,843,40742925,29.06896551724138
31.0,852,40743777,27.483870967741936
30.0,597,40744374,19.9
25.0,849,40745223,33.96
33.0,1084,40746307,32.84848484848485
30.0,920,40747227,30.666666666666668
24.0,460,40747687,19.166666666666668
46.0,1362,40749049,29.608695652173914
33.0,907,40749956,27.484848484848484
49.0,1392,40751348,28.408163265306122
19.0,356,40751704,18.736842105263158
26.0,595,40752299,22.884615384615383
32.0,973,40753272,30.40625
27.0,902,40754174,33.407407407407405
43.0,1225,40755399,28.488372093023255
18.0,492,40755891,27.333333333333332
33.0,825,40756716,25.0
39.0,1281,40757997,32.84615384615385
22.0,708,40758705,32.18181818181818
47.0,1191,40759896,25.340425531914892
38.0,1079,40760975,28.394736842105264
29.0,891,40761866,30.724137931034484
17.0,401,40762267,23.58823529411765
25.0,665,40762932,26.6
31.0,950,40763882,30.64516129032258
32.0,970,40764852,30.3125
29.0,833,40765685,28.724137931034484
34.0,764,40766449,22.470588235294116
36.0,1021,40767470,28.36111111111111
26.0,792,40768262,30.46153846153846
28.0,873,40769135,31.178571428571427
23.0,452,40769587,19.652173913043477
31.0,811,40770398,26.161290322580644
36.0,923,40771321,25.63888888888889
20.0,450,40771771,22.5
31.0,900,40772671,29.032258064516128
25.0,707,40773378,28.28
35.0,1015,40774393,29.0
18.0,462,40774855,25.666666666666668
25.0,663,40775518,26.52
28.0,804,40776322,28.714285714285715
24.0,552,40776874,23.0
32.0,844,40777718,26.375
23.0,585,40778303,25.434782608695652
25.0,729,40779032,29.16
31.0,839,40779871,27.06451612903226
28.0,730,40780601,26.071428571428573
10.0,244,40780845,24.4
31.0,882,40781727,28.451612903225808
28.0,706,40782433,25.214285714285715
16.0,439,40782872,27.4375
16.0,403,40783275,25.1875
30.0,961,40784236,32.03333333333333
28.0,734,40784970,26.214285714285715
40.0,1353,40786323,33.825
32.0,858,40787181,26.8125
41.0,1366,40788547,33.31707317073171
43.0,1239,40789786,28.813953488372093
35.0,1146,40790932,32.74285714285714
29.0,729,40791661,25.137931034482758
32.0,985,40792646,30.78125
20.0,592,40793238,29.6
29.0,704,40793942,24.275862068965516
29.0,894,40794836,30.82758620689655
20.0,454,40795290,22.7
23.0,576,40795866,25.043478260869566
41.0,1394,40797260,34.0
20.0,492,40797752,24.6
36.0,837,40798589,23.25
20.0,559,40799148,27.95
24.0,741,40799889,30.875
22.0,462,40800351,21.0
37.0,1061,40801412,28.675675675675677
5.0,75,40801487,15.0
46.0,1536,40803023,33.391304347826086
29.0,681,40803704,23.482758620689655
19.0,529,40804233,27.842105263157894
27.0,724,40804957,26.814814814814813
14.0,352,40805309,25.142857142857142
36.0,1171,40806480,32.52777777777778
34.0,1234,40807714,36.294117647058826
30.0,802,40808516,26.733333333333334
29.0,834,40809350,28.75862068965517
52.0,2043,40811393,39.28846153846154
22.0,610,40812003,27.727272727272727
34.0,1019,40813022,29.970588235294116
39.0,1075,40814097,27.564102564102566
24.0,756,40814853,31.5
22.0,551,40815404,25.045454545454547
20.0,468,40815872,23.4
30.0,739,40816611,24.633333333333333
31.0,869,40817480,28.032258064516128
9.0,209,40817689,23.22222222222222
32.0,836,40818525,26.125
19.0,432,40818957,22.736842105263158
40.0,1226,40820183,30.65
9.0,225,40820408,25.0
33.0,1116,40821524,33.81818181818182
9.0,211,40821735,23.444444444444443
42.0,1272,40823007,30.285714285714285
33.0,932,40823939,28.242424242424242
42.0,999,40824938,23.785714285714285
21.0,454,40825392,21.61904761904762
21.0,493,40825885,23.476190476190474
35.0,1014,40826899,28.97142857142857
33.0,974,40827873,29.515151515151516
29.0,678,40828551,23.379310344827587
23.0,550,40829101,23.91304347826087
16.0,475,40829576,29.6875
16.0,423,40829999,26.4375
22.0,572,40830571,26.0
30.0,854,40831425,28.466666666666665
10.0,226,40831651,22.6
33.0,906,40832557,27.454545454545453
36.0,1090,40833647,30.27777777777778
18.0,351,40833998,19.5
24.0,559,40834557,23.291666666666668
46.0,1510,40836067,32.82608695652174
27.0,797,40836864,29.51851851851852
30.0,826,40837690,27.533333333333335
49.0,1554,40839244,31.714285714285715
24.0,517,40839761,21.541666666666668
36.0,1046,40840807,29.055555555555557
25.0,671,40841478,26.84
11.0,315,40841793,28.636363636363637
46.0,1218,40843011,26.47826086956522
38.0,1238,40844249,32.578947368421055
28.0,819,40845068,29.25
38.0,995,40846063,26.18421052631579
28.0,709,40846772,25.321428571428573
9.0,337,40847109,37.44444444444444
47.0,1241,40848350,26.404255319148938
40.0,1216,40849566,30.4
30.0,992,40850558,33.06666666666667
37.0,1077,40851635,29.10810810810811
18.0,550,40852185,30.555555555555557
20.0,547,40852732,27.35
25.0,625,40853357,25.0
31.0,841,40854198,27.129032258064516
26.0,750,40854948,28.846153846153847
20.0,547,40855495,27.35
28.0,841,40856336,30.035714285714285
15.0,444,40856780,29.6
36.0,1062,40857842,29.5
10.0,244,40858086,24.4
31.0,1027,40859113,33.12903225806452
34.0,1140,40860253,33.529411764705884
39.0,922,40861175,23.641025641025642
22.0,480,40861655,21.818181818181817
23.0,552,40862207,24.0
19.0,505,40862712,26.57894736842105
30.0,940,40863652,31.333333333333332
55.0,1810,40865462,32.90909090909091
22.0,458,40865920,20.818181818181817
21.0,596,40866516,28.38095238095238
18.0,532,40867048,29.555555555555557
18.0,441,40867489,24.5
17.0,399,40867888,23.470588235294116
25.0,800,40868688,32.0
47.0,1429,40870117,30.404255319148938
32.0,936,40871053,29.25
40.0,1307,40872360,32.675
24.0,763,40873123,31.791666666666668
12.0,205,40873328,17.083333333333332
21.0,501,40873829,23.857142857142858
18.0,512,40874341,28.444444444444443
34.0,897,40875238,26.38235294117647
33.0,748,40875986,22.666666666666668
16.0,334,40876320,20.875
31.0,963,40877283,31.06451612903226
37.0,1192,40878475,32.21621621621622
41.0,1289,40879764,31.4390243902439
20.0,546,40880310,27.3
38.0,970,40881280,25.526315789473685
28.0,800,40882080,28.571428571428573
26.0,734,40882814,28.23076923076923
20.0,656,40883470,32.8
33.0,812,40884282,24.606060606060606
28.0,839,40885121,29.964285714285715
17.0,473,40885594,27.823529411764707
38.0,1131,40886725,29.763157894736842
40.0,1131,40887856,28.275
22.0,629,40888485,28.59090909090909
32.0,1019,40889504,31.84375
28.0,711,40890215,25.392857142857142
10.0,185,40890400,18.5
33.0,1030,40891430,31.21212121212121
39.0,1112,40892542,28.512820512820515
42.0,1083,40893625,25.785714285714285
27.0,520,40894145,19.25925925925926
18.0,455,40894600,25.27777777777778
26.0,808,40895408,31.076923076923077
28.0,775,40896183,27.678571428571427
22.0,627,40896810,28.5
26.0,619,40897429,23.807692307692307
27.0,746,40898175,27.62962962962963
43.0,1166,40899341,27.11627906976744
6.0,188,40899529,31.333333333333332
36.0,777,40900306,21.583333333333332
21.0,508,40900814,24.19047619047619
23.0,607,40901421,26.391304347826086
15.0,284,40901705,18.933333333333334
21.0,480,40902185,22.857142857142858
26.0,819,40903004,31.5
19.0,452,40903456,23.789473684210527
18.0,544,40904000,30.22222222222222
21.0,505,40904505,24.047619047619047
41.0,1076,40905581,26.24390243902439
18.0,470,40906051,26.11111111111111
45.0,1349,40907400,29.977777777777778
17.0,341,40907741,20.058823529411764
27.0,593,40908334,21.962962962962962
23.0,472,40908806,20.52173913043478
37.0,1114,40909920,30.10810810810811
22.0,656,40910576,29.818181818181817
29.0,936,40911512,32.275862068965516
31.0,1065,40912577,34.354838709677416
32.0,871,40913448,27.21875
34.0,1154,40914602,33.94117647058823
29.0,788,40915390,27.17241379310345
19.0,446,40915836,23.473684210526315
23.0,690,40916526,30.0
35.0,997,40917523,28.485714285714284
39.0,1300,40918823,33.333333333333336
36.0,954,40919777,26.5
13.0,425,40920202,32.69230769230769
23.0,790,40920992,34.34782608695652
33.0,952,40921944,28.848484848484848
46.0,1430,40923374,31.08695652173913
32.0,888,40924262,27.75
24.0,768,40925030,32.0
46.0,1197,40926227,26.02173913043478
4.0,108,40926335,27.0
31.0,704,40927039,22.70967741935484
33.0,764,40927803,23.151515151515152
11.0,266,40928069,24.181818181818183
13.0,271,40928340,20.846153846153847
49.0,1269,40929609,25.897959183673468
24.0,626,40930235,26.083333333333332
9.0,239,40930474,26.555555555555557
16.0,398,40930872,24.875
35.0,1080,40931952,30.857142857142858
42.0,1084,40933036,25.80952380952381
24.0,539,40933575,22.458333333333332
38.0,1123,40934698,29.55263157894737
16.0,373,40935071,23.3125
43.0,1294,40936365,30.093023255813954
19.0,378,40936743,19.894736842105264
28.0,867,40937610,30.964285714285715
28.0,837,40938447,29.892857142857142
2.0,108,40938555,54.0
22.0,482,40939037,21.90909090909091
20.0,483,40939520,24.15
33.0,956,40940476,28.96969696969697
32.0,1037,40941513,32.40625
48.0,1447,40942960,30.145833333333332
6.0,201,40943161,33.5
30.0,816,40943977,27.2
51.0,1695,40945672,33.23529411764706
36.0,1050,40946722,29.166666666666668
15.0,367,40947089,24.466666666666665
44.0,1439,40948528,32.70454545454545
6.0,165,40948693,27.5
24.0,719,40949412,29.958333333333332
39.0,1002,40950414,25.692307692307693
37.0,977,40951391,26.405405405405407
20.0,537,40951928,26.85
33.0,904,40952832,27.393939393939394
30.0,830,40953662,27.666666666666668
22.0,560,40954222,25.454545454545453
10.0,164,40954386,16.4
30.0,845,40955231,28.166666666666668
22.0,507,40955738,23.045454545454547
4.0,48,40955786,12.0
31.0,920,40956706,29.677419354838708
23.0,582,40957288,25.304347826086957
9.0,228,40957516,25.333333333333332
5.0,135,40957651,27.0
3.0,42,40957693,14.0
31.0,951,40958644,30.677419354838708
8.0,228,40958872,28.5
13.0,307,40959179,23.615384615384617
23.0,848,40960027,36.869565217391305
41.0,1340,40961367,32.68292682926829
28.0,1105,40962472,39.464285714285715
38.0,1230,40963702,32.36842105263158
30.0,897,40964599,29.9
36.0,969,40965568,26.916666666666668
38.0,1104,40966672,29.05263157894737
23.0,597,40967269,25.956521739130434
23.0,544,40967813,23.652173913043477
30.0,1024,40968837,34.13333333333333
4.0,116,40968953,29.0
31.0,1003,40969956,32.354838709677416
29.0,899,40970855,31.0
30.0,1010,40971865,33.666666666666664
32.0,792,40972657,24.75
39.0,1108,40973765,28.41025641025641
28.0,753,40974518,26.892857142857142
24.0,763,40975281,31.791666666666668
52.0,1712,40976993,32.92307692307692
22.0,566,40977559,25.727272727272727
23.0,615,40978174,26.73913043478261
26.0,743,40978917,28.576923076923077
35.0,1189,40980106,33.97142857142857
29.0,875,40980981,30.17241379310345
29.0,898,40981879,30.96551724137931
18.0,533,40982412,29.61111111111111
2.0,30,40982442,15.0
24.0,544,40982986,22.666666666666668
23.0,862,40983848,37.47826086956522
49.0,1761,40985609,35.93877551020408
33.0,1165,40986774,35.303030303030305
13.0,275,40987049,21.153846153846153
24.0,726,40987775,30.25
38.0,961,40988736,25.289473684210527
24.0,589,40989325,24.541666666666668
27.0,713,40990038,26.40740740740741
33.0,819,40990857,24.818181818181817
19.0,556,40991413,29.263157894736842
12.0,339,40991752,28.25
24.0,723,40992475,30.125
31.0,901,40993376,29.06451612903226
12.0,326,40993702,27.166666666666668
39.0,1156,40994858,29.641025641025642
31.0,785,40995643,25.322580645161292
21.0,576,40996219,27.428571428571427
37.0,1129,40997348,30.513513513513512
33.0,974,40998322,29.515151515151516
33.0,894,40999216,27.09090909090909
12.0,206,40999422,17.166666666666668
39.0,981,41000403,25.153846153846153
19.0,573,41000976,30.157894736842106
21.0,641,41001617,30.523809523809526
37.0,1051,41002668,28.405405405405407
13.0,227,41002895,17.46153846153846
21.0,538,41003433,25.61904761904762
17.0,320,41003753,18.823529411764707
29.0,748,41004501,25.79310344827586
42.0,1102,41005603,26.238095238095237
46.0,1535,41007138,33.369565217391305
18.0,432,41007570,24.0
20.0,482,41008052,24.1
31.0,581,41008633,18.741935483870968
20.0,644,41009277,32.2
25.0,784,41010061,31.36
50.0,1506,41011567,30.12
31.0,1019,41012586,32.87096774193548
58.0,1877,41014463,32.36206896551724
40.0,1029,41015492,25.725
25.0,590,41016082,23.6
24.0,590,41016672,24.583333333333332
32.0,801,41017473,25.03125
33.0,1140,41018613,34.54545454545455
31.0,758,41019371,24.451612903225808
29.0,721,41020092,24.862068965517242
46.0,1327,41021419,28.847826086956523
39.0,1077,41022496,27.615384615384617
24.0,676,41023172,28.166666666666668
21.0,400,41023572,19.047619047619047
5.0,177,41023749,35.4
14.0,390,41024139,27.857142857142858
2.0,115,41024254,57.5
42.0,1155,41025409,27.5
23.0,687,41026096,29.869565217391305
31.0,828,41026924,26.70967741935484
29.0,753,41027677,25.96551724137931
31.0,995,41028672,32.096774193548384
23.0,814,41029486,35.391304347826086
29.0,663,41030149,22.862068965517242
33.0,926,41031075,28.060606060606062
28.0,840,41031915,30.0
20.0,560,41032475,28.0
42.0,1378,41033853,32.80952380952381
26.0,597,41034450,22.96153846153846
31.0,914,41035364,29.483870967741936
23.0,647,41036011,28.130434782608695
16.0,306,41036317,19.125
21.0,531,41036848,25.285714285714285
20.0,735,41037583,36.75
33.0,1246,41038829,37.75757575757576
31.0,880,41039709,28.387096774193548
31.0,696,41040405,22.451612903225808
14.0,345,41040750,24.642857142857142
4.0,112,41040862,28.0
19.0,406,41041268,21.36842105263158
51.0,1583,41042851,31.03921568627451
29.0,870,41043721,30.0
25.0,821,41044542,32.84
29.0,984,41045526,33.93103448275862
20.0,554,41046080,27.7
28.0,805,41046885,28.75
29.0,740,41047625,25.517241379310345
31.0,948,41048573,30.580645161290324
10.0,210,41048783,21.0
31.0,715,41049498,23.06451612903226
24.0,466,41049964,19.416666666666668
19.0,505,41050469,26.57894736842105
49.0,1490,41051959,30.408163265306122
25.0,519,41052478,20.76
10.0,283,41052761,28.3
38.0,1364,41054125,35.89473684210526
22.0,668,41054793,30.363636363636363
17.0,582,41055375,34.23529411764706
28.0,843,41056218,30.107142857142858
35.0,1256,41057474,35.885714285714286
26.0,696,41058170,26.76923076923077
31.0,697,41058867,22.483870967741936
23.0,546,41059413,23.73913043478261
34.0,675,41060088,19.852941176470587
36.0,942,41061030,26.166666666666668
20.0,473,41061503,23.65
21.0,512,41062015,24.38095238095238
34.0,973,41062988,28.61764705882353
50.0,1515,41064503,30.3
49.0,1264,41065767,25.79591836734694
26.0,811,41066578,31.192307692307693
33.0,803,41067381,24.333333333333332
40.0,1137,41068518,28.425
34.0,793,41069311,23.323529411764707
45.0,1383,41070694,30.733333333333334
37.0,1101,41071795,29.756756756756758
33.0,1113,41072908,33.72727272727273
17.0,514,41073422,30.235294117647058
25.0,622,41074044,24.88
32.0,779,41074823,24.34375
8.0,173,41074996,21.625
32.0,987,41075983,30.84375
26.0,643,41076626,24.73076923076923
14.0,388,41077014,27.714285714285715
36.0,1012,41078026,28.11111111111111
43.0,1314,41079340,30.558139534883722
24.0,703,41080043,29.291666666666668
28.0,792,41080835,28.285714285714285
1.0,21,41080856,21.0
34.0,1045,41081901,30.735294117647058
36.0,1007,41082908,27.97222222222222
36.0,1046,41083954,29.055555555555557
24.0,434,41084388,18.083333333333332
24.0,669,41085057,27.875
33.0,944,41086001,28.606060606060606
36.0,1057,41087058,29.36111111111111
47.0,1411,41088469,30.02127659574468
30.0,702,41089171,23.4
4.0,119,41089290,29.75
13.0,334,41089624,25.692307692307693
50.0,1523,41091147,30.46
45.0,1419,41092566,31.533333333333335
28.0,592,41093158,21.142857142857142
20.0,614,41093772,30.7
40.0,1061,41094833,26.525
40.0,1232,41096065,30.8
20.0,592,41096657,29.6
46.0,1732,41098389,37.65217391304348
13.0,337,41098726,25.923076923076923
32.0,916,41099642,28.625
25.0,928,41100570,37.12
35.0,1204,41101774,34.4
30.0,829,41102603,27.633333333333333
6.0,120,41102723,20.0
24.0,649,41103372,27.041666666666668
26.0,867,41104239,33.34615384615385
27.0,580,41104819,21.48148148148148
34.0,989,41105808,29.08823529411765
57.0,1721,41107529,30.19298245614035
31.0,881,41108410,28.419354838709676
40.0,1191,41109601,29.775
20.0,471,41110072,23.55
28.0,591,41110663,21.107142857142858
28.0,745,41111408,26.607142857142858
25.0,825,41112233,33.0
7.0,272,41112505,38.857142857142854
31.0,923,41113428,29.774193548387096
32.0,776,41114204,24.25
27.0,859,41115063,31.814814814814813
22.0,653,41115716,29.681818181818183
26.0,482,41116198,18.53846153846154
21.0,524,41116722,24.952380952380953
32.0,981,41117703,30.65625
39.0,1329,41119032,34.07692307692308
30.0,796,41119828,26.533333333333335
12.0,260,41120088,21.666666666666668
28.0,900,41120988,32.142857142857146
39.0,1307,41122295,33.51282051282051
34.0,903,41123198,26.558823529411764
39.0,1048,41124246,26.871794871794872
31.0,968,41125214,31.225806451612904
25.0,703,41125917,28.12
27.0,674,41126591,24.962962962962962
37.0,1075,41127666,29.054054054054053
32.0,946,41128612,29.5625
24.0,831,41129443,34.625
37.0,1110,41130553,30.0
21.0,559,41131112,26.61904761904762
19.0,471,41131583,24.789473684210527
44.0,1130,41132713,25.681818181818183
17.0,435,41133148,25.58823529411765
18.0,472,41133620,26.22222222222222
28.0,777,41134397,27.75
51.0,1660,41136057,32.549019607843135
34.0,1072,41137129,31.529411764705884
52.0,1525,41138654,29.326923076923077
44.0,1360,41140014,30.90909090909091
27.0,757,41140771,28.037037037037038
49.0,1324,41142095,27.020408163265305
37.0,1205,41143300,32.567567567567565
27.0,740,41144040,27.40740740740741
22.0,588,41144628,26.727272727272727
15.0,454,41145082,30.266666666666666
29.0,814,41145896,28.06896551724138
16.0,521,41146417,32.5625
15.0,366,41146783,24.4
22.0,585,41147368,26.59090909090909
28.0,864,41148232,30.857142857142858
25.0,729,41148961,29.16
11.0,263,41149224,23.90909090909091
31.0,832,41150056,26.838709677419356
22.0,687,41150743,31.227272727272727
23.0,816,41151559,35.47826086956522
36.0,999,41152558,27.75
14.0,304,41152862,21.714285714285715
18.0,467,41153329,25.944444444444443
30.0,945,41154274,31.5
2.0,35,41154309,17.5
17.0,350,41154659,20.58823529411765
40.0,1076,41155735,26.9
18.0,554,41156289,30.77777777777778
32.0,814,41157103,25.4375
2.0,39,41157142,19.5
45.0,1328,41158470,29.511111111111113
29.0,816,41159286,28.137931034482758
35.0,796,41160082,22.742857142857144
28.0,755,41160837,26.964285714285715
17.0,605,41161442,35.588235294117645
29.0,1007,41162449,34.724137931034484
32.0,1053,41163502,32.90625
15.0,306,41163808,20.4
22.0,608,41164416,27.636363636363637
15.0,523,41164939,34.86666666666667
31.0,839,41165778,27.06451612903226
31.0,750,41166528,24.193548387096776
24.0,506,41167034,21.083333333333332
13.0,287,41167321,22.076923076923077
51.0,1433,41168754,28.098039215686274
35.0,988,41169742,28.228571428571428
22.0,609,41170351,27.681818181818183
21.0,754,41171105,35.904761904761905
20.0,522,41171627,26.1
25.0,786,41172413,31.44
20.0,469,41172882,23.45
53.0,1327,41174209,25.037735849056602
44.0,1307,41175516,29.704545454545453
35.0,1096,41176612,31.314285714285713
46.0,1467,41178079,31.891304347826086
27.0,780,41178859,28.88888888888889
32.0,942,41179801,29.4375
33.0,947,41180748,28.696969696969695
25.0,777,41181525,31.08
18.0,419,41181944,23.27777777777778
30.0,945,41182889,31.5
38.0,1135,41184024,29.86842105263158
27.0,802,41184826,29.703703703703702
29.0,776,41185602,26.75862068965517
20.0,429,41186031,21.45
27.0,662,41186693,24.51851851851852
30.0,877,41187570,29.233333333333334
23.0,546,41188116,23.73913043478261
40.0,1113,41189229,27.825
44.0,1353,41190582,30.75
48.0,1225,41191807,25.520833333333332
18.0,391,41192198,21.72222222222222
30.0,1086,41193284,36.2
28.0,747,41194031,26.678571428571427
30.0,889,41194920,29.633333333333333
26.0,806,41195726,31.0
6.0,147,41195873,24.5
15.0,472,41196345,31.466666666666665
46.0,1390,41197735,30.217391304347824
43.0,1342,41199077,31.209302325581394
12.0,243,41199320,20.25
26.0,839,41200159,32.26923076923077
28.0,746,41200905,26.642857142857142
33.0,818,41201723,24.78787878787879
19.0,422,41202145,22.210526315789473
30.0,808,41202953,26.933333333333334
31.0,934,41203887,30.129032258064516
39.0,1126,41205013,28.871794871794872
3.0,42,41205055,14.0
27.0,715,41205770,26.48148148148148
6.0,91,41205861,15.166666666666666
20.0,455,41206316,22.75
14.0,387,41206703,27.642857142857142
14.0,271,41206974,19.357142857142858
20.0,527,41207501,26.35
15.0,379,41207880,25.266666666666666
18.0,570,41208450,31.666666666666668
22.0,792,41209242,36.0
37.0,936,41210178,25.2972972972973
24.0,610,41210788,25.416666666666668
24.0,773,41211561,32.208333333333336
44.0,1166,41212727,26.5
21.0,584,41213311,27.80952380952381
5.0,135,41213446,27.0
36.0,979,41214425,27.194444444444443
27.0,780,41215205,28.88888888888889
20.0,468,41215673,23.4
40.0,1338,41217011,33.45
41.0,1150,41218161,28.048780487804876
24.0,795,41218956,33.125
17.0,540,41219496,31.764705882352942
27.0,935,41220431,34.629629629629626
29.0,917,41221348,31.620689655172413
30.0,1026,41222374,34.2
38.0,1178,41223552,31.0
4.0,76,41223628,19.0
6.0,196,41223824,32.666666666666664
47.0,1903,41225727,40.48936170212766
29.0,773,41226500,26.655172413793103
38.0,1020,41227520,26.842105263157894
34.0,931,41228451,27.38235294117647
26.0,801,41229252,30.807692307692307
36.0,1087,41230339,30.194444444444443
28.0,827,41231166,29.535714285714285
22.0,545,41231711,24.772727272727273
23.0,690,41232401,30.0
27.0,669,41233070,24.77777777777778
24.0,733,41233803,30.541666666666668
36.0,932,41234735,25.88888888888889
29.0,956,41235691,32.96551724137931
4.0,35,41235726,8.75
22.0,481,41236207,21.863636363636363
17.0,405,41236612,23.823529411764707
28.0,825,41237437,29.464285714285715
16.0,464,41237901,29.0
7.0,151,41238052,21.571428571428573
25.0,810,41238862,32.4
28.0,602,41239464,21.5
40.0,1317,41240781,32.925
26.0,677,41241458,26.03846153846154
38.0,868,41242326,22.842105263157894
25.0,564,41242890,22.56
39.0,1158,41244048,29.692307692307693
27.0,805,41244853,29.814814814814813
22.0,548,41245401,24.90909090909091
24.0,567,41245968,23.625
11.0,224,41246192,20.363636363636363
23.0,568,41246760,24.695652173913043
44.0,1272,41248032,28.90909090909091
42.0,1033,41249065,24.595238095238095
26.0,656,41249721,25.23076923076923
28.0,827,41250548,29.535714285714285
35.0,868,41251416,24.8
37.0,976,41252392,26.37837837837838
31.0,899,41253291,29.0
31.0,929,41254220,29.967741935483872
26.0,740,41254960,28.46153846153846
18.0,352,41255312,19.555555555555557
49.0,1338,41256650,27.306122448979593
24.0,711,41257361,29.625
40.0,1306,41258667,32.65
43.0,1091,41259758,25.372093023255815
41.0,1219,41260977,29.73170731707317
15.0,363,41261340,24.2
4.0,62,41261402,15.5
29.0,869,41262271,29.96551724137931
8.0,103,41262374,12.875
38.0,1091,41263465,28.710526315789473
36.0,927,41264392,25.75
30.0,773,41265165,25.766666666666666
40.0,1105,41266270,27.625
15.0,356,41266626,23.733333333333334
34.0,918,41267544,27.0
31.0,886,41268430,28.580645161290324
23.0,645,41269075,28.043478260869566
28.0,798,41269873,28.5
30.0,753,41270626,25.1
2.0,32,41270658,16.0
38.0,1034,41271692,27.210526315789473
4.0,95,41271787,23.75
29.0,729,41272516,25.137931034482758
10.0,327,41272843,32.7
30.0,884,41273727,29.466666666666665
16.0,399,41274126,24.9375
40.0,1462,41275588,36.55
21.0,622,41276210,29.61904761904762
42.0,1266,41277476,30.142857142857142
43.0,1236,41278712,28.74418604651163
25.0,680,41279392,27.2
28.0,1011,41280403,36.107142857142854
22.0,555,41280958,25.227272727272727
15.0,418,41281376,27.866666666666667
38.0,1137,41282513,29.92105263157895
7.0,239,41282752,34.142857142857146
38.0,1170,41283922,30.789473684210527
21.0,605,41284527,28.80952380952381
24.0,685,41285212,28.541666666666668
40.0,1317,41286529,32.925
31.0,1168,41287697,37.67741935483871
32.0,933,41288630,29.15625
14.0,472,41289102,33.714285714285715
24.0,593,41289695,24.708333333333332
23.0,637,41290332,27.695652173913043
36.0,924,41291256,25.666666666666668
42.0,1163,41292419,27.69047619047619
49.0,1456,41293875,29.714285714285715
36.0,1315,41295190,36.52777777777778
40.0,1176,41296366,29.4
28.0,869,41297235,31.035714285714285
32.0,887,41298122,27.71875
23.0,551,41298673,23.956521739130434
41.0,1301,41299974,31.73170731707317
49.0,1297,41301271,26.46938775510204
22.0,475,41301746,21.59090909090909
29.0,764,41302510,26.344827586206897
17.0,530,41303040,31.176470588235293
18.0,450,41303490,25.0
43.0,1258,41304748,29.25581395348837
27.0,766,41305514,28.37037037037037
24.0,568,41306082,23.666666666666668
28.0,816,41306898,29.142857142857142
46.0,1396,41308294,30.347826086956523
29.0,903,41309197,31.137931034482758
23.0,447,41309644,19.434782608695652
23.0,563,41310207,24.47826086956522
24.0,586,41310793,24.416666666666668
30.0,916,41311709,30.533333333333335
12.0,272,41311981,22.666666666666668
27.0,844,41312825,31.25925925925926
46.0,1418,41314243,30.82608695652174
8.0,187,41314430,23.375
46.0,1067,41315497,23.195652173913043
33.0,983,41316480,29.78787878787879
29.0,932,41317412,32.13793103448276
28.0,785,41318197,28.035714285714285
3.0,86,41318283,28.666666666666668
33.0,870,41319153,26.363636363636363
28.0,587,41319740,20.964285714285715
32.0,1059,41320799,33.09375
31.0,1142,41321941,36.83870967741935
38.0,970,41322911,25.526315789473685
32.0,972,41323883,30.375
2.0,80,41323963,40.0
31.0,801,41324764,25.838709677419356
36.0,1252,41326016,34.77777777777778
26.0,821,41326837,31.576923076923077
40.0,1205,41328042,30.125
24.0,608,41328650,25.333333333333332
23.0,714,41329364,31.043478260869566
30.0,811,41330175,27.033333333333335
36.0,1081,41331256,30.02777777777778
23.0,548,41331804,23.82608695652174
37.0,901,41332705,24.35135135135135
22.0,709,41333414,32.22727272727273
10.0,264,41333678,26.4
27.0,666,41334344,24.666666666666668
16.0,412,41334756,25.75
16.0,459,41335215,28.6875
13.0,381,41335596,29.307692307692307
10.0,272,41335868,27.2
50.0,1906,41337774,38.12
23.0,628,41338402,27.304347826086957
44.0,1116,41339518,25.363636363636363
22.0,497,41340015,22.59090909090909
29.0,738,41340753,25.448275862068964
21.0,617,41341370,29.38095238095238
30.0,869,41342239,28.966666666666665
31.0,910,41343149,29.35483870967742
29.0,587,41343736,20.24137931034483
15.0,490,41344226,32.666666666666664
28.0,939,41345165,33.535714285714285
35.0,958,41346123,27.37142857142857
44.0,1470,41347593,33.40909090909091
12.0,401,41347994,33.416666666666664
36.0,902,41348896,25.055555555555557
38.0,962,41349858,25.31578947368421
22.0,650,41350508,29.545454545454547
32.0,1085,41351593,33.90625
15.0,325,41351918,21.666666666666668
13.0,439,41352357,33.76923076923077
43.0,1155,41353512,26.86046511627907
19.0,496,41354008,26.105263157894736
22.0,633,41354641,28.772727272727273
30.0,860,41355501,28.666666666666668
35.0,1158,41356659,33.08571428571429
34.0,1097,41357756,32.26470588235294
16.0,492,41358248,30.75
41.0,1177,41359425,28.70731707317073
10.0,304,41359729,30.4
19.0,455,41360184,23.94736842105263
17.0,392,41360576,23.058823529411764
45.0,1503,41362079,33.4
22.0,663,41362742,30.136363636363637
26.0,871,41363613,33.5
33.0,762,41364375,23.09090909090909
22.0,637,41365012,28.954545454545453
20.0,477,41365489,23.85
19.0,636,41366125,33.473684210526315
37.0,1018,41367143,27.513513513513512
39.0,1043,41368186,26.743589743589745
39.0,1138,41369324,29.17948717948718
35.0,1241,41370565,35.457142857142856
30.0,958,41371523,31.933333333333334
20.0,445,41371968,22.25
36.0,917,41372885,25.47222222222222
40.0,1241,41374126,31.025
18.0,324,41374450,18.0
50.0,1852,41376302,37.04
10.0,285,41376587,28.5
22.0,700,41377287,31.818181818181817
30.0,691,41377978,23.033333333333335
12.0,288,41378266,24.0
33.0,840,41379106,25.454545454545453
17.0,608,41379714,35.76470588235294
38.0,1194,41380908,31.42105263157895
26.0,896,41381804,34.46153846153846
32.0,979,41382783,30.59375
17.0,487,41383270,28.647058823529413
15.0,304,41383574,20.266666666666666
25.0,650,41384224,26.0
35.0,1071,41385295,30.6
19.0,410,41385705,21.57894736842105
33.0,1096,41386801,33.21212121212121
34.0,877,41387678,25.794117647058822
14.0,426,41388104,30.428571428571427
32.0,896,41389000,28.0
22.0,640,41389640,29.09090909090909
23.0,511,41390151,22.217391304347824
40.0,1169,41391320,29.225
30.0,893,41392213,29.766666666666666
20.0,498,41392711,24.9
29.0,724,41393435,24.96551724137931
33.0,954,41394389,28.90909090909091
43.0,1231,41395620,28.627906976744185
25.0,681,41396301,27.24
48.0,1636,41397937,34.083333333333336
32.0,828,41398765,25.875
24.0,547,41399312,22.791666666666668
32.0,1118,41400430,34.9375
20.0,574,41401004,28.7
12.0,331,41401335,27.583333333333332
15.0,419,41401754,27.933333333333334
27.0,670,41402424,24.814814814814813
22.0,504,41402928,22.90909090909091
24.0,714,41403642,29.75
6.0,74,41403716,12.333333333333334
17.0,476,41404192,28.0
28.0,741,41404933,26.464285714285715
37.0,986,41405919,26.64864864864865
40.0,1103,41407022,27.575
30.0,763,41407785,25.433333333333334
21.0,588,41408373,28.0
22.0,544,41408917,24.727272727272727
12.0,340,41409257,28.333333333333332
32.0,816,41410073,25.5
23.0,634,41410707,27.565217391304348
26.0,761,41411468,29.26923076923077
40.0,1235,41412703,30.875
29.0,780,41413483,26.896551724137932
6.0,192,41413675,32.0
20.0,471,41414146,23.55
27.0,897,41415043,33.22222222222222
10.0,230,41415273,23.0
24.0,630,41415903,26.25
28.0,661,41416564,23.607142857142858
24.0,622,41417186,25.916666666666668
37.0,1236,41418422,33.4054054054054
24.0,769,41419191,32.041666666666664
17.0,391,41419582,23.0
33.0,844,41420426,25.575757575757574
14.0,338,41420764,24.142857142857142
28.0,825,41421589,29.464285714285715
23.0,591,41422180,25.695652173913043
36.0,1303,41423483,36.19444444444444
33.0,839,41424322,25.424242424242426
19.0,395,41424717,20.789473684210527
25.0,613,41425330,24.52
14.0,320,41425650,22.857142857142858
26.0,896,41426546,34.46153846153846
26.0,631,41427177,24.26923076923077
32.0,921,41428098,28.78125
27.0,669,41428767,24.77777777777778
45.0,1188,41429955,26.4
45.0,1645,41431600,36.55555555555556
32.0,934,41432534,29.1875
34.0,996,41433530,29.294117647058822
47.0,1659,41435189,35.297872340425535
32.0,746,41435935,23.3125
30.0,713,41436648,23.766666666666666
18.0,349,41436997,19.38888888888889
35.0,910,41437907,26.0
26.0,756,41438663,29.076923076923077
37.0,966,41439629,26.10810810810811
36.0,950,41440579,26.38888888888889
36.0,1153,41441732,32.02777777777778
34.0,791,41442523,23.264705882352942
16.0,434,41442957,27.125
32.0,882,41443839,27.5625
21.0,706,41444545,33.61904761904762
21.0,439,41444984,20.904761904761905
21.0,628,41445612,29.904761904761905
24.0,748,41446360,31.166666666666668
39.0,1523,41447883,39.05128205128205
24.0,737,41448620,30.708333333333332
22.0,717,41449337,32.59090909090909
1.0,31,41449368,31.0
34.0,784,41450152,23.058823529411764
37.0,1091,41451243,29.486486486486488
18.0,486,41451729,27.0
13.0,311,41452040,23.923076923076923
11.0,313,41452353,28.454545454545453
24.0,582,41452935,24.25
26.0,836,41453771,32.15384615384615
32.0,1020,41454791,31.875
12.0,269,41455060,22.416666666666668
23.0,495,41455555,21.52173913043478
22.0,422,41455977,19.181818181818183
35.0,946,41456923,27.02857142857143
42.0,1200,41458123,28.571428571428573
12.0,213,41458336,17.75
26.0,858,41459194,33.0
24.0,770,41459964,32.083333333333336
16.0,351,41460315,21.9375
28.0,898,41461213,32.07142857142857
23.0,493,41461706,21.434782608695652
20.0,640,41462346,32.0
28.0,766,41463112,27.357142857142858
29.0,781,41463893,26.93103448275862
23.0,710,41464603,30.869565217391305
33.0,950,41465553,28.78787878787879
22.0,616,41466169,28.0
29.0,929,41467098,32.03448275862069
34.0,896,41467994,26.352941176470587
7.0,198,41468192,28.285714285714285
56.0,1438,41469630,25.678571428571427
19.0,520,41470150,27.36842105263158
45.0,1308,41471458,29.066666666666666
32.0,850,41472308,26.5625
32.0,819,41473127,25.59375
35.0,981,41474108,28.02857142857143
30.0,631,41474739,21.033333333333335
42.0,1067,41475806,25.404761904761905
30.0,799,41476605,26.633333333333333
38.0,1109,41477714,29.18421052631579
26.0,885,41478599,34.03846153846154
24.0,632,41479231,26.333333333333332
7.0,166,41479397,23.714285714285715
50.0,1292,41480689,25.84
34.0,936,41481625,27.529411764705884
11.0,370,41481995,33.63636363636363
26.0,802,41482797,30.846153846153847
30.0,839,41483636,27.966666666666665
17.0,456,41484092,26.823529411764707
32.0,1100,41485192,34.375
30.0,748,41485940,24.933333333333334
26.0,706,41486646,27.153846153846153
23.0,510,41487156,22.17391304347826
8.0,213,41487369,26.625
34.0,1080,41488449,31.764705882352942
7.0,194,41488643,27.714285714285715
32.0,800,41489443,25.0
38.0,1020,41490463,26.842105263157894
26.0,536,41490999,20.615384615384617
28.0,906,41491905,32.357142857142854
29.0,869,41492774,29.96551724137931
21.0,595,41493369,28.333333333333332
14.0,345,41493714,24.642857142857142
43.0,1357,41495071,31.558139534883722
18.0,444,41495515,24.666666666666668
48.0,1461,41496976,30.4375
52.0,1469,41498445,28.25
19.0,549,41498994,28.894736842105264
12.0,320,41499314,26.666666666666668
31.0,807,41500121,26.032258064516128
8.0,221,41500342,27.625
3.0,37,41500379,12.333333333333334
36.0,1114,41501493,30.944444444444443
25.0,699,41502192,27.96
18.0,549,41502741,30.5
18.0,453,41503194,25.166666666666668
16.0,462,41503656,28.875
39.0,1038,41504694,26.615384615384617
35.0,887,41505581,25.34285714285714
40.0,1085,41506666,27.125
11.0,379,41507045,34.45454545454545
32.0,830,41507875,25.9375
46.0,1134,41509009,24.652173913043477
13.0,372,41509381,28.615384615384617
20.0,575,41509956,28.75
41.0,1301,41511257,31.73170731707317
32.0,791,41512048,24.71875
20.0,681,41512729,34.05
27.0,804,41513533,29.77777777777778
22.0,707,41514240,32.13636363636363
30.0,990,41515230,33.0
6.0,176,41515406,29.333333333333332
22.0,509,41515915,23.136363636363637
41.0,1270,41517185,30.975609756097562
14.0,376,41517561,26.857142857142858
30.0,945,41518506,31.5
19.0,439,41518945,23.105263157894736
26.0,877,41519822,33.73076923076923
40.0,1074,41520896,26.85
28.0,672,41521568,24.0
29.0,836,41522404,28.82758620689655
40.0,1273,41523677,31.825
21.0,670,41524347,31.904761904761905
18.0,471,41524818,26.166666666666668
31.0,717,41525535,23.129032258064516
34.0,1030,41526565,30.294117647058822
25.0,679,41527244,27.16
19.0,486,41527730,25.57894736842105
15.0,474,41528204,31.6
40.0,1108,41529312,27.7
14.0,251,41529563,17.928571428571427
13.0,373,41529936,28.692307692307693
35.0,1012,41530948,28.914285714285715
33.0,1204,41532152,36.484848484848484
42.0,1285,41533437,30.595238095238095
25.0,763,41534200,30.52
27.0,767,41534967,28.40740740740741
23.0,700,41535667,30.434782608695652
30.0,802,41536469,26.733333333333334
23.0,677,41537146,29.434782608695652
7.0,147,41537293,21.0
30.0,774,41538067,25.8
41.0,1324,41539391,32.292682926829265
38.0,992,41540383,26.105263157894736
13.0,251,41540634,19.307692307692307
35.0,1031,41541665,29.457142857142856
16.0,399,41542064,24.9375
36.0,1012,41543076,28.11111111111111
22.0,608,41543684,27.636363636363637
36.0,1012,41544696,28.11111111111111
29.0,849,41545545,29.275862068965516
41.0,1101,41546646,26.853658536585368
14.0,408,41547054,29.142857142857142
29.0,576,41547630,19.862068965517242
38.0,1122,41548752,29.526315789473685
32.0,954,41549706,29.8125
26.0,638,41550344,24.53846153846154
38.0,904,41551248,23.789473684210527
31.0,951,41552199,30.677419354838708
18.0,372,41552571,20.666666666666668
15.0,388,41552959,25.866666666666667
18.0,408,41553367,22.666666666666668
12.0,417,41553784,34.75
15.0,411,41554195,27.4
25.0,738,41554933,29.52
24.0,652,41555585,27.166666666666668
18.0,465,41556050,25.833333333333332
49.0,1434,41557484,29.26530612244898
17.0,427,41557911,25.11764705882353
51.0,1682,41559593,32.98039215686274
23.0,712,41560305,30.956521739130434
27.0,778,41561083,28.814814814814813
21.0,682,41561765,32.476190476190474
30.0,800,41562565,26.666666666666668
3.0,31,41562596,10.333333333333334
10.0,495,41563091,49.5
11.0,317,41563408,28.818181818181817
34.0,960,41564368,28.235294117647058
16.0,539,41564907,33.6875
33.0,1169,41566076,35.42424242424242
28.0,978,41567054,34.92857142857143
38.0,1115,41568169,29.342105263157894
21.0,734,41568903,34.95238095238095
20.0,744,41569647,37.2
29.0,860,41570507,29.655172413793103
22.0,596,41571103,27.09090909090909
19.0,650,41571753,34.21052631578947
15.0,563,41572316,37.53333333333333
16.0,688,41573004,43.0
25.0,711,41573715,28.44
28.0,710,41574425,25.357142857142858
16.0,556,41574981,34.75
30.0,1146,41576127,38.2
21.0,647,41576774,30.80952380952381
31.0,1125,41577899,36.29032258064516
37.0,1032,41578931,27.89189189189189
6.0,148,41579079,24.666666666666668
23.0,707,41579786,30.73913043478261
22.0,682,41580468,31.0
44.0,1513,41581981,34.38636363636363
18.0,657,41582638,36.5
11.0,226,41582864,20.545454545454547
32.0,1140,41584004,35.625
25.0,807,41584811,32.28
48.0,1521,41586332,31.6875
23.0,626,41586958,27.217391304347824
18.0,549,41587507,30.5
3.0,131,41587638,43.666666666666664
40.0,1286,41588924,32.15
18.0,621,41589545,34.5
14.0,350,41589895,25.0
24.0,606,41590501,25.25
42.0,1400,41591901,33.333333333333336
39.0,1299,41593200,33.30769230769231
11.0,297,41593497,27.0
12.0,466,41593963,38.833333333333336
40.0,1431,41595394,35.775
23.0,806,41596200,35.04347826086956
8.0,227,41596427,28.375
27.0,958,41597385,35.48148148148148
20.0,653,41598038,32.65
3.0,132,41598170,44.0
37.0,1335,41599505,36.08108108108108
33.0,1076,41600581,32.60606060606061
25.0,725,41601306,29.0
30.0,932,41602238,31.066666666666666
31.0,925,41603163,29.838709677419356
15.0,488,41603651,32.53333333333333
22.0,617,41604268,28.045454545454547
28.0,780,41605048,27.857142857142858
9.0,158,41605206,17.555555555555557
31.0,901,41606107,29.06451612903226
22.0,704,41606811,32.0
30.0,1161,41607972,38.7
28.0,847,41608819,30.25
18.0,441,41609260,24.5
21.0,589,41609849,28.047619047619047
8.0,180,41610029,22.5
20.0,607,41610636,30.35
25.0,579,41611215,23.16
29.0,835,41612050,28.79310344827586
12.0,267,41612317,22.25
20.0,553,41612870,27.65
19.0,464,41613334,24.42105263157895
22.0,767,41614101,34.86363636363637
20.0,635,41614736,31.75
16.0,539,41615275,33.6875
30.0,1237,41616512,41.233333333333334
41.0,1711,41618223,41.73170731707317
27.0,815,41619038,30.185185185185187
22.0,834,41619872,37.90909090909091
25.0,858,41620730,34.32
10.0,345,41621075,34.5
4.0,77,41621152,19.25
29.0,888,41622040,30.620689655172413
24.0,710,41622750,29.583333333333332
12.0,415,41623165,34.583333333333336
21.0,514,41623679,24.476190476190474
22.0,622,41624301,28.272727272727273
14.0,407,41624708,29.071428571428573
49.0,1571,41626279,32.06122448979592
19.0,582,41626861,30.63157894736842
9.0,215,41627076,23.88888888888889
29.0,1095,41628171,37.758620689655174
16.0,502,41628673,31.375
14.0,518,41629191,37.0
40.0,1150,41630341,28.75
38.0,1257,41631598,33.078947368421055
10.0,255,41631853,25.5
30.0,954,41632807,31.8
26.0,767,41633574,29.5
32.0,1081,41634655,33.78125
9.0,165,41634820,18.333333333333332
33.0,867,41635687,26.272727272727273
37.0,1509,41637196,40.78378378378378
26.0,883,41638079,33.96153846153846
17.0,705,41638784,41.470588235294116
24.0,796,41639580,33.166666666666664
38.0,1086,41640666,28.57894736842105
22.0,1105,41641771,50.22727272727273
12.0,345,41642116,28.75
18.0,554,41642670,30.77777777777778
25.0,779,41643449,31.16
8.0,232,41643681,29.0
19.0,574,41644255,30.210526315789473
19.0,512,41644767,26.94736842105263
28.0,876,41645643,31.285714285714285
23.0,587,41646230,25.52173913043478
24.0,652,41646882,27.166666666666668
25.0,832,41647714,33.28
16.0,634,41648348,39.625
26.0,767,41649115,29.5
7.0,145,41649260,20.714285714285715
16.0,412,41649672,25.75
11.0,212,41649884,19.272727272727273
13.0,224,41650108,17.23076923076923
6.0,200,41650308,33.333333333333336
27.0,928,41651236,34.370370370370374
17.0,501,41651737,29.470588235294116
27.0,737,41652474,27.296296296296298
43.0,1404,41653878,32.651162790697676
20.0,595,41654473,29.75
33.0,959,41655432,29.060606060606062
9.0,358,41655790,39.77777777777778
36.0,1205,41656995,33.47222222222222
7.0,143,41657138,20.428571428571427
9.0,298,41657436,33.111111111111114
11.0,260,41657696,23.636363636363637
27.0,751,41658447,27.814814814814813
28.0,1007,41659454,35.964285714285715
29.0,981,41660435,33.827586206896555
22.0,594,41661029,27.0
8.0,223,41661252,27.875
26.0,909,41662161,34.96153846153846
9.0,307,41662468,34.111111111111114
23.0,739,41663207,32.130434782608695
7.0,214,41663421,30.571428571428573
14.0,439,41663860,31.357142857142858
19.0,540,41664400,28.42105263157895
25.0,857,41665257,34.28
15.0,480,41665737,32.0
35.0,1371,41667108,39.17142857142857
21.0,448,41667556,21.333333333333332
28.0,960,41668516,34.285714285714285
13.0,447,41668963,34.38461538461539
12.0,296,41669259,24.666666666666668
37.0,1272,41670531,34.37837837837838
31.0,938,41671469,30.258064516129032
25.0,877,41672346,35.08
5.0,113,41672459,22.6
37.0,1179,41673638,31.864864864864863
23.0,613,41674251,26.652173913043477
37.0,1321,41675572,35.7027027027027
18.0,456,41676028,25.333333333333332
10.0,271,41676299,27.1
4.0,133,41676432,33.25
15.0,386,41676818,25.733333333333334
20.0,602,41677420,30.1
9.0,171,41677591,19.0
15.0,419,41678010,27.933333333333334
19.0,695,41678705,36.578947368421055
14.0,414,41679119,29.571428571428573
15.0,477,41679596,31.8
36.0,1193,41680789,33.138888888888886
30.0,837,41681626,27.9
33.0,840,41682466,25.454545454545453
10.0,258,41682724,25.8
40.0,1409,41684133,35.225
31.0,903,41685036,29.129032258064516
28.0,892,41685928,31.857142857142858
30.0,836,41686764,27.866666666666667
1.0,61,41686825,61.0
21.0,545,41687370,25.952380952380953
12.0,325,41687695,27.083333333333332
36.0,1344,41689039,37.333333333333336
24.0,657,41689696,27.375
2.0,39,41689735,19.5
15.0,446,41690181,29.733333333333334
39.0,1166,41691347,29.897435897435898
15.0,431,41691778,28.733333333333334
20.0,572,41692350,28.6
39.0,994,41693344,25.487179487179485
23.0,649,41693993,28.217391304347824
19.0,719,41694712,37.8421052631579
17.0,652,41695364,38.35294117647059
43.0,1306,41696670,30.372093023255815
33.0,1176,41697846,35.63636363636363
13.0,217,41698063,16.692307692307693
20.0,546,41698609,27.3
24.0,881,41699490,36.708333333333336
15.0,457,41699947,30.466666666666665
12.0,346,41700293,28.833333333333332
9.0,230,41700523,25.555555555555557
4.0,139,41700662,34.75
2.0,40,41700702,20.0
1.0,31,41700733,31.0
25.0,786,41701519,31.44
21.0,606,41702125,28.857142857142858
37.0,1228,41703353,33.189189189189186
34.0,1177,41704530,34.61764705882353
26.0,955,41705485,36.73076923076923
14.0,496,41705981,35.42857142857143
30.0,1178,41707159,39.266666666666666
32.0,1164,41708323,36.375
37.0,1292,41709615,34.91891891891892
30.0,1148,41710763,38.266666666666666
34.0,1170,41711933,34.411764705882355
23.0,496,41712429,21.565217391304348
31.0,789,41713218,25.451612903225808
40.0,1426,41714644,35.65
22.0,570,41715214,25.90909090909091
9.0,213,41715427,23.666666666666668
30.0,934,41716361,31.133333333333333
35.0,1064,41717425,30.4
20.0,657,41718082,32.85
13.0,387,41718469,29.76923076923077
14.0,381,41718850,27.214285714285715
29.0,967,41719817,33.3448275862069
22.0,655,41720472,29.772727272727273
27.0,702,41721174,26.0
17.0,377,41721551,22.176470588235293
31.0,838,41722389,27.032258064516128
18.0,642,41723031,35.666666666666664
24.0,736,41723767,30.666666666666668
28.0,766,41724533,27.357142857142858
36.0,1217,41725750,33.80555555555556
20.0,514,41726264,25.7
19.0,557,41726821,29.31578947368421
39.0,1304,41728125,33.43589743589744
28.0,789,41728914,28.178571428571427
34.0,1134,41730048,33.35294117647059
21.0,709,41730757,33.76190476190476
20.0,567,41731324,28.35
28.0,807,41732131,28.821428571428573
33.0,1016,41733147,30.78787878787879
48.0,1168,41734315,24.333333333333332
37.0,1105,41735420,29.864864864864863
23.0,573,41735993,24.91304347826087
15.0,499,41736492,33.266666666666666
28.0,1143,41737635,40.82142857142857
23.0,644,41738279,28.0
27.0,817,41739096,30.25925925925926
41.0,1423,41740519,34.707317073170735
30.0,992,41741511,33.06666666666667
22.0,653,41742164,29.681818181818183
32.0,1051,41743215,32.84375
44.0,1549,41744764,35.20454545454545
33.0,1293,41746057,39.18181818181818
37.0,1213,41747270,32.78378378378378
40.0,985,41748255,24.625
16.0,418,41748673,26.125
13.0,377,41749050,29.0
45.0,1519,41750569,33.75555555555555
31.0,915,41751484,29.516129032258064
29.0,890,41752374,30.689655172413794
26.0,737,41753111,28.346153846153847
15.0,536,41753647,35.733333333333334
18.0,564,41754211,31.333333333333332
40.0,1552,41755763,38.8
17.0,297,41756060,17.470588235294116
23.0,621,41756681,27.0
38.0,1394,41758075,36.68421052631579
38.0,1397,41759472,36.76315789473684
11.0,341,41759813,31.0
10.0,336,41760149,33.6
21.0,653,41760802,31.095238095238095
30.0,901,41761703,30.033333333333335
36.0,1037,41762740,28.805555555555557
22.0,711,41763451,32.31818181818182
41.0,1125,41764576,27.4390243902439
27.0,927,41765503,34.333333333333336
36.0,1050,41766553,29.166666666666668
37.0,1093,41767646,29.54054054054054
40.0,1473,41769119,36.825
8.0,167,41769286,20.875
21.0,776,41770062,36.95238095238095
36.0,1069,41771131,29.694444444444443
37.0,1279,41772410,34.567567567567565
24.0,668,41773078,27.833333333333332
9.0,204,41773282,22.666666666666668
8.0,170,41773452,21.25
27.0,858,41774310,31.77777777777778
38.0,1375,41775685,36.18421052631579
17.0,462,41776147,27.176470588235293
16.0,448,41776595,28.0
37.0,1532,41778127,41.4054054054054
39.0,1340,41779467,34.35897435897436
15.0,363,41779830,24.2
20.0,618,41780448,30.9
45.0,1670,41782118,37.111111111111114
26.0,849,41782967,32.65384615384615
17.0,545,41783512,32.05882352941177
29.0,917,41784429,31.620689655172413
24.0,715,41785144,29.791666666666668
23.0,526,41785670,22.869565217391305
5.0,146,41785816,29.2
43.0,1596,41787412,37.116279069767444
28.0,982,41788394,35.07142857142857
21.0,807,41789201,38.42857142857143
18.0,583,41789784,32.388888888888886
22.0,627,41790411,28.5
30.0,1045,41791456,34.833333333333336
32.0,1157,41792613,36.15625
13.0,352,41792965,27.076923076923077
23.0,580,41793545,25.217391304347824
25.0,640,41794185,25.6
1.0,45,41794230,45.0
20.0,551,41794781,27.55
39.0,1279,41796060,32.794871794871796
38.0,1272,41797332,33.473684210526315
30.0,1122,41798454,37.4
20.0,670,41799124,33.5
29.0,785,41799909,27.06896551724138
24.0,626,41800535,26.083333333333332
42.0,1360,41801895,32.38095238095238
4.0,121,41802016,30.25
51.0,1610,41803626,31.568627450980394
31.0,1032,41804658,33.29032258064516
6.0,152,41804810,25.333333333333332
25.0,762,41805572,30.48
34.0,1341,41806913,39.44117647058823
26.0,704,41807617,27.076923076923077
14.0,464,41808081,33.142857142857146
12.0,347,41808428,28.916666666666668
4.0,141,41808569,35.25
42.0,1816,41810385,43.23809523809524
8.0,342,41810727,42.75
26.0,676,41811403,26.0
18.0,668,41812071,37.111111111111114
21.0,771,41812842,36.714285714285715
28.0,882,41813724,31.5
29.0,1025,41814749,35.3448275862069
26.0,848,41815597,32.61538461538461
10.0,411,41816008,41.1
7.0,177,41816185,25.285714285714285
8.0,234,41816419,29.25
12.0,391,41816810,32.583333333333336
3.0,72,41816882,24.0
21.0,795,41817677,37.857142857142854
30.0,1069,41818746,35.63333333333333
36.0,1142,41819888,31.72222222222222
6.0,224,41820112,37.333333333333336
8.0,294,41820406,36.75
5.0,193,41820599,38.6
39.0,1432,41822031,36.717948717948715
24.0,866,41822897,36.083333333333336
35.0,1109,41824006,31.685714285714287
28.0,737,41824743,26.321428571428573
17.0,606,41825349,35.64705882352941
25.0,969,41826318,38.76
22.0,701,41827019,31.863636363636363
25.0,1008,41828027,40.32
26.0,874,41828901,33.61538461538461
35.0,1166,41830067,33.31428571428572
26.0,960,41831027,36.92307692307692
5.0,221,41831248,44.2
19.0,697,41831945,36.68421052631579
22.0,678,41832623,30.818181818181817
28.0,1083,41833706,38.67857142857143
34.0,1291,41834997,37.970588235294116
27.0,667,41835664,24.703703703703702
29.0,902,41836566,31.103448275862068
34.0,1197,41837763,35.205882352941174
8.0,276,41838039,34.5
42.0,1419,41839458,33.785714285714285
25.0,854,41840312,34.16
9.0,298,41840610,33.111111111111114
12.0,216,41840826,18.0
25.0,908,41841734,36.32
32.0,1165,41842899,36.40625
26.0,784,41843683,30.153846153846153
24.0,998,41844681,41.583333333333336
37.0,1345,41846026,36.351351351351354
8.0,219,41846245,27.375
17.0,503,41846748,29.58823529411765
35.0,1319,41848067,37.68571428571428
43.0,1875,41849942,43.604651162790695
12.0,502,41850444,41.833333333333336
11.0,376,41850820,34.18181818181818
3.0,60,41850880,20.0
12.0,398,41851278,33.166666666666664
12.0,318,41851596,26.5
5.0,295,41851891,59.0
13.0,352,41852243,27.076923076923077
34.0,1174,41853417,34.529411764705884
5.0,178,41853595,35.6
31.0,741,41854336,23.903225806451612
9.0,270,41854606,30.0
30.0,921,41855527,30.7
1.0,32,41855559,32.0
7.0,318,41855877,45.42857142857143
32.0,963,41856840,30.09375
32.0,1068,41857908,33.375
23.0,635,41858543,27.608695652173914
9.0,362,41858905,40.22222222222222
12.0,394,41859299,32.833333333333336
1.0,116,41859415,116.0
22.0,670,41860085,30.454545454545453
40.0,1614,41861699,40.35
18.0,575,41862274,31.944444444444443
25.0,859,41863133,34.36
29.0,1000,41864133,34.48275862068966
42.0,1649,41865782,39.26190476190476
6.0,216,41865998,36.0
14.0,355,41866353,25.357142857142858
33.0,1102,41867455,33.39393939393939
39.0,1395,41868850,35.76923076923077
4.0,102,41868952,25.5
9.0,229,41869181,25.444444444444443
1.0,25,41869206,25.0
33.0,1309,41870515,39.666666666666664
17.0,521,41871036,30.647058823529413
25.0,804,41871840,32.16
12.0,495,41872335,41.25
27.0,838,41873173,31.037037037037038
32.0,1023,41874196,31.96875
9.0,338,41874534,37.55555555555556
39.0,1453,41875987,37.256410256410255
32.0,937,41876924,29.28125
15.0,571,41877495,38.06666666666667
27.0,808,41878303,29.925925925925927
11.0,373,41878676,33.90909090909091
33.0,1043,41879719,31.606060606060606
18.0,501,41880220,27.833333333333332
24.0,710,41880930,29.583333333333332
23.0,596,41881526,25.91304347826087
32.0,1470,41882996,45.9375
21.0,669,41883665,31.857142857142858
25.0,767,41884432,30.68
13.0,470,41884902,36.15384615384615
17.0,650,41885552,38.23529411764706
18.0,770,41886322,42.77777777777778
14.0,465,41886787,33.214285714285715
21.0,515,41887302,24.523809523809526
39.0,1310,41888612,33.58974358974359
36.0,1323,41889935,36.75
34.0,812,41890747,23.88235294117647
32.0,1035,41891782,32.34375
17.0,570,41892352,33.529411764705884
16.0,531,41892883,33.1875
5.0,177,41893060,35.4
16.0,398,41893458,24.875
23.0,836,41894294,36.34782608695652
20.0,726,41895020,36.3
22.0,727,41895747,33.04545454545455
22.0,799,41896546,36.31818181818182
19.0,724,41897270,38.10526315789474
31.0,821,41898091,26.483870967741936
10.0,231,41898322,23.1
29.0,949,41899271,32.724137931034484
30.0,1086,41900357,36.2
34.0,1424,41901781,41.88235294117647
19.0,626,41902407,32.94736842105263
31.0,1039,41903446,33.516129032258064
9.0,195,41903641,21.666666666666668
13.0,554,41904195,42.61538461538461
22.0,764,41904959,34.72727272727273
39.0,1411,41906370,36.17948717948718
43.0,1607,41907977,37.372093023255815
4.0,159,41908136,39.75
8.0,375,41908511,46.875
7.0,263,41908774,37.57142857142857
11.0,449,41909223,40.81818181818182
12.0,425,41909648,35.416666666666664
9.0,348,41909996,38.666666666666664
26.0,964,41910960,37.07692307692308
30.0,1206,41912166,40.2
35.0,1209,41913375,34.542857142857144
2.0,64,41913439,32.0
29.0,1006,41914445,34.689655172413794
8.0,342,41914787,42.75
20.0,620,41915407,31.0
29.0,959,41916366,33.06896551724138
31.0,829,41917195,26.741935483870968
38.0,1099,41918294,28.92105263157895
22.0,593,41918887,26.954545454545453
51.0,1899,41920786,37.23529411764706
16.0,542,41921328,33.875
48.0,1686,41923014,35.125
5.0,163,41923177,32.6
37.0,1485,41924662,40.13513513513514
34.0,1236,41925898,36.35294117647059
24.0,534,41926432,22.25
3.0,56,41926488,18.666666666666668
11.0,401,41926889,36.45454545454545
25.0,801,41927690,32.04
40.0,1515,41929205,37.875
24.0,786,41929991,32.75
17.0,449,41930440,26.41176470588235
24.0,790,41931230,32.916666666666664
44.0,1744,41932974,39.63636363636363
2.0,48,41933022,24.0
25.0,772,41933794,30.88
26.0,869,41934663,33.42307692307692
11.0,350,41935013,31.818181818181817
31.0,962,41935975,31.032258064516128
7.0,263,41936238,37.57142857142857
33.0,983,41937221,29.78787878787879
24.0,719,41937940,29.958333333333332
30.0,1088,41939028,36.266666666666666
19.0,574,41939602,30.210526315789473
3.0,108,41939710,36.0
40.0,1324,41941034,33.1
17.0,649,41941683,38.1764705882353
13.0,561,41942244,43.15384615384615
13.0,265,41942509,20.384615384615383
38.0,1452,41943961,38.21052631578947
40.0,1430,41945391,35.75
14.0,497,41945888,35.5
22.0,624,41946512,28.363636363636363
29.0,1044,41947556,36.0
11.0,383,41947939,34.81818181818182
13.0,460,41948399,35.38461538461539
32.0,1073,41949472,33.53125
5.0,156,41949628,31.2
16.0,680,41950308,42.5
32.0,1165,41951473,36.40625
34.0,1080,41952553,31.764705882352942
32.0,1315,41953868,41.09375
36.0,1042,41954910,28.944444444444443
31.0,1177,41956087,37.96774193548387
26.0,1029,41957116,39.57692307692308
16.0,527,41957643,32.9375
30.0,1071,41958714,35.7
6.0,272,41958986,45.333333333333336
34.0,1140,41960126,33.529411764705884
34.0,1122,41961248,33.0
11.0,512,41961760,46.54545454545455
29.0,901,41962661,31.06896551724138
27.0,870,41963531,32.22222222222222
13.0,422,41963953,32.46153846153846
37.0,1219,41965172,32.945945945945944
20.0,647,41965819,32.35
30.0,1186,41967005,39.53333333333333
27.0,895,41967900,33.148148148148145
11.0,480,41968380,43.63636363636363
22.0,715,41969095,32.5
14.0,391,41969486,27.928571428571427
22.0,712,41970198,32.36363636363637
40.0,1322,41971520,33.05
54.0,1907,41973427,35.31481481481482
28.0,768,41974195,27.428571428571427
26.0,819,41975014,31.5
19.0,560,41975574,29.473684210526315
23.0,978,41976552,42.52173913043478
23.0,738,41977290,32.08695652173913
23.0,853,41978143,37.08695652173913
6.0,379,41978522,63.166666666666664
26.0,938,41979460,36.07692307692308
20.0,670,41980130,33.5
22.0,774,41980904,35.18181818181818
23.0,605,41981509,26.304347826086957
15.0,338,41981847,22.533333333333335
16.0,492,41982339,30.75
27.0,1210,41983549,44.81481481481482
43.0,1489,41985038,34.627906976744185
19.0,654,41985692,34.421052631578945
10.0,279,41985971,27.9
28.0,907,41986878,32.392857142857146
10.0,301,41987179,30.1
41.0,1506,41988685,36.73170731707317
40.0,1672,41990357,41.8
33.0,1156,41991513,35.03030303030303
20.0,554,41992067,27.7
3.0,89,41992156,29.666666666666668
38.0,1406,41993562,37.0
18.0,808,41994370,44.888888888888886
33.0,1250,41995620,37.878787878787875
19.0,557,41996177,29.31578947368421
28.0,1159,41997336,41.392857142857146
30.0,1001,41998337,33.36666666666667
16.0,513,41998850,32.0625
14.0,400,41999250,28.571428571428573
32.0,1177,42000427,36.78125
30.0,1074,42001501,35.8
15.0,442,42001943,29.466666666666665
9.0,397,42002340,44.111111111111114
11.0,337,42002677,30.636363636363637
40.0,1392,42004069,34.8
5.0,154,42004223,30.8
27.0,613,42004836,22.703703703703702
37.0,1098,42005934,29.675675675675677
34.0,1078,42007012,31.705882352941178
20.0,631,42007643,31.55
20.0,802,42008445,40.1
24.0,841,42009286,35.041666666666664
28.0,827,42010113,29.535714285714285
28.0,788,42010901,28.142857142857142
34.0,1236,42012137,36.35294117647059
6.0,218,42012355,36.333333333333336
3.0,148,42012503,49.333333333333336
28.0,838,42013341,29.928571428571427
5.0,103,42013444,20.6
12.0,408,42013852,34.0
15.0,394,42014246,26.266666666666666
10.0,317,42014563,31.7
29.0,813,42015376,28.03448275862069
27.0,1106,42016482,40.96296296296296
5.0,216,42016698,43.2
14.0,423,42017121,30.214285714285715
21.0,627,42017748,29.857142857142858
32.0,1095,42018843,34.21875
30.0,833,42019676,27.766666666666666
29.0,909,42020585,31.344827586206897
34.0,1049,42021634,30.852941176470587
13.0,344,42021978,26.46153846153846
7.0,163,42022141,23.285714285714285
40.0,1332,42023473,33.3
23.0,675,42024148,29.347826086956523
5.0,220,42024368,44.0
21.0,1255,42025623,59.76190476190476
36.0,1260,42026883,35.0
36.0,1206,42028089,33.5
3.0,137,42028226,45.666666666666664
27.0,1105,42029331,40.925925925925924
34.0,1076,42030407,31.647058823529413
11.0,322,42030729,29.272727272727273
31.0,998,42031727,32.193548387096776
37.0,1259,42032986,34.027027027027025
10.0,277,42033263,27.7
18.0,548,42033811,30.444444444444443
8.0,202,42034013,25.25
18.0,666,42034679,37.0
37.0,1450,42036129,39.189189189189186
20.0,1182,42037311,59.1
19.0,558,42037869,29.36842105263158
19.0,712,42038581,37.473684210526315
36.0,1441,42040022,40.02777777777778
15.0,361,42040383,24.066666666666666
36.0,1020,42041403,28.333333333333332
32.0,1030,42042433,32.1875
14.0,614,42043047,43.857142857142854
48.0,1716,42044763,35.75
6.0,146,42044909,24.333333333333332
23.0,900,42045809,39.130434782608695
9.0,201,42046010,22.333333333333332
14.0,340,42046350,24.285714285714285
2.0,79,42046429,39.5
20.0,562,42046991,28.1
32.0,991,42047982,30.96875
41.0,1792,42049774,43.707317073170735
25.0,837,42050611,33.48
21.0,621,42051232,29.571428571428573
21.0,555,42051787,26.428571428571427
21.0,590,42052377,28.095238095238095
5.0,106,42052483,21.2
48.0,1751,42054234,36.479166666666664
40.0,1442,42055676,36.05
39.0,1328,42057004,34.05128205128205
31.0,864,42057868,27.870967741935484
1.0,39,42057907,39.0
32.0,1287,42059194,40.21875
8.0,348,42059542,43.5
20.0,602,42060144,30.1
17.0,475,42060619,27.941176470588236
9.0,308,42060927,34.22222222222222
31.0,1039,42061966,33.516129032258064
6.0,155,42062121,25.833333333333332
38.0,1391,42063512,36.60526315789474
4.0,161,42063673,40.25
47.0,1465,42065138,31.170212765957448
6.0,173,42065311,28.833333333333332
13.0,454,42065765,34.92307692307692
4.0,113,42065878,28.25
37.0,1260,42067138,34.054054054054056
26.0,1002,42068140,38.53846153846154
1.0,35,42068175,35.0
11.0,384,42068559,34.90909090909091
26.0,843,42069402,32.42307692307692
35.0,1327,42070729,37.91428571428571
22.0,803,42071532,36.5
8.0,236,42071768,29.5
34.0,1247,42073015,36.6764705882353
27.0,933,42073948,34.55555555555556
27.0,917,42074865,33.96296296296296
31.0,1252,42076117,40.38709677419355
13.0,507,42076624,39.0
22.0,1267,42077891,57.59090909090909
1.0,25,42077916,25.0
27.0,852,42078768,31.555555555555557
23.0,955,42079723,41.52173913043478
27.0,724,42080447,26.814814814814813
4.0,110,42080557,27.5
38.0,1178,42081735,31.0
31.0,1002,42082737,32.32258064516129
43.0,1455,42084192,33.83720930232558
11.0,286,42084478,26.0
13.0,316,42084794,24.307692307692307
45.0,1622,42086416,36.044444444444444
40.0,1359,42087775,33.975
13.0,422,42088197,32.46153846153846
19.0,641,42088838,33.73684210526316
11.0,389,42089227,35.36363636363637
37.0,1515,42090742,40.945945945945944
34.0,1163,42091905,34.205882352941174
34.0,1168,42093073,34.35294117647059
18.0,609,42093682,33.833333333333336
14.0,446,42094128,31.857142857142858
19.0,531,42094659,27.94736842105263
15.0,522,42095181,34.8
39.0,1246,42096427,31.94871794871795
29.0,856,42097283,29.517241379310345
8.0,194,42097477,24.25
23.0,913,42098390,39.69565217391305
42.0,1873,42100263,44.595238095238095
26.0,1143,42101406,43.96153846153846
25.0,976,42102382,39.04
20.0,472,42102854,23.6
13.0,330,42103184,25.384615384615383
29.0,895,42104079,30.862068965517242
35.0,1261,42105340,36.02857142857143
35.0,1172,42106512,33.48571428571429
50.0,1748,42108260,34.96
34.0,1409,42109669,41.44117647058823
40.0,1835,42111504,45.875
42.0,1546,42113050,36.80952380952381
42.0,1678,42114728,39.95238095238095
40.0,1269,42115997,31.725
24.0,954,42116951,39.75
25.0,937,42117888,37.48
48.0,1964,42119852,40.916666666666664
43.0,1410,42121262,32.7906976744186
18.0,757,42122019,42.05555555555556
3.0,112,42122131,37.333333333333336
39.0,1387,42123518,35.56410256410256
29.0,1058,42124576,36.48275862068966
39.0,1854,42126430,47.53846153846154
24.0,701,42127131,29.208333333333332
35.0,1854,42128985,52.97142857142857
17.0,609,42129594,35.8235294117647
38.0,1284,42130878,33.78947368421053
25.0,803,42131681,32.12
9.0,731,42132412,81.22222222222223
38.0,1351,42133763,35.55263157894737
15.0,330,42134093,22.0
30.0,950,42135043,31.666666666666668
21.0,590,42135633,28.095238095238095
21.0,778,42136411,37.04761904761905
31.0,1190,42137601,38.38709677419355
31.0,994,42138595,32.064516129032256
29.0,1074,42139669,37.03448275862069
51.0,2116,42141785,41.490196078431374
38.0,1297,42143082,34.13157894736842
33.0,1282,42144364,38.84848484848485
29.0,1057,42145421,36.44827586206897
27.0,798,42146219,29.555555555555557
6.0,184,42146403,30.666666666666668
35.0,1240,42147643,35.42857142857143
32.0,1125,42148768,35.15625
10.0,196,42148964,19.6
36.0,1120,42150084,31.11111111111111
32.0,1075,42151159,33.59375
42.0,1309,42152468,31.166666666666668
38.0,1234,42153702,32.473684210526315
22.0,726,42154428,33.0
14.0,487,42154915,34.785714285714285
35.0,1353,42156268,38.65714285714286
27.0,984,42157252,36.44444444444444
29.0,879,42158131,30.310344827586206
35.0,842,42158973,24.057142857142857
2.0,48,42159021,24.0
3.0,577,42159598,192.33333333333334
31.0,847,42160445,27.322580645161292
29.0,880,42161325,30.344827586206897
44.0,1469,42162794,33.38636363636363
32.0,1079,42163873,33.71875
31.0,1171,42165044,37.774193548387096
7.0,652,42165696,93.14285714285714
14.0,489,42166185,34.92857142857143
22.0,975,42167160,44.31818181818182
29.0,1037,42168197,35.758620689655174
35.0,1321,42169518,37.74285714285714
21.0,815,42170333,38.80952380952381
45.0,1694,42172027,37.644444444444446
4.0,107,42172134,26.75
34.0,1386,42173520,40.76470588235294
31.0,872,42174392,28.129032258064516
27.0,731,42175123,27.074074074074073
12.0,357,42175480,29.75
32.0,1111,42176591,34.71875
52.0,1673,42178264,32.17307692307692
13.0,468,42178732,36.0
34.0,1110,42179842,32.64705882352941
32.0,1243,42181085,38.84375
7.0,370,42181455,52.857142857142854
15.0,557,42182012,37.13333333333333
35.0,1269,42183281,36.25714285714286
26.0,854,42184135,32.84615384615385
30.0,833,42184968,27.766666666666666
25.0,959,42185927,38.36
47.0,1417,42187344,30.148936170212767
30.0,1053,42188397,35.1
15.0,474,42188871,31.6
28.0,972,42189843,34.714285714285715
15.0,541,42190384,36.06666666666667
26.0,877,42191261,33.73076923076923
44.0,1641,42192902,37.29545454545455
29.0,837,42193739,28.862068965517242
4.0,616,42194355,154.0
22.0,847,42195202,38.5
42.0,1415,42196617,33.69047619047619
34.0,1140,42197757,33.529411764705884
46.0,1393,42199150,30.282608695652176
12.0,444,42199594,37.0
30.0,1160,42200754,38.666666666666664
49.0,1645,42202399,33.57142857142857
44.0,1563,42203962,35.52272727272727
50.0,2111,42206073,42.22
35.0,1268,42207341,36.22857142857143
33.0,1199,42208540,36.333333333333336
21.0,624,42209164,29.714285714285715
31.0,991,42210155,31.967741935483872
36.0,1291,42211446,35.861111111111114
38.0,1205,42212651,31.710526315789473
10.0,424,42213075,42.4
13.0,455,42213530,35.0
33.0,1032,42214562,31.272727272727273
12.0,874,42215436,72.83333333333333
18.0,590,42216026,32.77777777777778
15.0,324,42216350,21.6
37.0,1351,42217701,36.513513513513516
35.0,1316,42219017,37.6
18.0,714,42219731,39.666666666666664
50.0,1997,42221728,39.94
36.0,1405,42223133,39.02777777777778
36.0,1709,42224842,47.47222222222222
40.0,1743,42226585,43.575
11.0,763,42227348,69.36363636363636
38.0,1397,42228745,36.76315789473684
8.0,234,42228979,29.25
26.0,1169,42230148,44.96153846153846
34.0,1468,42231616,43.1764705882353
28.0,774,42232390,27.642857142857142
9.0,354,42232744,39.333333333333336
11.0,385,42233129,35.0
43.0,1567,42234696,36.44186046511628
27.0,717,42235413,26.555555555555557
35.0,1457,42236870,41.628571428571426
15.0,446,42237316,29.733333333333334
32.0,835,42238151,26.09375
9.0,288,42238439,32.0
23.0,809,42239248,35.17391304347826
32.0,1078,42240326,33.6875
19.0,572,42240898,30.105263157894736
2.0,125,42241023,62.5
35.0,1186,42242209,33.885714285714286
19.0,571,42242780,30.05263157894737
21.0,904,42243684,43.04761904761905
35.0,1162,42244846,33.2
22.0,712,42245558,32.36363636363637
13.0,435,42245993,33.46153846153846
14.0,453,42246446,32.357142857142854
31.0,1540,42247986,49.67741935483871
33.0,1116,42249102,33.81818181818182
25.0,766,42249868,30.64
27.0,1079,42250947,39.96296296296296
36.0,1413,42252360,39.25
20.0,599,42252959,29.95
33.0,973,42253932,29.484848484848484
28.0,1133,42255065,40.464285714285715
30.0,1044,42256109,34.8
1.0,112,42256221,112.0
22.0,835,42257056,37.95454545454545
8.0,239,42257295,29.875
28.0,923,42258218,32.964285714285715
34.0,1269,42259487,37.3235294117647
29.0,1194,42260681,41.172413793103445
24.0,642,42261323,26.75
33.0,1181,42262504,35.78787878787879
44.0,1431,42263935,32.52272727272727
32.0,1385,42265320,43.28125
47.0,1718,42267038,36.5531914893617
33.0,999,42268037,30.272727272727273
8.0,226,42268263,28.25
30.0,1260,42269523,42.0
9.0,668,42270191,74.22222222222223
10.0,266,42270457,26.6
24.0,719,42271176,29.958333333333332
12.0,536,42271712,44.666666666666664
44.0,1541,42273253,35.02272727272727
6.0,160,42273413,26.666666666666668
36.0,1402,42274815,38.94444444444444
27.0,904,42275719,33.48148148148148
16.0,359,42276078,22.4375
16.0,637,42276715,39.8125
11.0,296,42277011,26.90909090909091
23.0,691,42277702,30.043478260869566
7.0,277,42277979,39.57142857142857
37.0,1257,42279236,33.972972972972975
22.0,895,42280131,40.68181818181818
10.0,231,42280362,23.1
21.0,667,42281029,31.761904761904763
36.0,1279,42282308,35.52777777777778
20.0,630,42282938,31.5
7.0,180,42283118,25.714285714285715
49.0,1697,42284815,34.63265306122449
31.0,901,42285716,29.06451612903226
27.0,786,42286502,29.11111111111111
12.0,379,42286881,31.583333333333332
7.0,631,42287512,90.14285714285714
8.0,698,42288210,87.25
44.0,1491,42289701,33.88636363636363
31.0,1191,42290892,38.41935483870968
42.0,1497,42292389,35.642857142857146
16.0,591,42292980,36.9375
15.0,465,42293445,31.0
31.0,1182,42294627,38.12903225806452
42.0,1451,42296078,34.54761904761905
14.0,472,42296550,33.714285714285715
28.0,895,42297445,31.964285714285715
32.0,1208,42298653,37.75
24.0,698,42299351,29.083333333333332
42.0,1366,42300717,32.523809523809526
25.0,643,42301360,25.72
38.0,1352,42302712,35.578947368421055
33.0,1491,42304203,45.18181818181818
27.0,1041,42305244,38.55555555555556
36.0,1308,42306552,36.333333333333336
27.0,811,42307363,30.037037037037038
27.0,819,42308182,30.333333333333332
27.0,1006,42309188,37.25925925925926
37.0,1287,42310475,34.78378378378378
19.0,618,42311093,32.526315789473685
17.0,600,42311693,35.294117647058826
13.0,464,42312157,35.69230769230769
17.0,405,42312562,23.823529411764707
39.0,1260,42313822,32.30769230769231
23.0,779,42314601,33.869565217391305
25.0,765,42315366,30.6
31.0,1109,42316475,35.774193548387096
12.0,378,42316853,31.5
33.0,1092,42317945,33.09090909090909
22.0,689,42318634,31.318181818181817
42.0,1626,42320260,38.714285714285715
23.0,995,42321255,43.26086956521739
17.0,357,42321612,21.0
26.0,816,42322428,31.384615384615383
24.0,1509,42323937,62.875
15.0,411,42324348,27.4
16.0,521,42324869,32.5625
34.0,1556,42326425,45.76470588235294
42.0,1564,42327989,37.23809523809524
24.0,825,42328814,34.375
26.0,1661,42330475,63.88461538461539
19.0,618,42331093,32.526315789473685
24.0,826,42331919,34.416666666666664
11.0,422,42332341,38.36363636363637
20.0,821,42333162,41.05
22.0,678,42333840,30.818181818181817
30.0,1072,42334912,35.733333333333334
5.0,219,42335131,43.8
41.0,1430,42336561,34.8780487804878
8.0,167,42336728,20.875
40.0,1101,42337829,27.525
19.0,639,42338468,33.63157894736842
20.0,748,42339216,37.4
32.0,1198,42340414,37.4375
27.0,988,42341402,36.592592592592595
37.0,1593,42342995,43.054054054054056
27.0,1097,42344092,40.629629629629626
18.0,635,42344727,35.27777777777778
29.0,953,42345680,32.86206896551724
26.0,891,42346571,34.26923076923077
6.0,142,42346713,23.666666666666668
34.0,1228,42347941,36.11764705882353
3.0,99,42348040,33.0
44.0,1457,42349497,33.11363636363637
8.0,331,42349828,41.375
24.0,965,42350793,40.208333333333336
43.0,1866,42352659,43.395348837209305
19.0,559,42353218,29.42105263157895
42.0,1446,42354664,34.42857142857143
38.0,1328,42355992,34.94736842105263
47.0,1673,42357665,35.59574468085106
49.0,1977,42359642,40.3469387755102
34.0,1352,42360994,39.76470588235294
24.0,832,42361826,34.666666666666664
31.0,978,42362804,31.548387096774192
8.0,581,42363385,72.625
2.0,93,42363478,46.5
33.0,1201,42364679,36.39393939393939
4.0,112,42364791,28.0
17.0,648,42365439,38.11764705882353
23.0,876,42366315,38.08695652173913
37.0,1356,42367671,36.648648648648646
45.0,1547,42369218,34.37777777777778
29.0,1295,42370513,44.6551724137931
28.0,906,42371419,32.357142857142854
30.0,930,42372349,31.0
8.0,366,42372715,45.75
16.0,644,42373359,40.25
37.0,1277,42374636,34.513513513513516
31.0,987,42375623,31.838709677419356
20.0,728,42376351,36.4
47.0,1846,42378197,39.276595744680854
17.0,629,42378826,37.0
15.0,640,42379466,42.666666666666664
6.0,178,42379644,29.666666666666668
29.0,1133,42380777,39.06896551724138
22.0,866,42381643,39.36363636363637
6.0,227,42381870,37.833333333333336
25.0,877,42382747,35.08
11.0,403,42383150,36.63636363636363
39.0,1438,42384588,36.87179487179487
31.0,881,42385469,28.419354838709676
29.0,657,42386126,22.655172413793103
16.0,501,42386627,31.3125
23.0,797,42387424,34.65217391304348
31.0,1130,42388554,36.45161290322581
18.0,527,42389081,29.27777777777778
18.0,493,42389574,27.38888888888889
32.0,1191,42390765,37.21875
31.0,999,42391764,32.225806451612904
25.0,1001,42392765,40.04
39.0,1580,42394345,40.51282051282051
9.0,343,42394688,38.111111111111114
15.0,583,42395271,38.86666666666667
13.0,720,42395991,55.38461538461539
38.0,1529,42397520,40.23684210526316
18.0,789,42398309,43.833333333333336
24.0,881,42399190,36.708333333333336
33.0,1213,42400403,36.75757575757576
25.0,847,42401250,33.88
12.0,388,42401638,32.333333333333336
7.0,140,42401778,20.0
47.0,1818,42403596,38.680851063829785
36.0,1221,42404817,33.916666666666664
33.0,1219,42406036,36.93939393939394
19.0,622,42406658,32.73684210526316
6.0,134,42406792,22.333333333333332
29.0,1176,42407968,40.55172413793103
2.0,484,42408452,242.0
2.0,43,42408495,21.5
39.0,1350,42409845,34.61538461538461
32.0,1160,42411005,36.25
42.0,1645,42412650,39.166666666666664
31.0,850,42413500,27.419354838709676
15.0,453,42413953,30.2
2.0,555,42414508,277.5
27.0,774,42415282,28.666666666666668
14.0,389,42415671,27.785714285714285
7.0,193,42415864,27.571428571428573
30.0,943,42416807,31.433333333333334
25.0,695,42417502,27.8
26.0,816,42418318,31.384615384615383
11.0,324,42418642,29.454545454545453
24.0,919,42419561,38.291666666666664
21.0,639,42420200,30.428571428571427
9.0,242,42420442,26.88888888888889
22.0,694,42421136,31.545454545454547
13.0,491,42421627,37.76923076923077
26.0,915,42422542,35.19230769230769
7.0,214,42422756,30.571428571428573
13.0,342,42423098,26.307692307692307
27.0,926,42424024,34.2962962962963
40.0,1442,42425466,36.05
39.0,1581,42427047,40.53846153846154
19.0,570,42427617,30.0
38.0,1337,42428954,35.18421052631579
39.0,1379,42430333,35.35897435897436
33.0,1186,42431519,35.93939393939394
37.0,1167,42432686,31.54054054054054
11.0,361,42433047,32.81818181818182
28.0,926,42433973,33.07142857142857
20.0,586,42434559,29.3
23.0,764,42435323,33.21739130434783
38.0,1388,42436711,36.526315789473685
9.0,304,42437015,33.77777777777778
16.0,468,42437483,29.25
38.0,1435,42438918,37.76315789473684
15.0,406,42439324,27.066666666666666
25.0,793,42440117,31.72
28.0,849,42440966,30.321428571428573
10.0,262,42441228,26.2
40.0,1302,42442530,32.55
2.0,39,42442569,19.5
24.0,960,42443529,40.0
12.0,443,42443972,36.916666666666664
13.0,427,42444399,32.84615384615385
40.0,1420,42445819,35.5
47.0,1759,42447578,37.42553191489362
10.0,406,42447984,40.6
17.0,583,42448567,34.294117647058826
22.0,653,42449220,29.681818181818183
25.0,780,42450000,31.2
13.0,541,42450541,41.61538461538461
6.0,197,42450738,32.833333333333336
40.0,1457,42452195,36.425
4.0,110,42452305,27.5
26.0,1118,42453423,43.0
50.0,1879,42455302,37.58
25.0,792,42456094,31.68
15.0,530,42456624,35.333333333333336
21.0,620,42457244,29.523809523809526
30.0,1237,42458481,41.233333333333334
32.0,1140,42459621,35.625
36.0,994,42460615,27.61111111111111
33.0,1025,42461640,31.060606060606062
22.0,784,42462424,35.63636363636363
56.0,2012,42464436,35.92857142857143
23.0,675,42465111,29.347826086956523
48.0,1713,42466824,35.6875
17.0,586,42467410,34.470588235294116
31.0,1703,42469113,54.935483870967744
26.0,717,42469830,27.576923076923077
32.0,1031,42470861,32.21875
26.0,1165,42472026,44.80769230769231
18.0,774,42472800,43.0
24.0,941,42473741,39.208333333333336
25.0,870,42474611,34.8
13.0,445,42475056,34.23076923076923
18.0,565,42475621,31.38888888888889
30.0,890,42476511,29.666666666666668
20.0,631,42477142,31.55
39.0,1274,42478416,32.666666666666664
37.0,1409,42479825,38.08108108108108
31.0,1195,42481020,38.54838709677419
24.0,759,42481779,31.625
25.0,922,42482701,36.88
27.0,917,42483618,33.96296296296296
27.0,1220,42484838,45.18518518518518
12.0,320,42485158,26.666666666666668
30.0,1028,42486186,34.266666666666666
36.0,1409,42487595,39.138888888888886
29.0,926,42488521,31.93103448275862
29.0,1070,42489591,36.89655172413793
22.0,778,42490369,35.36363636363637
28.0,1224,42491593,43.714285714285715
50.0,2050,42493643,41.0
8.0,295,42493938,36.875
36.0,1258,42495196,34.94444444444444
22.0,822,42496018,37.36363636363637
25.0,955,42496973,38.2
32.0,1024,42497997,32.0
15.0,472,42498469,31.466666666666665
17.0,435,42498904,25.58823529411765
17.0,669,42499573,39.35294117647059
35.0,1239,42500812,35.4
27.0,1086,42501898,40.22222222222222
40.0,1893,42503791,47.325
25.0,1067,42504858,42.68
27.0,701,42505559,25.962962962962962
25.0,711,42506270,28.44
25.0,818,42507088,32.72
37.0,1122,42508210,30.324324324324323
18.0,615,42508825,34.166666666666664
28.0,977,42509802,34.892857142857146
34.0,1139,42510941,33.5
35.0,1429,42512370,40.82857142857143
28.0,937,42513307,33.464285714285715
42.0,1402,42514709,33.38095238095238
22.0,626,42515335,28.454545454545453
6.0,153,42515488,25.5
41.0,1667,42517155,40.65853658536585
5.0,153,42517308,30.6
34.0,1536,42518844,45.1764705882353
7.0,64,42518908,9.142857142857142
25.0,984,42519892,39.36
32.0,1342,42521234,41.9375
29.0,1144,42522378,39.44827586206897
33.0,1034,42523412,31.333333333333332
1.0,551,42523963,551.0
34.0,1201,42525164,35.3235294117647
33.0,1039,42526203,31.484848484848484
45.0,1555,42527758,34.55555555555556
26.0,883,42528641,33.96153846153846
33.0,1126,42529767,34.121212121212125
25.0,963,42530730,38.52
39.0,1433,42532163,36.743589743589745
58.0,2045,42534208,35.258620689655174
27.0,842,42535050,31.185185185185187
51.0,1536,42536586,30.11764705882353
46.0,1617,42538203,35.15217391304348
32.0,1025,42539228,32.03125
24.0,637,42539865,26.541666666666668
22.0,535,42540400,24.318181818181817
45.0,1490,42541890,33.111111111111114
39.0,1341,42543231,34.38461538461539
36.0,1161,42544392,32.25
43.0,1259,42545651,29.27906976744186
31.0,1004,42546655,32.38709677419355
30.0,1097,42547752,36.56666666666667
15.0,352,42548104,23.466666666666665
25.0,722,42548826,28.88
20.0,597,42549423,29.85
4.0,71,42549494,17.75
21.0,744,42550238,35.42857142857143
25.0,615,42550853,24.6
45.0,1373,42552226,30.511111111111113
43.0,1350,42553576,31.3953488372093
8.0,137,42553713,17.125
28.0,981,42554694,35.035714285714285
36.0,1363,42556057,37.861111111111114
12.0,451,42556508,37.583333333333336
43.0,1362,42557870,31.674418604651162
39.0,1270,42559140,32.56410256410256
27.0,780,42559920,28.88888888888889
37.0,1125,42561045,30.405405405405407
32.0,977,42562022,30.53125
28.0,1070,42563092,38.214285714285715
23.0,615,42563707,26.73913043478261
20.0,719,42564426,35.95
35.0,1358,42565784,38.8
31.0,1027,42566811,33.12903225806452
37.0,1093,42567904,29.54054054054054
18.0,435,42568339,24.166666666666668
48.0,1649,42569988,34.354166666666664
36.0,1025,42571013,28.47222222222222
48.0,1365,42572378,28.4375
14.0,431,42572809,30.785714285714285
40.0,1363,42574172,34.075
13.0,747,42574919,57.46153846153846
10.0,252,42575171,25.2
30.0,730,42575901,24.333333333333332
46.0,1441,42577342,31.32608695652174
31.0,1128,42578470,36.38709677419355
32.0,1022,42579492,31.9375
31.0,920,42580412,29.677419354838708
36.0,1146,42581558,31.833333333333332
34.0,909,42582467,26.735294117647058
44.0,1612,42584079,36.63636363636363
28.0,901,42584980,32.17857142857143
32.0,1038,42586018,32.4375
52.0,1767,42587785,33.98076923076923
42.0,1476,42589261,35.142857142857146
30.0,830,42590091,27.666666666666668
19.0,629,42590720,33.10526315789474
21.0,592,42591312,28.19047619047619
30.0,1019,42592331,33.96666666666667
36.0,1374,42593705,38.166666666666664
11.0,323,42594028,29.363636363636363
39.0,1418,42595446,36.35897435897436
22.0,757,42596203,34.40909090909091
35.0,1102,42597305,31.485714285714284
25.0,716,42598021,28.64
49.0,1738,42599759,35.46938775510204
47.0,1541,42601300,32.787234042553195
33.0,1047,42602347,31.727272727272727
2.0,21,42602368,10.5
37.0,1152,42603520,31.135135135135137
23.0,869,42604389,37.78260869565217
33.0,961,42605350,29.12121212121212
39.0,1263,42606613,32.38461538461539
26.0,1031,42607644,39.65384615384615
23.0,797,42608441,34.65217391304348
35.0,1034,42609475,29.542857142857144
41.0,1502,42610977,36.63414634146341
51.0,1684,42612661,33.01960784313726
25.0,664,42613325,26.56
28.0,1060,42614385,37.857142857142854
20.0,846,42615231,42.3
33.0,892,42616123,27.03030303030303
34.0,1156,42617279,34.0
34.0,1038,42618317,30.529411764705884
34.0,1119,42619436,32.911764705882355
15.0,335,42619771,22.333333333333332
32.0,1013,42620784,31.65625
3.0,81,42620865,27.0
37.0,1039,42621904,28.08108108108108
41.0,1300,42623204,31.70731707317073
38.0,1413,42624617,37.18421052631579
40.0,1345,42625962,33.625
43.0,1214,42627176,28.232558139534884
51.0,1832,42629008,35.92156862745098
12.0,318,42629326,26.5
44.0,1710,42631036,38.86363636363637
36.0,1102,42632138,30.61111111111111
34.0,991,42633129,29.147058823529413
17.0,472,42633601,27.764705882352942
45.0,1456,42635057,32.355555555555554
9.0,180,42635237,20.0
44.0,1331,42636568,30.25
33.0,947,42637515,28.696969696969695
31.0,1210,42638725,39.03225806451613
46.0,1569,42640294,34.108695652173914
21.0,584,42640878,27.80952380952381
18.0,417,42641295,23.166666666666668
25.0,873,42642168,34.92
38.0,1270,42643438,33.421052631578945
34.0,1115,42644553,32.794117647058826
23.0,686,42645239,29.82608695652174
34.0,924,42646163,27.176470588235293
24.0,770,42646933,32.083333333333336
35.0,1219,42648152,34.82857142857143
35.0,1193,42649345,34.08571428571429
21.0,503,42649848,23.952380952380953
31.0,1093,42650941,35.25806451612903
26.0,894,42651835,34.38461538461539
25.0,780,42652615,31.2
44.0,1758,42654373,39.95454545454545
17.0,517,42654890,30.41176470588235
37.0,1133,42656023,30.62162162162162
21.0,660,42656683,31.428571428571427
47.0,1582,42658265,33.659574468085104
33.0,849,42659114,25.727272727272727
34.0,1132,42660246,33.294117647058826
44.0,1376,42661622,31.272727272727273
45.0,1465,42663087,32.55555555555556
14.0,487,42663574,34.785714285714285
16.0,449,42664023,28.0625
11.0,375,42664398,34.09090909090909
43.0,1652,42666050,38.41860465116279
26.0,867,42666917,33.34615384615385
22.0,577,42667494,26.227272727272727
19.0,540,42668034,28.42105263157895
31.0,1114,42669148,35.935483870967744
30.0,923,42670071,30.766666666666666
29.0,748,42670819,25.79310344827586
42.0,1728,42672547,41.142857142857146
27.0,814,42673361,30.14814814814815
22.0,623,42673984,28.318181818181817
34.0,1276,42675260,37.529411764705884
33.0,1406,42676666,42.60606060606061
35.0,883,42677549,25.228571428571428
42.0,1682,42679231,40.04761904761905
37.0,1104,42680335,29.83783783783784
22.0,571,42680906,25.954545454545453
38.0,1108,42682014,29.157894736842106
26.0,782,42682796,30.076923076923077
44.0,1504,42684300,34.18181818181818
28.0,853,42685153,30.464285714285715
13.0,266,42685419,20.46153846153846
30.0,812,42686231,27.066666666666666
28.0,798,42687029,28.5
39.0,1445,42688474,37.05128205128205
47.0,1651,42690125,35.12765957446808
25.0,709,42690834,28.36
41.0,1552,42692386,37.853658536585364
22.0,606,42692992,27.545454545454547
33.0,1203,42694195,36.45454545454545
42.0,1297,42695492,30.88095238095238
27.0,907,42696399,33.592592592592595
47.0,1322,42697721,28.127659574468087
40.0,1265,42698986,31.625
38.0,1045,42700031,27.5
26.0,888,42700919,34.15384615384615
39.0,1206,42702125,30.923076923076923
42.0,1370,42703495,32.61904761904762
23.0,617,42704112,26.82608695652174
21.0,556,42704668,26.476190476190474
30.0,918,42705586,30.6
36.0,996,42706582,27.666666666666668
12.0,389,42706971,32.416666666666664
28.0,905,42707876,32.32142857142857
27.0,876,42708752,32.44444444444444
41.0,1510,42710262,36.829268292682926
34.0,867,42711129,25.5
53.0,2104,42713233,39.698113207547166
42.0,1440,42714673,34.285714285714285
26.0,769,42715442,29.576923076923077
27.0,871,42716313,32.25925925925926
28.0,897,42717210,32.035714285714285
36.0,1209,42718419,33.583333333333336
50.0,1748,42720167,34.96
37.0,1259,42721426,34.027027027027025
49.0,1694,42723120,34.57142857142857
43.0,1259,42724379,29.27906976744186
38.0,1075,42725454,28.289473684210527
38.0,1330,42726784,35.0
28.0,847,42727631,30.25
25.0,845,42728476,33.8
43.0,1732,42730208,40.27906976744186
52.0,1948,42732156,37.46153846153846
29.0,728,42732884,25.103448275862068
22.0,616,42733500,28.0
27.0,647,42734147,23.962962962962962
9.0,250,42734397,27.77777777777778
21.0,536,42734933,25.523809523809526
3.0,111,42735044,37.0
17.0,479,42735523,28.176470588235293
37.0,1079,42736602,29.16216216216216
28.0,820,42737422,29.285714285714285
43.0,1364,42738786,31.72093023255814
25.0,785,42739571,31.4
42.0,1293,42740864,30.785714285714285
16.0,547,42741411,34.1875
41.0,1042,42742453,25.414634146341463
11.0,333,42742786,30.272727272727273
13.0,334,42743120,25.692307692307693
44.0,1595,42744715,36.25
25.0,774,42745489,30.96
41.0,1288,42746777,31.414634146341463
35.0,1524,42748301,43.542857142857144
21.0,658,42748959,31.333333333333332
39.0,1461,42750420,37.46153846153846
18.0,577,42750997,32.05555555555556
42.0,1377,42752374,32.785714285714285
23.0,750,42753124,32.608695652173914
36.0,1131,42754255,31.416666666666668
6.0,114,42754369,19.0
35.0,1103,42755472,31.514285714285716
27.0,815,42756287,30.185185185185187
42.0,1475,42757762,35.11904761904762
27.0,695,42758457,25.74074074074074
35.0,947,42759404,27.057142857142857
26.0,851,42760255,32.73076923076923
34.0,1032,42761287,30.352941176470587
24.0,814,42762101,33.916666666666664
45.0,1207,42763308,26.822222222222223
50.0,1478,42764786,29.56
54.0,1815,42766601,33.611111111111114
26.0,677,42767278,26.03846153846154
29.0,952,42768230,32.827586206896555
28.0,921,42769151,32.892857142857146
22.0,642,42769793,29.181818181818183
26.0,560,42770353,21.53846153846154
51.0,1512,42771865,29.647058823529413
29.0,1010,42772875,34.827586206896555
24.0,742,42773617,30.916666666666668
33.0,1115,42774732,33.78787878787879
30.0,896,42775628,29.866666666666667
36.0,1526,42777154,42.388888888888886
30.0,798,42777952,26.6
32.0,997,42778949,31.15625
30.0,1060,42780009,35.333333333333336
17.0,489,42780498,28.764705882352942
25.0,1004,42781502,40.16
45.0,1629,42783131,36.2
46.0,1606,42784737,34.91304347826087
38.0,1311,42786048,34.5
28.0,978,42787026,34.92857142857143
29.0,957,42787983,33.0
27.0,963,42788946,35.666666666666664
24.0,751,42789697,31.291666666666668
26.0,722,42790419,27.76923076923077
38.0,1231,42791650,32.39473684210526
29.0,1066,42792716,36.758620689655174
24.0,706,42793422,29.416666666666668
25.0,706,42794128,28.24
21.0,732,42794860,34.857142857142854
34.0,1311,42796171,38.55882352941177
21.0,592,42796763,28.19047619047619
14.0,435,42797198,31.071428571428573
38.0,1289,42798487,33.921052631578945
12.0,343,42798830,28.583333333333332
40.0,1142,42799972,28.55
33.0,1045,42801017,31.666666666666668
38.0,1095,42802112,28.81578947368421
34.0,1281,42803393,37.6764705882353
42.0,1319,42804712,31.404761904761905
49.0,1635,42806347,33.36734693877551
32.0,901,42807248,28.15625
34.0,1201,42808449,35.3235294117647
39.0,1111,42809560,28.487179487179485
32.0,945,42810505,29.53125
40.0,1391,42811896,34.775
10.0,190,42812086,19.0
9.0,143,42812229,15.88888888888889
19.0,589,42812818,31.0
33.0,1056,42813874,32.0
32.0,983,42814857,30.71875
32.0,872,42815729,27.25
37.0,1214,42816943,32.810810810810814
11.0,341,42817284,31.0
20.0,649,42817933,32.45
35.0,1097,42819030,31.34285714285714
22.0,790,42819820,35.90909090909091
20.0,426,42820246,21.3
37.0,1130,42821376,30.54054054054054
40.0,1393,42822769,34.825
39.0,1428,42824197,36.61538461538461
39.0,957,42825154,24.53846153846154
17.0,571,42825725,33.588235294117645
44.0,1443,42827168,32.79545454545455
26.0,897,42828065,34.5
40.0,1335,42829400,33.375
30.0,932,42830332,31.066666666666666
30.0,802,42831134,26.733333333333334
15.0,371,42831505,24.733333333333334
27.0,633,42832138,23.444444444444443
28.0,697,42832835,24.892857142857142
31.0,1308,42834143,42.193548387096776
36.0,987,42835130,27.416666666666668
20.0,439,42835569,21.95
25.0,742,42836311,29.68
37.0,1220,42837531,32.972972972972975
50.0,1579,42839110,31.58
37.0,1246,42840356,33.67567567567568
14.0,410,42840766,29.285714285714285
17.0,511,42841277,30.058823529411764
28.0,714,42841991,25.5
47.0,1616,42843607,34.38297872340426
32.0,988,42844595,30.875
39.0,1083,42845678,27.76923076923077
47.0,1413,42847091,30.06382978723404
43.0,1475,42848566,34.30232558139535
61.0,2304,42850870,37.77049180327869
16.0,433,42851303,27.0625
36.0,1226,42852529,34.05555555555556
16.0,491,42853020,30.6875
24.0,859,42853879,35.791666666666664
24.0,851,42854730,35.458333333333336
29.0,808,42855538,27.862068965517242
21.0,608,42856146,28.952380952380953
38.0,1067,42857213,28.07894736842105
28.0,991,42858204,35.392857142857146
28.0,821,42859025,29.321428571428573
31.0,1160,42860185,37.41935483870968
27.0,789,42860974,29.22222222222222
24.0,751,42861725,31.291666666666668
37.0,1151,42862876,31.10810810810811
18.0,401,42863277,22.27777777777778
10.0,261,42863538,26.1
30.0,1038,42864576,34.6
40.0,1280,42865856,32.0
35.0,1043,42866899,29.8
18.0,445,42867344,24.72222222222222
49.0,2049,42869393,41.816326530612244
32.0,949,42870342,29.65625
40.0,977,42871319,24.425
27.0,812,42872131,30.074074074074073
13.0,377,42872508,29.0
16.0,489,42872997,30.5625
32.0,1087,42874084,33.96875
31.0,1079,42875163,34.806451612903224
25.0,961,42876124,38.44
20.0,633,42876757,31.65
28.0,1014,42877771,36.214285714285715
30.0,956,42878727,31.866666666666667
23.0,514,42879241,22.347826086956523
40.0,1353,42880594,33.825
17.0,520,42881114,30.58823529411765
36.0,1227,42882341,34.083333333333336
31.0,1505,42883846,48.54838709677419
29.0,917,42884763,31.620689655172413
50.0,1698,42886461,33.96
13.0,341,42886802,26.23076923076923
28.0,912,42887714,32.57142857142857
24.0,846,42888560,35.25
41.0,1352,42889912,32.97560975609756
38.0,1168,42891080,30.736842105263158
40.0,1008,42892088,25.2
41.0,1278,42893366,31.170731707317074
35.0,915,42894281,26.142857142857142
28.0,834,42895115,29.785714285714285
24.0,772,42895887,32.166666666666664
25.0,684,42896571,27.36
28.0,1231,42897802,43.964285714285715
52.0,2055,42899857,39.51923076923077
20.0,783,42900640,39.15
33.0,871,42901511,26.393939393939394
43.0,1385,42902896,32.2093023255814
22.0,505,42903401,22.954545454545453
18.0,474,42903875,26.333333333333332
33.0,1130,42905005,34.24242424242424
38.0,1351,42906356,35.55263157894737
33.0,1033,42907389,31.303030303030305
31.0,1012,42908401,32.645161290322584
40.0,1525,42909926,38.125
20.0,711,42910637,35.55
25.0,734,42911371,29.36
21.0,745,42912116,35.476190476190474
35.0,1282,42913398,36.628571428571426
25.0,747,42914145,29.88
37.0,1294,42915439,34.972972972972975
12.0,361,42915800,30.083333333333332
28.0,1045,42916845,37.32142857142857
30.0,1067,42917912,35.56666666666667
19.0,612,42918524,32.21052631578947
43.0,1339,42919863,31.13953488372093
37.0,1155,42921018,31.216216216216218
1.0,20,42921038,20.0
28.0,843,42921881,30.107142857142858
17.0,473,42922354,27.823529411764707
10.0,267,42922621,26.7
39.0,1378,42923999,35.333333333333336
42.0,1113,42925112,26.5
19.0,624,42925736,32.8421052631579
31.0,1057,42926793,34.096774193548384
41.0,1456,42928249,35.51219512195122
32.0,911,42929160,28.46875
32.0,1024,42930184,32.0
22.0,572,42930756,26.0
39.0,1134,42931890,29.076923076923077
21.0,683,42932573,32.523809523809526
41.0,1216,42933789,29.658536585365855
21.0,654,42934443,31.142857142857142
33.0,1095,42935538,33.18181818181818
12.0,388,42935926,32.333333333333336
21.0,738,42936664,35.142857142857146
42.0,1568,42938232,37.333333333333336
29.0,1040,42939272,35.86206896551724
14.0,344,42939616,24.571428571428573
26.0,806,42940422,31.0
27.0,700,42941122,25.925925925925927
39.0,1364,42942486,34.97435897435897
16.0,462,42942948,28.875
37.0,1105,42944053,29.864864864864863
23.0,577,42944630,25.08695652173913
38.0,1063,42945693,27.973684210526315
22.0,683,42946376,31.045454545454547
35.0,1058,42947434,30.228571428571428
31.0,1044,42948478,33.67741935483871
38.0,1217,42949695,32.026315789473685
34.0,1317,42951012,38.73529411764706
39.0,1024,42952036,26.256410256410255
38.0,1141,42953177,30.026315789473685
28.0,895,42954072,31.964285714285715
25.0,709,42954781,28.36
28.0,836,42955617,29.857142857142858
23.0,679,42956296,29.52173913043478
30.0,1034,42957330,34.46666666666667
24.0,626,42957956,26.083333333333332
10.0,369,42958325,36.9
6.0,175,42958500,29.166666666666668
44.0,1450,42959950,32.95454545454545
33.0,1018,42960968,30.848484848484848
28.0,779,42961747,27.821428571428573
36.0,1236,42962983,34.333333333333336
29.0,1083,42964066,37.3448275862069
30.0,806,42964872,26.866666666666667
47.0,1459,42966331,31.04255319148936
27.0,753,42967084,27.88888888888889
42.0,1369,42968453,32.595238095238095
44.0,1408,42969861,32.0
23.0,795,42970656,34.56521739130435
33.0,1041,42971697,31.545454545454547
33.0,1099,42972796,33.303030303030305
9.0,202,42972998,22.444444444444443
46.0,1575,42974573,34.23913043478261
14.0,414,42974987,29.571428571428573
38.0,1188,42976175,31.263157894736842
44.0,1430,42977605,32.5
35.0,1145,42978750,32.714285714285715
26.0,686,42979436,26.384615384615383
36.0,1215,42980651,33.75
13.0,387,42981038,29.76923076923077
27.0,756,42981794,28.0
25.0,783,42982577,31.32
35.0,1093,42983670,31.228571428571428
30.0,900,42984570,30.0
37.0,1286,42985856,34.75675675675676
25.0,743,42986599,29.72
27.0,785,42987384,29.074074074074073
39.0,1355,42988739,34.743589743589745
37.0,1254,42989993,33.891891891891895
42.0,1385,42991378,32.976190476190474
43.0,1388,42992766,32.27906976744186
27.0,818,42993584,30.296296296296298
20.0,462,42994046,23.1
19.0,580,42994626,30.526315789473685
25.0,853,42995479,34.12
37.0,952,42996431,25.72972972972973
34.0,1280,42997711,37.64705882352941
14.0,356,42998067,25.428571428571427
39.0,1186,42999253,30.41025641025641
38.0,1168,43000421,30.736842105263158
25.0,666,43001087,26.64
30.0,982,43002069,32.733333333333334
28.0,922,43002991,32.92857142857143
30.0,1070,43004061,35.666666666666664
26.0,819,43004880,31.5
28.0,780,43005660,27.857142857142858
15.0,404,43006064,26.933333333333334
25.0,687,43006751,27.48
27.0,956,43007707,35.407407407407405
26.0,923,43008630,35.5
24.0,717,43009347,29.875
11.0,510,43009857,46.36363636363637
27.0,974,43010831,36.074074074074076
20.0,609,43011440,30.45
36.0,927,43012367,25.75
41.0,1284,43013651,31.317073170731707
37.0,1098,43014749,29.675675675675677
31.0,1004,43015753,32.38709677419355
34.0,999,43016752,29.38235294117647
39.0,1102,43017854,28.256410256410255
23.0,680,43018534,29.565217391304348
21.0,561,43019095,26.714285714285715
22.0,656,43019751,29.818181818181817
17.0,574,43020325,33.76470588235294
8.0,179,43020504,22.375
28.0,693,43021197,24.75
28.0,859,43022056,30.678571428571427
23.0,584,43022640,25.391304347826086
16.0,361,43023001,22.5625
32.0,934,43023935,29.1875
46.0,1535,43025470,33.369565217391305
15.0,495,43025965,33.0
6.0,209,43026174,34.833333333333336
29.0,890,43027064,30.689655172413794
30.0,983,43028047,32.766666666666666
17.0,456,43028503,26.823529411764707
33.0,829,43029332,25.12121212121212
38.0,1479,43030811,38.921052631578945
11.0,298,43031109,27.09090909090909
17.0,735,43031844,43.23529411764706
14.0,350,43032194,25.0
33.0,1123,43033317,34.03030303030303
22.0,640,43033957,29.09090909090909
17.0,419,43034376,24.647058823529413
35.0,1218,43035594,34.8
35.0,1129,43036723,32.25714285714286
34.0,1052,43037775,30.941176470588236
46.0,1648,43039423,35.82608695652174
16.0,391,43039814,24.4375
34.0,1106,43040920,32.529411764705884
40.0,1128,43042048,28.2
29.0,1004,43043052,34.62068965517241
36.0,1297,43044349,36.02777777777778
46.0,1519,43045868,33.02173913043478
11.0,250,43046118,22.727272727272727
6.0,215,43046333,35.833333333333336
25.0,845,43047178,33.8
46.0,1649,43048827,35.84782608695652
38.0,1348,43050175,35.473684210526315
22.0,553,43050728,25.136363636363637
32.0,1136,43051864,35.5
6.0,210,43052074,35.0
38.0,1408,43053482,37.05263157894737
34.0,1095,43054577,32.205882352941174
43.0,1391,43055968,32.348837209302324
16.0,459,43056427,28.6875
28.0,998,43057425,35.642857142857146
21.0,574,43057999,27.333333333333332
22.0,510,43058509,23.181818181818183
42.0,1179,43059688,28.071428571428573
30.0,926,43060614,30.866666666666667
48.0,1712,43062326,35.666666666666664
30.0,910,43063236,30.333333333333332
27.0,708,43063944,26.22222222222222
13.0,482,43064426,37.07692307692308
30.0,1091,43065517,36.36666666666667
42.0,1348,43066865,32.095238095238095
6.0,96,43066961,16.0
35.0,957,43067918,27.34285714285714
38.0,1337,43069255,35.18421052631579
21.0,587,43069842,27.952380952380953
36.0,1139,43070981,31.63888888888889
30.0,991,43071972,33.03333333333333
34.0,1394,43073366,41.0
26.0,879,43074245,33.80769230769231
21.0,654,43074899,31.142857142857142
32.0,964,43075863,30.125
42.0,1113,43076976,26.5
32.0,1120,43078096,35.0
48.0,1708,43079804,35.583333333333336
31.0,785,43080589,25.322580645161292
31.0,965,43081554,31.129032258064516
46.0,1534,43083088,33.34782608695652
34.0,1160,43084248,34.11764705882353
34.0,962,43085210,28.294117647058822
29.0,782,43085992,26.96551724137931
32.0,802,43086794,25.0625
23.0,718,43087512,31.217391304347824
17.0,672,43088184,39.529411764705884
36.0,1152,43089336,32.0
34.0,921,43090257,27.08823529411765
27.0,782,43091039,28.962962962962962
28.0,979,43092018,34.964285714285715
34.0,902,43092920,26.529411764705884
13.0,416,43093336,32.0
8.0,204,43093540,25.5
33.0,1066,43094606,32.303030303030305
50.0,1702,43096308,34.04
31.0,987,43097295,31.838709677419356
32.0,1116,43098411,34.875
48.0,1397,43099808,29.104166666666668
39.0,1246,43101054,31.94871794871795
26.0,816,43101870,31.384615384615383
40.0,1341,43103211,33.525
31.0,944,43104155,30.451612903225808
47.0,1852,43106007,39.40425531914894
25.0,918,43106925,36.72
2.0,57,43106982,28.5
24.0,836,43107818,34.833333333333336
29.0,859,43108677,29.620689655172413
14.0,334,43109011,23.857142857142858
25.0,790,43109801,31.6
28.0,793,43110594,28.321428571428573
28.0,713,43111307,25.464285714285715
34.0,1020,43112327,30.0
33.0,823,43113150,24.939393939393938
27.0,840,43113990,31.11111111111111
38.0,1357,43115347,35.71052631578947
39.0,1199,43116546,30.743589743589745
38.0,1350,43117896,35.526315789473685
34.0,1072,43118968,31.529411764705884
26.0,785,43119753,30.192307692307693
41.0,1573,43121326,38.36585365853659
28.0,1014,43122340,36.214285714285715
33.0,1058,43123398,32.06060606060606
32.0,887,43124285,27.71875
26.0,765,43125050,29.423076923076923
39.0,1251,43126301,32.07692307692308
30.0,959,43127260,31.966666666666665
42.0,1325,43128585,31.547619047619047
37.0,1124,43129709,30.37837837837838
24.0,844,43130553,35.166666666666664
40.0,1200,43131753,30.0
41.0,1202,43132955,29.317073170731707
18.0,540,43133495,30.0
23.0,561,43134056,24.391304347826086
16.0,478,43134534,29.875
39.0,1345,43135879,34.48717948717949
13.0,264,43136143,20.307692307692307
26.0,679,43136822,26.115384615384617
40.0,1403,43138225,35.075
41.0,1269,43139494,30.951219512195124
27.0,830,43140324,30.74074074074074
34.0,1320,43141644,38.8235294117647
36.0,1169,43142813,32.47222222222222
25.0,705,43143518,28.2
23.0,903,43144421,39.26086956521739
16.0,390,43144811,24.375
22.0,573,43145384,26.045454545454547
20.0,505,43145889,25.25
42.0,1364,43147253,32.476190476190474
35.0,1059,43148312,30.257142857142856
38.0,1299,43149611,34.18421052631579
43.0,1390,43151001,32.325581395348834
16.0,390,43151391,24.375
25.0,797,43152188,31.88
16.0,447,43152635,27.9375
49.0,1747,43154382,35.6530612244898
46.0,1681,43156063,36.54347826086956
11.0,275,43156338,25.0
34.0,909,43157247,26.735294117647058
14.0,393,43157640,28.071428571428573
27.0,940,43158580,34.81481481481482
19.0,582,43159162,30.63157894736842
32.0,1143,43160305,35.71875
51.0,1962,43162267,38.470588235294116
31.0,1191,43163458,38.41935483870968
32.0,925,43164383,28.90625
47.0,1831,43166214,38.95744680851064
31.0,870,43167084,28.06451612903226
47.0,1382,43168466,29.404255319148938
34.0,1268,43169734,37.294117647058826
41.0,1278,43171012,31.170731707317074
9.0,212,43171224,23.555555555555557
39.0,1106,43172330,28.358974358974358
39.0,1081,43173411,27.71794871794872
17.0,540,43173951,31.764705882352942
33.0,983,43174934,29.78787878787879
13.0,215,43175149,16.53846153846154
27.0,1015,43176164,37.592592592592595
30.0,771,43176935,25.7
40.0,1381,43178316,34.525
32.0,1140,43179456,35.625
32.0,992,43180448,31.0
46.0,1568,43182016,34.08695652173913
34.0,990,43183006,29.11764705882353
35.0,1222,43184228,34.91428571428571
29.0,852,43185080,29.379310344827587
34.0,1103,43186183,32.44117647058823
38.0,1553,43187736,40.86842105263158
37.0,1127,43188863,30.45945945945946
28.0,903,43189766,32.25
38.0,1308,43191074,34.421052631578945
40.0,1414,43192488,35.35
36.0,1551,43194039,43.083333333333336
39.0,1328,43195367,34.05128205128205
34.0,1178,43196545,34.64705882352941
24.0,651,43197196,27.125
28.0,1093,43198289,39.035714285714285
23.0,620,43198909,26.956521739130434
45.0,1499,43200408,33.31111111111111
1.0,23,43200431,23.0
36.0,874,43201305,24.27777777777778
37.0,1141,43202446,30.83783783783784
43.0,1452,43203898,33.76744186046512
33.0,942,43204840,28.545454545454547
37.0,1072,43205912,28.972972972972972
16.0,561,43206473,35.0625
43.0,1380,43207853,32.093023255813954
26.0,700,43208553,26.923076923076923
24.0,797,43209350,33.208333333333336
29.0,959,43210309,33.06896551724138
36.0,1462,43211771,40.611111111111114
32.0,1360,43213131,42.5
16.0,451,43213582,28.1875
40.0,1553,43215135,38.825
21.0,699,43215834,33.285714285714285
22.0,616,43216450,28.0
44.0,1563,43218013,35.52272727272727
17.0,496,43218509,29.176470588235293
42.0,1158,43219667,27.571428571428573
45.0,1844,43221511,40.977777777777774
23.0,731,43222242,31.782608695652176
21.0,625,43222867,29.761904761904763
45.0,1603,43224470,35.62222222222222
24.0,658,43225128,27.416666666666668
34.0,1015,43226143,29.852941176470587
38.0,1293,43227436,34.026315789473685
20.0,600,43228036,30.0
27.0,732,43228768,27.11111111111111
28.0,936,43229704,33.42857142857143
36.0,1229,43230933,34.138888888888886
14.0,363,43231296,25.928571428571427
9.0,260,43231556,28.88888888888889
34.0,1139,43232695,33.5
38.0,1269,43233964,33.39473684210526
50.0,1879,43235843,37.58
45.0,1646,43237489,36.577777777777776
50.0,1627,43239116,32.54
27.0,741,43239857,27.444444444444443
38.0,1130,43240987,29.736842105263158
31.0,1006,43241993,32.45161290322581
34.0,900,43242893,26.470588235294116
33.0,1215,43244108,36.81818181818182
42.0,1543,43245651,36.73809523809524
29.0,1065,43246716,36.724137931034484
16.0,444,43247160,27.75
32.0,1213,43248373,37.90625
17.0,523,43248896,30.764705882352942
30.0,1041,43249937,34.7
16.0,470,43250407,29.375
29.0,1046,43251453,36.06896551724138
43.0,1161,43252614,27.0
35.0,1265,43253879,36.142857142857146
54.0,1501,43255380,27.796296296296298
25.0,588,43255968,23.52
35.0,835,43256803,23.857142857142858
24.0,773,43257576,32.208333333333336
36.0,1470,43259046,40.833333333333336
33.0,887,43259933,26.87878787878788
37.0,1059,43260992,28.62162162162162
21.0,703,43261695,33.476190476190474
27.0,841,43262536,31.14814814814815
39.0,1136,43263672,29.128205128205128
26.0,856,43264528,32.92307692307692
31.0,1220,43265748,39.354838709677416
33.0,1257,43267005,38.09090909090909
39.0,1198,43268203,30.71794871794872
32.0,826,43269029,25.8125
20.0,512,43269541,25.6
28.0,801,43270342,28.607142857142858
23.0,785,43271127,34.130434782608695
28.0,884,43272011,31.571428571428573
32.0,846,43272857,26.4375
21.0,584,43273441,27.80952380952381
27.0,803,43274244,29.74074074074074
16.0,314,43274558,19.625
22.0,754,43275312,34.27272727272727
27.0,764,43276076,28.296296296296298
28.0,915,43276991,32.67857142857143
8.0,183,43277174,22.875
31.0,1120,43278294,36.12903225806452
28.0,841,43279135,30.035714285714285
35.0,1050,43280185,30.0
32.0,951,43281136,29.71875
33.0,970,43282106,29.393939393939394
35.0,1039,43283145,29.685714285714287
49.0,1691,43284836,34.51020408163265
36.0,1206,43286042,33.5
18.0,680,43286722,37.77777777777778
11.0,283,43287005,25.727272727272727
31.0,1057,43288062,34.096774193548384
35.0,1105,43289167,31.571428571428573
31.0,908,43290075,29.29032258064516
28.0,941,43291016,33.607142857142854
26.0,859,43291875,33.03846153846154
37.0,1396,43293271,37.729729729729726
21.0,656,43293927,31.238095238095237
23.0,750,43294677,32.608695652173914
30.0,985,43295662,32.833333333333336
45.0,1277,43296939,28.377777777777776
34.0,1196,43298135,35.1764705882353
25.0,713,43298848,28.52
45.0,1155,43300003,25.666666666666668
42.0,1199,43301202,28.547619047619047
23.0,514,43301716,22.347826086956523
12.0,255,43301971,21.25
37.0,1326,43303297,35.83783783783784
33.0,1027,43304324,31.12121212121212
44.0,1797,43306121,40.84090909090909
21.0,702,43306823,33.42857142857143
16.0,430,43307253,26.875
37.0,1221,43308474,33.0
39.0,1368,43309842,35.07692307692308
44.0,1526,43311368,34.68181818181818
37.0,1382,43312750,37.351351351351354
24.0,756,43313506,31.5
34.0,1179,43314685,34.6764705882353
36.0,1158,43315843,32.166666666666664
34.0,1250,43317093,36.76470588235294
38.0,1384,43318477,36.421052631578945
18.0,594,43319071,33.0
38.0,1474,43320545,38.78947368421053
24.0,863,43321408,35.958333333333336
28.0,866,43322274,30.928571428571427
31.0,1144,43323418,36.903225806451616
32.0,1212,43324630,37.875
28.0,936,43325566,33.42857142857143
50.0,1542,43327108,30.84
35.0,1308,43328416,37.371428571428574
14.0,323,43328739,23.071428571428573
29.0,1112,43329851,38.3448275862069
34.0,1221,43331072,35.911764705882355
35.0,1104,43332176,31.542857142857144
42.0,1374,43333550,32.714285714285715
44.0,1659,43335209,37.70454545454545
26.0,1029,43336238,39.57692307692308
37.0,1095,43337333,29.594594594594593
39.0,1042,43338375,26.71794871794872
33.0,1014,43339389,30.727272727272727
22.0,733,43340122,33.31818181818182
47.0,1709,43341831,36.361702127659576
30.0,986,43342817,32.86666666666667
20.0,642,43343459,32.1
46.0,1403,43344862,30.5
40.0,1544,43346406,38.6
35.0,1101,43347507,31.457142857142856
22.0,585,43348092,26.59090909090909
14.0,322,43348414,23.0
28.0,830,43349244,29.642857142857142
27.0,651,43349895,24.11111111111111
38.0,1333,43351228,35.078947368421055
45.0,1334,43352562,29.644444444444446
27.0,985,43353547,36.48148148148148
21.0,745,43354292,35.476190476190474
23.0,572,43354864,24.869565217391305
36.0,1277,43356141,35.47222222222222
32.0,1023,43357164,31.96875
34.0,1380,43358544,40.588235294117645
28.0,958,43359502,34.214285714285715
32.0,1056,43360558,33.0
39.0,1333,43361891,34.17948717948718
24.0,704,43362595,29.333333333333332
22.0,724,43363319,32.90909090909091
34.0,1167,43364486,34.3235294117647
16.0,433,43364919,27.0625
23.0,575,43365494,25.0
37.0,1145,43366639,30.945945945945947
47.0,1667,43368306,35.46808510638298
28.0,811,43369117,28.964285714285715
30.0,939,43370056,31.3
35.0,1180,43371236,33.714285714285715
23.0,614,43371850,26.695652173913043
33.0,1092,43372942,33.09090909090909
37.0,1024,43373966,27.675675675675677
30.0,1040,43375006,34.666666666666664
43.0,1622,43376628,37.72093023255814
24.0,940,43377568,39.166666666666664
6.0,125,43377693,20.833333333333332
38.0,1100,43378793,28.94736842105263
21.0,588,43379381,28.0
25.0,709,43380090,28.36
30.0,795,43380885,26.5
24.0,751,43381636,31.291666666666668
31.0,677,43382313,21.838709677419356
36.0,1353,43383666,37.583333333333336
29.0,1037,43384703,35.758620689655174
41.0,1378,43386081,33.609756097560975
40.0,1561,43387642,39.025
33.0,928,43388570,28.12121212121212
40.0,1167,43389737,29.175
38.0,1048,43390785,27.57894736842105
24.0,797,43391582,33.208333333333336
28.0,951,43392533,33.964285714285715
27.0,890,43393423,32.96296296296296
25.0,627,43394050,25.08
30.0,993,43395043,33.1
41.0,1074,43396117,26.195121951219512
10.0,259,43396376,25.9
21.0,590,43396966,28.095238095238095
8.0,184,43397150,23.0
38.0,976,43398126,25.68421052631579
29.0,883,43399009,30.448275862068964
26.0,878,43399887,33.76923076923077
46.0,1727,43401614,37.54347826086956
31.0,1208,43402822,38.96774193548387
30.0,769,43403591,25.633333333333333
40.0,1214,43404805,30.35
32.0,1099,43405904,34.34375
36.0,1290,43407194,35.833333333333336
43.0,1297,43408491,30.162790697674417
34.0,1069,43409560,31.441176470588236
31.0,952,43410512,30.70967741935484
33.0,1019,43411531,30.87878787878788
15.0,549,43412080,36.6
19.0,633,43412713,33.31578947368421
22.0,739,43413452,33.59090909090909
43.0,1456,43414908,33.86046511627907
33.0,987,43415895,29.90909090909091
37.0,1217,43417112,32.891891891891895
49.0,1516,43418628,30.93877551020408
31.0,1056,43419684,34.064516129032256
30.0,951,43420635,31.7
38.0,1370,43422005,36.05263157894737
37.0,1378,43423383,37.24324324324324
19.0,403,43423786,21.210526315789473
18.0,499,43424285,27.72222222222222
26.0,770,43425055,29.615384615384617
37.0,1612,43426667,43.567567567567565
25.0,760,43427427,30.4
31.0,971,43428398,31.322580645161292
19.0,1370,43429768,72.10526315789474
39.0,1540,43431308,39.48717948717949
20.0,519,43431827,25.95
36.0,1125,43432952,31.25
25.0,833,43433785,33.32
17.0,325,43434110,19.11764705882353
16.0,490,43434600,30.625
24.0,766,43435366,31.916666666666668
34.0,994,43436360,29.235294117647058
12.0,376,43436736,31.333333333333332
29.0,998,43437734,34.41379310344828
29.0,900,43438634,31.03448275862069
40.0,1368,43440002,34.2
34.0,973,43440975,28.61764705882353
36.0,1244,43442219,34.55555555555556
23.0,685,43442904,29.782608695652176
18.0,501,43443405,27.833333333333332
28.0,825,43444230,29.464285714285715
31.0,873,43445103,28.161290322580644
34.0,1110,43446213,32.64705882352941
42.0,1427,43447640,33.976190476190474
28.0,842,43448482,30.071428571428573
31.0,1151,43449633,37.12903225806452
44.0,1197,43450830,27.204545454545453
45.0,1367,43452197,30.377777777777776
23.0,755,43452952,32.82608695652174
40.0,1251,43454203,31.275
24.0,797,43455000,33.208333333333336
37.0,1334,43456334,36.054054054054056
36.0,1317,43457651,36.583333333333336
27.0,645,43458296,23.88888888888889
18.0,578,43458874,32.111111111111114
29.0,821,43459695,28.310344827586206
29.0,1260,43460955,43.44827586206897
46.0,1704,43462659,37.04347826086956
21.0,738,43463397,35.142857142857146
31.0,846,43464243,27.29032258064516
30.0,874,43465117,29.133333333333333
36.0,1065,43466182,29.583333333333332
33.0,980,43467162,29.696969696969695
52.0,1416,43468578,27.23076923076923
23.0,698,43469276,30.347826086956523
33.0,1053,43470329,31.90909090909091
28.0,1006,43471335,35.92857142857143
50.0,1511,43472846,30.22
33.0,1244,43474090,37.696969696969695
31.0,1001,43475091,32.29032258064516
31.0,828,43475919,26.70967741935484
21.0,646,43476565,30.761904761904763
28.0,797,43477362,28.464285714285715
36.0,1269,43478631,35.25
21.0,644,43479275,30.666666666666668
17.0,462,43479737,27.176470588235293
35.0,1025,43480762,29.285714285714285
32.0,1042,43481804,32.5625
24.0,696,43482500,29.0
25.0,816,43483316,32.64
31.0,1024,43484340,33.03225806451613
30.0,938,43485278,31.266666666666666
6.0,137,43485415,22.833333333333332
34.0,808,43486223,23.764705882352942
22.0,670,43486893,30.454545454545453
25.0,893,43487786,35.72
38.0,1460,43489246,38.421052631578945
23.0,700,43489946,30.434782608695652
21.0,650,43490596,30.952380952380953
2.0,63,43490659,31.5
15.0,506,43491165,33.733333333333334
25.0,754,43491919,30.16
22.0,811,43492730,36.86363636363637
35.0,1119,43493849,31.97142857142857
17.0,550,43494399,32.35294117647059
44.0,1617,43496016,36.75
17.0,419,43496435,24.647058823529413
27.0,1035,43497470,38.333333333333336
1.0,22,43497492,22.0
28.0,774,43498266,27.642857142857142
38.0,1277,43499543,33.60526315789474
41.0,1470,43501013,35.853658536585364
20.0,493,43501506,24.65
5.0,125,43501631,25.0
20.0,538,43502169,26.9
34.0,1140,43503309,33.529411764705884
37.0,1004,43504313,27.135135135135137
26.0,1078,43505391,41.46153846153846
41.0,1420,43506811,34.63414634146341
22.0,775,43507586,35.22727272727273
43.0,1240,43508826,28.837209302325583
15.0,402,43509228,26.8
40.0,1234,43510462,30.85
35.0,1157,43511619,33.05714285714286
45.0,1743,43513362,38.733333333333334
20.0,761,43514123,38.05
33.0,1068,43515191,32.36363636363637
19.0,582,43515773,30.63157894736842
32.0,1077,43516850,33.65625
42.0,1221,43518071,29.071428571428573
28.0,876,43518947,31.285714285714285
31.0,765,43519712,24.677419354838708
12.0,210,43519922,17.5
27.0,823,43520745,30.48148148148148
45.0,1551,43522296,34.46666666666667
30.0,984,43523280,32.8
26.0,832,43524112,32.0
24.0,736,43524848,30.666666666666668
41.0,1088,43525936,26.536585365853657
30.0,925,43526861,30.833333333333332
37.0,1010,43527871,27.2972972972973
36.0,1085,43528956,30.13888888888889
15.0,475,43529431,31.666666666666668
38.0,1004,43530435,26.42105263157895
30.0,815,43531250,27.166666666666668
31.0,1056,43532306,34.064516129032256
24.0,756,43533062,31.5
29.0,1033,43534095,35.62068965517241
36.0,1183,43535278,32.861111111111114
25.0,726,43536004,29.04
33.0,960,43536964,29.09090909090909
32.0,1006,43537970,31.4375
40.0,1214,43539184,30.35
17.0,470,43539654,27.647058823529413
29.0,841,43540495,29.0
38.0,1287,43541782,33.86842105263158
23.0,534,43542316,23.217391304347824
6.0,137,43542453,22.833333333333332
32.0,991,43543444,30.96875
27.0,808,43544252,29.925925925925927
23.0,871,43545123,37.869565217391305
14.0,340,43545463,24.285714285714285
26.0,830,43546293,31.923076923076923
21.0,837,43547130,39.857142857142854
34.0,1059,43548189,31.147058823529413
58.0,2183,43550372,37.63793103448276
34.0,1254,43551626,36.88235294117647
41.0,1064,43552690,25.951219512195124
38.0,1557,43554247,40.973684210526315
48.0,1456,43555703,30.333333333333332
31.0,849,43556552,27.387096774193548
35.0,1094,43557646,31.257142857142856
37.0,1362,43559008,36.810810810810814
23.0,610,43559618,26.52173913043478
22.0,560,43560178,25.454545454545453
18.0,557,43560735,30.944444444444443
34.0,1134,43561869,33.35294117647059
6.0,192,43562061,32.0
28.0,777,43562838,27.75
38.0,988,43563826,26.0
35.0,1072,43564898,30.62857142857143
36.0,1140,43566038,31.666666666666668
31.0,936,43566974,30.193548387096776
30.0,917,43567891,30.566666666666666
28.0,780,43568671,27.857142857142858
34.0,1279,43569950,37.61764705882353
39.0,1430,43571380,36.666666666666664
45.0,1343,43572723,29.844444444444445
32.0,905,43573628,28.28125
21.0,623,43574251,29.666666666666668
36.0,1084,43575335,30.11111111111111
33.0,1058,43576393,32.06060606060606
21.0,662,43577055,31.523809523809526
25.0,579,43577634,23.16
27.0,628,43578262,23.25925925925926
36.0,1374,43579636,38.166666666666664
14.0,442,43580078,31.571428571428573
2.0,44,43580122,22.0
17.0,416,43580538,24.470588235294116
36.0,987,43581525,27.416666666666668
17.0,456,43581981,26.823529411764707
47.0,1331,43583312,28.319148936170212
41.0,1425,43584737,34.75609756097561
36.0,1079,43585816,29.97222222222222
39.0,1667,43587483,42.743589743589745
19.0,556,43588039,29.263157894736842
17.0,568,43588607,33.411764705882355
29.0,1161,43589768,40.03448275862069
32.0,1169,43590937,36.53125
30.0,860,43591797,28.666666666666668
40.0,1445,43593242,36.125
30.0,852,43594094,28.4
27.0,679,43594773,25.14814814814815
20.0,640,43595413,32.0
40.0,1358,43596771,33.95
28.0,922,43597693,32.92857142857143
44.0,1515,43599208,34.43181818181818
30.0,1142,43600350,38.06666666666667
39.0,1404,43601754,36.0
40.0,1536,43603290,38.4
36.0,1548,43604838,43.0
42.0,1284,43606122,30.571428571428573
43.0,1409,43607531,32.76744186046512
28.0,671,43608202,23.964285714285715
36.0,1124,43609326,31.22222222222222
22.0,573,43609899,26.045454545454547
36.0,1115,43611014,30.97222222222222
33.0,1331,43612345,40.333333333333336
15.0,333,43612678,22.2
44.0,1498,43614176,34.04545454545455
38.0,1242,43615418,32.68421052631579
38.0,1020,43616438,26.842105263157894
33.0,1139,43617577,34.515151515151516
42.0,1363,43618940,32.45238095238095
38.0,1290,43620230,33.94736842105263
20.0,596,43620826,29.8
13.0,396,43621222,30.46153846153846
22.0,741,43621963,33.68181818181818
10.0,235,43622198,23.5
13.0,317,43622515,24.384615384615383
26.0,668,43623183,25.692307692307693
43.0,1520,43624703,35.348837209302324
23.0,777,43625480,33.78260869565217
42.0,1398,43626878,33.285714285714285
15.0,314,43627192,20.933333333333334
29.0,829,43628021,28.586206896551722
39.0,1326,43629347,34.0
26.0,926,43630273,35.61538461538461
26.0,523,43630796,20.115384615384617
26.0,729,43631525,28.03846153846154
27.0,627,43632152,23.22222222222222
39.0,1240,43633392,31.794871794871796
33.0,1118,43634510,33.878787878787875
13.0,345,43634855,26.53846153846154
24.0,828,43635683,34.5
36.0,1170,43636853,32.5
15.0,407,43637260,27.133333333333333
9.0,278,43637538,30.88888888888889
35.0,1094,43638632,31.257142857142856
57.0,1751,43640383,30.719298245614034
31.0,931,43641314,30.032258064516128
22.0,747,43642061,33.95454545454545
26.0,684,43642745,26.307692307692307
25.0,721,43643466,28.84
21.0,628,43644094,29.904761904761905
34.0,1241,43645335,36.5
34.0,1049,43646384,30.852941176470587
43.0,1410,43647794,32.7906976744186
37.0,1283,43649077,34.67567567567568
15.0,411,43649488,27.4
30.0,1000,43650488,33.333333333333336
8.0,280,43650768,35.0
39.0,1076,43651844,27.58974358974359
23.0,656,43652500,28.52173913043478
30.0,913,43653413,30.433333333333334
30.0,829,43654242,27.633333333333333
55.0,1457,43655699,26.490909090909092
31.0,1067,43656766,34.41935483870968
19.0,518,43657284,27.263157894736842
45.0,1266,43658550,28.133333333333333
17.0,734,43659284,43.1764705882353
51.0,1543,43660827,30.254901960784313
32.0,796,43661623,24.875
35.0,1079,43662702,30.82857142857143
41.0,1380,43664082,33.65853658536585
21.0,672,43664754,32.0
31.0,995,43665749,32.096774193548384
27.0,853,43666602,31.59259259259259
48.0,1694,43668296,35.291666666666664
17.0,540,43668836,31.764705882352942
28.0,856,43669692,30.571428571428573
27.0,793,43670485,29.37037037037037
9.0,209,43670694,23.22222222222222
33.0,943,43671637,28.575757575757574
23.0,870,43672507,37.82608695652174
20.0,506,43673013,25.3
50.0,1493,43674506,29.86
9.0,324,43674830,36.0
22.0,821,43675651,37.31818181818182
33.0,1067,43676718,32.333333333333336
36.0,1175,43677893,32.638888888888886
40.0,1146,43679039,28.65
28.0,672,43679711,24.0
35.0,1211,43680922,34.6
31.0,815,43681737,26.29032258064516
23.0,545,43682282,23.695652173913043
36.0,1037,43683319,28.805555555555557
18.0,471,43683790,26.166666666666668
13.0,347,43684137,26.692307692307693
25.0,869,43685006,34.76
30.0,894,43685900,29.8
33.0,1330,43687230,40.303030303030305
29.0,999,43688229,34.44827586206897
44.0,1169,43689398,26.568181818181817
42.0,1487,43690885,35.404761904761905
32.0,964,43691849,30.125
15.0,306,43692155,20.4
16.0,520,43692675,32.5
35.0,1019,43693694,29.114285714285714
35.0,1055,43694749,30.142857142857142
44.0,1407,43696156,31.977272727272727
27.0,818,43696974,30.296296296296298
43.0,1490,43698464,34.651162790697676
32.0,912,43699376,28.5
16.0,427,43699803,26.6875
31.0,1071,43700874,34.54838709677419
40.0,1012,43701886,25.3
27.0,816,43702702,30.22222222222222
51.0,1531,43704233,30.019607843137255
33.0,1103,43705336,33.42424242424242
23.0,621,43705957,27.0
29.0,1093,43707050,37.689655172413794
38.0,1506,43708556,39.63157894736842
21.0,854,43709410,40.666666666666664
36.0,1092,43710502,30.333333333333332
41.0,1257,43711759,30.658536585365855
23.0,741,43712500,32.21739130434783
41.0,1697,43714197,41.390243902439025
32.0,951,43715148,29.71875
41.0,1590,43716738,38.78048780487805
31.0,833,43717571,26.870967741935484
17.0,602,43718173,35.411764705882355
25.0,620,43718793,24.8
51.0,1695,43720488,33.23529411764706
37.0,874,43721362,23.62162162162162
14.0,357,43721719,25.5
28.0,850,43722569,30.357142857142858
41.0,1531,43724100,37.34146341463415
58.0,1809,43725909,31.189655172413794
36.0,1345,43727254,37.361111111111114
17.0,528,43727782,31.058823529411764
11.0,207,43727989,18.818181818181817
25.0,848,43728837,33.92
21.0,662,43729499,31.523809523809526
32.0,1094,43730593,34.1875
14.0,411,43731004,29.357142857142858
28.0,747,43731751,26.678571428571427
26.0,598,43732349,23.0
37.0,1081,43733430,29.216216216216218
1.0,24,43733454,24.0
35.0,999,43734453,28.542857142857144
28.0,1001,43735454,35.75
54.0,1820,43737274,33.7037037037037
29.0,797,43738071,27.482758620689655
34.0,994,43739065,29.235294117647058
28.0,759,43739824,27.107142857142858
26.0,718,43740542,27.615384615384617
35.0,1298,43741840,37.08571428571429
40.0,1262,43743102,31.55
37.0,1275,43744377,34.45945945945946
18.0,611,43744988,33.94444444444444
22.0,427,43745415,19.40909090909091
33.0,1291,43746706,39.121212121212125
29.0,1041,43747747,35.89655172413793
35.0,1074,43748821,30.685714285714287
32.0,1088,43749909,34.0
23.0,665,43750574,28.91304347826087
28.0,920,43751494,32.857142857142854
34.0,1263,43752757,37.14705882352941
41.0,1431,43754188,34.90243902439025
41.0,1611,43755799,39.292682926829265
33.0,870,43756669,26.363636363636363
29.0,699,43757368,24.103448275862068
32.0,1111,43758479,34.71875
9.0,232,43758711,25.77777777777778
31.0,1008,43759719,32.516129032258064
42.0,1216,43760935,28.952380952380953
39.0,1412,43762347,36.205128205128204
27.0,958,43763305,35.48148148148148
23.0,531,43763836,23.08695652173913
30.0,1051,43764887,35.03333333333333
22.0,627,43765514,28.5
37.0,1204,43766718,32.54054054054054
32.0,1025,43767743,32.03125
4.0,192,43767935,48.0
39.0,1218,43769153,31.23076923076923
41.0,1209,43770362,29.48780487804878
41.0,1347,43771709,32.853658536585364
27.0,880,43772589,32.592592592592595
16.0,437,43773026,27.3125
20.0,397,43773423,19.85
15.0,442,43773865,29.466666666666665
18.0,597,43774462,33.166666666666664
38.0,1091,43775553,28.710526315789473
19.0,464,43776017,24.42105263157895
32.0,1120,43777137,35.0
43.0,1272,43778409,29.58139534883721
34.0,1003,43779412,29.5
13.0,342,43779754,26.307692307692307
29.0,909,43780663,31.344827586206897
42.0,1321,43781984,31.452380952380953
25.0,723,43782707,28.92
36.0,1240,43783947,34.44444444444444
15.0,377,43784324,25.133333333333333
33.0,1059,43785383,32.09090909090909
27.0,910,43786293,33.7037037037037
44.0,1569,43787862,35.65909090909091
25.0,955,43788817,38.2
27.0,888,43789705,32.888888888888886
21.0,563,43790268,26.80952380952381
22.0,696,43790964,31.636363636363637
38.0,1253,43792217,32.973684210526315
19.0,507,43792724,26.68421052631579
37.0,1230,43793954,33.24324324324324
35.0,1019,43794973,29.114285714285714
40.0,1436,43796409,35.9
43.0,1545,43797954,35.93023255813954
32.0,927,43798881,28.96875
29.0,923,43799804,31.82758620689655
46.0,1442,43801246,31.347826086956523
26.0,921,43802167,35.42307692307692
42.0,1739,43803906,41.404761904761905
35.0,1128,43805034,32.22857142857143
24.0,644,43805678,26.833333333333332
44.0,1425,43807103,32.38636363636363
35.0,1238,43808341,35.371428571428574
53.0,1812,43810153,34.18867924528302
46.0,1721,43811874,37.41304347826087
34.0,1195,43813069,35.14705882352941
34.0,1130,43814199,33.23529411764706
30.0,1139,43815338,37.96666666666667
27.0,977,43816315,36.18518518518518
34.0,1254,43817569,36.88235294117647
40.0,1345,43818914,33.625
41.0,1658,43820572,40.4390243902439
4.0,84,43820656,21.0
33.0,1256,43821912,38.06060606060606
41.0,1381,43823293,33.68292682926829
20.0,460,43823753,23.0
27.0,719,43824472,26.62962962962963
37.0,1276,43825748,34.486486486486484
21.0,703,43826451,33.476190476190474
31.0,914,43827365,29.483870967741936
41.0,1589,43828954,38.75609756097561
22.0,683,43829637,31.045454545454547
31.0,1004,43830641,32.38709677419355
32.0,780,43831421,24.375
37.0,1284,43832705,34.7027027027027
39.0,1452,43834157,37.23076923076923
37.0,1109,43835266,29.972972972972972
16.0,519,43835785,32.4375
33.0,936,43836721,28.363636363636363
32.0,896,43837617,28.0
14.0,444,43838061,31.714285714285715
37.0,1256,43839317,33.945945945945944
16.0,421,43839738,26.3125
32.0,1067,43840805,33.34375
43.0,1284,43842089,29.86046511627907
37.0,1282,43843371,34.648648648648646
38.0,1503,43844874,39.55263157894737
25.0,861,43845735,34.44
14.0,401,43846136,28.642857142857142
31.0,1117,43847253,36.03225806451613
21.0,799,43848052,38.04761904761905
43.0,1453,43849505,33.7906976744186
37.0,1059,43850564,28.62162162162162
31.0,989,43851553,31.903225806451612
40.0,1307,43852860,32.675
13.0,359,43853219,27.615384615384617
23.0,974,43854193,42.34782608695652
21.0,691,43854884,32.904761904761905
41.0,1181,43856065,28.804878048780488
40.0,1598,43857663,39.95
40.0,1145,43858808,28.625
39.0,1774,43860582,45.48717948717949
28.0,823,43861405,29.392857142857142
23.0,830,43862235,36.08695652173913
32.0,1023,43863258,31.96875
50.0,2039,43865297,40.78
11.0,306,43865603,27.818181818181817
16.0,486,43866089,30.375
22.0,660,43866749,30.0
12.0,403,43867152,33.583333333333336
25.0,751,43867903,30.04
41.0,1324,43869227,32.292682926829265
15.0,579,43869806,38.6
30.0,855,43870661,28.5
21.0,531,43871192,25.285714285714285
27.0,906,43872098,33.55555555555556
16.0,528,43872626,33.0
32.0,992,43873618,31.0
24.0,766,43874384,31.916666666666668
25.0,675,43875059,27.0
44.0,1490,43876549,33.86363636363637
28.0,653,43877202,23.321428571428573
18.0,435,43877637,24.166666666666668
23.0,823,43878460,35.78260869565217
48.0,1607,43880067,33.479166666666664
28.0,844,43880911,30.142857142857142
34.0,1077,43881988,31.676470588235293
10.0,317,43882305,31.7
30.0,898,43883203,29.933333333333334
46.0,1765,43884968,38.369565217391305
25.0,581,43885549,23.24
12.0,294,43885843,24.5
26.0,887,43886730,34.11538461538461
38.0,1285,43888015,33.81578947368421
35.0,1080,43889095,30.857142857142858
32.0,911,43890006,28.46875
1.0,22,43890028,22.0
27.0,818,43890846,30.296296296296298
27.0,1071,43891917,39.666666666666664
43.0,1343,43893260,31.232558139534884
27.0,843,43894103,31.22222222222222
30.0,738,43894841,24.6
15.0,489,43895330,32.6
40.0,1573,43896903,39.325
32.0,1064,43897967,33.25
43.0,1563,43899530,36.348837209302324
18.0,605,43900135,33.611111111111114
45.0,1547,43901682,34.37777777777778
26.0,735,43902417,28.26923076923077
40.0,1264,43903681,31.6
22.0,593,43904274,26.954545454545453
31.0,954,43905228,30.774193548387096
24.0,722,43905950,30.083333333333332
39.0,1213,43907163,31.102564102564102
20.0,494,43907657,24.7
27.0,897,43908554,33.22222222222222
31.0,1037,43909591,33.45161290322581
11.0,362,43909953,32.90909090909091
21.0,655,43910608,31.19047619047619
22.0,725,43911333,32.95454545454545
8.0,210,43911543,26.25
11.0,371,43911914,33.72727272727273
37.0,1064,43912978,28.756756756756758
40.0,1258,43914236,31.45
25.0,866,43915102,34.64
32.0,936,43916038,29.25
35.0,1049,43917087,29.97142857142857
38.0,1241,43918328,32.6578947368421
22.0,609,43918937,27.681818181818183
28.0,1005,43919942,35.892857142857146
41.0,939,43920881,22.902439024390244
41.0,1372,43922253,33.46341463414634
50.0,1907,43924160,38.14
57.0,1872,43926032,32.8421052631579
37.0,981,43927013,26.513513513513512
27.0,686,43927699,25.40740740740741
38.0,1250,43928949,32.89473684210526
34.0,1133,43930082,33.3235294117647
26.0,858,43930940,33.0
38.0,1166,43932106,30.68421052631579
28.0,790,43932896,28.214285714285715
32.0,896,43933792,28.0
43.0,1386,43935178,32.23255813953488
42.0,1439,43936617,34.26190476190476
19.0,540,43937157,28.42105263157895
41.0,1317,43938474,32.1219512195122
16.0,423,43938897,26.4375
45.0,1289,43940186,28.644444444444446
22.0,708,43940894,32.18181818181818
18.0,447,43941341,24.833333333333332
35.0,1153,43942494,32.94285714285714
55.0,1711,43944205,31.10909090909091
28.0,830,43945035,29.642857142857142
28.0,861,43945896,30.75
33.0,1036,43946932,31.393939393939394
30.0,1048,43947980,34.93333333333333
42.0,1448,43949428,34.476190476190474
7.0,280,43949708,40.0
23.0,851,43950559,37.0
28.0,818,43951377,29.214285714285715
22.0,699,43952076,31.772727272727273
23.0,740,43952816,32.17391304347826
33.0,1224,43954040,37.09090909090909
22.0,746,43954786,33.90909090909091
35.0,1150,43955936,32.857142857142854
34.0,1275,43957211,37.5
26.0,872,43958083,33.53846153846154
26.0,687,43958770,26.423076923076923
48.0,1656,43960426,34.5
24.0,838,43961264,34.916666666666664
19.0,627,43961891,33.0
50.0,1739,43963630,34.78
21.0,650,43964280,30.952380952380953
12.0,338,43964618,28.166666666666668
37.0,1207,43965825,32.62162162162162
36.0,1051,43966876,29.194444444444443
35.0,966,43967842,27.6
21.0,564,43968406,26.857142857142858
34.0,1304,43969710,38.35294117647059
41.0,1463,43971173,35.68292682926829
28.0,764,43971937,27.285714285714285
35.0,1277,43973214,36.48571428571429
37.0,1085,43974299,29.324324324324323
27.0,803,43975102,29.74074074074074
9.0,260,43975362,28.88888888888889
34.0,1313,43976675,38.61764705882353
41.0,1280,43977955,31.21951219512195
33.0,1228,43979183,37.21212121212121
36.0,1028,43980211,28.555555555555557
17.0,458,43980669,26.941176470588236
32.0,798,43981467,24.9375
11.0,282,43981749,25.636363636363637
29.0,683,43982432,23.551724137931036
25.0,760,43983192,30.4
16.0,404,43983596,25.25
20.0,613,43984209,30.65
21.0,712,43984921,33.904761904761905
43.0,1565,43986486,36.395348837209305
22.0,522,43987008,23.727272727272727
15.0,296,43987304,19.733333333333334
16.0,346,43987650,21.625
24.0,885,43988535,36.875
43.0,1644,43990179,38.23255813953488
35.0,1041,43991220,29.742857142857144
38.0,1177,43992397,30.973684210526315
40.0,1191,43993588,29.775
31.0,867,43994455,27.967741935483872
25.0,767,43995222,30.68
26.0,1064,43996286,40.92307692307692
39.0,1368,43997654,35.07692307692308
13.0,386,43998040,29.692307692307693
24.0,621,43998661,25.875
37.0,1282,43999943,34.648648648648646
26.0,941,44000884,36.19230769230769
21.0,539,44001423,25.666666666666668
19.0,645,44002068,33.94736842105263
30.0,842,44002910,28.066666666666666
38.0,1540,44004450,40.526315789473685
42.0,1562,44006012,37.19047619047619
8.0,196,44006208,24.5
31.0,834,44007042,26.903225806451612
22.0,914,44007956,41.54545454545455
32.0,915,44008871,28.59375
14.0,424,44009295,30.285714285714285
39.0,1395,44010690,35.76923076923077
32.0,1086,44011776,33.9375
32.0,876,44012652,27.375
36.0,1225,44013877,34.02777777777778
13.0,390,44014267,30.0
23.0,846,44015113,36.78260869565217
48.0,1729,44016842,36.020833333333336
10.0,336,44017178,33.6
40.0,1574,44018752,39.35
19.0,471,44019223,24.789473684210527
29.0,881,44020104,30.379310344827587
50.0,1783,44021887,35.66
28.0,875,44022762,31.25
26.0,951,44023713,36.57692307692308
33.0,1082,44024795,32.78787878787879
28.0,908,44025703,32.42857142857143
23.0,635,44026338,27.608695652173914
24.0,660,44026998,27.5
44.0,1347,44028345,30.613636363636363
40.0,1282,44029627,32.05
23.0,679,44030306,29.52173913043478
22.0,616,44030922,28.0
9.0,164,44031086,18.22222222222222
34.0,1005,44032091,29.558823529411764
19.0,546,44032637,28.736842105263158
48.0,1348,44033985,28.083333333333332
32.0,1053,44035038,32.90625
37.0,1110,44036148,30.0
47.0,1653,44037801,35.170212765957444
43.0,1522,44039323,35.395348837209305
41.0,1224,44040547,29.853658536585368
43.0,1051,44041598,24.441860465116278
34.0,1176,44042774,34.588235294117645
33.0,1304,44044078,39.515151515151516
36.0,1065,44045143,29.583333333333332
48.0,1963,44047106,40.895833333333336
26.0,733,44047839,28.192307692307693
26.0,761,44048600,29.26923076923077
17.0,399,44048999,23.470588235294116
31.0,1256,44050255,40.516129032258064
9.0,213,44050468,23.666666666666668
36.0,929,44051397,25.805555555555557
6.0,114,44051511,19.0
25.0,612,44052123,24.48
26.0,650,44052773,25.0
10.0,234,44053007,23.4
41.0,1177,44054184,28.70731707317073
27.0,819,44055003,30.333333333333332
24.0,822,44055825,34.25
30.0,865,44056690,28.833333333333332
34.0,1138,44057828,33.470588235294116
40.0,1506,44059334,37.65
42.0,1601,44060935,38.11904761904762
15.0,289,44061224,19.266666666666666
29.0,1100,44062324,37.93103448275862
26.0,937,44063261,36.03846153846154
33.0,983,44064244,29.78787878787879
35.0,928,44065172,26.514285714285716
39.0,1181,44066353,30.28205128205128
11.0,281,44066634,25.545454545454547
45.0,1129,44067763,25.08888888888889
43.0,1491,44069254,34.674418604651166
42.0,1529,44070783,36.404761904761905
10.0,297,44071080,29.7
24.0,792,44071872,33.0
40.0,1235,44073107,30.875
13.0,345,44073452,26.53846153846154
34.0,1311,44074763,38.55882352941177
35.0,1013,44075776,28.942857142857143
47.0,1441,44077217,30.659574468085108
23.0,779,44077996,33.869565217391305
37.0,1185,44079181,32.027027027027025
25.0,630,44079811,25.2
30.0,1092,44080903,36.4
38.0,1506,44082409,39.63157894736842
10.0,240,44082649,24.0
21.0,527,44083176,25.095238095238095
21.0,663,44083839,31.571428571428573
31.0,1152,44084991,37.16129032258065
23.0,723,44085714,31.434782608695652
40.0,1236,44086950,30.9
15.0,446,44087396,29.733333333333334
33.0,984,44088380,29.818181818181817
10.0,271,44088651,27.1
16.0,364,44089015,22.75
48.0,1791,44090806,37.3125
27.0,832,44091638,30.814814814814813
25.0,762,44092400,30.48
35.0,1246,44093646,35.6
33.0,1043,44094689,31.606060606060606
27.0,785,44095474,29.074074074074073
34.0,1026,44096500,30.176470588235293
43.0,1495,44097995,34.76744186046512
12.0,405,44098400,33.75
46.0,1973,44100373,42.891304347826086
30.0,1083,44101456,36.1
38.0,1117,44102573,29.394736842105264
33.0,1173,44103746,35.54545454545455
31.0,832,44104578,26.838709677419356
61.0,2107,44106685,34.540983606557376
34.0,1235,44107920,36.3235294117647
21.0,579,44108499,27.571428571428573
11.0,413,44108912,37.54545454545455
38.0,1116,44110028,29.36842105263158
21.0,855,44110883,40.714285714285715
54.0,2170,44113053,40.18518518518518
52.0,1896,44114949,36.46153846153846
22.0,714,44115663,32.45454545454545
26.0,804,44116467,30.923076923076923
21.0,682,44117149,32.476190476190474
23.0,641,44117790,27.869565217391305
22.0,740,44118530,33.63636363636363
47.0,1689,44120219,35.93617021276596
46.0,1834,44122053,39.869565217391305
26.0,648,44122701,24.923076923076923
46.0,1642,44124343,35.69565217391305
39.0,1343,44125686,34.43589743589744
17.0,376,44126062,22.11764705882353
18.0,548,44126610,30.444444444444443
42.0,1438,44128048,34.23809523809524
24.0,553,44128601,23.041666666666668
39.0,909,44129510,23.307692307692307
37.0,1065,44130575,28.783783783783782
28.0,657,44131232,23.464285714285715
34.0,949,44132181,27.91176470588235
26.0,648,44132829,24.923076923076923
21.0,690,44133519,32.857142857142854
28.0,772,44134291,27.571428571428573
22.0,755,44135046,34.31818181818182
27.0,905,44135951,33.51851851851852
41.0,1414,44137365,34.48780487804878
20.0,629,44137994,31.45
56.0,1732,44139726,30.928571428571427
26.0,816,44140542,31.384615384615383
40.0,1112,44141654,27.8
22.0,562,44142216,25.545454545454547
42.0,1241,44143457,29.547619047619047
32.0,988,44144445,30.875
33.0,1152,44145597,34.90909090909091
30.0,1112,44146709,37.06666666666667
18.0,561,44147270,31.166666666666668
46.0,1246,44148516,27.08695652173913
35.0,1141,44149657,32.6
40.0,1246,44150903,31.15
26.0,810,44151713,31.153846153846153
19.0,414,44152127,21.789473684210527
44.0,1378,44153505,31.318181818181817
44.0,1302,44154807,29.59090909090909
36.0,1260,44156067,35.0
29.0,969,44157036,33.41379310344828
28.0,646,44157682,23.071428571428573
14.0,448,44158130,32.0
14.0,260,44158390,18.571428571428573
8.0,247,44158637,30.875
20.0,614,44159251,30.7
16.0,375,44159626,23.4375
35.0,1212,44160838,34.628571428571426
21.0,611,44161449,29.095238095238095
29.0,966,44162415,33.310344827586206
26.0,891,44163306,34.26923076923077
39.0,1399,44164705,35.87179487179487
36.0,938,44165643,26.055555555555557
12.0,337,44165980,28.083333333333332
28.0,865,44166845,30.892857142857142
40.0,1055,44167900,26.375
53.0,1845,44169745,34.81132075471698
30.0,987,44170732,32.9
29.0,954,44171686,32.89655172413793
23.0,799,44172485,34.73913043478261
26.0,653,44173138,25.115384615384617
17.0,452,44173590,26.58823529411765
37.0,1127,44174717,30.45945945945946
22.0,676,44175393,30.727272727272727
19.0,562,44175955,29.57894736842105
42.0,1525,44177480,36.30952380952381
31.0,1117,44178597,36.03225806451613
30.0,940,44179537,31.333333333333332
39.0,1345,44180882,34.48717948717949
45.0,1404,44182286,31.2
21.0,666,44182952,31.714285714285715
35.0,1275,44184227,36.42857142857143
30.0,948,44185175,31.6
34.0,1016,44186191,29.88235294117647
50.0,2257,44188448,45.14
31.0,916,44189364,29.548387096774192
37.0,1376,44190740,37.189189189189186
30.0,1101,44191841,36.7
30.0,990,44192831,33.0
38.0,1071,44193902,28.18421052631579
41.0,1337,44195239,32.609756097560975
32.0,912,44196151,28.5
13.0,358,44196509,27.53846153846154
32.0,890,44197399,27.8125
40.0,1167,44198566,29.175
24.0,711,44199277,29.625
30.0,1434,44200711,47.8
13.0,410,44201121,31.53846153846154
46.0,1390,44202511,30.217391304347824
45.0,1382,44203893,30.711111111111112
35.0,1249,44205142,35.68571428571428
18.0,560,44205702,31.11111111111111
21.0,513,44206215,24.428571428571427
52.0,1881,44208096,36.17307692307692
22.0,554,44208650,25.181818181818183
24.0,760,44209410,31.666666666666668
41.0,1323,44210733,32.26829268292683
42.0,1211,44211944,28.833333333333332
42.0,1187,44213131,28.261904761904763
30.0,1055,44214186,35.166666666666664
25.0,968,44215154,38.72
12.0,254,44215408,21.166666666666668
36.0,1091,44216499,30.305555555555557
36.0,981,44217480,27.25
37.0,1357,44218837,36.67567567567568
51.0,1728,44220565,33.88235294117647
34.0,1216,44221781,35.76470588235294
33.0,1090,44222871,33.03030303030303
43.0,1424,44224295,33.116279069767444
19.0,484,44224779,25.473684210526315
20.0,726,44225505,36.3
37.0,1282,44226787,34.648648648648646
21.0,713,44227500,33.95238095238095
46.0,1418,44228918,30.82608695652174
35.0,1319,44230237,37.68571428571428
25.0,830,44231067,33.2
41.0,1716,44232783,41.853658536585364
45.0,1428,44234211,31.733333333333334
23.0,675,44234886,29.347826086956523
23.0,884,44235770,38.43478260869565
31.0,871,44236641,28.096774193548388
43.0,1541,44238182,35.83720930232558
25.0,797,44238979,31.88
33.0,1144,44240123,34.666666666666664
32.0,1267,44241390,39.59375
46.0,1624,44243014,35.30434782608695
35.0,1242,44244256,35.48571428571429
37.0,1155,44245411,31.216216216216218
54.0,1847,44247258,34.2037037037037
44.0,1633,44248891,37.11363636363637
21.0,552,44249443,26.285714285714285
33.0,1083,44250526,32.81818181818182
38.0,1026,44251552,27.0
21.0,707,44252259,33.666666666666664
22.0,497,44252756,22.59090909090909
32.0,929,44253685,29.03125
37.0,1271,44254956,34.351351351351354
21.0,654,44255610,31.142857142857142
48.0,1605,44257215,33.4375
49.0,1332,44258547,27.183673469387756
30.0,793,44259340,26.433333333333334
30.0,915,44260255,30.5
19.0,452,44260707,23.789473684210527
31.0,1253,44261960,40.41935483870968
38.0,1026,44262986,27.0
31.0,880,44263866,28.387096774193548
26.0,830,44264696,31.923076923076923
36.0,1246,44265942,34.611111111111114
27.0,1013,44266955,37.51851851851852
25.0,625,44267580,25.0
29.0,695,44268275,23.96551724137931
21.0,604,44268879,28.761904761904763
43.0,1383,44270262,32.16279069767442
28.0,829,44271091,29.607142857142858
11.0,380,44271471,34.54545454545455
36.0,1283,44272754,35.638888888888886
46.0,1908,44274662,41.47826086956522
37.0,1247,44275909,33.7027027027027
44.0,1326,44277235,30.136363636363637
18.0,478,44277713,26.555555555555557
43.0,1466,44279179,34.093023255813954
38.0,1203,44280382,31.657894736842106
42.0,1226,44281608,29.19047619047619
29.0,982,44282590,33.86206896551724
34.0,1083,44283673,31.852941176470587
12.0,369,44284042,30.75
25.0,746,44284788,29.84
47.0,1405,44286193,29.893617021276597
46.0,1317,44287510,28.630434782608695
16.0,424,44287934,26.5
15.0,387,44288321,25.8
37.0,1282,44289603,34.648648648648646
27.0,897,44290500,33.22222222222222
23.0,624,44291124,27.130434782608695
40.0,1357,44292481,33.925
31.0,1109,44293590,35.774193548387096
57.0,1844,44295434,32.35087719298246
45.0,1673,44297107,37.17777777777778
36.0,1019,44298126,28.305555555555557
31.0,929,44299055,29.967741935483872
24.0,637,44299692,26.541666666666668
30.0,954,44300646,31.8
33.0,949,44301595,28.757575757575758
38.0,1265,44302860,33.28947368421053
43.0,1670,44304530,38.83720930232558
35.0,1295,44305825,37.0
48.0,1506,44307331,31.375
37.0,1128,44308459,30.486486486486488
45.0,1501,44309960,33.355555555555554
43.0,1693,44311653,39.372093023255815
49.0,1379,44313032,28.142857142857142
14.0,357,44313389,25.5
40.0,1267,44314656,31.675
23.0,768,44315424,33.391304347826086
33.0,984,44316408,29.818181818181817
34.0,1029,44317437,30.264705882352942
33.0,902,44318339,27.333333333333332
33.0,869,44319208,26.333333333333332
26.0,866,44320074,33.30769230769231
14.0,286,44320360,20.428571428571427
22.0,606,44320966,27.545454545454547
33.0,1012,44321978,30.666666666666668
29.0,894,44322872,30.82758620689655
42.0,1388,44324260,33.04761904761905
37.0,1348,44325608,36.432432432432435
31.0,962,44326570,31.032258064516128
16.0,521,44327091,32.5625
37.0,989,44328080,26.72972972972973
26.0,761,44328841,29.26923076923077
18.0,447,44329288,24.833333333333332
34.0,977,44330265,28.735294117647058
31.0,1153,44331418,37.193548387096776
42.0,1782,44333200,42.42857142857143
25.0,696,44333896,27.84
25.0,651,44334547,26.04
36.0,892,44335439,24.77777777777778
15.0,439,44335878,29.266666666666666
40.0,1127,44337005,28.175
26.0,1272,44338277,48.92307692307692
31.0,1050,44339327,33.87096774193548
41.0,1496,44340823,36.48780487804878
14.0,326,44341149,23.285714285714285
36.0,1267,44342416,35.19444444444444
23.0,641,44343057,27.869565217391305
34.0,1165,44344222,34.26470588235294
53.0,2079,44346301,39.22641509433962
36.0,1114,44347415,30.944444444444443
40.0,1296,44348711,32.4
26.0,727,44349438,27.96153846153846
26.0,1100,44350538,42.30769230769231
46.0,1414,44351952,30.73913043478261
38.0,1355,44353307,35.6578947368421
35.0,1139,44354446,32.542857142857144
28.0,999,44355445,35.67857142857143
39.0,1243,44356688,31.871794871794872
22.0,556,44357244,25.272727272727273
36.0,1295,44358539,35.97222222222222
45.0,1153,44359692,25.622222222222224
30.0,862,44360554,28.733333333333334
25.0,737,44361291,29.48
51.0,1936,44363227,37.96078431372549
31.0,909,44364136,29.322580645161292
34.0,1124,44365260,33.05882352941177
34.0,1300,44366560,38.23529411764706
12.0,380,44366940,31.666666666666668
37.0,1128,44368068,30.486486486486488
24.0,631,44368699,26.291666666666668
39.0,1308,44370007,33.53846153846154
39.0,1450,44371457,37.17948717948718
34.0,1099,44372556,32.3235294117647
35.0,956,44373512,27.314285714285713
30.0,795,44374307,26.5
44.0,1734,44376041,39.40909090909091
38.0,1366,44377407,35.94736842105263
31.0,926,44378333,29.870967741935484
29.0,863,44379196,29.75862068965517
31.0,933,44380129,30.096774193548388
30.0,787,44380916,26.233333333333334
24.0,570,44381486,23.75
30.0,850,44382336,28.333333333333332
14.0,510,44382846,36.42857142857143
39.0,1176,44384022,30.153846153846153
31.0,847,44384869,27.322580645161292
29.0,1056,44385925,36.41379310344828
32.0,1182,44387107,36.9375
46.0,1621,44388728,35.23913043478261
34.0,1052,44389780,30.941176470588236
36.0,1159,44390939,32.19444444444444
55.0,2202,44393141,40.03636363636364
49.0,1666,44394807,34.0
24.0,640,44395447,26.666666666666668
43.0,1420,44396867,33.02325581395349
13.0,332,44397199,25.53846153846154
35.0,1192,44398391,34.05714285714286
20.0,662,44399053,33.1
47.0,1440,44400493,30.638297872340427
40.0,1274,44401767,31.85
43.0,1557,44403324,36.2093023255814
30.0,887,44404211,29.566666666666666
17.0,368,44404579,21.647058823529413
40.0,1667,44406246,41.675
1.0,22,44406268,22.0
40.0,1431,44407699,35.775
16.0,358,44408057,22.375
30.0,1105,44409162,36.833333333333336
5.0,153,44409315,30.6
38.0,1259,44410574,33.13157894736842
54.0,2124,44412698,39.333333333333336
42.0,1266,44413964,30.142857142857142
40.0,1386,44415350,34.65
42.0,1203,44416553,28.642857142857142
6.0,134,44416687,22.333333333333332
32.0,1032,44417719,32.25
24.0,778,44418497,32.416666666666664
31.0,1152,44419649,37.16129032258065
30.0,1258,44420907,41.93333333333333
20.0,579,44421486,28.95
31.0,926,44422412,29.870967741935484
16.0,510,44422922,31.875
30.0,864,44423786,28.8
27.0,668,44424454,24.74074074074074
4.0,149,44424603,37.25
43.0,1327,44425930,30.86046511627907
22.0,603,44426533,27.40909090909091
41.0,1432,44427965,34.926829268292686
23.0,637,44428602,27.695652173913043
20.0,521,44429123,26.05
24.0,693,44429816,28.875
15.0,376,44430192,25.066666666666666
34.0,1100,44431292,32.35294117647059
25.0,699,44431991,27.96
49.0,1664,44433655,33.95918367346939
10.0,326,44433981,32.6
28.0,838,44434819,29.928571428571427
17.0,464,44435283,27.294117647058822
25.0,631,44435914,25.24
28.0,858,44436772,30.642857142857142
54.0,2047,44438819,37.907407407407405
28.0,1070,44439889,38.214285714285715
38.0,1346,44441235,35.421052631578945
19.0,570,44441805,30.0
30.0,993,44442798,33.1
29.0,901,44443699,31.06896551724138
32.0,960,44444659,30.0
28.0,785,44445444,28.035714285714285
17.0,626,44446070,36.8235294117647
24.0,685,44446755,28.541666666666668
30.0,1030,44447785,34.333333333333336
22.0,525,44448310,23.863636363636363
44.0,1377,44449687,31.295454545454547
33.0,1072,44450759,32.484848484848484
34.0,1347,44452106,39.61764705882353
38.0,1280,44453386,33.68421052631579
34.0,1030,44454416,30.294117647058822
34.0,1118,44455534,32.88235294117647
21.0,588,44456122,28.0
11.0,310,44456432,28.181818181818183
24.0,894,44457326,37.25
29.0,873,44458199,30.103448275862068
23.0,761,44458960,33.08695652173913
23.0,819,44459779,35.608695652173914
38.0,1604,44461383,42.21052631578947
22.0,770,44462153,35.0
37.0,1328,44463481,35.891891891891895
40.0,1086,44464567,27.15
41.0,1532,44466099,37.36585365853659
44.0,1254,44467353,28.5
16.0,450,44467803,28.125
37.0,1095,44468898,29.594594594594593
6.0,138,44469036,23.0
39.0,1186,44470222,30.41025641025641
40.0,1190,44471412,29.75
32.0,1070,44472482,33.4375
24.0,816,44473298,34.0
17.0,519,44473817,30.529411764705884
20.0,782,44474599,39.1
31.0,1197,44475796,38.61290322580645
27.0,726,44476522,26.88888888888889
22.0,711,44477233,32.31818181818182
40.0,1283,44478516,32.075
23.0,927,44479443,40.30434782608695
21.0,581,44480024,27.666666666666668
15.0,505,44480529,33.666666666666664
46.0,1704,44482233,37.04347826086956
25.0,610,44482843,24.4
39.0,1169,44484012,29.974358974358974
32.0,1160,44485172,36.25
17.0,570,44485742,33.529411764705884
20.0,753,44486495,37.65
10.0,276,44486771,27.6
34.0,1099,44487870,32.3235294117647
13.0,363,44488233,27.923076923076923
19.0,692,44488925,36.421052631578945
27.0,820,44489745,30.37037037037037
29.0,1000,44490745,34.48275862068966
42.0,1314,44492059,31.285714285714285
24.0,694,44492753,28.916666666666668
23.0,692,44493445,30.08695652173913
40.0,1136,44494581,28.4
41.0,1272,44495853,31.024390243902438
11.0,352,44496205,32.0
16.0,375,44496580,23.4375
35.0,981,44497561,28.02857142857143
7.0,208,44497769,29.714285714285715
40.0,1333,44499102,33.325
16.0,488,44499590,30.5
56.0,1748,44501338,31.214285714285715
28.0,1067,44502405,38.107142857142854
30.0,1172,44503577,39.06666666666667
29.0,818,44504395,28.20689655172414
24.0,670,44505065,27.916666666666668
30.0,1042,44506107,34.733333333333334
46.0,1826,44507933,39.69565217391305
14.0,314,44508247,22.428571428571427
30.0,982,44509229,32.733333333333334
36.0,1165,44510394,32.361111111111114
26.0,756,44511150,29.076923076923077
52.0,1561,44512711,30.01923076923077
25.0,839,44513550,33.56
10.0,239,44513789,23.9
54.0,2046,44515835,37.888888888888886
35.0,949,44516784,27.114285714285714
19.0,722,44517506,38.0
28.0,906,44518412,32.357142857142854
31.0,824,44519236,26.580645161290324
29.0,950,44520186,32.758620689655174
45.0,1705,44521891,37.888888888888886
15.0,456,44522347,30.4
26.0,903,44523250,34.73076923076923
31.0,851,44524101,27.451612903225808
15.0,337,44524438,22.466666666666665
40.0,1585,44526023,39.625
43.0,1608,44527631,37.395348837209305
23.0,654,44528285,28.434782608695652
37.0,1216,44529501,32.86486486486486
11.0,378,44529879,34.36363636363637
27.0,863,44530742,31.962962962962962
10.0,327,44531069,32.7
25.0,622,44531691,24.88
30.0,875,44532566,29.166666666666668
39.0,1312,44533878,33.64102564102564
36.0,1143,44535021,31.75
28.0,902,44535923,32.214285714285715
41.0,1422,44537345,34.68292682926829
24.0,731,44538076,30.458333333333332
27.0,920,44538996,34.074074074074076
39.0,1301,44540297,33.35897435897436
35.0,1042,44541339,29.771428571428572
31.0,981,44542320,31.64516129032258
43.0,1349,44543669,31.372093023255815
36.0,1098,44544767,30.5
27.0,770,44545537,28.51851851851852
28.0,873,44546410,31.178571428571427
34.0,870,44547280,25.58823529411765
24.0,589,44547869,24.541666666666668
27.0,778,44548647,28.814814814814813
25.0,668,44549315,26.72
36.0,1200,44550515,33.333333333333336
11.0,336,44550851,30.545454545454547
28.0,729,44551580,26.035714285714285
35.0,1164,44552744,33.25714285714286
26.0,647,44553391,24.884615384615383
15.0,442,44553833,29.466666666666665
30.0,961,44554794,32.03333333333333
22.0,703,44555497,31.954545454545453
41.0,1375,44556872,33.53658536585366
20.0,584,44557456,29.2
46.0,1497,44558953,32.54347826086956
32.0,977,44559930,30.53125
48.0,1690,44561620,35.208333333333336
19.0,549,44562169,28.894736842105264
35.0,1049,44563218,29.97142857142857
32.0,961,44564179,30.03125
25.0,711,44564890,28.44
24.0,807,44565697,33.625
23.0,762,44566459,33.130434782608695
36.0,937,44567396,26.02777777777778
23.0,723,44568119,31.434782608695652
45.0,1507,44569626,33.48888888888889
33.0,978,44570604,29.636363636363637
43.0,1178,44571782,27.3953488372093
29.0,874,44572656,30.137931034482758
28.0,1082,44573738,38.642857142857146
38.0,1194,44574932,31.42105263157895
45.0,1257,44576189,27.933333333333334
34.0,858,44577047,25.235294117647058
37.0,1261,44578308,34.08108108108108
37.0,1338,44579646,36.16216216216216
19.0,568,44580214,29.894736842105264
43.0,1396,44581610,32.46511627906977
21.0,691,44582301,32.904761904761905
43.0,1431,44583732,33.27906976744186
25.0,846,44584578,33.84
38.0,1372,44585950,36.10526315789474
45.0,1900,44587850,42.22222222222222
14.0,406,44588256,29.0
43.0,1300,44589556,30.232558139534884
29.0,836,44590392,28.82758620689655
31.0,1010,44591402,32.58064516129032
37.0,1568,44592970,42.37837837837838
17.0,401,44593371,23.58823529411765
55.0,1888,44595259,34.32727272727273
31.0,1157,44596416,37.32258064516129
26.0,821,44597237,31.576923076923077
30.0,813,44598050,27.1
3.0,45,44598095,15.0
29.0,901,44598996,31.06896551724138
27.0,713,44599709,26.40740740740741
37.0,1154,44600863,31.18918918918919
34.0,1244,44602107,36.588235294117645
42.0,1176,44603283,28.0
18.0,493,44603776,27.38888888888889
30.0,1090,44604866,36.333333333333336
28.0,849,44605715,30.321428571428573
31.0,752,44606467,24.258064516129032
37.0,1144,44607611,30.91891891891892
22.0,721,44608332,32.77272727272727
43.0,1204,44609536,28.0
31.0,1030,44610566,33.225806451612904
37.0,997,44611563,26.945945945945947
29.0,1369,44612932,47.206896551724135
33.0,1206,44614138,36.54545454545455
40.0,1049,44615187,26.225
31.0,936,44616123,30.193548387096776
34.0,1141,44617264,33.55882352941177
24.0,518,44617782,21.583333333333332
4.0,69,44617851,17.25
49.0,1559,44619410,31.816326530612244
38.0,926,44620336,24.36842105263158
22.0,743,44621079,33.77272727272727
24.0,674,44621753,28.083333333333332
34.0,1041,44622794,30.61764705882353
37.0,1262,44624056,34.108108108108105
50.0,1272,44625328,25.44
9.0,168,44625496,18.666666666666668
32.0,1117,44626613,34.90625
30.0,1198,44627811,39.93333333333333
11.0,311,44628122,28.272727272727273
45.0,1631,44629753,36.24444444444445
35.0,1072,44630825,30.62857142857143
37.0,1080,44631905,29.18918918918919
32.0,997,44632902,31.15625
26.0,694,44633596,26.692307692307693
42.0,1399,44634995,33.30952380952381
36.0,1082,44636077,30.055555555555557
46.0,1408,44637485,30.608695652173914
36.0,1132,44638617,31.444444444444443
15.0,388,44639005,25.866666666666667
47.0,1667,44640672,35.46808510638298
33.0,1202,44641874,36.42424242424242
41.0,1508,44643382,36.78048780487805
15.0,459,44643841,30.6
35.0,999,44644840,28.542857142857144
41.0,1219,44646059,29.73170731707317
33.0,1039,44647098,31.484848484848484
30.0,889,44647987,29.633333333333333
50.0,1896,44649883,37.92
30.0,1020,44650903,34.0
35.0,959,44651862,27.4
16.0,468,44652330,29.25
37.0,1521,44653851,41.108108108108105
33.0,758,44654609,22.96969696969697
28.0,925,44655534,33.035714285714285
31.0,968,44656502,31.225806451612904
32.0,952,44657454,29.75
32.0,989,44658443,30.90625
40.0,1288,44659731,32.2
42.0,1740,44661471,41.42857142857143
23.0,422,44661893,18.347826086956523
40.0,1650,44663543,41.25
10.0,190,44663733,19.0
33.0,1117,44664850,33.84848484848485
34.0,1028,44665878,30.235294117647058
39.0,1403,44667281,35.97435897435897
33.0,986,44668267,29.87878787878788
25.0,925,44669192,37.0
40.0,1474,44670666,36.85
47.0,1746,44672412,37.148936170212764
28.0,1104,44673516,39.42857142857143
40.0,1156,44674672,28.9
40.0,1589,44676261,39.725
30.0,938,44677199,31.266666666666666
44.0,1387,44678586,31.522727272727273
38.0,1205,44679791,31.710526315789473
19.0,521,44680312,27.42105263157895
32.0,1092,44681404,34.125
35.0,1154,44682558,32.97142857142857
16.0,402,44682960,25.125
43.0,1279,44684239,29.74418604651163
44.0,1396,44685635,31.727272727272727
25.0,796,44686431,31.84
7.0,140,44686571,20.0
55.0,1818,44688389,33.054545454545455
23.0,957,44689346,41.608695652173914
36.0,1098,44690444,30.5
15.0,327,44690771,21.8
26.0,864,44691635,33.23076923076923
31.0,1035,44692670,33.38709677419355
19.0,770,44693440,40.526315789473685
28.0,912,44694352,32.57142857142857
25.0,744,44695096,29.76
41.0,1258,44696354,30.682926829268293
34.0,1090,44697444,32.05882352941177
34.0,1122,44698566,33.0
7.0,151,44698717,21.571428571428573
19.0,908,44699625,47.78947368421053
33.0,873,44700498,26.454545454545453
36.0,1090,44701588,30.27777777777778
25.0,828,44702416,33.12
29.0,770,44703186,26.551724137931036
26.0,860,44704046,33.07692307692308
44.0,1325,44705371,30.113636363636363
13.0,312,44705683,24.0
26.0,640,44706323,24.615384615384617
31.0,1248,44707571,40.25806451612903
33.0,953,44708524,28.87878787878788
3.0,118,44708642,39.333333333333336
16.0,543,44709185,33.9375
46.0,1624,44710809,35.30434782608695
42.0,1403,44712212,33.404761904761905
23.0,742,44712954,32.26086956521739
42.0,1283,44714237,30.547619047619047
29.0,948,44715185,32.689655172413794
23.0,707,44715892,30.73913043478261
47.0,1608,44717500,34.212765957446805
26.0,986,44718486,37.92307692307692
34.0,925,44719411,27.205882352941178
35.0,1029,44720440,29.4
39.0,1273,44721713,32.64102564102564
30.0,1183,44722896,39.43333333333333
31.0,889,44723785,28.677419354838708
37.0,1227,44725012,33.16216216216216
20.0,671,44725683,33.55
32.0,1012,44726695,31.625
28.0,797,44727492,28.464285714285715
15.0,398,44727890,26.533333333333335
31.0,888,44728778,28.64516129032258
34.0,1185,44729963,34.85294117647059
20.0,640,44730603,32.0
10.0,332,44730935,33.2
18.0,556,44731491,30.88888888888889
34.0,1176,44732667,34.588235294117645
45.0,1572,44734239,34.93333333333333
25.0,710,44734949,28.4
46.0,1474,44736423,32.04347826086956
14.0,485,44736908,34.642857142857146
31.0,821,44737729,26.483870967741936
47.0,1573,44739302,33.46808510638298
38.0,1343,44740645,35.3421052631579
38.0,1345,44741990,35.39473684210526
47.0,1424,44743414,30.29787234042553
22.0,569,44743983,25.863636363636363
4.0,95,44744078,23.75
41.0,1284,44745362,31.317073170731707
29.0,792,44746154,27.310344827586206
32.0,980,44747134,30.625
50.0,1793,44748927,35.86
18.0,403,44749330,22.38888888888889
23.0,786,44750116,34.17391304347826
21.0,605,44750721,28.80952380952381
27.0,1017,44751738,37.666666666666664
16.0,486,44752224,30.375
47.0,1617,44753841,34.40425531914894
41.0,1261,44755102,30.75609756097561
31.0,871,44755973,28.096774193548388
41.0,1242,44757215,30.29268292682927
36.0,1147,44758362,31.86111111111111
22.0,666,44759028,30.272727272727273
32.0,932,44759960,29.125
27.0,790,44760750,29.25925925925926
34.0,1110,44761860,32.64705882352941
26.0,732,44762592,28.153846153846153
46.0,1460,44764052,31.73913043478261
32.0,1043,44765095,32.59375
48.0,1478,44766573,30.791666666666668
26.0,778,44767351,29.923076923076923
16.0,470,44767821,29.375
40.0,1617,44769438,40.425
41.0,1336,44770774,32.58536585365854
31.0,1081,44771855,34.87096774193548
31.0,913,44772768,29.451612903225808
31.0,917,44773685,29.580645161290324
37.0,1258,44774943,34.0
34.0,1402,44776345,41.23529411764706
32.0,958,44777303,29.9375
39.0,1450,44778753,37.17948717948718
41.0,1385,44780138,33.78048780487805
32.0,999,44781137,31.21875
11.0,335,44781472,30.454545454545453
18.0,496,44781968,27.555555555555557
30.0,861,44782829,28.7
44.0,1234,44784063,28.045454545454547
27.0,1041,44785104,38.55555555555556
49.0,1766,44786870,36.04081632653061
38.0,1268,44788138,33.36842105263158
28.0,710,44788848,25.357142857142858
15.0,321,44789169,21.4
26.0,763,44789932,29.346153846153847
30.0,1008,44790940,33.6
15.0,443,44791383,29.533333333333335
46.0,1692,44793075,36.78260869565217
23.0,723,44793798,31.434782608695652
44.0,1728,44795526,39.27272727272727
51.0,1857,44797383,36.411764705882355
31.0,1187,44798570,38.29032258064516
30.0,1451,44800021,48.36666666666667
20.0,555,44800576,27.75
14.0,269,44800845,19.214285714285715
24.0,733,44801578,30.541666666666668
26.0,781,44802359,30.03846153846154
40.0,1398,44803757,34.95
32.0,1081,44804838,33.78125
33.0,916,44805754,27.757575757575758
23.0,629,44806383,27.347826086956523
19.0,560,44806943,29.473684210526315
29.0,1142,44808085,39.37931034482759
63.0,2276,44810361,36.12698412698413
40.0,1208,44811569,30.2
27.0,654,44812223,24.22222222222222
37.0,1281,44813504,34.62162162162162
23.0,772,44814276,33.56521739130435
32.0,1318,44815594,41.1875
34.0,916,44816510,26.941176470588236
31.0,969,44817479,31.258064516129032
34.0,1131,44818610,33.26470588235294
37.0,1023,44819633,27.64864864864865
40.0,1253,44820886,31.325
19.0,374,44821260,19.68421052631579
27.0,834,44822094,30.88888888888889
35.0,1081,44823175,30.885714285714286
27.0,1019,44824194,37.74074074074074
32.0,935,44825129,29.21875
27.0,645,44825774,23.88888888888889
26.0,884,44826658,34.0
31.0,753,44827411,24.29032258064516
23.0,727,44828138,31.608695652173914
35.0,1150,44829288,32.857142857142854
27.0,1013,44830301,37.51851851851852
26.0,823,44831124,31.653846153846153
43.0,1373,44832497,31.930232558139537
30.0,947,44833444,31.566666666666666
42.0,1461,44834905,34.785714285714285
30.0,884,44835789,29.466666666666665
31.0,893,44836682,28.806451612903224
36.0,1216,44837898,33.77777777777778
37.0,1150,44839048,31.08108108108108
22.0,534,44839582,24.272727272727273
38.0,1326,44840908,34.89473684210526
33.0,1146,44842054,34.72727272727273
22.0,560,44842614,25.454545454545453
47.0,1564,44844178,33.276595744680854
48.0,1670,44845848,34.791666666666664
33.0,907,44846755,27.484848484848484
40.0,1308,44848063,32.7
40.0,1337,44849400,33.425
15.0,530,44849930,35.333333333333336
26.0,677,44850607,26.03846153846154
29.0,916,44851523,31.586206896551722
32.0,1011,44852534,31.59375
32.0,1084,44853618,33.875
43.0,1248,44854866,29.023255813953487
34.0,1127,44855993,33.14705882352941
27.0,923,44856916,34.18518518518518
18.0,444,44857360,24.666666666666668
38.0,1208,44858568,31.789473684210527
51.0,2291,44860859,44.92156862745098
44.0,1429,44862288,32.47727272727273
36.0,1102,44863390,30.61111111111111
23.0,624,44864014,27.130434782608695
32.0,1062,44865076,33.1875
26.0,928,44866004,35.69230769230769
14.0,236,44866240,16.857142857142858
37.0,1170,44867410,31.62162162162162
40.0,1334,44868744,33.35
29.0,1113,44869857,38.37931034482759
48.0,1766,44871623,36.791666666666664
31.0,1277,44872900,41.193548387096776
36.0,1833,44874733,50.916666666666664
38.0,1016,44875749,26.736842105263158
29.0,949,44876698,32.724137931034484
41.0,1480,44878178,36.09756097560975
32.0,872,44879050,27.25
36.0,865,44879915,24.02777777777778
29.0,813,44880728,28.03448275862069
28.0,1002,44881730,35.785714285714285
36.0,949,44882679,26.36111111111111
34.0,1104,44883783,32.470588235294116
18.0,502,44884285,27.88888888888889
23.0,775,44885060,33.69565217391305
35.0,1141,44886201,32.6
43.0,1429,44887630,33.23255813953488
26.0,662,44888292,25.46153846153846
35.0,1002,44889294,28.62857142857143
18.0,567,44889861,31.5
36.0,947,44890808,26.305555555555557
33.0,1137,44891945,34.45454545454545
37.0,1339,44893284,36.189189189189186
36.0,1174,44894458,32.611111111111114
36.0,1257,44895715,34.916666666666664
31.0,786,44896501,25.35483870967742
40.0,1027,44897528,25.675
23.0,724,44898252,31.47826086956522
20.0,539,44898791,26.95
25.0,823,44899614,32.92
28.0,832,44900446,29.714285714285715
27.0,770,44901216,28.51851851851852
39.0,1367,44902583,35.05128205128205
27.0,656,44903239,24.296296296296298
30.0,836,44904075,27.866666666666667
43.0,1868,44905943,43.44186046511628
37.0,1084,44907027,29.2972972972973
39.0,1109,44908136,28.435897435897434
40.0,1080,44909216,27.0
32.0,1062,44910278,33.1875
25.0,685,44910963,27.4
44.0,1641,44912604,37.29545454545455
15.0,442,44913046,29.466666666666665
44.0,1225,44914271,27.84090909090909
36.0,1178,44915449,32.72222222222222
36.0,1067,44916516,29.63888888888889
37.0,1223,44917739,33.054054054054056
2.0,68,44917807,34.0
21.0,766,44918573,36.476190476190474
43.0,1578,44920151,36.69767441860465
29.0,878,44921029,30.275862068965516
24.0,752,44921781,31.333333333333332
37.0,1112,44922893,30.054054054054053
20.0,677,44923570,33.85
25.0,815,44924385,32.6
22.0,578,44924963,26.272727272727273
31.0,1034,44925997,33.354838709677416
23.0,733,44926730,31.869565217391305
12.0,425,44927155,35.416666666666664
20.0,588,44927743,29.4
16.0,593,44928336,37.0625
43.0,1766,44930102,41.06976744186046
40.0,1354,44931456,33.85
32.0,1241,44932697,38.78125
34.0,1020,44933717,30.0
17.0,465,44934182,27.352941176470587
26.0,766,44934948,29.46153846153846
38.0,1455,44936403,38.28947368421053
34.0,1133,44937536,33.3235294117647
35.0,1057,44938593,30.2
11.0,311,44938904,28.272727272727273
37.0,1028,44939932,27.783783783783782
21.0,740,44940672,35.23809523809524
20.0,508,44941180,25.4
27.0,753,44941933,27.88888888888889
29.0,912,44942845,31.448275862068964
40.0,1453,44944298,36.325
32.0,1351,44945649,42.21875
42.0,1380,44947029,32.857142857142854
35.0,1149,44948178,32.82857142857143
13.0,485,44948663,37.30769230769231
50.0,1606,44950269,32.12
37.0,1240,44951509,33.513513513513516
17.0,462,44951971,27.176470588235293
23.0,594,44952565,25.82608695652174
43.0,1506,44954071,35.02325581395349
36.0,1401,44955472,38.916666666666664
20.0,526,44955998,26.3
26.0,805,44956803,30.96153846153846
18.0,506,44957309,28.11111111111111
38.0,1400,44958709,36.8421052631579
18.0,541,44959250,30.055555555555557
18.0,753,44960003,41.833333333333336
50.0,1759,44961762,35.18
18.0,544,44962306,30.22222222222222
25.0,631,44962937,25.24
39.0,990,44963927,25.384615384615383
14.0,496,44964423,35.42857142857143
42.0,1435,44965858,34.166666666666664
18.0,471,44966329,26.166666666666668
45.0,1526,44967855,33.91111111111111
24.0,652,44968507,27.166666666666668
29.0,977,44969484,33.689655172413794
45.0,1426,44970910,31.68888888888889
6.0,66,44970976,11.0
29.0,842,44971818,29.03448275862069
36.0,1046,44972864,29.055555555555557
20.0,456,44973320,22.8
53.0,1899,44975219,35.83018867924528
18.0,355,44975574,19.72222222222222
45.0,1552,44977126,34.48888888888889
27.0,868,44977994,32.148148148148145
41.0,1129,44979123,27.536585365853657
43.0,1460,44980583,33.95348837209303
14.0,447,44981030,31.928571428571427
12.0,298,44981328,24.833333333333332
22.0,776,44982104,35.27272727272727
30.0,905,44983009,30.166666666666668
33.0,971,44983980,29.424242424242426
20.0,533,44984513,26.65
25.0,707,44985220,28.28
40.0,1158,44986378,28.95
26.0,971,44987349,37.34615384615385
10.0,340,44987689,34.0
34.0,1060,44988749,31.176470588235293
30.0,1048,44989797,34.93333333333333
17.0,553,44990350,32.529411764705884
37.0,1488,44991838,40.21621621621622
12.0,316,44992154,26.333333333333332
34.0,1127,44993281,33.14705882352941
33.0,1207,44994488,36.57575757575758
25.0,692,44995180,27.68
34.0,963,44996143,28.323529411764707
31.0,930,44997073,30.0
44.0,1706,44998779,38.77272727272727
24.0,554,44999333,23.083333333333332
42.0,1411,45000744,33.595238095238095
36.0,1132,45001876,31.444444444444443
39.0,1220,45003096,31.28205128205128
29.0,853,45003949,29.413793103448278
18.0,643,45004592,35.72222222222222
45.0,1525,45006117,33.888888888888886
35.0,1262,45007379,36.05714285714286
20.0,732,45008111,36.6
26.0,816,45008927,31.384615384615383
26.0,905,45009832,34.80769230769231
19.0,551,45010383,29.0
36.0,1155,45011538,32.083333333333336
26.0,559,45012097,21.5
16.0,504,45012601,31.5
32.0,818,45013419,25.5625
32.0,852,45014271,26.625
17.0,649,45014920,38.1764705882353
33.0,1103,45016023,33.42424242424242
11.0,301,45016324,27.363636363636363
34.0,1082,45017406,31.823529411764707
45.0,1901,45019307,42.24444444444445
37.0,946,45020253,25.56756756756757
18.0,521,45020774,28.944444444444443
54.0,2001,45022775,37.05555555555556
40.0,1274,45024049,31.85
13.0,396,45024445,30.46153846153846
28.0,923,45025368,32.964285714285715
32.0,973,45026341,30.40625
16.0,343,45026684,21.4375
42.0,1448,45028132,34.476190476190474
52.0,1502,45029634,28.884615384615383
32.0,1254,45030888,39.1875
39.0,1019,45031907,26.128205128205128
24.0,609,45032516,25.375
33.0,997,45033513,30.21212121212121
17.0,364,45033877,21.41176470588235
36.0,1069,45034946,29.694444444444443
27.0,898,45035844,33.25925925925926
32.0,863,45036707,26.96875
34.0,906,45037613,26.647058823529413
22.0,729,45038342,33.13636363636363
42.0,1331,45039673,31.69047619047619
49.0,1782,45041455,36.36734693877551
42.0,1489,45042944,35.45238095238095
11.0,226,45043170,20.545454545454547
28.0,930,45044100,33.214285714285715
43.0,1321,45045421,30.72093023255814
31.0,957,45046378,30.870967741935484
39.0,1369,45047747,35.1025641025641
29.0,933,45048680,32.172413793103445
35.0,1321,45050001,37.74285714285714
11.0,297,45050298,27.0
32.0,1390,45051688,43.4375
40.0,1182,45052870,29.55
8.0,296,45053166,37.0
55.0,1956,45055122,35.56363636363636
30.0,1449,45056571,48.3
24.0,871,45057442,36.291666666666664
21.0,679,45058121,32.333333333333336
38.0,1205,45059326,31.710526315789473
22.0,535,45059861,24.318181818181817
24.0,715,45060576,29.791666666666668
7.0,149,45060725,21.285714285714285
27.0,907,45061632,33.592592592592595
41.0,1222,45062854,29.804878048780488
25.0,595,45063449,23.8
53.0,1649,45065098,31.11320754716981
23.0,690,45065788,30.0
28.0,805,45066593,28.75
45.0,1776,45068369,39.46666666666667
44.0,1622,45069991,36.86363636363637
30.0,1141,45071132,38.03333333333333
16.0,468,45071600,29.25
17.0,468,45072068,27.529411764705884
38.0,1240,45073308,32.63157894736842
30.0,796,45074104,26.533333333333335
40.0,1198,45075302,29.95
20.0,652,45075954,32.6
29.0,1120,45077074,38.62068965517241
25.0,447,45077521,17.88
12.0,290,45077811,24.166666666666668
31.0,1083,45078894,34.935483870967744
16.0,346,45079240,21.625
28.0,772,45080012,27.571428571428573
37.0,1227,45081239,33.16216216216216
37.0,1365,45082604,36.891891891891895
32.0,1061,45083665,33.15625
20.0,595,45084260,29.75
29.0,823,45085083,28.379310344827587
37.0,1129,45086212,30.513513513513512
34.0,1291,45087503,37.970588235294116
27.0,697,45088200,25.814814814814813
23.0,777,45088977,33.78260869565217
39.0,1376,45090353,35.282051282051285
19.0,597,45090950,31.42105263157895
45.0,1425,45092375,31.666666666666668
30.0,1181,45093556,39.36666666666667
39.0,1147,45094703,29.41025641025641
36.0,1156,45095859,32.111111111111114
31.0,884,45096743,28.516129032258064
36.0,1083,45097826,30.083333333333332
14.0,429,45098255,30.642857142857142
44.0,1335,45099590,30.34090909090909
31.0,907,45100497,29.258064516129032
20.0,553,45101050,27.65
34.0,1138,45102188,33.470588235294116
36.0,1161,45103349,32.25
3.0,185,45103534,61.666666666666664
30.0,1487,45105021,49.56666666666667
39.0,1433,45106454,36.743589743589745
19.0,467,45106921,24.57894736842105
32.0,1062,45107983,33.1875
27.0,1018,45109001,37.7037037037037
32.0,1252,45110253,39.125
23.0,782,45111035,34.0
43.0,1321,45112356,30.72093023255814
15.0,435,45112791,29.0
37.0,1390,45114181,37.567567567567565
19.0,486,45114667,25.57894736842105
24.0,703,45115370,29.291666666666668
25.0,653,45116023,26.12
14.0,353,45116376,25.214285714285715
37.0,1073,45117449,29.0
41.0,1262,45118711,30.78048780487805
4.0,88,45118799,22.0
38.0,1028,45119827,27.05263157894737
20.0,779,45120606,38.95
40.0,1165,45121771,29.125
24.0,638,45122409,26.583333333333332
41.0,1439,45123848,35.09756097560975
17.0,496,45124344,29.176470588235293
23.0,826,45125170,35.91304347826087
32.0,940,45126110,29.375
32.0,1060,45127170,33.125
29.0,834,45128004,28.75862068965517
9.0,243,45128247,27.0
33.0,1104,45129351,33.45454545454545
40.0,1125,45130476,28.125
40.0,1182,45131658,29.55
33.0,1189,45132847,36.03030303030303
26.0,943,45133790,36.26923076923077
25.0,660,45134450,26.4
48.0,1597,45136047,33.270833333333336
26.0,909,45136956,34.96153846153846
32.0,1016,45137972,31.75
30.0,965,45138937,32.166666666666664
20.0,594,45139531,29.7
32.0,985,45140516,30.78125
20.0,485,45141001,24.25
20.0,613,45141614,30.65
53.0,1822,45143436,34.37735849056604
36.0,1000,45144436,27.77777777777778
26.0,960,45145396,36.92307692307692
27.0,902,45146298,33.407407407407405
22.0,766,45147064,34.81818181818182
38.0,1491,45148555,39.23684210526316
22.0,720,45149275,32.72727272727273
30.0,932,45150207,31.066666666666666
34.0,1019,45151226,29.970588235294116
32.0,1054,45152280,32.9375
34.0,1175,45153455,34.55882352941177
11.0,327,45153782,29.727272727272727
37.0,1143,45154925,30.89189189189189
23.0,816,45155741,35.47826086956522
27.0,774,45156515,28.666666666666668
27.0,1009,45157524,37.370370370370374
18.0,482,45158006,26.77777777777778
32.0,847,45158853,26.46875
33.0,1126,45159979,34.121212121212125
26.0,916,45160895,35.23076923076923
16.0,525,45161420,32.8125
38.0,1293,45162713,34.026315789473685
49.0,1863,45164576,38.02040816326531
41.0,1353,45165929,33.0
7.0,163,45166092,23.285714285714285
24.0,751,45166843,31.291666666666668
34.0,984,45167827,28.941176470588236
29.0,885,45168712,30.517241379310345
39.0,1181,45169893,30.28205128205128
20.0,702,45170595,35.1
10.0,255,45170850,25.5
20.0,533,45171383,26.65
25.0,949,45172332,37.96
20.0,665,45172997,33.25
29.0,1078,45174075,37.172413793103445
37.0,1226,45175301,33.13513513513514
22.0,601,45175902,27.318181818181817
5.0,96,45175998,19.2
30.0,961,45176959,32.03333333333333
11.0,353,45177312,32.09090909090909
35.0,1092,45178404,31.2
35.0,983,45179387,28.085714285714285
23.0,688,45180075,29.91304347826087
16.0,351,45180426,21.9375
11.0,361,45180787,32.81818181818182
23.0,610,45181397,26.52173913043478
17.0,543,45181940,31.941176470588236
44.0,1619,45183559,36.79545454545455
20.0,648,45184207,32.4
32.0,1190,45185397,37.1875
18.0,566,45185963,31.444444444444443
19.0,564,45186527,29.68421052631579
28.0,849,45187376,30.321428571428573
42.0,1542,45188918,36.714285714285715
36.0,1182,45190100,32.833333333333336
10.0,326,45190426,32.6
30.0,932,45191358,31.066666666666666
15.0,384,45191742,25.6
30.0,976,45192718,32.53333333333333
12.0,433,45193151,36.083333333333336
35.0,1056,45194207,30.17142857142857
15.0,454,45194661,30.266666666666666
51.0,1775,45196436,34.80392156862745
37.0,1337,45197773,36.13513513513514
36.0,1278,45199051,35.5
25.0,809,45199860,32.36
31.0,1002,45200862,32.32258064516129
30.0,781,45201643,26.033333333333335
28.0,939,45202582,33.535714285714285
33.0,1035,45203617,31.363636363636363
22.0,683,45204300,31.045454545454547
42.0,1567,45205867,37.30952380952381
43.0,1339,45207206,31.13953488372093
31.0,1073,45208279,34.61290322580645
41.0,1283,45209562,31.29268292682927
27.0,716,45210278,26.51851851851852
31.0,923,45211201,29.774193548387096
25.0,838,45212039,33.52
29.0,841,45212880,29.0
36.0,1514,45214394,42.05555555555556
30.0,1011,45215405,33.7
37.0,1137,45216542,30.72972972972973
48.0,1661,45218203,34.604166666666664
31.0,1061,45219264,34.225806451612904
36.0,1093,45220357,30.36111111111111
37.0,1302,45221659,35.189189189189186
22.0,742,45222401,33.72727272727273
37.0,1307,45223708,35.32432432432432
16.0,479,45224187,29.9375
30.0,1208,45225395,40.266666666666666
58.0,1738,45227133,29.96551724137931
35.0,1094,45228227,31.257142857142856
16.0,655,45228882,40.9375
30.0,986,45229868,32.86666666666667
33.0,1056,45230924,32.0
47.0,1942,45232866,41.319148936170215
38.0,1286,45234152,33.8421052631579
22.0,716,45234868,32.54545454545455
13.0,324,45235192,24.923076923076923
12.0,381,45235573,31.75
54.0,1847,45237420,34.2037037037037
40.0,1491,45238911,37.275
24.0,621,45239532,25.875
33.0,1128,45240660,34.18181818181818
35.0,1347,45242007,38.48571428571429
25.0,831,45242838,33.24
26.0,750,45243588,28.846153846153847
22.0,684,45244272,31.09090909090909
29.0,1008,45245280,34.758620689655174
16.0,509,45245789,31.8125
7.0,171,45245960,24.428571428571427
17.0,469,45246429,27.58823529411765
31.0,749,45247178,24.161290322580644
43.0,1274,45248452,29.627906976744185
13.0,362,45248814,27.846153846153847
26.0,729,45249543,28.03846153846154
22.0,697,45250240,31.681818181818183
9.0,247,45250487,27.444444444444443
35.0,1197,45251684,34.2
22.0,531,45252215,24.136363636363637
26.0,763,45252978,29.346153846153847
26.0,950,45253928,36.53846153846154
16.0,498,45254426,31.125
35.0,1131,45255557,32.31428571428572
32.0,1165,45256722,36.40625
29.0,1019,45257741,35.13793103448276
30.0,996,45258737,33.2
11.0,252,45258989,22.90909090909091
33.0,1184,45260173,35.878787878787875
35.0,1138,45261311,32.51428571428571
29.0,1261,45262572,43.48275862068966
27.0,861,45263433,31.88888888888889
34.0,864,45264297,25.41176470588235
26.0,691,45264988,26.576923076923077
18.0,579,45265567,32.166666666666664
32.0,1002,45266569,31.3125
27.0,718,45267287,26.59259259259259
36.0,1226,45268513,34.05555555555556
24.0,598,45269111,24.916666666666668
28.0,758,45269869,27.071428571428573
54.0,2007,45271876,37.166666666666664
24.0,542,45272418,22.583333333333332
43.0,1321,45273739,30.72093023255814
19.0,436,45274175,22.94736842105263
24.0,555,45274730,23.125
40.0,1486,45276216,37.15
33.0,833,45277049,25.242424242424242
20.0,691,45277740,34.55
44.0,1515,45279255,34.43181818181818
39.0,1296,45280551,33.23076923076923
46.0,1565,45282116,34.02173913043478
28.0,774,45282890,27.642857142857142
12.0,365,45283255,30.416666666666668
34.0,1012,45284267,29.764705882352942
28.0,836,45285103,29.857142857142858
23.0,668,45285771,29.043478260869566
34.0,1157,45286928,34.029411764705884
32.0,933,45287861,29.15625
42.0,1357,45289218,32.30952380952381
40.0,1331,45290549,33.275
21.0,598,45291147,28.476190476190474
26.0,913,45292060,35.11538461538461
31.0,952,45293012,30.70967741935484
39.0,1450,45294462,37.17948717948718
33.0,1142,45295604,34.60606060606061
36.0,1182,45296786,32.833333333333336
25.0,842,45297628,33.68
25.0,812,45298440,32.48
33.0,1101,45299541,33.36363636363637
45.0,1316,45300857,29.244444444444444
27.0,789,45301646,29.22222222222222
32.0,1038,45302684,32.4375
28.0,975,45303659,34.82142857142857
44.0,1446,45305105,32.86363636363637
36.0,1252,45306357,34.77777777777778
50.0,1967,45308324,39.34
24.0,906,45309230,37.75
17.0,532,45309762,31.294117647058822
20.0,605,45310367,30.25
40.0,1287,45311654,32.175
21.0,620,45312274,29.523809523809526
28.0,864,45313138,30.857142857142858
25.0,873,45314011,34.92
30.0,811,45314822,27.033333333333335
39.0,1197,45316019,30.692307692307693
30.0,904,45316923,30.133333333333333
45.0,1364,45318287,30.31111111111111
14.0,416,45318703,29.714285714285715
33.0,1170,45319873,35.45454545454545
41.0,1134,45321007,27.658536585365855
36.0,900,45321907,25.0
17.0,381,45322288,22.41176470588235
19.0,615,45322903,32.36842105263158
38.0,1083,45323986,28.5
16.0,521,45324507,32.5625
41.0,1371,45325878,33.4390243902439
38.0,1202,45327080,31.63157894736842
36.0,1163,45328243,32.30555555555556
27.0,884,45329127,32.74074074074074
31.0,1045,45330172,33.70967741935484
11.0,298,45330470,27.09090909090909
45.0,1389,45331859,30.866666666666667
32.0,1049,45332908,32.78125
39.0,1171,45334079,30.025641025641026
17.0,504,45334583,29.647058823529413
25.0,931,45335514,37.24
42.0,1242,45336756,29.571428571428573
28.0,836,45337592,29.857142857142858
46.0,1850,45339442,40.21739130434783
24.0,716,45340158,29.833333333333332
31.0,1142,45341300,36.83870967741935
35.0,1058,45342358,30.228571428571428
35.0,1060,45343418,30.285714285714285
37.0,1233,45344651,33.32432432432432
23.0,699,45345350,30.391304347826086
30.0,838,45346188,27.933333333333334
37.0,1187,45347375,32.08108108108108
32.0,957,45348332,29.90625
29.0,973,45349305,33.55172413793103
28.0,693,45349998,24.75
32.0,1021,45351019,31.90625
18.0,537,45351556,29.833333333333332
29.0,950,45352506,32.758620689655174
20.0,679,45353185,33.95
36.0,1353,45354538,37.583333333333336
34.0,878,45355416,25.823529411764707
28.0,766,45356182,27.357142857142858
42.0,1640,45357822,39.04761904761905
35.0,1146,45358968,32.74285714285714
51.0,1960,45360928,38.431372549019606
46.0,1616,45362544,35.130434782608695
32.0,1179,45363723,36.84375
16.0,422,45364145,26.375
34.0,1005,45365150,29.558823529411764
35.0,800,45365950,22.857142857142858
39.0,1195,45367145,30.641025641025642
21.0,553,45367698,26.333333333333332
19.0,468,45368166,24.63157894736842
34.0,1162,45369328,34.1764705882353
26.0,912,45370240,35.07692307692308
30.0,1093,45371333,36.43333333333333
30.0,1114,45372447,37.13333333333333
18.0,474,45372921,26.333333333333332
22.0,645,45373566,29.318181818181817
16.0,388,45373954,24.25
25.0,843,45374797,33.72
24.0,706,45375503,29.416666666666668
25.0,699,45376202,27.96
22.0,537,45376739,24.40909090909091
49.0,1595,45378334,32.55102040816327
30.0,972,45379306,32.4
31.0,926,45380232,29.870967741935484
42.0,1311,45381543,31.214285714285715
38.0,1291,45382834,33.973684210526315
36.0,1203,45384037,33.416666666666664
10.0,287,45384324,28.7
33.0,1021,45385345,30.939393939393938
17.0,494,45385839,29.058823529411764
14.0,384,45386223,27.428571428571427
24.0,588,45386811,24.5
26.0,832,45387643,32.0
32.0,824,45388467,25.75
33.0,1130,45389597,34.24242424242424
31.0,1019,45390616,32.87096774193548
28.0,840,45391456,30.0
41.0,1321,45392777,32.21951219512195
17.0,475,45393252,27.941176470588236
18.0,697,45393949,38.72222222222222
34.0,911,45394860,26.794117647058822
21.0,613,45395473,29.19047619047619
31.0,985,45396458,31.774193548387096
48.0,1636,45398094,34.083333333333336
32.0,1072,45399166,33.5
29.0,1015,45400181,35.0
16.0,405,45400586,25.3125
27.0,751,45401337,27.814814814814813
55.0,1905,45403242,34.63636363636363
24.0,812,45404054,33.833333333333336
45.0,1590,45405644,35.333333333333336
21.0,689,45406333,32.80952380952381
34.0,973,45407306,28.61764705882353
40.0,1327,45408633,33.175
31.0,837,45409470,27.0
39.0,1071,45410541,27.46153846153846
38.0,1152,45411693,30.31578947368421
32.0,1388,45413081,43.375
24.0,733,45413814,30.541666666666668
31.0,1169,45414983,37.70967741935484
17.0,562,45415545,33.05882352941177
20.0,636,45416181,31.8
21.0,615,45416796,29.285714285714285
27.0,836,45417632,30.962962962962962
24.0,617,45418249,25.708333333333332
13.0,506,45418755,38.92307692307692
31.0,1616,45420371,52.12903225806452
41.0,1576,45421947,38.4390243902439
19.0,488,45422435,25.68421052631579
41.0,1065,45423500,25.975609756097562
21.0,837,45424337,39.857142857142854
37.0,1283,45425620,34.67567567567568
28.0,848,45426468,30.285714285714285
34.0,1001,45427469,29.441176470588236
32.0,868,45428337,27.125
20.0,596,45428933,29.8
35.0,904,45429837,25.82857142857143
44.0,1718,45431555,39.04545454545455
38.0,1282,45432837,33.73684210526316
31.0,1014,45433851,32.70967741935484
33.0,1149,45435000,34.81818181818182
42.0,1332,45436332,31.714285714285715
39.0,1196,45437528,30.666666666666668
26.0,796,45438324,30.615384615384617
29.0,936,45439260,32.275862068965516
35.0,963,45440223,27.514285714285716
22.0,700,45440923,31.818181818181817
37.0,1065,45441988,28.783783783783782
28.0,976,45442964,34.857142857142854
38.0,1432,45444396,37.68421052631579
38.0,1317,45445713,34.6578947368421
31.0,1033,45446746,33.32258064516129
29.0,862,45447608,29.724137931034484
37.0,1164,45448772,31.45945945945946
42.0,1264,45450036,30.095238095238095
38.0,1334,45451370,35.10526315789474
34.0,1058,45452428,31.11764705882353
46.0,1998,45454426,43.43478260869565
27.0,754,45455180,27.925925925925927
11.0,264,45455444,24.0
31.0,1047,45456491,33.774193548387096
38.0,1318,45457809,34.68421052631579
34.0,1258,45459067,37.0
35.0,1055,45460122,30.142857142857142
13.0,443,45460565,34.07692307692308
25.0,833,45461398,33.32
6.0,68,45461466,11.333333333333334
32.0,835,45462301,26.09375
33.0,1139,45463440,34.515151515151516
33.0,753,45464193,22.818181818181817
46.0,1531,45465724,33.28260869565217
45.0,1451,45467175,32.24444444444445
33.0,989,45468164,29.96969696969697
44.0,1608,45469772,36.54545454545455
46.0,1328,45471100,28.869565217391305
39.0,1365,45472465,35.0
16.0,583,45473048,36.4375
39.0,1084,45474132,27.794871794871796
23.0,655,45474787,28.47826086956522
15.0,532,45475319,35.46666666666667
46.0,1182,45476501,25.695652173913043
32.0,873,45477374,27.28125
33.0,1032,45478406,31.272727272727273
20.0,426,45478832,21.3
30.0,1048,45479880,34.93333333333333
25.0,890,45480770,35.6
33.0,1070,45481840,32.42424242424242
33.0,1064,45482904,32.24242424242424
35.0,1213,45484117,34.65714285714286
14.0,523,45484640,37.357142857142854
37.0,1190,45485830,32.16216216216216
26.0,735,45486565,28.26923076923077
29.0,1004,45487569,34.62068965517241
32.0,990,45488559,30.9375
52.0,1591,45490150,30.596153846153847
49.0,1284,45491434,26.20408163265306
45.0,1536,45492970,34.13333333333333
10.0,280,45493250,28.0
21.0,570,45493820,27.142857142857142
42.0,1733,45495553,41.26190476190476
38.0,1190,45496743,31.31578947368421
32.0,932,45497675,29.125
46.0,1441,45499116,31.32608695652174
24.0,703,45499819,29.291666666666668
35.0,1355,45501174,38.714285714285715
23.0,688,45501862,29.91304347826087
21.0,681,45502543,32.42857142857143
22.0,543,45503086,24.681818181818183
22.0,582,45503668,26.454545454545453
26.0,789,45504457,30.346153846153847
31.0,1059,45505516,34.16129032258065
21.0,807,45506323,38.42857142857143
40.0,1206,45507529,30.15
18.0,571,45508100,31.72222222222222
44.0,1152,45509252,26.181818181818183
37.0,1325,45510577,35.810810810810814
25.0,780,45511357,31.2
27.0,777,45512134,28.77777777777778
25.0,735,45512869,29.4
53.0,1969,45514838,37.15094339622642
27.0,837,45515675,31.0
24.0,661,45516336,27.541666666666668
29.0,791,45517127,27.275862068965516
40.0,1397,45518524,34.925
18.0,513,45519037,28.5
27.0,837,45519874,31.0
35.0,1262,45521136,36.05714285714286
37.0,985,45522121,26.62162162162162
36.0,913,45523034,25.36111111111111
50.0,1653,45524687,33.06
21.0,629,45525316,29.952380952380953
27.0,742,45526058,27.48148148148148
22.0,692,45526750,31.454545454545453
14.0,355,45527105,25.357142857142858
28.0,921,45528026,32.892857142857146
34.0,1088,45529114,32.0
36.0,1033,45530147,28.694444444444443
34.0,1336,45531483,39.294117647058826
28.0,733,45532216,26.178571428571427
43.0,1629,45533845,37.883720930232556
20.0,529,45534374,26.45
33.0,886,45535260,26.848484848484848
22.0,555,45535815,25.227272727272727
24.0,833,45536648,34.708333333333336
26.0,920,45537568,35.38461538461539
32.0,1101,45538669,34.40625
34.0,1189,45539858,34.970588235294116
16.0,414,45540272,25.875
33.0,1027,45541299,31.12121212121212
42.0,1395,45542694,33.214285714285715
8.0,203,45542897,25.375
31.0,874,45543771,28.193548387096776
33.0,1247,45545018,37.78787878787879
28.0,858,45545876,30.642857142857142
20.0,670,45546546,33.5
29.0,982,45547528,33.86206896551724
33.0,984,45548512,29.818181818181817
26.0,911,45549423,35.03846153846154
29.0,809,45550232,27.896551724137932
38.0,1373,45551605,36.13157894736842
45.0,1859,45553464,41.31111111111111
16.0,376,45553840,23.5
23.0,694,45554534,30.17391304347826
23.0,777,45555311,33.78260869565217
31.0,932,45556243,30.06451612903226
34.0,1040,45557283,30.58823529411765
41.0,956,45558239,23.317073170731707
19.0,504,45558743,26.526315789473685
22.0,431,45559174,19.59090909090909
18.0,473,45559647,26.27777777777778
33.0,963,45560610,29.181818181818183
37.0,1220,45561830,32.972972972972975
44.0,1464,45563294,33.27272727272727
31.0,1152,45564446,37.16129032258065
31.0,974,45565420,31.419354838709676
35.0,928,45566348,26.514285714285716
29.0,1051,45567399,36.241379310344826
23.0,827,45568226,35.95652173913044
21.0,539,45568765,25.666666666666668
30.0,934,45569699,31.133333333333333
22.0,602,45570301,27.363636363636363
33.0,840,45571141,25.454545454545453
28.0,940,45572081,33.57142857142857
46.0,1670,45573751,36.30434782608695
35.0,1032,45574783,29.485714285714284
24.0,839,45575622,34.958333333333336
51.0,1630,45577252,31.96078431372549
24.0,758,45578010,31.583333333333332
29.0,837,45578847,28.862068965517242
47.0,1379,45580226,29.340425531914892
24.0,696,45580922,29.0
33.0,1108,45582030,33.57575757575758
37.0,974,45583004,26.324324324324323
31.0,969,45583973,31.258064516129032
32.0,1111,45585084,34.71875
32.0,1003,45586087,31.34375
34.0,895,45586982,26.323529411764707
34.0,877,45587859,25.794117647058822
12.0,332,45588191,27.666666666666668
39.0,1511,45589702,38.743589743589745
31.0,880,45590582,28.387096774193548
24.0,812,45591394,33.833333333333336
14.0,505,45591899,36.07142857142857
32.0,1036,45592935,32.375
24.0,641,45593576,26.708333333333332
36.0,1118,45594694,31.055555555555557
37.0,1276,45595970,34.486486486486484
39.0,1349,45597319,34.58974358974359
43.0,1748,45599067,40.651162790697676
22.0,702,45599769,31.90909090909091
20.0,807,45600576,40.35
11.0,360,45600936,32.72727272727273
32.0,926,45601862,28.9375
27.0,918,45602780,34.0
40.0,1141,45603921,28.525
29.0,969,45604890,33.41379310344828
28.0,886,45605776,31.642857142857142
25.0,676,45606452,27.04
22.0,536,45606988,24.363636363636363
32.0,981,45607969,30.65625
36.0,1212,45609181,33.666666666666664
40.0,1422,45610603,35.55
35.0,1006,45611609,28.742857142857144
27.0,971,45612580,35.96296296296296
40.0,1180,45613760,29.5
41.0,1419,45615179,34.609756097560975
30.0,768,45615947,25.6
38.0,1077,45617024,28.342105263157894
3.0,68,45617092,22.666666666666668
14.0,365,45617457,26.071428571428573
18.0,423,45617880,23.5
26.0,762,45618642,29.307692307692307
21.0,518,45619160,24.666666666666668
21.0,623,45619783,29.666666666666668
19.0,492,45620275,25.894736842105264
27.0,720,45620995,26.666666666666668
37.0,1131,45622126,30.56756756756757
35.0,1106,45623232,31.6
6.0,183,45623415,30.5
31.0,1188,45624603,38.32258064516129
32.0,1399,45626002,43.71875
35.0,1112,45627114,31.771428571428572
53.0,1839,45628953,34.698113207547166
33.0,1197,45630150,36.27272727272727
42.0,1360,45631510,32.38095238095238
42.0,1601,45633111,38.11904761904762
48.0,1763,45634874,36.729166666666664
24.0,742,45635616,30.916666666666668
40.0,1419,45637035,35.475
34.0,1141,45638176,33.55882352941177
26.0,766,45638942,29.46153846153846
45.0,1366,45640308,30.355555555555554
39.0,1267,45641575,32.48717948717949
49.0,1254,45642829,25.591836734693878
26.0,865,45643694,33.26923076923077
26.0,883,45644577,33.96153846153846
45.0,1193,45645770,26.511111111111113
40.0,1322,45647092,33.05
37.0,1313,45648405,35.486486486486484
28.0,849,45649254,30.321428571428573
13.0,387,45649641,29.76923076923077
36.0,933,45650574,25.916666666666668
37.0,1337,45651911,36.13513513513514
19.0,500,45652411,26.31578947368421
23.0,808,45653219,35.130434782608695
31.0,1023,45654242,33.0
21.0,604,45654846,28.761904761904763
37.0,1075,45655921,29.054054054054053
46.0,1425,45657346,30.97826086956522
32.0,1107,45658453,34.59375
31.0,930,45659383,30.0
42.0,1447,45660830,34.45238095238095
25.0,904,45661734,36.16
28.0,967,45662701,34.535714285714285
32.0,801,45663502,25.03125
26.0,843,45664345,32.42307692307692
27.0,795,45665140,29.444444444444443
29.0,811,45665951,27.96551724137931
24.0,762,45666713,31.75
25.0,667,45667380,26.68
35.0,1010,45668390,28.857142857142858
12.0,392,45668782,32.666666666666664
46.0,1628,45670410,35.391304347826086
41.0,1273,45671683,31.048780487804876
23.0,721,45672404,31.347826086956523
33.0,1047,45673451,31.727272727272727
12.0,336,45673787,28.0
5.0,125,45673912,25.0
14.0,481,45674393,34.357142857142854
32.0,1079,45675472,33.71875
10.0,198,45675670,19.8
21.0,794,45676464,37.80952380952381
24.0,725,45677189,30.208333333333332
43.0,1396,45678585,32.46511627906977
40.0,1209,45679794,30.225
29.0,793,45680587,27.344827586206897
37.0,1344,45681931,36.32432432432432
42.0,1431,45683362,34.07142857142857
31.0,1010,45684372,32.58064516129032
22.0,609,45684981,27.681818181818183
32.0,1044,45686025,32.625
13.0,362,45686387,27.846153846153847
28.0,710,45687097,25.357142857142858
23.0,978,45688075,42.52173913043478
35.0,1046,45689121,29.885714285714286
28.0,927,45690048,33.107142857142854
41.0,1625,45691673,39.63414634146341
37.0,1056,45692729,28.54054054054054
34.0,1235,45693964,36.3235294117647
33.0,1147,45695111,34.75757575757576
17.0,394,45695505,23.176470588235293
25.0,828,45696333,33.12
35.0,1314,45697647,37.542857142857144
24.0,708,45698355,29.5
41.0,1427,45699782,34.80487804878049
18.0,444,45700226,24.666666666666668
36.0,1268,45701494,35.22222222222222
39.0,1490,45702984,38.205128205128204
16.0,525,45703509,32.8125
36.0,1410,45704919,39.166666666666664
31.0,1088,45706007,35.096774193548384
14.0,253,45706260,18.071428571428573
30.0,919,45707179,30.633333333333333
18.0,428,45707607,23.77777777777778
30.0,925,45708532,30.833333333333332
5.0,137,45708669,27.4
33.0,1033,45709702,31.303030303030305
37.0,1341,45711043,36.24324324324324
46.0,1663,45712706,36.15217391304348
22.0,700,45713406,31.818181818181817
14.0,464,45713870,33.142857142857146
30.0,1213,45715083,40.43333333333333
40.0,1467,45716550,36.675
27.0,796,45717346,29.48148148148148
10.0,228,45717574,22.8
43.0,1587,45719161,36.906976744186046
34.0,1248,45720409,36.705882352941174
36.0,1064,45721473,29.555555555555557
2.0,31,45721504,15.5
32.0,849,45722353,26.53125
35.0,1336,45723689,38.17142857142857
37.0,1222,45724911,33.027027027027025
18.0,522,45725433,29.0
29.0,959,45726392,33.06896551724138
27.0,1036,45727428,38.370370370370374
29.0,914,45728342,31.517241379310345
11.0,300,45728642,27.272727272727273
32.0,1289,45729931,40.28125
42.0,1240,45731171,29.523809523809526
35.0,1252,45732423,35.77142857142857
23.0,826,45733249,35.91304347826087
38.0,1376,45734625,36.21052631578947
52.0,1742,45736367,33.5
39.0,1215,45737582,31.153846153846153
38.0,1230,45738812,32.36842105263158
7.0,216,45739028,30.857142857142858
39.0,1335,45740363,34.23076923076923
30.0,782,45741145,26.066666666666666
20.0,999,45742144,49.95
18.0,498,45742642,27.666666666666668
35.0,1061,45743703,30.314285714285713
42.0,1573,45745276,37.45238095238095
28.0,799,45746075,28.535714285714285
31.0,960,45747035,30.967741935483872
28.0,839,45747874,29.964285714285715
52.0,1393,45749267,26.78846153846154
13.0,293,45749560,22.53846153846154
29.0,693,45750253,23.896551724137932
17.0,464,45750717,27.294117647058822
26.0,800,45751517,30.76923076923077
35.0,1032,45752549,29.485714285714284
43.0,1575,45754124,36.627906976744185
22.0,553,45754677,25.136363636363637
35.0,1138,45755815,32.51428571428571
7.0,125,45755940,17.857142857142858
29.0,797,45756737,27.482758620689655
17.0,478,45757215,28.11764705882353
20.0,641,45757856,32.05
33.0,1033,45758889,31.303030303030305
27.0,827,45759716,30.62962962962963
26.0,827,45760543,31.807692307692307
25.0,651,45761194,26.04
26.0,921,45762115,35.42307692307692
12.0,347,45762462,28.916666666666668
47.0,1347,45763809,28.659574468085108
18.0,386,45764195,21.444444444444443
18.0,466,45764661,25.88888888888889
35.0,945,45765606,27.0
20.0,422,45766028,21.1
47.0,1285,45767313,27.340425531914892
34.0,1120,45768433,32.94117647058823
6.0,174,45768607,29.0
21.0,570,45769177,27.142857142857142
21.0,619,45769796,29.476190476190474
24.0,745,45770541,31.041666666666668
44.0,1463,45772004,33.25
30.0,838,45772842,27.933333333333334
32.0,882,45773724,27.5625
25.0,722,45774446,28.88
28.0,1008,45775454,36.0
26.0,886,45776340,34.07692307692308
25.0,723,45777063,28.92
17.0,460,45777523,27.058823529411764
41.0,1090,45778613,26.585365853658537
33.0,1234,45779847,37.39393939393939
30.0,1031,45780878,34.36666666666667
25.0,643,45781521,25.72
12.0,312,45781833,26.0
42.0,1443,45783276,34.357142857142854
13.0,318,45783594,24.46153846153846
29.0,978,45784572,33.724137931034484
34.0,971,45785543,28.558823529411764
32.0,1234,45786777,38.5625
33.0,984,45787761,29.818181818181817
31.0,1001,45788762,32.29032258064516
3.0,66,45788828,22.0
41.0,1266,45790094,30.878048780487806
3.0,118,45790212,39.333333333333336
27.0,789,45791001,29.22222222222222
42.0,1518,45792519,36.142857142857146
27.0,864,45793383,32.0
8.0,166,45793549,20.75
26.0,973,45794522,37.42307692307692
25.0,802,45795324,32.08
16.0,414,45795738,25.875
17.0,728,45796466,42.8235294117647
25.0,718,45797184,28.72
26.0,1043,45798227,40.11538461538461
41.0,1414,45799641,34.48780487804878
19.0,448,45800089,23.57894736842105
26.0,735,45800824,28.26923076923077
15.0,396,45801220,26.4
28.0,719,45801939,25.678571428571427
40.0,1174,45803113,29.35
17.0,424,45803537,24.941176470588236
24.0,680,45804217,28.333333333333332
30.0,674,45804891,22.466666666666665
40.0,978,45805869,24.45
30.0,1043,45806912,34.766666666666666
30.0,1060,45807972,35.333333333333336
27.0,888,45808860,32.888888888888886
19.0,657,45809517,34.578947368421055
28.0,991,45810508,35.392857142857146
33.0,917,45811425,27.78787878787879
27.0,908,45812333,33.629629629629626
25.0,848,45813181,33.92
34.0,1036,45814217,30.470588235294116
20.0,773,45814990,38.65
30.0,940,45815930,31.333333333333332
36.0,855,45816785,23.75
5.0,127,45816912,25.4
25.0,881,45817793,35.24
43.0,1427,45819220,33.18604651162791
37.0,1256,45820476,33.945945945945944
39.0,1286,45821762,32.97435897435897
33.0,1225,45822987,37.121212121212125
21.0,936,45823923,44.57142857142857
20.0,717,45824640,35.85
23.0,819,45825459,35.608695652173914
49.0,1663,45827122,33.93877551020408
17.0,511,45827633,30.058823529411764
31.0,1081,45828714,34.87096774193548
37.0,1222,45829936,33.027027027027025
26.0,873,45830809,33.57692307692308
26.0,751,45831560,28.884615384615383
17.0,467,45832027,27.470588235294116
42.0,1657,45833684,39.45238095238095
39.0,1153,45834837,29.564102564102566
28.0,640,45835477,22.857142857142858
37.0,1263,45836740,34.13513513513514
20.0,602,45837342,30.1
36.0,1110,45838452,30.833333333333332
36.0,1093,45839545,30.36111111111111
35.0,1175,45840720,33.57142857142857
9.0,259,45840979,28.77777777777778
40.0,1426,45842405,35.65
23.0,737,45843142,32.04347826086956
35.0,951,45844093,27.17142857142857
36.0,1186,45845279,32.94444444444444
41.0,1324,45846603,32.292682926829265
43.0,1481,45848084,34.44186046511628
20.0,511,45848595,25.55
33.0,1025,45849620,31.060606060606062
46.0,1630,45851250,35.43478260869565
27.0,931,45852181,34.48148148148148
23.0,701,45852882,30.47826086956522
9.0,268,45853150,29.77777777777778
41.0,1506,45854656,36.73170731707317
36.0,1279,45855935,35.52777777777778
48.0,1696,45857631,35.333333333333336
26.0,975,45858606,37.5
25.0,656,45859262,26.24
34.0,1063,45860325,31.264705882352942
27.0,933,45861258,34.55555555555556
16.0,528,45861786,33.0
24.0,772,45862558,32.166666666666664
33.0,1058,45863616,32.06060606060606
10.0,257,45863873,25.7
35.0,874,45864747,24.97142857142857
28.0,918,45865665,32.785714285714285
29.0,1083,45866748,37.3448275862069
20.0,607,45867355,30.35
28.0,899,45868254,32.107142857142854
55.0,1734,45869988,31.527272727272727
18.0,723,45870711,40.166666666666664
31.0,1027,45871738,33.12903225806452
33.0,904,45872642,27.393939393939394
38.0,1100,45873742,28.94736842105263
30.0,910,45874652,30.333333333333332
46.0,1384,45876036,30.08695652173913
43.0,1765,45877801,41.04651162790697
35.0,1202,45879003,34.34285714285714
39.0,1125,45880128,28.846153846153847
30.0,852,45880980,28.4
18.0,486,45881466,27.0
26.0,737,45882203,28.346153846153847
32.0,1486,45883689,46.4375
40.0,1401,45885090,35.025
31.0,1098,45886188,35.41935483870968
20.0,497,45886685,24.85
34.0,1517,45888202,44.61764705882353
26.0,905,45889107,34.80769230769231
53.0,1796,45890903,33.886792452830186
26.0,837,45891740,32.19230769230769
30.0,808,45892548,26.933333333333334
35.0,1251,45893799,35.74285714285714
27.0,797,45894596,29.51851851851852
38.0,1566,45896162,41.21052631578947
37.0,1291,45897453,34.891891891891895
32.0,1149,45898602,35.90625
39.0,1489,45900091,38.17948717948718
37.0,1112,45901203,30.054054054054053
28.0,718,45901921,25.642857142857142
18.0,581,45902502,32.27777777777778
22.0,704,45903206,32.0
9.0,262,45903468,29.11111111111111
39.0,1216,45904684,31.17948717948718
28.0,1030,45905714,36.785714285714285
34.0,1247,45906961,36.6764705882353
27.0,750,45907711,27.77777777777778
25.0,712,45908423,28.48
30.0,946,45909369,31.533333333333335
32.0,887,45910256,27.71875
32.0,809,45911065,25.28125
22.0,666,45911731,30.272727272727273
25.0,641,45912372,25.64
32.0,996,45913368,31.125
30.0,969,45914337,32.3
41.0,1206,45915543,29.414634146341463
30.0,990,45916533,33.0
31.0,853,45917386,27.516129032258064
33.0,958,45918344,29.03030303030303
19.0,451,45918795,23.736842105263158
28.0,767,45919562,27.392857142857142
19.0,590,45920152,31.05263157894737
41.0,1325,45921477,32.31707317073171
44.0,1881,45923358,42.75
17.0,563,45923921,33.11764705882353
35.0,1007,45924928,28.771428571428572
20.0,534,45925462,26.7
41.0,1275,45926737,31.097560975609756
23.0,554,45927291,24.08695652173913
43.0,1327,45928618,30.86046511627907
43.0,1483,45930101,34.48837209302326
21.0,568,45930669,27.047619047619047
43.0,1294,45931963,30.093023255813954
31.0,1179,45933142,38.03225806451613
15.0,449,45933591,29.933333333333334
29.0,724,45934315,24.96551724137931
13.0,430,45934745,33.07692307692308
33.0,1015,45935760,30.757575757575758
33.0,951,45936711,28.818181818181817
34.0,1175,45937886,34.55882352941177
18.0,491,45938377,27.27777777777778
10.0,324,45938701,32.4
37.0,1134,45939835,30.64864864864865
40.0,979,45940814,24.475
44.0,1585,45942399,36.02272727272727
27.0,759,45943158,28.11111111111111
40.0,1335,45944493,33.375
48.0,1885,45946378,39.270833333333336
22.0,677,45947055,30.772727272727273
29.0,1083,45948138,37.3448275862069
22.0,585,45948723,26.59090909090909
27.0,695,45949418,25.74074074074074
6.0,146,45949564,24.333333333333332
23.0,591,45950155,25.695652173913043
31.0,1083,45951238,34.935483870967744
40.0,1520,45952758,38.0
28.0,760,45953518,27.142857142857142
37.0,1110,45954628,30.0
17.0,350,45954978,20.58823529411765
25.0,846,45955824,33.84
25.0,912,45956736,36.48
22.0,753,45957489,34.22727272727273
33.0,1184,45958673,35.878787878787875
23.0,565,45959238,24.565217391304348
20.0,727,45959965,36.35
21.0,556,45960521,26.476190476190474
40.0,1422,45961943,35.55
35.0,1247,45963190,35.628571428571426
36.0,1207,45964397,33.52777777777778
13.0,405,45964802,31.153846153846153
28.0,731,45965533,26.107142857142858
7.0,149,45965682,21.285714285714285
29.0,977,45966659,33.689655172413794
26.0,1030,45967689,39.61538461538461
31.0,1319,45969008,42.54838709677419
45.0,1347,45970355,29.933333333333334
32.0,951,45971306,29.71875
19.0,486,45971792,25.57894736842105
23.0,704,45972496,30.608695652173914
21.0,593,45973089,28.238095238095237
34.0,1162,45974251,34.1764705882353
20.0,475,45974726,23.75
50.0,1812,45976538,36.24
27.0,815,45977353,30.185185185185187
35.0,1337,45978690,38.2
33.0,835,45979525,25.303030303030305
30.0,898,45980423,29.933333333333334
46.0,1216,45981639,26.434782608695652
23.0,757,45982396,32.91304347826087
39.0,1541,45983937,39.51282051282051
25.0,708,45984645,28.32
23.0,660,45985305,28.695652173913043
40.0,1550,45986855,38.75
25.0,631,45987486,25.24
30.0,763,45988249,25.433333333333334
33.0,1116,45989365,33.81818181818182
34.0,1302,45990667,38.294117647058826
24.0,659,45991326,27.458333333333332
37.0,1132,45992458,30.594594594594593
32.0,1353,45993811,42.28125
35.0,1181,45994992,33.74285714285714
6.0,182,45995174,30.333333333333332
30.0,984,45996158,32.8
28.0,674,45996832,24.071428571428573
35.0,919,45997751,26.257142857142856
32.0,655,45998406,20.46875
32.0,1282,45999688,40.0625
23.0,785,46000473,34.130434782608695
45.0,1842,46002315,40.93333333333333
39.0,1206,46003521,30.923076923076923
47.0,1696,46005217,36.08510638297872
42.0,1179,46006396,28.071428571428573
30.0,892,46007288,29.733333333333334
18.0,662,46007950,36.77777777777778
16.0,363,46008313,22.6875
40.0,1374,46009687,34.35
40.0,1102,46010789,27.55
10.0,311,46011100,31.1
23.0,896,46011996,38.95652173913044
37.0,1380,46013376,37.2972972972973
34.0,1135,46014511,33.38235294117647
40.0,1474,46015985,36.85
29.0,848,46016833,29.24137931034483
37.0,1431,46018264,38.67567567567568
20.0,619,46018883,30.95
33.0,938,46019821,28.424242424242426
38.0,1150,46020971,30.263157894736842
15.0,432,46021403,28.8
18.0,614,46022017,34.111111111111114
24.0,717,46022734,29.875
35.0,1075,46023809,30.714285714285715
49.0,1865,46025674,38.06122448979592
30.0,1051,46026725,35.03333333333333
34.0,1132,46027857,33.294117647058826
34.0,944,46028801,27.764705882352942
29.0,977,46029778,33.689655172413794
23.0,727,46030505,31.608695652173914
41.0,1305,46031810,31.829268292682926
24.0,635,46032445,26.458333333333332
27.0,867,46033312,32.111111111111114
25.0,735,46034047,29.4
22.0,731,46034778,33.22727272727273
31.0,888,46035666,28.64516129032258
46.0,1972,46037638,42.869565217391305
29.0,859,46038497,29.620689655172413
31.0,1076,46039573,34.70967741935484
6.0,313,46039886,52.166666666666664
37.0,1327,46041213,35.86486486486486
23.0,894,46042107,38.869565217391305
34.0,1152,46043259,33.88235294117647
41.0,1538,46044797,37.51219512195122
26.0,795,46045592,30.576923076923077
24.0,795,46046387,33.125
43.0,1405,46047792,32.674418604651166
28.0,958,46048750,34.214285714285715
32.0,983,46049733,30.71875
27.0,922,46050655,34.148148148148145
9.0,326,46050981,36.22222222222222
15.0,362,46051343,24.133333333333333
28.0,724,46052067,25.857142857142858
40.0,1280,46053347,32.0
30.0,773,46054120,25.766666666666666
26.0,806,46054926,31.0
29.0,1014,46055940,34.96551724137931
28.0,822,46056762,29.357142857142858
15.0,445,46057207,29.666666666666668
25.0,746,46057953,29.84
31.0,1184,46059137,38.193548387096776
30.0,1010,46060147,33.666666666666664
27.0,798,46060945,29.555555555555557
15.0,435,46061380,29.0
23.0,715,46062095,31.08695652173913
36.0,1148,46063243,31.88888888888889
15.0,286,46063529,19.066666666666666
29.0,921,46064450,31.75862068965517
14.0,530,46064980,37.857142857142854
25.0,931,46065911,37.24
38.0,1136,46067047,29.894736842105264
42.0,1436,46068483,34.19047619047619
18.0,589,46069072,32.72222222222222
12.0,363,46069435,30.25
18.0,517,46069952,28.72222222222222
33.0,1105,46071057,33.484848484848484
35.0,1282,46072339,36.628571428571426
32.0,1059,46073398,33.09375
46.0,1411,46074809,30.67391304347826
15.0,407,46075216,27.133333333333333
42.0,1439,46076655,34.26190476190476
39.0,1433,46078088,36.743589743589745
36.0,1386,46079474,38.5
25.0,827,46080301,33.08
30.0,1086,46081387,36.2
26.0,825,46082212,31.73076923076923
43.0,1283,46083495,29.837209302325583
20.0,518,46084013,25.9
20.0,568,46084581,28.4
38.0,1349,46085930,35.5
47.0,2022,46087952,43.02127659574468
21.0,621,46088573,29.571428571428573
34.0,1036,46089609,30.470588235294116
42.0,1394,46091003,33.19047619047619
28.0,875,46091878,31.25
44.0,1374,46093252,31.227272727272727
41.0,1401,46094653,34.170731707317074
26.0,918,46095571,35.30769230769231
7.0,168,46095739,24.0
24.0,774,46096513,32.25
28.0,864,46097377,30.857142857142858
23.0,715,46098092,31.08695652173913
13.0,290,46098382,22.307692307692307
32.0,853,46099235,26.65625
37.0,1065,46100300,28.783783783783782
40.0,1344,46101644,33.6
24.0,760,46102404,31.666666666666668
51.0,1831,46104235,35.90196078431372
44.0,1512,46105747,34.36363636363637
34.0,992,46106739,29.176470588235293
45.0,1351,46108090,30.022222222222222
23.0,749,46108839,32.56521739130435
38.0,1046,46109885,27.526315789473685
41.0,1407,46111292,34.31707317073171
47.0,1629,46112921,34.659574468085104
29.0,928,46113849,32.0
40.0,1271,46115120,31.775
23.0,652,46115772,28.347826086956523
23.0,691,46116463,30.043478260869566
33.0,1113,46117576,33.72727272727273
9.0,153,46117729,17.0
18.0,365,46118094,20.27777777777778
25.0,757,46118851,30.28
23.0,701,46119552,30.47826086956522
17.0,656,46120208,38.588235294117645
36.0,1270,46121478,35.27777777777778
37.0,1392,46122870,37.62162162162162
37.0,1236,46124106,33.4054054054054
51.0,1768,46125874,34.666666666666664
23.0,657,46126531,28.565217391304348
35.0,910,46127441,26.0
30.0,755,46128196,25.166666666666668
41.0,1179,46129375,28.75609756097561
17.0,422,46129797,24.823529411764707
44.0,1615,46131412,36.70454545454545
17.0,585,46131997,34.411764705882355
40.0,1386,46133383,34.65
41.0,1349,46134732,32.90243902439025
21.0,610,46135342,29.047619047619047
51.0,1579,46136921,30.96078431372549
25.0,781,46137702,31.24
33.0,974,46138676,29.515151515151516
22.0,744,46139420,33.81818181818182
28.0,859,46140279,30.678571428571427
15.0,300,46140579,20.0
30.0,998,46141577,33.266666666666666
50.0,1906,46143483,38.12
14.0,330,46143813,23.571428571428573
32.0,915,46144728,28.59375
34.0,1117,46145845,32.85294117647059
26.0,903,46146748,34.73076923076923
30.0,976,46147724,32.53333333333333
24.0,760,46148484,31.666666666666668
35.0,1433,46149917,40.94285714285714
26.0,838,46150755,32.23076923076923
27.0,793,46151548,29.37037037037037
39.0,1067,46152615,27.358974358974358
39.0,1338,46153953,34.30769230769231
15.0,436,46154389,29.066666666666666
34.0,1297,46155686,38.14705882352941
40.0,1144,46156830,28.6
38.0,1208,46158038,31.789473684210527
36.0,1151,46159189,31.97222222222222
33.0,1135,46160324,34.39393939393939
29.0,927,46161251,31.96551724137931
14.0,368,46161619,26.285714285714285
26.0,782,46162401,30.076923076923077
28.0,1004,46163405,35.857142857142854
31.0,1178,46164583,38.0
35.0,1155,46165738,33.0
16.0,364,46166102,22.75
44.0,1499,46167601,34.06818181818182
19.0,620,46168221,32.63157894736842
20.0,501,46168722,25.05
36.0,1020,46169742,28.333333333333332
41.0,1327,46171069,32.36585365853659
31.0,1296,46172365,41.806451612903224
21.0,674,46173039,32.095238095238095
27.0,906,46173945,33.55555555555556
42.0,1448,46175393,34.476190476190474
33.0,1172,46176565,35.515151515151516
27.0,792,46177357,29.333333333333332
20.0,621,46177978,31.05
37.0,1382,46179360,37.351351351351354
26.0,723,46180083,27.807692307692307
22.0,589,46180672,26.772727272727273
36.0,1277,46181949,35.47222222222222
53.0,1847,46183796,34.84905660377358
29.0,987,46184783,34.03448275862069
32.0,765,46185548,23.90625
43.0,1288,46186836,29.953488372093023
27.0,805,46187641,29.814814814814813
40.0,1243,46188884,31.075
30.0,988,46189872,32.93333333333333
30.0,1163,46191035,38.766666666666666
27.0,707,46191742,26.185185185185187
25.0,743,46192485,29.72
12.0,286,46192771,23.833333333333332
34.0,1217,46193988,35.794117647058826
38.0,1356,46195344,35.68421052631579
24.0,652,46195996,27.166666666666668
27.0,788,46196784,29.185185185185187
25.0,822,46197606,32.88
46.0,1496,46199102,32.52173913043478
32.0,1038,46200140,32.4375
34.0,919,46201059,27.029411764705884
28.0,790,46201849,28.214285714285715
27.0,681,46202530,25.22222222222222
26.0,730,46203260,28.076923076923077
15.0,456,46203716,30.4
24.0,808,46204524,33.666666666666664
45.0,1399,46205923,31.08888888888889
26.0,953,46206876,36.65384615384615
5.0,180,46207056,36.0
28.0,826,46207882,29.5
36.0,1211,46209093,33.638888888888886
11.0,359,46209452,32.63636363636363
29.0,1085,46210537,37.41379310344828
34.0,1131,46211668,33.26470588235294
23.0,580,46212248,25.217391304347824
22.0,712,46212960,32.36363636363637
38.0,1401,46214361,36.86842105263158
29.0,867,46215228,29.896551724137932
36.0,1034,46216262,28.72222222222222
15.0,411,46216673,27.4
29.0,872,46217545,30.06896551724138
22.0,601,46218146,27.318181818181817
32.0,1210,46219356,37.8125
33.0,956,46220312,28.96969696969697
36.0,1222,46221534,33.94444444444444
9.0,270,46221804,30.0
19.0,517,46222321,27.210526315789473
17.0,493,46222814,29.0
23.0,695,46223509,30.217391304347824
33.0,1022,46224531,30.96969696969697
24.0,587,46225118,24.458333333333332
31.0,1047,46226165,33.774193548387096
29.0,957,46227122,33.0
26.0,1037,46228159,39.88461538461539
22.0,578,46228737,26.272727272727273
29.0,1172,46229909,40.41379310344828
40.0,1381,46231290,34.525
26.0,636,46231926,24.46153846153846
28.0,955,46232881,34.107142857142854
12.0,396,46233277,33.0
38.0,1132,46234409,29.789473684210527
34.0,1035,46235444,30.441176470588236
41.0,1543,46236987,37.63414634146341
29.0,1071,46238058,36.93103448275862
27.0,831,46238889,30.77777777777778
34.0,1031,46239920,30.323529411764707
33.0,1088,46241008,32.96969696969697
22.0,644,46241652,29.272727272727273
20.0,453,46242105,22.65
18.0,558,46242663,31.0
25.0,596,46243259,23.84
11.0,348,46243607,31.636363636363637
6.0,69,46243676,11.5
22.0,774,46244450,35.18181818181818
35.0,1107,46245557,31.62857142857143
33.0,1011,46246568,30.636363636363637
35.0,1129,46247697,32.25714285714286
37.0,1380,46249077,37.2972972972973
19.0,670,46249747,35.26315789473684
32.0,1162,46250909,36.3125
32.0,1068,46251977,33.375
34.0,1242,46253219,36.529411764705884
23.0,675,46253894,29.347826086956523
20.0,535,46254429,26.75
31.0,911,46255340,29.387096774193548
34.0,1267,46256607,37.26470588235294
24.0,814,46257421,33.916666666666664
30.0,990,46258411,33.0
17.0,486,46258897,28.58823529411765
26.0,911,46259808,35.03846153846154
31.0,866,46260674,27.93548387096774
43.0,1442,46262116,33.53488372093023
23.0,670,46262786,29.130434782608695
25.0,817,46263603,32.68
21.0,597,46264200,28.428571428571427
36.0,1141,46265341,31.694444444444443
15.0,411,46265752,27.4
33.0,1225,46266977,37.121212121212125
33.0,1043,46268020,31.606060606060606
39.0,1317,46269337,33.76923076923077
33.0,889,46270226,26.939393939393938
31.0,1059,46271285,34.16129032258065
33.0,1064,46272349,32.24242424242424
40.0,1306,46273655,32.65
27.0,964,46274619,35.7037037037037
42.0,1511,46276130,35.976190476190474
22.0,866,46276996,39.36363636363637
28.0,1051,46278047,37.535714285714285
46.0,1554,46279601,33.78260869565217
25.0,802,46280403,32.08
12.0,278,46280681,23.166666666666668
22.0,511,46281192,23.227272727272727
28.0,705,46281897,25.178571428571427
22.0,849,46282746,38.59090909090909
36.0,1201,46283947,33.361111111111114
21.0,663,46284610,31.571428571428573
22.0,506,46285116,23.0
38.0,1223,46286339,32.18421052631579
27.0,664,46287003,24.59259259259259
38.0,1529,46288532,40.23684210526316
28.0,952,46289484,34.0
50.0,1740,46291224,34.8
26.0,799,46292023,30.73076923076923
26.0,913,46292936,35.11538461538461
43.0,1354,46294290,31.488372093023255
21.0,624,46294914,29.714285714285715
34.0,1163,46296077,34.205882352941174
13.0,430,46296507,33.07692307692308
44.0,1678,46298185,38.13636363636363
34.0,1130,46299315,33.23529411764706
34.0,997,46300312,29.323529411764707
22.0,693,46301005,31.5
29.0,1050,46302055,36.206896551724135
58.0,2143,46304198,36.94827586206897
21.0,621,46304819,29.571428571428573
36.0,1407,46306226,39.083333333333336
18.0,421,46306647,23.38888888888889
39.0,1253,46307900,32.12820512820513
43.0,1409,46309309,32.76744186046512
19.0,593,46309902,31.210526315789473
23.0,902,46310804,39.21739130434783
22.0,657,46311461,29.863636363636363
32.0,943,46312404,29.46875
28.0,878,46313282,31.357142857142858
58.0,2006,46315288,34.58620689655172
42.0,1095,46316383,26.071428571428573
39.0,1127,46317510,28.897435897435898
18.0,571,46318081,31.72222222222222
42.0,1131,46319212,26.928571428571427
18.0,498,46319710,27.666666666666668
6.0,142,46319852,23.666666666666668
34.0,978,46320830,28.764705882352942
33.0,955,46321785,28.939393939393938
41.0,1147,46322932,27.975609756097562
38.0,1218,46324150,32.05263157894737
41.0,1393,46325543,33.97560975609756
32.0,930,46326473,29.0625
41.0,1501,46327974,36.609756097560975
40.0,1106,46329080,27.65
34.0,1135,46330215,33.38235294117647
35.0,1264,46331479,36.114285714285714
22.0,585,46332064,26.59090909090909
20.0,554,46332618,27.7
37.0,1339,46333957,36.189189189189186
17.0,434,46334391,25.529411764705884
39.0,1222,46335613,31.333333333333332
23.0,811,46336424,35.26086956521739
21.0,594,46337018,28.285714285714285
18.0,524,46337542,29.11111111111111
31.0,1090,46338632,35.16129032258065
11.0,239,46338871,21.727272727272727
32.0,855,46339726,26.71875
23.0,885,46340611,38.47826086956522
25.0,643,46341254,25.72
23.0,602,46341856,26.17391304347826
37.0,1369,46343225,37.0
42.0,1357,46344582,32.30952380952381
20.0,566,46345148,28.3
41.0,1442,46346590,35.170731707317074
2.0,122,46346712,61.0
29.0,918,46347630,31.655172413793103
35.0,1085,46348715,31.0
24.0,888,46349603,37.0
15.0,469,46350072,31.266666666666666
34.0,1294,46351366,38.05882352941177
28.0,802,46352168,28.642857142857142
31.0,799,46352967,25.774193548387096
26.0,782,46353749,30.076923076923077
21.0,644,46354393,30.666666666666668
37.0,1353,46355746,36.567567567567565
21.0,624,46356370,29.714285714285715
34.0,1053,46357423,30.970588235294116
55.0,2066,46359489,37.56363636363636
38.0,1458,46360947,38.36842105263158
37.0,1027,46361974,27.756756756756758
42.0,1405,46363379,33.45238095238095
44.0,1058,46364437,24.045454545454547
39.0,1389,46365826,35.61538461538461
31.0,947,46366773,30.548387096774192
31.0,1060,46367833,34.193548387096776
31.0,786,46368619,25.35483870967742
28.0,875,46369494,31.25
22.0,549,46370043,24.954545454545453
36.0,1065,46371108,29.583333333333332
25.0,751,46371859,30.04
25.0,600,46372459,24.0
31.0,921,46373380,29.70967741935484
34.0,1115,46374495,32.794117647058826
41.0,1403,46375898,34.21951219512195
13.0,311,46376209,23.923076923076923
27.0,874,46377083,32.370370370370374
39.0,1487,46378570,38.12820512820513
40.0,1366,46379936,34.15
42.0,1105,46381041,26.30952380952381
46.0,1487,46382528,32.32608695652174
36.0,1328,46383856,36.888888888888886
6.0,181,46384037,30.166666666666668
33.0,913,46384950,27.666666666666668
1.0,21,46384971,21.0
17.0,445,46385416,26.176470588235293
43.0,1399,46386815,32.53488372093023
31.0,813,46387628,26.225806451612904
40.0,1562,46389190,39.05
19.0,552,46389742,29.05263157894737
8.0,170,46389912,21.25
29.0,833,46390745,28.724137931034484
6.0,181,46390926,30.166666666666668
18.0,575,46391501,31.944444444444443
35.0,1047,46392548,29.914285714285715
35.0,1053,46393601,30.085714285714285
31.0,936,46394537,30.193548387096776
15.0,342,46394879,22.8
25.0,491,46395370,19.64
11.0,280,46395650,25.454545454545453
23.0,544,46396194,23.652173913043477
49.0,1615,46397809,32.95918367346939
42.0,1513,46399322,36.023809523809526
35.0,1068,46400390,30.514285714285716
37.0,1330,46401720,35.945945945945944
25.0,873,46402593,34.92
31.0,911,46403504,29.387096774193548
33.0,1021,46404525,30.939393939393938
26.0,896,46405421,34.46153846153846
24.0,703,46406124,29.291666666666668
29.0,832,46406956,28.689655172413794
17.0,539,46407495,31.705882352941178
30.0,938,46408433,31.266666666666666
29.0,931,46409364,32.10344827586207
43.0,1261,46410625,29.325581395348838
24.0,639,46411264,26.625
28.0,797,46412061,28.464285714285715
20.0,606,46412667,30.3
37.0,1239,46413906,33.486486486486484
9.0,409,46414315,45.44444444444444
36.0,1374,46415689,38.166666666666664
24.0,792,46416481,33.0
17.0,522,46417003,30.705882352941178
29.0,795,46417798,27.413793103448278
17.0,449,46418247,26.41176470588235
26.0,648,46418895,24.923076923076923
21.0,549,46419444,26.142857142857142
49.0,1647,46421091,33.61224489795919
31.0,1085,46422176,35.0
15.0,436,46422612,29.066666666666666
28.0,1001,46423613,35.75
25.0,644,46424257,25.76
17.0,453,46424710,26.647058823529413
30.0,845,46425555,28.166666666666668
12.0,338,46425893,28.166666666666668
18.0,515,46426408,28.61111111111111
46.0,1744,46428152,37.91304347826087
47.0,1632,46429784,34.723404255319146
43.0,1537,46431321,35.74418604651163
18.0,532,46431853,29.555555555555557
34.0,1212,46433065,35.64705882352941
43.0,1881,46434946,43.74418604651163
35.0,997,46435943,28.485714285714284
34.0,1292,46437235,38.0
20.0,673,46437908,33.65
25.0,760,46438668,30.4
32.0,1233,46439901,38.53125
30.0,841,46440742,28.033333333333335
29.0,759,46441501,26.17241379310345
25.0,740,46442241,29.6
26.0,830,46443071,31.923076923076923
24.0,693,46443764,28.875
25.0,778,46444542,31.12
21.0,780,46445322,37.142857142857146
34.0,1105,46446427,32.5
25.0,761,46447188,30.44
25.0,872,46448060,34.88
43.0,1226,46449286,28.511627906976745
18.0,505,46449791,28.055555555555557
28.0,885,46450676,31.607142857142858
48.0,1873,46452549,39.020833333333336
12.0,409,46452958,34.083333333333336
39.0,1109,46454067,28.435897435897434
18.0,478,46454545,26.555555555555557
28.0,870,46455415,31.071428571428573
39.0,1218,46456633,31.23076923076923
31.0,997,46457630,32.16129032258065
31.0,760,46458390,24.516129032258064
31.0,876,46459266,28.258064516129032
29.0,1010,46460276,34.827586206896555
11.0,340,46460616,30.90909090909091
32.0,862,46461478,26.9375
24.0,667,46462145,27.791666666666668
27.0,774,46462919,28.666666666666668
38.0,1374,46464293,36.1578947368421
23.0,670,46464963,29.130434782608695
31.0,1072,46466035,34.58064516129032
14.0,531,46466566,37.92857142857143
24.0,759,46467325,31.625
32.0,1199,46468524,37.46875
22.0,749,46469273,34.04545454545455
22.0,533,46469806,24.227272727272727
29.0,974,46470780,33.58620689655172
42.0,1676,46472456,39.904761904761905
30.0,927,46473383,30.9
12.0,287,46473670,23.916666666666668
12.0,196,46473866,16.333333333333332
43.0,1302,46475168,30.27906976744186
32.0,915,46476083,28.59375
27.0,790,46476873,29.25925925925926
49.0,1923,46478796,39.244897959183675
25.0,801,46479597,32.04
1.0,21,46479618,21.0
23.0,571,46480189,24.82608695652174
29.0,762,46480951,26.275862068965516
27.0,861,46481812,31.88888888888889
25.0,762,46482574,30.48
22.0,757,46483331,34.40909090909091
54.0,1618,46484949,29.962962962962962
32.0,1114,46486063,34.8125
39.0,1094,46487157,28.05128205128205
35.0,1045,46488202,29.857142857142858
34.0,1051,46489253,30.91176470588235
13.0,456,46489709,35.07692307692308
18.0,487,46490196,27.055555555555557
33.0,1043,46491239,31.606060606060606
35.0,1236,46492475,35.31428571428572
33.0,980,46493455,29.696969696969695
35.0,1303,46494758,37.22857142857143
32.0,1056,46495814,33.0
9.0,204,46496018,22.666666666666668
5.0,211,46496229,42.2
38.0,1179,46497408,31.026315789473685
20.0,568,46497976,28.4
49.0,1618,46499594,33.02040816326531
32.0,1094,46500688,34.1875
39.0,1309,46501997,33.56410256410256
25.0,698,46502695,27.92
30.0,968,46503663,32.266666666666666
37.0,1179,46504842,31.864864864864863
38.0,1174,46506016,30.894736842105264
14.0,493,46506509,35.214285714285715
38.0,1128,46507637,29.68421052631579
35.0,1143,46508780,32.65714285714286
13.0,449,46509229,34.53846153846154
4.0,127,46509356,31.75
35.0,1280,46510636,36.57142857142857
26.0,949,46511585,36.5
33.0,1111,46512696,33.666666666666664
32.0,892,46513588,27.875
24.0,729,46514317,30.375
18.0,521,46514838,28.944444444444443
29.0,871,46515709,30.03448275862069
32.0,1120,46516829,35.0
34.0,1005,46517834,29.558823529411764
29.0,847,46518681,29.20689655172414
24.0,662,46519343,27.583333333333332
37.0,929,46520272,25.10810810810811
28.0,1016,46521288,36.285714285714285
18.0,585,46521873,32.5
14.0,378,46522251,27.0
22.0,570,46522821,25.90909090909091
25.0,667,46523488,26.68
39.0,1200,46524688,30.76923076923077
33.0,962,46525650,29.151515151515152
46.0,1693,46527343,36.80434782608695
24.0,872,46528215,36.333333333333336
26.0,867,46529082,33.34615384615385
47.0,1881,46530963,40.02127659574468
38.0,931,46531894,24.5
32.0,902,46532796,28.1875
42.0,1278,46534074,30.428571428571427
25.0,798,46534872,31.92
29.0,841,46535713,29.0
11.0,306,46536019,27.818181818181817
35.0,1244,46537263,35.542857142857144
26.0,880,46538143,33.84615384615385
39.0,1196,46539339,30.666666666666668
24.0,696,46540035,29.0
29.0,789,46540824,27.20689655172414
38.0,1361,46542185,35.81578947368421
22.0,444,46542629,20.181818181818183
33.0,742,46543371,22.484848484848484
29.0,1048,46544419,36.13793103448276
32.0,1063,46545482,33.21875
32.0,945,46546427,29.53125
53.0,1552,46547979,29.28301886792453
10.0,213,46548192,21.3
1.0,21,46548213,21.0
19.0,587,46548800,30.894736842105264
38.0,1101,46549901,28.973684210526315
31.0,951,46550852,30.677419354838708
31.0,1099,46551951,35.45161290322581
18.0,589,46552540,32.72222222222222
28.0,923,46553463,32.964285714285715
37.0,1496,46554959,40.432432432432435
37.0,1206,46556165,32.5945945945946
43.0,1643,46557808,38.2093023255814
28.0,1075,46558883,38.392857142857146
41.0,1569,46560452,38.26829268292683
27.0,999,46561451,37.0
29.0,757,46562208,26.103448275862068
41.0,1400,46563608,34.146341463414636
17.0,615,46564223,36.1764705882353
20.0,674,46564897,33.7
31.0,1127,46566024,36.354838709677416
28.0,739,46566763,26.392857142857142
32.0,939,46567702,29.34375
28.0,799,46568501,28.535714285714285
31.0,1015,46569516,32.74193548387097
45.0,1427,46570943,31.711111111111112
45.0,1468,46572411,32.62222222222222
31.0,920,46573331,29.677419354838708
38.0,1307,46574638,34.39473684210526
23.0,627,46575265,27.26086956521739
36.0,1264,46576529,35.111111111111114
41.0,1299,46577828,31.682926829268293
42.0,1620,46579448,38.57142857142857
22.0,884,46580332,40.18181818181818
45.0,1665,46581997,37.0
31.0,975,46582972,31.451612903225808
31.0,992,46583964,32.0
33.0,1306,46585270,39.57575757575758
42.0,1415,46586685,33.69047619047619
28.0,905,46587590,32.32142857142857
45.0,1539,46589129,34.2
18.0,505,46589634,28.055555555555557
41.0,1359,46590993,33.146341463414636
31.0,1016,46592009,32.774193548387096
55.0,1891,46593900,34.38181818181818
12.0,454,46594354,37.833333333333336
44.0,1779,46596133,40.43181818181818
27.0,794,46596927,29.40740740740741
32.0,919,46597846,28.71875
42.0,1269,46599115,30.214285714285715
29.0,764,46599879,26.344827586206897
43.0,1736,46601615,40.372093023255815
37.0,1265,46602880,34.189189189189186
28.0,910,46603790,32.5
31.0,757,46604547,24.419354838709676
22.0,629,46605176,28.59090909090909
40.0,1353,46606529,33.825
30.0,1029,46607558,34.3
14.0,365,46607923,26.071428571428573
14.0,532,46608455,38.0
28.0,835,46609290,29.821428571428573
33.0,901,46610191,27.303030303030305
36.0,1243,46611434,34.52777777777778
39.0,1490,46612924,38.205128205128204
12.0,312,46613236,26.0
2.0,43,46613279,21.5
27.0,736,46614015,27.25925925925926
51.0,1751,46615766,34.333333333333336
36.0,1072,46616838,29.77777777777778
21.0,584,46617422,27.80952380952381
37.0,948,46618370,25.62162162162162
34.0,1199,46619569,35.26470588235294
32.0,977,46620546,30.53125
39.0,1355,46621901,34.743589743589745
36.0,1192,46623093,33.111111111111114
41.0,1500,46624593,36.58536585365854
27.0,834,46625427,30.88888888888889
41.0,1444,46626871,35.21951219512195
23.0,827,46627698,35.95652173913044
26.0,778,46628476,29.923076923076923
43.0,1226,46629702,28.511627906976745
10.0,250,46629952,25.0
21.0,658,46630610,31.333333333333332
38.0,1025,46631635,26.973684210526315
27.0,759,46632394,28.11111111111111
30.0,905,46633299,30.166666666666668
17.0,511,46633810,30.058823529411764
29.0,821,46634631,28.310344827586206
36.0,931,46635562,25.86111111111111
17.0,522,46636084,30.705882352941178
30.0,1008,46637092,33.6
20.0,518,46637610,25.9
39.0,1038,46638648,26.615384615384617
44.0,1530,46640178,34.77272727272727
3.0,69,46640247,23.0
26.0,763,46641010,29.346153846153847
26.0,776,46641786,29.846153846153847
43.0,1485,46643271,34.53488372093023
27.0,899,46644170,33.2962962962963
41.0,1385,46645555,33.78048780487805
31.0,1083,46646638,34.935483870967744
23.0,818,46647456,35.56521739130435
27.0,720,46648176,26.666666666666668
23.0,694,46648870,30.17391304347826
25.0,861,46649731,34.44
12.0,476,46650207,39.666666666666664
23.0,577,46650784,25.08695652173913
43.0,1175,46651959,27.325581395348838
56.0,1787,46653746,31.910714285714285
18.0,536,46654282,29.77777777777778
25.0,715,46654997,28.6
17.0,414,46655411,24.352941176470587
31.0,1085,46656496,35.0
24.0,823,46657319,34.291666666666664
28.0,934,46658253,33.357142857142854
52.0,1825,46660078,35.09615384615385
21.0,647,46660725,30.80952380952381
50.0,1543,46662268,30.86
16.0,555,46662823,34.6875
36.0,1146,46663969,31.833333333333332
46.0,1458,46665427,31.695652173913043
44.0,1399,46666826,31.795454545454547
36.0,1273,46668099,35.361111111111114
42.0,1390,46669489,33.095238095238095
11.0,223,46669712,20.272727272727273
43.0,1556,46671268,36.18604651162791
36.0,1327,46672595,36.861111111111114
36.0,1041,46673636,28.916666666666668
22.0,642,46674278,29.181818181818183
4.0,95,46674373,23.75
41.0,1530,46675903,37.31707317073171
45.0,1388,46677291,30.844444444444445
39.0,1528,46678819,39.17948717948718
40.0,1304,46680123,32.6
28.0,945,46681068,33.75
36.0,1114,46682182,30.944444444444443
14.0,331,46682513,23.642857142857142
32.0,1225,46683738,38.28125
30.0,914,46684652,30.466666666666665
32.0,844,46685496,26.375
12.0,244,46685740,20.333333333333332
27.0,744,46686484,27.555555555555557
26.0,684,46687168,26.307692307692307
39.0,1224,46688392,31.384615384615383
28.0,838,46689230,29.928571428571427
34.0,1398,46690628,41.11764705882353
39.0,1122,46691750,28.76923076923077
31.0,1075,46692825,34.67741935483871
43.0,1438,46694263,33.44186046511628
37.0,1328,46695591,35.891891891891895
20.0,611,46696202,30.55
22.0,693,46696895,31.5
30.0,1010,46697905,33.666666666666664
40.0,1425,46699330,35.625
34.0,915,46700245,26.91176470588235
26.0,813,46701058,31.26923076923077
42.0,1677,46702735,39.92857142857143
34.0,1280,46704015,37.64705882352941
38.0,1236,46705251,32.526315789473685
47.0,1541,46706792,32.787234042553195
48.0,1659,46708451,34.5625
26.0,890,46709341,34.23076923076923
33.0,926,46710267,28.060606060606062
13.0,290,46710557,22.307692307692307
32.0,910,46711467,28.4375
27.0,886,46712353,32.81481481481482
8.0,233,46712586,29.125
25.0,1037,46713623,41.48
32.0,1054,46714677,32.9375
8.0,227,46714904,28.375
30.0,650,46715554,21.666666666666668
48.0,1573,46717127,32.770833333333336
46.0,1659,46718786,36.06521739130435
30.0,905,46719691,30.166666666666668
42.0,1243,46720934,29.595238095238095
30.0,731,46721665,24.366666666666667
31.0,883,46722548,28.483870967741936
18.0,461,46723009,25.61111111111111
39.0,1317,46724326,33.76923076923077
37.0,1357,46725683,36.67567567567568
38.0,1224,46726907,32.21052631578947
22.0,727,46727634,33.04545454545455
26.0,892,46728526,34.30769230769231
22.0,777,46729303,35.31818181818182
41.0,1340,46730643,32.68292682926829
22.0,695,46731338,31.59090909090909
21.0,658,46731996,31.333333333333332
37.0,1090,46733086,29.45945945945946
33.0,943,46734029,28.575757575757574
4.0,81,46734110,20.25
24.0,757,46734867,31.541666666666668
30.0,884,46735751,29.466666666666665
18.0,624,46736375,34.666666666666664
27.0,924,46737299,34.22222222222222
42.0,1443,46738742,34.357142857142854
31.0,970,46739712,31.29032258064516
34.0,1077,46740789,31.676470588235293
37.0,1122,46741911,30.324324324324323
37.0,1364,46743275,36.86486486486486
15.0,480,46743755,32.0
14.0,428,46744183,30.571428571428573
42.0,1369,46745552,32.595238095238095
17.0,461,46746013,27.11764705882353
22.0,736,46746749,33.45454545454545
25.0,629,46747378,25.16
36.0,1112,46748490,30.88888888888889
14.0,438,46748928,31.285714285714285
34.0,1154,46750082,33.94117647058823
37.0,1244,46751326,33.62162162162162
22.0,740,46752066,33.63636363636363
12.0,240,46752306,20.0
30.0,955,46753261,31.833333333333332
16.0,493,46753754,30.8125
19.0,527,46754281,27.736842105263158
48.0,1362,46755643,28.375
13.0,327,46755970,25.153846153846153
27.0,972,46756942,36.0
34.0,1183,46758125,34.794117647058826
19.0,720,46758845,37.89473684210526
33.0,1226,46760071,37.15151515151515
12.0,254,46760325,21.166666666666668
17.0,494,46760819,29.058823529411764
34.0,1022,46761841,30.058823529411764
26.0,1060,46762901,40.76923076923077
37.0,1153,46764054,31.16216216216216
26.0,757,46764811,29.115384615384617
36.0,1061,46765872,29.47222222222222
40.0,1452,46767324,36.3
17.0,511,46767835,30.058823529411764
44.0,1420,46769255,32.27272727272727
35.0,1022,46770277,29.2
32.0,965,46771242,30.15625
28.0,1004,46772246,35.857142857142854
45.0,1693,46773939,37.62222222222222
36.0,1222,46775161,33.94444444444444
39.0,1632,46776793,41.84615384615385
31.0,1056,46777849,34.064516129032256
20.0,1057,46778906,52.85
25.0,745,46779651,29.8
29.0,642,46780293,22.137931034482758
48.0,1669,46781962,34.770833333333336
29.0,858,46782820,29.586206896551722
33.0,1352,46784172,40.96969696969697
30.0,936,46785108,31.2
24.0,716,46785824,29.833333333333332
21.0,578,46786402,27.523809523809526
43.0,1167,46787569,27.13953488372093
28.0,746,46788315,26.642857142857142
11.0,300,46788615,27.272727272727273
37.0,1153,46789768,31.16216216216216
28.0,1056,46790824,37.714285714285715
27.0,835,46791659,30.925925925925927
2.0,26,46791685,13.0
35.0,1004,46792689,28.685714285714287
29.0,938,46793627,32.3448275862069
40.0,1259,46794886,31.475
19.0,560,46795446,29.473684210526315
25.0,711,46796157,28.44
34.0,1237,46797394,36.38235294117647
36.0,1185,46798579,32.916666666666664
15.0,392,46798971,26.133333333333333
39.0,1465,46800436,37.56410256410256
26.0,753,46801189,28.96153846153846
30.0,1019,46802208,33.96666666666667
39.0,1473,46803681,37.76923076923077
36.0,1258,46804939,34.94444444444444
38.0,1205,46806144,31.710526315789473
51.0,1848,46807992,36.23529411764706
23.0,741,46808733,32.21739130434783
26.0,719,46809452,27.653846153846153
38.0,1184,46810636,31.157894736842106
19.0,556,46811192,29.263157894736842
20.0,675,46811867,33.75
28.0,787,46812654,28.107142857142858
31.0,1063,46813717,34.29032258064516
34.0,1139,46814856,33.5
24.0,823,46815679,34.291666666666664
20.0,603,46816282,30.15
38.0,1078,46817360,28.36842105263158
28.0,1068,46818428,38.142857142857146
21.0,775,46819203,36.904761904761905
18.0,499,46819702,27.72222222222222
12.0,304,46820006,25.333333333333332
23.0,633,46820639,27.52173913043478
26.0,1079,46821718,41.5
40.0,1256,46822974,31.4
14.0,407,46823381,29.071428571428573
16.0,402,46823783,25.125
17.0,466,46824249,27.41176470588235
34.0,1037,46825286,30.5
36.0,1571,46826857,43.638888888888886
28.0,824,46827681,29.428571428571427
11.0,278,46827959,25.272727272727273
18.0,587,46828546,32.611111111111114
41.0,1301,46829847,31.73170731707317
29.0,1001,46830848,34.51724137931034
29.0,999,46831847,34.44827586206897
23.0,670,46832517,29.130434782608695
19.0,522,46833039,27.473684210526315
30.0,954,46833993,31.8
41.0,1425,46835418,34.75609756097561
35.0,1167,46836585,33.34285714285714
15.0,342,46836927,22.8
37.0,1349,46838276,36.45945945945946
56.0,2014,46840290,35.964285714285715
37.0,1210,46841500,32.7027027027027
4.0,178,46841678,44.5
30.0,949,46842627,31.633333333333333
27.0,994,46843621,36.81481481481482
9.0,295,46843916,32.77777777777778
29.0,892,46844808,30.75862068965517
29.0,978,46845786,33.724137931034484
40.0,1452,46847238,36.3
23.0,758,46847996,32.95652173913044
18.0,499,46848495,27.72222222222222
52.0,1997,46850492,38.40384615384615
18.0,395,46850887,21.944444444444443
29.0,945,46851832,32.58620689655172
23.0,538,46852370,23.391304347826086
9.0,176,46852546,19.555555555555557
20.0,686,46853232,34.3
23.0,753,46853985,32.73913043478261
14.0,408,46854393,29.142857142857142
35.0,1227,46855620,35.05714285714286
34.0,1268,46856888,37.294117647058826
51.0,1574,46858462,30.862745098039216
29.0,951,46859413,32.793103448275865
31.0,1093,46860506,35.25806451612903
36.0,960,46861466,26.666666666666668
31.0,1006,46862472,32.45161290322581
22.0,798,46863270,36.27272727272727
16.0,425,46863695,26.5625
25.0,637,46864332,25.48
24.0,794,46865126,33.083333333333336
10.0,364,46865490,36.4
33.0,1178,46866668,35.696969696969695
52.0,1618,46868286,31.115384615384617
40.0,1147,46869433,28.675
19.0,526,46869959,27.68421052631579
25.0,797,46870756,31.88
32.0,948,46871704,29.625
25.0,735,46872439,29.4
30.0,952,46873391,31.733333333333334
19.0,381,46873772,20.05263157894737
37.0,1220,46874992,32.972972972972975
4.0,136,46875128,34.0
35.0,1090,46876218,31.142857142857142
38.0,1333,46877551,35.078947368421055
32.0,833,46878384,26.03125
34.0,1161,46879545,34.14705882352941
24.0,654,46880199,27.25
36.0,1031,46881230,28.63888888888889
36.0,1064,46882294,29.555555555555557
26.0,755,46883049,29.03846153846154
33.0,796,46883845,24.12121212121212
15.0,375,46884220,25.0
30.0,917,46885137,30.566666666666666
33.0,1349,46886486,40.878787878787875
17.0,548,46887034,32.23529411764706
13.0,388,46887422,29.846153846153847
14.0,352,46887774,25.142857142857142
25.0,858,46888632,34.32
45.0,1810,46890442,40.22222222222222
29.0,796,46891238,27.448275862068964
46.0,1191,46892429,25.891304347826086
36.0,1238,46893667,34.388888888888886
25.0,829,46894496,33.16
21.0,735,46895231,35.0
44.0,1333,46896564,30.295454545454547
19.0,565,46897129,29.736842105263158
17.0,523,46897652,30.764705882352942
32.0,1088,46898740,34.0
39.0,1359,46900099,34.84615384615385
36.0,1174,46901273,32.611111111111114
29.0,979,46902252,33.758620689655174
30.0,1087,46903339,36.233333333333334
35.0,1124,46904463,32.114285714285714
38.0,1131,46905594,29.763157894736842
19.0,403,46905997,21.210526315789473
34.0,1159,46907156,34.088235294117645
27.0,720,46907876,26.666666666666668
36.0,1177,46909053,32.69444444444444
55.0,2184,46911237,39.70909090909091
39.0,1237,46912474,31.71794871794872
31.0,1040,46913514,33.54838709677419
18.0,623,46914137,34.611111111111114
15.0,452,46914589,30.133333333333333
38.0,1276,46915865,33.578947368421055
31.0,1182,46917047,38.12903225806452
25.0,792,46917839,31.68
9.0,264,46918103,29.333333333333332
37.0,1317,46919420,35.5945945945946
38.0,1393,46920813,36.6578947368421
11.0,367,46921180,33.36363636363637
27.0,717,46921897,26.555555555555557
26.0,728,46922625,28.0
25.0,710,46923335,28.4
15.0,389,46923724,25.933333333333334
44.0,1503,46925227,34.15909090909091
40.0,1252,46926479,31.3
29.0,826,46927305,28.482758620689655
37.0,1197,46928502,32.351351351351354
27.0,799,46929301,29.59259259259259
46.0,1629,46930930,35.41304347826087
26.0,808,46931738,31.076923076923077
33.0,1282,46933020,38.84848484848485
20.0,641,46933661,32.05
37.0,1086,46934747,29.35135135135135
28.0,817,46935564,29.178571428571427
33.0,933,46936497,28.272727272727273
53.0,1826,46938323,34.45283018867924
35.0,1354,46939677,38.68571428571428
19.0,595,46940272,31.31578947368421
32.0,763,46941035,23.84375
41.0,1162,46942197,28.341463414634145
18.0,692,46942889,38.44444444444444
12.0,321,46943210,26.75
21.0,592,46943802,28.19047619047619
49.0,1568,46945370,32.0
18.0,544,46945914,30.22222222222222
37.0,1243,46947157,33.5945945945946
33.0,903,46948060,27.363636363636363
17.0,473,46948533,27.823529411764707
24.0,543,46949076,22.625
42.0,1404,46950480,33.42857142857143
34.0,1295,46951775,38.088235294117645
47.0,1546,46953321,32.8936170212766
32.0,1153,46954474,36.03125
27.0,703,46955177,26.037037037037038
9.0,337,46955514,37.44444444444444
13.0,332,46955846,25.53846153846154
39.0,1245,46957091,31.923076923076923
28.0,854,46957945,30.5
32.0,981,46958926,30.65625
35.0,1284,46960210,36.68571428571428
21.0,679,46960889,32.333333333333336
46.0,1641,46962530,35.67391304347826
38.0,1265,46963795,33.28947368421053
24.0,924,46964719,38.5
23.0,788,46965507,34.26086956521739
29.0,856,46966363,29.517241379310345
42.0,1568,46967931,37.333333333333336
39.0,1335,46969266,34.23076923076923
30.0,972,46970238,32.4
30.0,891,46971129,29.7
19.0,562,46971691,29.57894736842105
18.0,545,46972236,30.27777777777778
33.0,1121,46973357,33.96969696969697
28.0,882,46974239,31.5
29.0,812,46975051,28.0
24.0,690,46975741,28.75
30.0,1043,46976784,34.766666666666666
35.0,1086,46977870,31.02857142857143
34.0,1027,46978897,30.205882352941178
38.0,1344,46980241,35.36842105263158
32.0,1061,46981302,33.15625
34.0,1337,46982639,39.3235294117647
28.0,1020,46983659,36.42857142857143
22.0,548,46984207,24.90909090909091
38.0,1496,46985703,39.36842105263158
35.0,1042,46986745,29.771428571428572
25.0,809,46987554,32.36
26.0,736,46988290,28.307692307692307
39.0,1091,46989381,27.974358974358974
29.0,1034,46990415,35.6551724137931
32.0,934,46991349,29.1875
48.0,1521,46992870,31.6875
33.0,1160,46994030,35.15151515151515
24.0,1077,46995107,44.875
43.0,1287,46996394,29.930232558139537
24.0,659,46997053,27.458333333333332
31.0,964,46998017,31.096774193548388
34.0,1146,46999163,33.705882352941174
28.0,959,47000122,34.25
28.0,1012,47001134,36.142857142857146
43.0,1593,47002727,37.04651162790697
37.0,1144,47003871,30.91891891891892
26.0,650,47004521,25.0
32.0,1176,47005697,36.75
18.0,568,47006265,31.555555555555557
17.0,363,47006628,21.352941176470587
28.0,1099,47007727,39.25
26.0,722,47008449,27.76923076923077
47.0,1562,47010011,33.234042553191486
51.0,1957,47011968,38.372549019607845
42.0,1221,47013189,29.071428571428573
26.0,810,47013999,31.153846153846153
34.0,998,47014997,29.352941176470587
42.0,1446,47016443,34.42857142857143
14.0,505,47016948,36.07142857142857
32.0,902,47017850,28.1875
42.0,1422,47019272,33.857142857142854
38.0,1167,47020439,30.710526315789473
36.0,1330,47021769,36.94444444444444
42.0,1424,47023193,33.904761904761905
39.0,1157,47024350,29.666666666666668
26.0,798,47025148,30.692307692307693
33.0,1194,47026342,36.18181818181818
46.0,1669,47028011,36.28260869565217
25.0,797,47028808,31.88
20.0,582,47029390,29.1
28.0,981,47030371,35.035714285714285
28.0,762,47031133,27.214285714285715
31.0,846,47031979,27.29032258064516
32.0,888,47032867,27.75
20.0,619,47033486,30.95
36.0,1088,47034574,30.22222222222222
38.0,1179,47035753,31.026315789473685
30.0,775,47036528,25.833333333333332
52.0,1811,47038339,34.82692307692308
34.0,1178,47039517,34.64705882352941
42.0,1101,47040618,26.214285714285715
44.0,1336,47041954,30.363636363636363
24.0,733,47042687,30.541666666666668
28.0,903,47043590,32.25
38.0,1375,47044965,36.18421052631579
30.0,992,47045957,33.06666666666667
28.0,897,47046854,32.035714285714285
32.0,948,47047802,29.625
32.0,934,47048736,29.1875
39.0,1283,47050019,32.8974358974359
37.0,1037,47051056,28.027027027027028
37.0,1221,47052277,33.0
30.0,1109,47053386,36.96666666666667
32.0,934,47054320,29.1875
14.0,351,47054671,25.071428571428573
9.0,210,47054881,23.333333333333332
30.0,975,47055856,32.5
34.0,1140,47056996,33.529411764705884
24.0,681,47057677,28.375
31.0,959,47058636,30.93548387096774
27.0,780,47059416,28.88888888888889
26.0,963,47060379,37.03846153846154
35.0,1185,47061564,33.857142857142854
33.0,1442,47063006,43.696969696969695
42.0,1377,47064383,32.785714285714285
26.0,775,47065158,29.807692307692307
42.0,1548,47066706,36.857142857142854
31.0,889,47067595,28.677419354838708
36.0,985,47068580,27.36111111111111
33.0,1091,47069671,33.06060606060606
18.0,507,47070178,28.166666666666668
32.0,1046,47071224,32.6875
50.0,1827,47073051,36.54
22.0,510,47073561,23.181818181818183
22.0,697,47074258,31.681818181818183
46.0,1365,47075623,29.67391304347826
30.0,1046,47076669,34.86666666666667
33.0,1043,47077712,31.606060606060606
47.0,1269,47078981,27.0
28.0,967,47079948,34.535714285714285
27.0,867,47080815,32.111111111111114
31.0,1076,47081891,34.70967741935484
45.0,1724,47083615,38.31111111111111
48.0,1704,47085319,35.5
30.0,838,47086157,27.933333333333334
11.0,356,47086513,32.36363636363637
38.0,1157,47087670,30.44736842105263
39.0,1403,47089073,35.97435897435897
36.0,1217,47090290,33.80555555555556
17.0,366,47090656,21.529411764705884
18.0,574,47091230,31.88888888888889
30.0,1096,47092326,36.53333333333333
38.0,1138,47093464,29.94736842105263
33.0,988,47094452,29.939393939393938
49.0,1577,47096029,32.183673469387756
25.0,748,47096777,29.92
23.0,583,47097360,25.347826086956523
28.0,906,47098266,32.357142857142854
31.0,1092,47099358,35.225806451612904
36.0,1191,47100549,33.083333333333336
18.0,517,47101066,28.72222222222222
24.0,690,47101756,28.75
27.0,1015,47102771,37.592592592592595
34.0,1183,47103954,34.794117647058826
33.0,966,47104920,29.272727272727273
34.0,1139,47106059,33.5
32.0,961,47107020,30.03125
24.0,831,47107851,34.625
36.0,1034,47108885,28.72222222222222
41.0,1089,47109974,26.5609756097561
38.0,967,47110941,25.44736842105263
47.0,1450,47112391,30.851063829787233
26.0,717,47113108,27.576923076923077
18.0,408,47113516,22.666666666666668
34.0,1340,47114856,39.411764705882355
27.0,672,47115528,24.88888888888889
29.0,948,47116476,32.689655172413794
13.0,440,47116916,33.84615384615385
39.0,1564,47118480,40.1025641025641
26.0,781,47119261,30.03846153846154
32.0,983,47120244,30.71875
29.0,709,47120953,24.448275862068964
42.0,1771,47122724,42.166666666666664
25.0,728,47123452,29.12
31.0,1031,47124483,33.25806451612903
35.0,1175,47125658,33.57142857142857
33.0,1087,47126745,32.93939393939394
10.0,333,47127078,33.3
21.0,623,47127701,29.666666666666668
20.0,398,47128099,19.9
49.0,1577,47129676,32.183673469387756
26.0,858,47130534,33.0
37.0,1195,47131729,32.2972972972973
43.0,1277,47133006,29.697674418604652
34.0,836,47133842,24.58823529411765
41.0,1568,47135410,38.24390243902439
33.0,1368,47136778,41.45454545454545
33.0,1014,47137792,30.727272727272727
26.0,792,47138584,30.46153846153846
23.0,867,47139451,37.69565217391305
40.0,1262,47140713,31.55
42.0,1112,47141825,26.476190476190474
37.0,972,47142797,26.27027027027027
35.0,775,47143572,22.142857142857142
18.0,1066,47144638,59.22222222222222
41.0,1434,47146072,34.97560975609756
26.0,685,47146757,26.346153846153847
35.0,1359,47148116,38.82857142857143
32.0,1001,47149117,31.28125
40.0,1144,47150261,28.6
12.0,342,47150603,28.5
28.0,585,47151188,20.892857142857142
35.0,1296,47152484,37.02857142857143
31.0,991,47153475,31.967741935483872
36.0,1299,47154774,36.083333333333336
12.0,302,47155076,25.166666666666668
28.0,773,47155849,27.607142857142858
27.0,818,47156667,30.296296296296298
37.0,1398,47158065,37.78378378378378
13.0,317,47158382,24.384615384615383
31.0,1148,47159530,37.03225806451613
21.0,528,47160058,25.142857142857142
18.0,572,47160630,31.77777777777778
42.0,1610,47162240,38.333333333333336
30.0,908,47163148,30.266666666666666
15.0,368,47163516,24.533333333333335
38.0,1247,47164763,32.81578947368421
26.0,691,47165454,26.576923076923077
14.0,477,47165931,34.07142857142857
37.0,1269,47167200,34.2972972972973
34.0,985,47168185,28.970588235294116
27.0,855,47169040,31.666666666666668
24.0,617,47169657,25.708333333333332
35.0,1300,47170957,37.142857142857146
36.0,1162,47172119,32.27777777777778
36.0,1193,47173312,33.138888888888886
25.0,693,47174005,27.72
25.0,1137,47175142,45.48
37.0,1526,47176668,41.24324324324324
3.0,109,47176777,36.333333333333336
26.0,795,47177572,30.576923076923077
26.0,836,47178408,32.15384615384615
32.0,1067,47179475,33.34375
44.0,1518,47180993,34.5
30.0,778,47181771,25.933333333333334
37.0,1171,47182942,31.64864864864865
25.0,738,47183680,29.52
24.0,569,47184249,23.708333333333332
30.0,762,47185011,25.4
35.0,1087,47186098,31.057142857142857
19.0,516,47186614,27.157894736842106
20.0,572,47187186,28.6
31.0,911,47188097,29.387096774193548
17.0,497,47188594,29.235294117647058
18.0,548,47189142,30.444444444444443
35.0,1164,47190306,33.25714285714286
32.0,1138,47191444,35.5625
22.0,632,47192076,28.727272727272727
44.0,1639,47193715,37.25
47.0,1362,47195077,28.97872340425532
20.0,584,47195661,29.2
23.0,583,47196244,25.347826086956523
35.0,1199,47197443,34.25714285714286
33.0,1085,47198528,32.878787878787875
12.0,299,47198827,24.916666666666668
11.0,347,47199174,31.545454545454547
28.0,841,47200015,30.035714285714285
33.0,810,47200825,24.545454545454547
35.0,1076,47201901,30.742857142857144
16.0,429,47202330,26.8125
42.0,1636,47203966,38.95238095238095
25.0,631,47204597,25.24
19.0,606,47205203,31.894736842105264
28.0,1003,47206206,35.82142857142857
36.0,957,47207163,26.583333333333332
18.0,653,47207816,36.27777777777778
33.0,1070,47208886,32.42424242424242
39.0,1210,47210096,31.025641025641026
27.0,700,47210796,25.925925925925927
6.0,105,47210901,17.5
3.0,42,47210943,14.0
27.0,867,47211810,32.111111111111114
32.0,863,47212673,26.96875
39.0,1475,47214148,37.82051282051282
13.0,424,47214572,32.61538461538461
45.0,1392,47215964,30.933333333333334
24.0,752,47216716,31.333333333333332
14.0,334,47217050,23.857142857142858
22.0,828,47217878,37.63636363636363
27.0,871,47218749,32.25925925925926
10.0,225,47218974,22.5
34.0,1151,47220125,33.85294117647059
17.0,505,47220630,29.705882352941178
18.0,462,47221092,25.666666666666668
4.0,156,47221248,39.0
36.0,1224,47222472,34.0
36.0,1249,47223721,34.69444444444444
38.0,1205,47224926,31.710526315789473
34.0,1237,47226163,36.38235294117647
26.0,799,47226962,30.73076923076923
35.0,1240,47228202,35.42857142857143
20.0,731,47228933,36.55
5.0,118,47229051,23.6
24.0,705,47229756,29.375
22.0,863,47230619,39.22727272727273
44.0,1416,47232035,32.18181818181818
36.0,1071,47233106,29.75
38.0,802,47233908,21.105263157894736
27.0,947,47234855,35.074074074074076
17.0,480,47235335,28.235294117647058
25.0,714,47236049,28.56
43.0,1316,47237365,30.6046511627907
16.0,525,47237890,32.8125
26.0,1109,47238999,42.65384615384615
39.0,1075,47240074,27.564102564102566
23.0,635,47240709,27.608695652173914
41.0,1420,47242129,34.63414634146341
40.0,1217,47243346,30.425
34.0,1402,47244748,41.23529411764706
21.0,620,47245368,29.523809523809526
21.0,682,47246050,32.476190476190474
25.0,815,47246865,32.6
26.0,909,47247774,34.96153846153846
27.0,809,47248583,29.962962962962962
42.0,1281,47249864,30.5
23.0,727,47250591,31.608695652173914
27.0,922,47251513,34.148148148148145
38.0,1840,47253353,48.421052631578945
35.0,1277,47254630,36.48571428571429
42.0,1209,47255839,28.785714285714285
20.0,639,47256478,31.95
32.0,946,47257424,29.5625
31.0,923,47258347,29.774193548387096
24.0,819,47259166,34.125
31.0,964,47260130,31.096774193548388
40.0,1565,47261695,39.125
15.0,425,47262120,28.333333333333332
5.0,95,47262215,19.0
39.0,1254,47263469,32.15384615384615
28.0,740,47264209,26.428571428571427
49.0,1426,47265635,29.102040816326532
29.0,819,47266454,28.24137931034483
30.0,747,47267201,24.9
24.0,660,47267861,27.5
41.0,1443,47269304,35.19512195121951
22.0,745,47270049,33.86363636363637
38.0,1286,47271335,33.8421052631579
11.0,412,47271747,37.45454545454545
32.0,674,47272421,21.0625
32.0,1053,47273474,32.90625
38.0,996,47274470,26.210526315789473
33.0,1095,47275565,33.18181818181818
24.0,627,47276192,26.125
23.0,740,47276932,32.17391304347826
14.0,404,47277336,28.857142857142858
33.0,1097,47278433,33.24242424242424
34.0,1140,47279573,33.529411764705884
43.0,1566,47281139,36.41860465116279
35.0,993,47282132,28.37142857142857
32.0,1031,47283163,32.21875
38.0,1361,47284524,35.81578947368421
21.0,546,47285070,26.0
25.0,765,47285835,30.6
33.0,1012,47286847,30.666666666666668
37.0,1524,47288371,41.189189189189186
21.0,526,47288897,25.047619047619047
31.0,929,47289826,29.967741935483872
44.0,1545,47291371,35.11363636363637
36.0,941,47292312,26.13888888888889
24.0,672,47292984,28.0
21.0,550,47293534,26.19047619047619
38.0,1370,47294904,36.05263157894737
30.0,703,47295607,23.433333333333334
40.0,1171,47296778,29.275
14.0,500,47297278,35.714285714285715
21.0,682,47297960,32.476190476190474
28.0,854,47298814,30.5
40.0,1345,47300159,33.625
20.0,652,47300811,32.6
32.0,1067,47301878,33.34375
32.0,848,47302726,26.5
3.0,49,47302775,16.333333333333332
29.0,821,47303596,28.310344827586206
21.0,641,47304237,30.523809523809526
40.0,1241,47305478,31.025
37.0,1115,47306593,30.135135135135137
29.0,971,47307564,33.48275862068966
28.0,908,47308472,32.42857142857143
37.0,1452,47309924,39.24324324324324
18.0,656,47310580,36.44444444444444
31.0,764,47311344,24.64516129032258
41.0,1434,47312778,34.97560975609756
29.0,861,47313639,29.689655172413794
39.0,1599,47315238,41.0
29.0,708,47315946,24.413793103448278
26.0,990,47316936,38.07692307692308
22.0,713,47317649,32.40909090909091
26.0,890,47318539,34.23076923076923
40.0,1232,47319771,30.8
33.0,1154,47320925,34.96969696969697
39.0,1521,47322446,39.0
40.0,1225,47323671,30.625
23.0,732,47324403,31.82608695652174
44.0,1337,47325740,30.386363636363637
31.0,964,47326704,31.096774193548388
13.0,331,47327035,25.46153846153846
22.0,665,47327700,30.227272727272727
24.0,837,47328537,34.875
48.0,1631,47330168,33.979166666666664
9.0,252,47330420,28.0
36.0,1329,47331749,36.916666666666664
32.0,1023,47332772,31.96875
31.0,1202,47333974,38.774193548387096
18.0,495,47334469,27.5
10.0,262,47334731,26.2
23.0,563,47335294,24.47826086956522
30.0,899,47336193,29.966666666666665
26.0,770,47336963,29.615384615384617
22.0,763,47337726,34.68181818181818
28.0,744,47338470,26.571428571428573
37.0,1215,47339685,32.83783783783784
23.0,743,47340428,32.30434782608695
39.0,1022,47341450,26.205128205128204
9.0,361,47341811,40.111111111111114
38.0,1255,47343066,33.026315789473685
36.0,935,47344001,25.97222222222222
19.0,459,47344460,24.157894736842106
35.0,1040,47345500,29.714285714285715
35.0,1407,47346907,40.2
43.0,1679,47348586,39.04651162790697
24.0,738,47349324,30.75
30.0,1012,47350336,33.733333333333334
39.0,1522,47351858,39.02564102564103
33.0,1112,47352970,33.696969696969695
37.0,1099,47354069,29.7027027027027
23.0,665,47354734,28.91304347826087
39.0,1273,47356007,32.64102564102564
20.0,420,47356427,21.0
2.0,35,47356462,17.5
26.0,860,47357322,33.07692307692308
32.0,1052,47358374,32.875
22.0,449,47358823,20.40909090909091
33.0,1293,47360116,39.18181818181818
48.0,1592,47361708,33.166666666666664
26.0,765,47362473,29.423076923076923
25.0,653,47363126,26.12
26.0,777,47363903,29.884615384615383
9.0,261,47364164,29.0
41.0,1311,47365475,31.975609756097562
34.0,1015,47366490,29.852941176470587
26.0,915,47367405,35.19230769230769
30.0,1135,47368540,37.833333333333336
48.0,1771,47370311,36.895833333333336
34.0,1082,47371393,31.823529411764707
36.0,1049,47372442,29.13888888888889
23.0,673,47373115,29.26086956521739
11.0,263,47373378,23.90909090909091
34.0,1127,47374505,33.14705882352941
34.0,985,47375490,28.970588235294116
18.0,479,47375969,26.61111111111111
21.0,714,47376683,34.0
28.0,764,47377447,27.285714285714285
34.0,1293,47378740,38.029411764705884
30.0,877,47379617,29.233333333333334
18.0,644,47380261,35.77777777777778
26.0,763,47381024,29.346153846153847
30.0,998,47382022,33.266666666666666
20.0,610,47382632,30.5
20.0,576,47383208,28.8
23.0,782,47383990,34.0
24.0,684,47384674,28.5
23.0,816,47385490,35.47826086956522
36.0,1112,47386602,30.88888888888889
27.0,845,47387447,31.296296296296298
26.0,846,47388293,32.53846153846154
44.0,1501,47389794,34.11363636363637
42.0,1447,47391241,34.45238095238095
39.0,1403,47392644,35.97435897435897
16.0,567,47393211,35.4375
37.0,1037,47394248,28.027027027027028
21.0,627,47394875,29.857142857142858
29.0,993,47395868,34.241379310344826
28.0,856,47396724,30.571428571428573
30.0,1144,47397868,38.13333333333333
42.0,1483,47399351,35.30952380952381
45.0,1890,47401241,42.0
16.0,420,47401661,26.25
17.0,431,47402092,25.352941176470587
42.0,1272,47403364,30.285714285714285
28.0,948,47404312,33.857142857142854
33.0,1077,47405389,32.63636363636363
35.0,1100,47406489,31.428571428571427
42.0,1532,47408021,36.476190476190474
46.0,1872,47409893,40.69565217391305
52.0,2025,47411918,38.94230769230769
20.0,613,47412531,30.65
19.0,485,47413016,25.526315789473685
20.0,615,47413631,30.75
27.0,831,47414462,30.77777777777778
28.0,988,47415450,35.285714285714285
33.0,953,47416403,28.87878787878788
30.0,1050,47417453,35.0
23.0,777,47418230,33.78260869565217
30.0,970,47419200,32.333333333333336
54.0,1747,47420947,32.351851851851855
48.0,1431,47422378,29.8125
31.0,1088,47423466,35.096774193548384
30.0,917,47424383,30.566666666666666
1.0,22,47424405,22.0
34.0,1188,47425593,34.94117647058823
1.0,23,47425616,23.0
31.0,842,47426458,27.161290322580644
43.0,1688,47428146,39.25581395348837
28.0,614,47428760,21.928571428571427
40.0,1346,47430106,33.65
34.0,1352,47431458,39.76470588235294
37.0,990,47432448,26.756756756756758
8.0,216,47432664,27.0
35.0,1069,47433733,30.542857142857144
33.0,1232,47434965,37.333333333333336
20.0,609,47435574,30.45
24.0,619,47436193,25.791666666666668
23.0,667,47436860,29.0
23.0,538,47437398,23.391304347826086
29.0,929,47438327,32.03448275862069
25.0,634,47438961,25.36
28.0,1250,47440211,44.642857142857146
39.0,1481,47441692,37.97435897435897
30.0,850,47442542,28.333333333333332
21.0,614,47443156,29.238095238095237
30.0,906,47444062,30.2
14.0,364,47444426,26.0
36.0,1039,47445465,28.86111111111111
21.0,720,47446185,34.285714285714285
15.0,396,47446581,26.4
40.0,1534,47448115,38.35
31.0,877,47448992,28.29032258064516
28.0,1007,47449999,35.964285714285715
30.0,868,47450867,28.933333333333334
29.0,1028,47451895,35.44827586206897
39.0,1249,47453144,32.02564102564103
52.0,1631,47454775,31.365384615384617
40.0,1149,47455924,28.725
15.0,395,47456319,26.333333333333332
13.0,393,47456712,30.23076923076923
40.0,1380,47458092,34.5
39.0,1569,47459661,40.23076923076923
18.0,663,47460324,36.833333333333336
42.0,1293,47461617,30.785714285714285
29.0,1001,47462618,34.51724137931034
24.0,646,47463264,26.916666666666668
14.0,424,47463688,30.285714285714285
25.0,792,47464480,31.68
27.0,843,47465323,31.22222222222222
31.0,974,47466297,31.419354838709676
27.0,773,47467070,28.62962962962963
28.0,759,47467829,27.107142857142858
32.0,1134,47468963,35.4375
37.0,1275,47470238,34.45945945945946
32.0,761,47470999,23.78125
33.0,1296,47472295,39.27272727272727
23.0,901,47473196,39.17391304347826
41.0,1178,47474374,28.73170731707317
16.0,422,47474796,26.375
36.0,973,47475769,27.02777777777778
24.0,890,47476659,37.083333333333336
9.0,205,47476864,22.77777777777778
48.0,1651,47478515,34.395833333333336
28.0,1051,47479566,37.535714285714285
44.0,1448,47481014,32.90909090909091
2.0,32,47481046,16.0
45.0,1449,47482495,32.2
32.0,778,47483273,24.3125
15.0,358,47483631,23.866666666666667
29.0,733,47484364,25.275862068965516
35.0,1272,47485636,36.34285714285714
20.0,430,47486066,21.5
39.0,993,47487059,25.46153846153846
32.0,1033,47488092,32.28125
30.0,930,47489022,31.0
44.0,1313,47490335,29.84090909090909
18.0,608,47490943,33.77777777777778
33.0,921,47491864,27.90909090909091
17.0,526,47492390,30.941176470588236
27.0,813,47493203,30.11111111111111
39.0,1175,47494378,30.128205128205128
35.0,982,47495360,28.057142857142857
12.0,200,47495560,16.666666666666668
21.0,433,47495993,20.61904761904762
34.0,1043,47497036,30.676470588235293
20.0,441,47497477,22.05
29.0,859,47498336,29.620689655172413
37.0,1134,47499470,30.64864864864865
40.0,1068,47500538,26.7
36.0,907,47501445,25.194444444444443
25.0,716,47502161,28.64
20.0,550,47502711,27.5
17.0,520,47503231,30.58823529411765
17.0,474,47503705,27.88235294117647
23.0,520,47504225,22.608695652173914
20.0,685,47504910,34.25
8.0,204,47505114,25.5
26.0,763,47505877,29.346153846153847
32.0,1125,47507002,35.15625
43.0,1209,47508211,28.11627906976744
29.0,954,47509165,32.89655172413793
10.0,259,47509424,25.9
12.0,376,47509800,31.333333333333332
40.0,1052,47510852,26.3
36.0,1217,47512069,33.80555555555556
21.0,503,47512572,23.952380952380953
14.0,511,47513083,36.5
15.0,335,47513418,22.333333333333332
47.0,1216,47514634,25.872340425531913
17.0,484,47515118,28.470588235294116
58.0,2149,47517267,37.05172413793103
18.0,488,47517755,27.11111111111111
30.0,1126,47518881,37.53333333333333
32.0,1004,47519885,31.375
11.0,402,47520287,36.54545454545455
19.0,626,47520913,32.94736842105263
36.0,1157,47522070,32.138888888888886
12.0,327,47522397,27.25
46.0,1404,47523801,30.52173913043478
35.0,1001,47524802,28.6
45.0,1294,47526096,28.755555555555556
20.0,530,47526626,26.5
6.0,227,47526853,37.833333333333336
14.0,323,47527176,23.071428571428573
20.0,494,47527670,24.7
20.0,469,47528139,23.45
42.0,1431,47529570,34.07142857142857
22.0,546,47530116,24.818181818181817
24.0,660,47530776,27.5
19.0,593,47531369,31.210526315789473
18.0,393,47531762,21.833333333333332
30.0,767,47532529,25.566666666666666
31.0,976,47533505,31.483870967741936
33.0,1102,47534607,33.39393939393939
38.0,1003,47535610,26.394736842105264
20.0,620,47536230,31.0
9.0,208,47536438,23.11111111111111
23.0,732,47537170,31.82608695652174
10.0,299,47537469,29.9
34.0,1049,47538518,30.852941176470587
40.0,1017,47539535,25.425
38.0,1060,47540595,27.894736842105264
19.0,490,47541085,25.789473684210527
26.0,802,47541887,30.846153846153847
39.0,1507,47543394,38.64102564102564
18.0,459,47543853,25.5
48.0,1583,47545436,32.979166666666664
21.0,569,47546005,27.095238095238095
27.0,693,47546698,25.666666666666668
24.0,584,47547282,24.333333333333332
32.0,910,47548192,28.4375
26.0,596,47548788,22.923076923076923
21.0,526,47549314,25.047619047619047
26.0,716,47550030,27.53846153846154
23.0,775,47550805,33.69565217391305
16.0,296,47551101,18.5
10.0,195,47551296,19.5
37.0,1031,47552327,27.864864864864863
37.0,1197,47553524,32.351351351351354
35.0,794,47554318,22.685714285714287
34.0,858,47555176,25.235294117647058
35.0,1062,47556238,30.34285714285714
29.0,897,47557135,30.93103448275862
29.0,1452,47558587,50.06896551724138
17.0,364,47558951,21.41176470588235
38.0,1184,47560135,31.157894736842106
29.0,700,47560835,24.137931034482758
36.0,1142,47561977,31.72222222222222
12.0,288,47562265,24.0
27.0,589,47562854,21.814814814814813
35.0,1009,47563863,28.82857142857143
31.0,840,47564703,27.096774193548388
18.0,534,47565237,29.666666666666668
34.0,834,47566071,24.529411764705884
37.0,1084,47567155,29.2972972972973
40.0,1277,47568432,31.925
20.0,509,47568941,25.45
20.0,533,47569474,26.65
20.0,469,47569943,23.45
23.0,649,47570592,28.217391304347824
26.0,679,47571271,26.115384615384617
32.0,877,47572148,27.40625
36.0,1174,47573322,32.611111111111114
24.0,750,47574072,31.25
39.0,1060,47575132,27.17948717948718
34.0,947,47576079,27.852941176470587
34.0,1160,47577239,34.11764705882353
28.0,771,47578010,27.535714285714285
43.0,1463,47579473,34.02325581395349
51.0,1389,47580862,27.235294117647058
33.0,999,47581861,30.272727272727273
30.0,911,47582772,30.366666666666667
29.0,776,47583548,26.75862068965517
40.0,1343,47584891,33.575
43.0,1391,47586282,32.348837209302324
30.0,881,47587163,29.366666666666667
28.0,864,47588027,30.857142857142858
23.0,569,47588596,24.73913043478261
19.0,602,47589198,31.68421052631579
16.0,480,47589678,30.0
40.0,1216,47590894,30.4
23.0,528,47591422,22.956521739130434
35.0,946,47592368,27.02857142857143
34.0,1077,47593445,31.676470588235293
13.0,288,47593733,22.153846153846153
35.0,856,47594589,24.457142857142856
28.0,718,47595307,25.642857142857142
29.0,834,47596141,28.75862068965517
28.0,629,47596770,22.464285714285715
18.0,462,47597232,25.666666666666668
15.0,411,47597643,27.4
14.0,309,47597952,22.071428571428573
41.0,1540,47599492,37.5609756097561
33.0,876,47600368,26.545454545454547
12.0,281,47600649,23.416666666666668
16.0,412,47601061,25.75
26.0,729,47601790,28.03846153846154
21.0,512,47602302,24.38095238095238
17.0,517,47602819,30.41176470588235
29.0,973,47603792,33.55172413793103
45.0,1225,47605017,27.22222222222222
10.0,143,47605160,14.3
16.0,410,47605570,25.625
41.0,900,47606470,21.951219512195124
10.0,238,47606708,23.8
23.0,766,47607474,33.30434782608695
8.0,172,47607646,21.5
16.0,490,47608136,30.625
34.0,951,47609087,27.970588235294116
22.0,475,47609562,21.59090909090909
19.0,465,47610027,24.473684210526315
24.0,704,47610731,29.333333333333332
42.0,1127,47611858,26.833333333333332
42.0,1395,47613253,33.214285714285715
23.0,494,47613747,21.47826086956522
46.0,1399,47615146,30.41304347826087
38.0,1070,47616216,28.157894736842106
15.0,358,47616574,23.866666666666667
22.0,657,47617231,29.863636363636363
40.0,1340,47618571,33.5
43.0,1352,47619923,31.441860465116278
29.0,663,47620586,22.862068965517242
10.0,223,47620809,22.3
41.0,1452,47622261,35.41463414634146
22.0,685,47622946,31.136363636363637
11.0,286,47623232,26.0
34.0,1065,47624297,31.323529411764707
46.0,1163,47625460,25.282608695652176
39.0,1330,47626790,34.1025641025641
6.0,144,47626934,24.0
45.0,1463,47628397,32.51111111111111
27.0,595,47628992,22.037037037037038
25.0,736,47629728,29.44
22.0,746,47630474,33.90909090909091
36.0,1052,47631526,29.22222222222222
36.0,1201,47632727,33.361111111111114
22.0,694,47633421,31.545454545454547
30.0,723,47634144,24.1
22.0,523,47634667,23.772727272727273
35.0,1051,47635718,30.02857142857143
42.0,1632,47637350,38.857142857142854
19.0,585,47637935,30.789473684210527
20.0,426,47638361,21.3
40.0,1317,47639678,32.925
26.0,710,47640388,27.307692307692307
25.0,781,47641169,31.24
19.0,602,47641771,31.68421052631579
26.0,589,47642360,22.653846153846153
40.0,1145,47643505,28.625
11.0,166,47643671,15.090909090909092
27.0,815,47644486,30.185185185185187
45.0,1267,47645753,28.155555555555555
33.0,995,47646748,30.151515151515152
18.0,568,47647316,31.555555555555557
36.0,1002,47648318,27.833333333333332
29.0,906,47649224,31.24137931034483
32.0,1048,47650272,32.75
29.0,785,47651057,27.06896551724138
26.0,693,47651750,26.653846153846153
18.0,470,47652220,26.11111111111111
40.0,1072,47653292,26.8
23.0,764,47654056,33.21739130434783
13.0,283,47654339,21.76923076923077
38.0,861,47655200,22.657894736842106
31.0,810,47656010,26.129032258064516
26.0,802,47656812,30.846153846153847
20.0,474,47657286,23.7
31.0,1213,47658499,39.12903225806452
31.0,969,47659468,31.258064516129032
23.0,615,47660083,26.73913043478261
38.0,1216,47661299,32.0
26.0,769,47662068,29.576923076923077
20.0,623,47662691,31.15
38.0,1122,47663813,29.526315789473685
30.0,918,47664731,30.6
14.0,309,47665040,22.071428571428573
34.0,1024,47666064,30.11764705882353
27.0,693,47666757,25.666666666666668
23.0,631,47667388,27.434782608695652
46.0,1582,47668970,34.391304347826086
25.0,646,47669616,25.84
29.0,976,47670592,33.6551724137931
34.0,987,47671579,29.029411764705884
36.0,968,47672547,26.88888888888889
15.0,555,47673102,37.0
40.0,1578,47674680,39.45
23.0,572,47675252,24.869565217391305
46.0,1616,47676868,35.130434782608695
25.0,732,47677600,29.28
42.0,1406,47679006,33.476190476190474
23.0,599,47679605,26.043478260869566
34.0,1010,47680615,29.705882352941178
35.0,1152,47681767,32.91428571428571
44.0,1211,47682978,27.522727272727273
42.0,1156,47684134,27.523809523809526
40.0,1139,47685273,28.475
28.0,822,47686095,29.357142857142858
27.0,688,47686783,25.48148148148148
39.0,1458,47688241,37.38461538461539
41.0,1534,47689775,37.41463414634146
24.0,901,47690676,37.541666666666664
35.0,1142,47691818,32.628571428571426
22.0,576,47692394,26.181818181818183
31.0,737,47693131,23.774193548387096
20.0,483,47693614,24.15
19.0,537,47694151,28.263157894736842
31.0,793,47694944,25.580645161290324
31.0,839,47695783,27.06451612903226
38.0,1230,47697013,32.36842105263158
22.0,566,47697579,25.727272727272727
30.0,1049,47698628,34.96666666666667
37.0,1057,47699685,28.56756756756757
30.0,931,47700616,31.033333333333335
23.0,674,47701290,29.304347826086957
48.0,1442,47702732,30.041666666666668
33.0,792,47703524,24.0
35.0,844,47704368,24.114285714285714
38.0,1274,47705642,33.526315789473685
38.0,1009,47706651,26.55263157894737
25.0,761,47707412,30.44
28.0,807,47708219,28.821428571428573
29.0,770,47708989,26.551724137931036
34.0,1144,47710133,33.64705882352941
26.0,637,47710770,24.5
8.0,129,47710899,16.125
24.0,717,47711616,29.875
28.0,772,47712388,27.571428571428573
18.0,444,47712832,24.666666666666668
19.0,630,47713462,33.1578947368421
14.0,307,47713769,21.928571428571427
41.0,1263,47715032,30.804878048780488
35.0,1078,47716110,30.8
37.0,1256,47717366,33.945945945945944
18.0,460,47717826,25.555555555555557
5.0,157,47717983,31.4
5.0,212,47718195,42.4
21.0,469,47718664,22.333333333333332
33.0,1051,47719715,31.848484848484848
25.0,724,47720439,28.96
18.0,426,47720865,23.666666666666668
40.0,1282,47722147,32.05
31.0,813,47722960,26.225806451612904
35.0,1267,47724227,36.2
18.0,552,47724779,30.666666666666668
26.0,862,47725641,33.15384615384615
24.0,685,47726326,28.541666666666668
26.0,709,47727035,27.26923076923077
47.0,1523,47728558,32.40425531914894
16.0,318,47728876,19.875
37.0,1074,47729950,29.027027027027028
29.0,771,47730721,26.586206896551722
28.0,848,47731569,30.285714285714285
26.0,688,47732257,26.46153846153846
28.0,721,47732978,25.75
19.0,496,47733474,26.105263157894736
32.0,1082,47734556,33.8125
23.0,630,47735186,27.391304347826086
29.0,893,47736079,30.79310344827586
28.0,750,47736829,26.785714285714285
33.0,788,47737617,23.87878787878788
20.0,365,47737982,18.25
32.0,934,47738916,29.1875
38.0,970,47739886,25.526315789473685
25.0,585,47740471,23.4
33.0,1025,47741496,31.060606060606062
35.0,1040,47742536,29.714285714285715
37.0,1204,47743740,32.54054054054054
46.0,1733,47745473,37.67391304347826
12.0,404,47745877,33.666666666666664
23.0,557,47746434,24.217391304347824
26.0,716,47747150,27.53846153846154
14.0,343,47747493,24.5
26.0,695,47748188,26.73076923076923
23.0,614,47748802,26.695652173913043
24.0,724,47749526,30.166666666666668
34.0,849,47750375,24.970588235294116
25.0,649,47751024,25.96
14.0,347,47751371,24.785714285714285
30.0,892,47752263,29.733333333333334
23.0,659,47752922,28.652173913043477
11.0,269,47753191,24.454545454545453
12.0,295,47753486,24.583333333333332
13.0,231,47753717,17.76923076923077
22.0,558,47754275,25.363636363636363
22.0,564,47754839,25.636363636363637
16.0,591,47755430,36.9375
28.0,535,47755965,19.107142857142858
38.0,1328,47757293,34.94736842105263
38.0,1061,47758354,27.92105263157895
24.0,596,47758950,24.833333333333332
10.0,281,47759231,28.1
15.0,380,47759611,25.333333333333332
12.0,213,47759824,17.75
27.0,663,47760487,24.555555555555557
38.0,1210,47761697,31.842105263157894
17.0,361,47762058,21.235294117647058
22.0,714,47762772,32.45454545454545
36.0,1154,47763926,32.05555555555556
30.0,879,47764805,29.3
32.0,961,47765766,30.03125
16.0,493,47766259,30.8125
6.0,145,47766404,24.166666666666668
42.0,1357,47767761,32.30952380952381
16.0,411,47768172,25.6875
26.0,1196,47769368,46.0
23.0,596,47769964,25.91304347826087
32.0,1020,47770984,31.875
23.0,685,47771669,29.782608695652176
43.0,1248,47772917,29.023255813953487
29.0,817,47773734,28.17241379310345
11.0,249,47773983,22.636363636363637
23.0,672,47774655,29.217391304347824
49.0,1518,47776173,30.979591836734695
23.0,573,47776746,24.91304347826087
37.0,1050,47777796,28.37837837837838
37.0,1225,47779021,33.108108108108105
34.0,948,47779969,27.88235294117647
29.0,947,47780916,32.6551724137931
30.0,984,47781900,32.8
14.0,316,47782216,22.571428571428573
23.0,417,47782633,18.130434782608695
27.0,590,47783223,21.85185185185185
17.0,655,47783878,38.529411764705884
21.0,714,47784592,34.0
44.0,1146,47785738,26.045454545454547
26.0,596,47786334,22.923076923076923
25.0,560,47786894,22.4
5.0,154,47787048,30.8
20.0,485,47787533,24.25
19.0,635,47788168,33.421052631578945
34.0,885,47789053,26.029411764705884
29.0,665,47789718,22.93103448275862
33.0,949,47790667,28.757575757575758
26.0,714,47791381,27.46153846153846
32.0,931,47792312,29.09375
36.0,1012,47793324,28.11111111111111
5.0,189,47793513,37.8
32.0,1042,47794555,32.5625
21.0,620,47795175,29.523809523809526
28.0,792,47795967,28.285714285714285
52.0,1888,47797855,36.30769230769231
29.0,767,47798622,26.448275862068964
29.0,890,47799512,30.689655172413794
45.0,1557,47801069,34.6
47.0,1531,47802600,32.57446808510638
44.0,1442,47804042,32.77272727272727
21.0,628,47804670,29.904761904761905
51.0,1651,47806321,32.372549019607845
28.0,837,47807158,29.892857142857142
4.0,57,47807215,14.25
25.0,737,47807952,29.48
16.0,366,47808318,22.875
25.0,652,47808970,26.08
39.0,1298,47810268,33.282051282051285
25.0,649,47810917,25.96
17.0,450,47811367,26.470588235294116
20.0,563,47811930,28.15
21.0,507,47812437,24.142857142857142
18.0,371,47812808,20.61111111111111
34.0,799,47813607,23.5
34.0,1370,47814977,40.294117647058826
17.0,630,47815607,37.05882352941177
46.0,1403,47817010,30.5
31.0,1040,47818050,33.54838709677419
23.0,486,47818536,21.130434782608695
25.0,690,47819226,27.6
44.0,1280,47820506,29.09090909090909
53.0,1795,47822301,33.867924528301884
8.0,167,47822468,20.875
28.0,607,47823075,21.678571428571427
26.0,891,47823966,34.26923076923077
46.0,1667,47825633,36.23913043478261
31.0,1059,47826692,34.16129032258065
13.0,368,47827060,28.307692307692307
46.0,1461,47828521,31.76086956521739
33.0,1123,47829644,34.03030303030303
22.0,484,47830128,22.0
34.0,962,47831090,28.294117647058822
8.0,119,47831209,14.875
27.0,914,47832123,33.851851851851855
35.0,1177,47833300,33.628571428571426
11.0,341,47833641,31.0
37.0,1127,47834768,30.45945945945946
30.0,831,47835599,27.7
35.0,1093,47836692,31.228571428571428
28.0,792,47837484,28.285714285714285
30.0,981,47838465,32.7
25.0,792,47839257,31.68
40.0,1432,47840689,35.8
33.0,995,47841684,30.151515151515152
34.0,774,47842458,22.764705882352942
31.0,987,47843445,31.838709677419356
33.0,935,47844380,28.333333333333332
44.0,1286,47845666,29.227272727272727
39.0,1138,47846804,29.17948717948718
41.0,1297,47848101,31.634146341463413
27.0,724,47848825,26.814814814814813
35.0,1000,47849825,28.571428571428573
33.0,1077,47850902,32.63636363636363
27.0,741,47851643,27.444444444444443
20.0,579,47852222,28.95
17.0,484,47852706,28.470588235294116
42.0,1349,47854055,32.11904761904762
38.0,1165,47855220,30.657894736842106
32.0,1037,47856257,32.40625
41.0,1037,47857294,25.29268292682927
45.0,1121,47858415,24.91111111111111
34.0,984,47859399,28.941176470588236
23.0,497,47859896,21.608695652173914
47.0,1420,47861316,30.21276595744681
47.0,1485,47862801,31.595744680851062
45.0,1362,47864163,30.266666666666666
29.0,703,47864866,24.24137931034483
29.0,769,47865635,26.517241379310345
29.0,807,47866442,27.82758620689655
24.0,789,47867231,32.875
22.0,544,47867775,24.727272727272727
37.0,999,47868774,27.0
17.0,653,47869427,38.411764705882355
15.0,435,47869862,29.0
23.0,516,47870378,22.434782608695652
30.0,990,47871368,33.0
13.0,365,47871733,28.076923076923077
17.0,397,47872130,23.352941176470587
16.0,438,47872568,27.375
20.0,548,47873116,27.4
26.0,663,47873779,25.5
27.0,796,47874575,29.48148148148148
29.0,811,47875386,27.96551724137931
34.0,819,47876205,24.08823529411765
22.0,480,47876685,21.818181818181817
36.0,1254,47877939,34.833333333333336
50.0,1652,47879591,33.04
25.0,624,47880215,24.96
32.0,945,47881160,29.53125
44.0,1483,47882643,33.70454545454545
33.0,1057,47883700,32.03030303030303
7.0,142,47883842,20.285714285714285
26.0,696,47884538,26.76923076923077
28.0,938,47885476,33.5
16.0,395,47885871,24.6875
6.0,187,47886058,31.166666666666668
30.0,962,47887020,32.06666666666667
31.0,717,47887737,23.129032258064516
36.0,950,47888687,26.38888888888889
21.0,476,47889163,22.666666666666668
37.0,1039,47890202,28.08108108108108
26.0,652,47890854,25.076923076923077
32.0,980,47891834,30.625
22.0,632,47892466,28.727272727272727
32.0,867,47893333,27.09375
9.0,223,47893556,24.77777777777778
20.0,501,47894057,25.05
17.0,446,47894503,26.235294117647058
14.0,285,47894788,20.357142857142858
26.0,821,47895609,31.576923076923077
12.0,194,47895803,16.166666666666668
10.0,217,47896020,21.7
36.0,928,47896948,25.77777777777778
28.0,752,47897700,26.857142857142858
30.0,767,47898467,25.566666666666666
10.0,281,47898748,28.1
27.0,983,47899731,36.407407407407405
32.0,1114,47900845,34.8125
41.0,1193,47902038,29.097560975609756
51.0,2115,47904153,41.470588235294116
27.0,712,47904865,26.37037037037037
7.0,241,47905106,34.42857142857143
32.0,942,47906048,29.4375
52.0,1840,47907888,35.38461538461539
43.0,1554,47909442,36.13953488372093
32.0,885,47910327,27.65625
27.0,753,47911080,27.88888888888889
22.0,588,47911668,26.727272727272727
31.0,938,47912606,30.258064516129032
39.0,1340,47913946,34.35897435897436
29.0,825,47914771,28.448275862068964
29.0,776,47915547,26.75862068965517
34.0,1113,47916660,32.73529411764706
27.0,811,47917471,30.037037037037038
13.0,294,47917765,22.615384615384617
15.0,361,47918126,24.066666666666666
25.0,661,47918787,26.44
41.0,1142,47919929,27.853658536585368
28.0,884,47920813,31.571428571428573
30.0,837,47921650,27.9
42.0,1230,47922880,29.285714285714285
22.0,634,47923514,28.818181818181817
15.0,351,47923865,23.4
22.0,646,47924511,29.363636363636363
23.0,713,47925224,31.0
26.0,709,47925933,27.26923076923077
18.0,349,47926282,19.38888888888889
37.0,1249,47927531,33.75675675675676
40.0,1354,47928885,33.85
3.0,43,47928928,14.333333333333334
27.0,784,47929712,29.037037037037038
22.0,611,47930323,27.772727272727273
10.0,219,47930542,21.9
20.0,524,47931066,26.2
14.0,376,47931442,26.857142857142858
37.0,1048,47932490,28.324324324324323
33.0,902,47933392,27.333333333333332
18.0,580,47933972,32.22222222222222
26.0,812,47934784,31.23076923076923
36.0,1231,47936015,34.19444444444444
12.0,291,47936306,24.25
35.0,891,47937197,25.457142857142856
38.0,1078,47938275,28.36842105263158
24.0,753,47939028,31.375
21.0,422,47939450,20.095238095238095
23.0,613,47940063,26.652173913043477
9.0,191,47940254,21.22222222222222
35.0,1315,47941569,37.57142857142857
29.0,698,47942267,24.06896551724138
27.0,837,47943104,31.0
45.0,1576,47944680,35.022222222222226
18.0,560,47945240,31.11111111111111
25.0,818,47946058,32.72
40.0,1428,47947486,35.7
33.0,1107,47948593,33.54545454545455
18.0,492,47949085,27.333333333333332
28.0,637,47949722,22.75
23.0,670,47950392,29.130434782608695
31.0,977,47951369,31.516129032258064
30.0,899,47952268,29.966666666666665
26.0,842,47953110,32.38461538461539
22.0,592,47953702,26.90909090909091
18.0,447,47954149,24.833333333333332
26.0,833,47954982,32.03846153846154
12.0,213,47955195,17.75
37.0,1356,47956551,36.648648648648646
23.0,646,47957197,28.08695652173913
19.0,514,47957711,27.05263157894737
31.0,1081,47958792,34.87096774193548
35.0,901,47959693,25.742857142857144
43.0,1277,47960970,29.697674418604652
39.0,1209,47962179,31.0
38.0,1267,47963446,33.3421052631579
30.0,950,47964396,31.666666666666668
20.0,534,47964930,26.7
31.0,750,47965680,24.193548387096776
34.0,903,47966583,26.558823529411764
28.0,749,47967332,26.75
20.0,391,47967723,19.55
41.0,1097,47968820,26.75609756097561
42.0,1387,47970207,33.023809523809526
27.0,668,47970875,24.74074074074074
7.0,257,47971132,36.714285714285715
30.0,784,47971916,26.133333333333333
44.0,1494,47973410,33.95454545454545
43.0,1246,47974656,28.976744186046513
14.0,243,47974899,17.357142857142858
17.0,468,47975367,27.529411764705884
30.0,684,47976051,22.8
13.0,359,47976410,27.615384615384617
32.0,913,47977323,28.53125
9.0,297,47977620,33.0
51.0,1592,47979212,31.215686274509803
20.0,430,47979642,21.5
36.0,987,47980629,27.416666666666668
46.0,1403,47982032,30.5
29.0,781,47982813,26.93103448275862
38.0,1220,47984033,32.10526315789474
22.0,468,47984501,21.272727272727273
42.0,1454,47985955,34.61904761904762
43.0,1358,47987313,31.58139534883721
31.0,945,47988258,30.483870967741936
5.0,209,47988467,41.8
12.0,225,47988692,18.75
31.0,975,47989667,31.451612903225808
19.0,646,47990313,34.0
31.0,935,47991248,30.161290322580644
8.0,186,47991434,23.25
30.0,883,47992317,29.433333333333334
17.0,384,47992701,22.58823529411765
14.0,414,47993115,29.571428571428573
28.0,720,47993835,25.714285714285715
41.0,1439,47995274,35.09756097560975
47.0,1341,47996615,28.53191489361702
20.0,504,47997119,25.2
35.0,1128,47998247,32.22857142857143
27.0,824,47999071,30.51851851851852
27.0,806,47999877,29.85185185185185
19.0,555,48000432,29.210526315789473
31.0,1024,48001456,33.03225806451613
23.0,620,48002076,26.956521739130434
26.0,693,48002769,26.653846153846153
15.0,457,48003226,30.466666666666665
24.0,516,48003742,21.5
7.0,89,48003831,12.714285714285714
28.0,696,48004527,24.857142857142858
18.0,577,48005104,32.05555555555556
34.0,985,48006089,28.970588235294116
16.0,472,48006561,29.5
19.0,497,48007058,26.157894736842106
9.0,247,48007305,27.444444444444443
12.0,294,48007599,24.5
49.0,1503,48009102,30.6734693877551
42.0,975,48010077,23.214285714285715
27.0,657,48010734,24.333333333333332
19.0,477,48011211,25.105263157894736
18.0,472,48011683,26.22222222222222
21.0,627,48012310,29.857142857142858
43.0,1331,48013641,30.953488372093023
40.0,1142,48014783,28.55
19.0,522,48015305,27.473684210526315
27.0,701,48016006,25.962962962962962
30.0,844,48016850,28.133333333333333
39.0,1234,48018084,31.641025641025642
39.0,1046,48019130,26.82051282051282
11.0,401,48019531,36.45454545454545
9.0,286,48019817,31.77777777777778
39.0,1128,48020945,28.923076923076923
29.0,693,48021638,23.896551724137932
24.0,678,48022316,28.25
29.0,626,48022942,21.586206896551722
42.0,1482,48024424,35.285714285714285
28.0,574,48024998,20.5
22.0,563,48025561,25.59090909090909
35.0,963,48026524,27.514285714285716
30.0,812,48027336,27.066666666666666
28.0,697,48028033,24.892857142857142
23.0,589,48028622,25.608695652173914
40.0,1371,48029993,34.275
16.0,641,48030634,40.0625
28.0,818,48031452,29.214285714285715
27.0,807,48032259,29.88888888888889
34.0,880,48033139,25.88235294117647
20.0,588,48033727,29.4
35.0,1142,48034869,32.628571428571426
30.0,1015,48035884,33.833333333333336
48.0,1517,48037401,31.604166666666668
17.0,543,48037944,31.941176470588236
19.0,559,48038503,29.42105263157895
33.0,1027,48039530,31.12121212121212
23.0,578,48040108,25.130434782608695
35.0,1027,48041135,29.34285714285714
43.0,1267,48042402,29.46511627906977
18.0,388,48042790,21.555555555555557
14.0,281,48043071,20.071428571428573
18.0,380,48043451,21.11111111111111
37.0,1052,48044503,28.43243243243243
17.0,466,48044969,27.41176470588235
22.0,590,48045559,26.818181818181817
39.0,1136,48046695,29.128205128205128
44.0,1357,48048052,30.84090909090909
16.0,276,48048328,17.25
40.0,1256,48049584,31.4
23.0,573,48050157,24.91304347826087
25.0,716,48050873,28.64
38.0,1273,48052146,33.5
28.0,856,48053002,30.571428571428573
30.0,735,48053737,24.5
31.0,894,48054631,28.838709677419356
29.0,977,48055608,33.689655172413794
24.0,596,48056204,24.833333333333332
38.0,986,48057190,25.94736842105263
24.0,705,48057895,29.375
10.0,239,48058134,23.9
23.0,602,48058736,26.17391304347826
30.0,805,48059541,26.833333333333332
31.0,959,48060500,30.93548387096774
30.0,1076,48061576,35.86666666666667
54.0,1715,48063291,31.75925925925926
31.0,775,48064066,25.0
19.0,483,48064549,25.42105263157895
14.0,470,48065019,33.57142857142857
44.0,1129,48066148,25.65909090909091
16.0,422,48066570,26.375
30.0,887,48067457,29.566666666666666
40.0,1275,48068732,31.875
26.0,566,48069298,21.76923076923077
36.0,792,48070090,22.0
27.0,824,48070914,30.51851851851852
50.0,1438,48072352,28.76
27.0,884,48073236,32.74074074074074
37.0,726,48073962,19.62162162162162
29.0,766,48074728,26.413793103448278
34.0,960,48075688,28.235294117647058
24.0,395,48076083,16.458333333333332
31.0,888,48076971,28.64516129032258
15.0,372,48077343,24.8
13.0,358,48077701,27.53846153846154
38.0,931,48078632,24.5
19.0,479,48079111,25.210526315789473
35.0,1423,48080534,40.65714285714286
46.0,1521,48082055,33.06521739130435
16.0,497,48082552,31.0625
23.0,646,48083198,28.08695652173913
36.0,960,48084158,26.666666666666668
43.0,1394,48085552,32.41860465116279
38.0,1015,48086567,26.710526315789473
21.0,669,48087236,31.857142857142858
39.0,1183,48088419,30.333333333333332
36.0,1209,48089628,33.583333333333336
30.0,778,48090406,25.933333333333334
30.0,810,48091216,27.0
25.0,653,48091869,26.12
11.0,270,48092139,24.545454545454547
19.0,501,48092640,26.36842105263158
34.0,858,48093498,25.235294117647058
20.0,478,48093976,23.9
9.0,262,48094238,29.11111111111111
50.0,1558,48095796,31.16
45.0,1404,48097200,31.2
35.0,1013,48098213,28.942857142857143
32.0,870,48099083,27.1875
29.0,1000,48100083,34.48275862068966
6.0,146,48100229,24.333333333333332
43.0,1444,48101673,33.58139534883721
18.0,353,48102026,19.61111111111111
36.0,1140,48103166,31.666666666666668
27.0,694,48103860,25.703703703703702
13.0,373,48104233,28.692307692307693
25.0,681,48104914,27.24
13.0,336,48105250,25.846153846153847
22.0,694,48105944,31.545454545454547
23.0,673,48106617,29.26086956521739
35.0,1108,48107725,31.65714285714286
47.0,1360,48109085,28.93617021276596
30.0,895,48109980,29.833333333333332
26.0,781,48110761,30.03846153846154
15.0,437,48111198,29.133333333333333
39.0,1173,48112371,30.076923076923077
27.0,831,48113202,30.77777777777778
26.0,750,48113952,28.846153846153847
24.0,633,48114585,26.375
18.0,373,48114958,20.72222222222222
28.0,844,48115802,30.142857142857142
35.0,1051,48116853,30.02857142857143
22.0,615,48117468,27.954545454545453
33.0,838,48118306,25.393939393939394
37.0,1207,48119513,32.62162162162162
47.0,1358,48120871,28.893617021276597
36.0,1095,48121966,30.416666666666668
36.0,1178,48123144,32.72222222222222
29.0,759,48123903,26.17241379310345
18.0,433,48124336,24.055555555555557
25.0,777,48125113,31.08
35.0,1104,48126217,31.542857142857144
25.0,583,48126800,23.32
16.0,333,48127133,20.8125
37.0,1118,48128251,30.216216216216218
36.0,1250,48129501,34.72222222222222
4.0,63,48129564,15.75
45.0,1476,48131040,32.8
39.0,1120,48132160,28.71794871794872
42.0,1115,48133275,26.547619047619047
42.0,1293,48134568,30.785714285714285
43.0,1039,48135607,24.162790697674417
18.0,488,48136095,27.11111111111111
31.0,990,48137085,31.93548387096774
9.0,200,48137285,22.22222222222222
28.0,767,48138052,27.392857142857142
48.0,1318,48139370,27.458333333333332
34.0,1092,48140462,32.11764705882353
30.0,817,48141279,27.233333333333334
26.0,736,48142015,28.307692307692307
39.0,923,48142938,23.666666666666668
34.0,960,48143898,28.235294117647058
34.0,888,48144786,26.11764705882353
30.0,949,48145735,31.633333333333333
47.0,1304,48147039,27.74468085106383
22.0,533,48147572,24.227272727272727
36.0,967,48148539,26.86111111111111
26.0,687,48149226,26.423076923076923
43.0,1514,48150740,35.2093023255814
40.0,1194,48151934,29.85
27.0,756,48152690,28.0
30.0,1017,48153707,33.9
35.0,906,48154613,25.885714285714286
24.0,542,48155155,22.583333333333332
40.0,1045,48156200,26.125
29.0,883,48157083,30.448275862068964
47.0,1266,48158349,26.93617021276596
35.0,919,48159268,26.257142857142856
32.0,754,48160022,23.5625
38.0,1061,48161083,27.92105263157895
38.0,1236,48162319,32.526315789473685
17.0,446,48162765,26.235294117647058
26.0,858,48163623,33.0
39.0,1025,48164648,26.28205128205128
16.0,484,48165132,30.25
24.0,613,48165745,25.541666666666668
15.0,373,48166118,24.866666666666667
40.0,1099,48167217,27.475
24.0,667,48167884,27.791666666666668
19.0,362,48168246,19.05263157894737
41.0,1340,48169586,32.68292682926829
21.0,669,48170255,31.857142857142858
29.0,1018,48171273,35.10344827586207
31.0,1018,48172291,32.83870967741935
23.0,667,48172958,29.0
21.0,591,48173549,28.142857142857142
21.0,549,48174098,26.142857142857142
30.0,867,48174965,28.9
23.0,637,48175602,27.695652173913043
22.0,525,48176127,23.863636363636363
8.0,244,48176371,30.5
30.0,825,48177196,27.5
28.0,804,48178000,28.714285714285715
24.0,779,48178779,32.458333333333336
32.0,721,48179500,22.53125
13.0,453,48179953,34.84615384615385
10.0,236,48180189,23.6
35.0,1310,48181499,37.42857142857143
28.0,746,48182245,26.642857142857142
28.0,747,48182992,26.678571428571427
16.0,463,48183455,28.9375
9.0,264,48183719,29.333333333333332
32.0,1010,48184729,31.5625
17.0,362,48185091,21.294117647058822
43.0,1391,48186482,32.348837209302324
27.0,659,48187141,24.40740740740741
13.0,342,48187483,26.307692307692307
30.0,880,48188363,29.333333333333332
22.0,526,48188889,23.90909090909091
23.0,758,48189647,32.95652173913044
24.0,738,48190385,30.75
15.0,343,48190728,22.866666666666667
35.0,1023,48191751,29.228571428571428
34.0,1147,48192898,33.73529411764706
33.0,903,48193801,27.363636363636363
36.0,1042,48194843,28.944444444444443
33.0,895,48195738,27.12121212121212
24.0,744,48196482,31.0
26.0,779,48197261,29.96153846153846
31.0,700,48197961,22.580645161290324
33.0,1007,48198968,30.515151515151516
39.0,1115,48200083,28.58974358974359
10.0,223,48200306,22.3
23.0,588,48200894,25.565217391304348
39.0,1244,48202138,31.897435897435898
39.0,1191,48203329,30.53846153846154
35.0,817,48204146,23.34285714285714
33.0,702,48204848,21.272727272727273
18.0,461,48205309,25.61111111111111
15.0,406,48205715,27.066666666666666
43.0,1385,48207100,32.2093023255814
34.0,958,48208058,28.176470588235293
19.0,430,48208488,22.63157894736842
34.0,1201,48209689,35.3235294117647
51.0,1540,48211229,30.19607843137255
16.0,410,48211639,25.625
28.0,871,48212510,31.107142857142858
19.0,441,48212951,23.210526315789473
40.0,1260,48214211,31.5
17.0,491,48214702,28.88235294117647
17.0,261,48214963,15.352941176470589
26.0,881,48215844,33.88461538461539
29.0,847,48216691,29.20689655172414
25.0,864,48217555,34.56
5.0,82,48217637,16.4
13.0,375,48218012,28.846153846153847
41.0,1065,48219077,25.975609756097562
13.0,273,48219350,21.0
26.0,812,48220162,31.23076923076923
39.0,1095,48221257,28.076923076923077
27.0,792,48222049,29.333333333333332
27.0,858,48222907,31.77777777777778
35.0,1157,48224064,33.05714285714286
14.0,294,48224358,21.0
28.0,946,48225304,33.785714285714285
27.0,673,48225977,24.925925925925927
28.0,694,48226671,24.785714285714285
21.0,582,48227253,27.714285714285715
17.0,471,48227724,27.705882352941178
38.0,1190,48228914,31.31578947368421
31.0,993,48229907,32.03225806451613
28.0,831,48230738,29.678571428571427
30.0,777,48231515,25.9
18.0,544,48232059,30.22222222222222
36.0,1139,48233198,31.63888888888889
24.0,582,48233780,24.25
10.0,313,48234093,31.3
28.0,988,48235081,35.285714285714285
26.0,735,48235816,28.26923076923077
29.0,868,48236684,29.93103448275862
45.0,1161,48237845,25.8
16.0,382,48238227,23.875
13.0,299,48238526,23.0
16.0,371,48238897,23.1875
38.0,1369,48240266,36.026315789473685
21.0,676,48240942,32.19047619047619
36.0,1169,48242111,32.47222222222222
48.0,1594,48243705,33.208333333333336
19.0,607,48244312,31.94736842105263
47.0,1355,48245667,28.829787234042552
40.0,1149,48246816,28.725
36.0,889,48247705,24.694444444444443
28.0,734,48248439,26.214285714285715
29.0,654,48249093,22.551724137931036
15.0,489,48249582,32.6
19.0,489,48250071,25.736842105263158
14.0,296,48250367,21.142857142857142
22.0,576,48250943,26.181818181818183
17.0,521,48251464,30.647058823529413
26.0,794,48252258,30.53846153846154
34.0,1019,48253277,29.970588235294116
35.0,1055,48254332,30.142857142857142
39.0,1221,48255553,31.307692307692307
32.0,927,48256480,28.96875
20.0,441,48256921,22.05
17.0,464,48257385,27.294117647058822
12.0,321,48257706,26.75
34.0,1122,48258828,33.0
30.0,942,48259770,31.4
27.0,780,48260550,28.88888888888889
23.0,634,48261184,27.565217391304348
33.0,919,48262103,27.848484848484848
19.0,423,48262526,22.263157894736842
12.0,314,48262840,26.166666666666668
27.0,809,48263649,29.962962962962962
46.0,1529,48265178,33.23913043478261
22.0,669,48265847,30.40909090909091
46.0,1455,48267302,31.630434782608695
18.0,542,48267844,30.11111111111111
14.0,237,48268081,16.928571428571427
28.0,853,48268934,30.464285714285715
27.0,991,48269925,36.7037037037037
24.0,575,48270500,23.958333333333332
26.0,718,48271218,27.615384615384617
35.0,1308,48272526,37.371428571428574
25.0,851,48273377,34.04
9.0,187,48273564,20.77777777777778
24.0,681,48274245,28.375
8.0,183,48274428,22.875
37.0,1194,48275622,32.270270270270274
39.0,1107,48276729,28.384615384615383
30.0,880,48277609,29.333333333333332
28.0,777,48278386,27.75
38.0,1214,48279600,31.94736842105263
10.0,248,48279848,24.8
20.0,464,48280312,23.2
30.0,847,48281159,28.233333333333334
34.0,896,48282055,26.352941176470587
24.0,663,48282718,27.625
22.0,496,48283214,22.545454545454547
14.0,285,48283499,20.357142857142858
44.0,1312,48284811,29.818181818181817
24.0,683,48285494,28.458333333333332
30.0,902,48286396,30.066666666666666
29.0,661,48287057,22.79310344827586
24.0,600,48287657,25.0
28.0,885,48288542,31.607142857142858
46.0,1304,48289846,28.347826086956523
54.0,1520,48291366,28.14814814814815
26.0,544,48291910,20.923076923076923
15.0,327,48292237,21.8
39.0,1482,48293719,38.0
48.0,1500,48295219,31.25
36.0,976,48296195,27.11111111111111
17.0,363,48296558,21.352941176470587
33.0,1075,48297633,32.57575757575758
10.0,295,48297928,29.5
23.0,591,48298519,25.695652173913043
18.0,523,48299042,29.055555555555557
18.0,407,48299449,22.61111111111111
7.0,211,48299660,30.142857142857142
27.0,622,48300282,23.037037037037038
35.0,961,48301243,27.457142857142856
33.0,1066,48302309,32.303030303030305
51.0,1522,48303831,29.84313725490196
27.0,847,48304678,31.37037037037037
22.0,705,48305383,32.04545454545455
11.0,376,48305759,34.18181818181818
23.0,656,48306415,28.52173913043478
5.0,149,48306564,29.8
25.0,728,48307292,29.12
21.0,581,48307873,27.666666666666668
38.0,1037,48308910,27.289473684210527
9.0,205,48309115,22.77777777777778
33.0,865,48309980,26.21212121212121
36.0,1018,48310998,28.27777777777778
14.0,314,48311312,22.428571428571427
38.0,1092,48312404,28.736842105263158
14.0,312,48312716,22.285714285714285
26.0,706,48313422,27.153846153846153
35.0,797,48314219,22.771428571428572
34.0,1034,48315253,30.41176470588235
33.0,922,48316175,27.939393939393938
20.0,388,48316563,19.4
30.0,856,48317419,28.533333333333335
35.0,877,48318296,25.057142857142857
24.0,665,48318961,27.708333333333332
31.0,809,48319770,26.096774193548388
31.0,784,48320554,25.29032258064516
13.0,301,48320855,23.153846153846153
6.0,196,48321051,32.666666666666664
34.0,885,48321936,26.029411764705884
28.0,769,48322705,27.464285714285715
10.0,307,48323012,30.7
25.0,596,48323608,23.84
39.0,1200,48324808,30.76923076923077
24.0,614,48325422,25.583333333333332
14.0,363,48325785,25.928571428571427
44.0,1470,48327255,33.40909090909091
34.0,1010,48328265,29.705882352941178
27.0,697,48328962,25.814814814814813
33.0,1048,48330010,31.757575757575758
27.0,829,48330839,30.703703703703702
15.0,369,48331208,24.6
31.0,934,48332142,30.129032258064516
30.0,969,48333111,32.3
31.0,789,48333900,25.451612903225808
11.0,336,48334236,30.545454545454547
33.0,985,48335221,29.848484848484848
39.0,1366,48336587,35.02564102564103
37.0,870,48337457,23.513513513513512
31.0,940,48338397,30.322580645161292
33.0,944,48339341,28.606060606060606
24.0,622,48339963,25.916666666666668
39.0,1268,48341231,32.51282051282051
37.0,979,48342210,26.45945945945946
47.0,1275,48343485,27.127659574468087
14.0,421,48343906,30.071428571428573
34.0,974,48344880,28.647058823529413
23.0,522,48345402,22.695652173913043
28.0,698,48346100,24.928571428571427
35.0,848,48346948,24.228571428571428
46.0,1477,48348425,32.108695652173914
24.0,577,48349002,24.041666666666668
24.0,451,48349453,18.791666666666668
29.0,780,48350233,26.896551724137932
27.0,797,48351030,29.51851851851852
22.0,518,48351548,23.545454545454547
16.0,441,48351989,27.5625
41.0,1156,48353145,28.195121951219512
40.0,1280,48354425,32.0
33.0,877,48355302,26.575757575757574
24.0,662,48355964,27.583333333333332
3.0,57,48356021,19.0
35.0,1033,48357054,29.514285714285716
33.0,939,48357993,28.454545454545453
35.0,878,48358871,25.085714285714285
30.0,893,48359764,29.766666666666666
20.0,441,48360205,22.05
17.0,492,48360697,28.941176470588236
19.0,359,48361056,18.894736842105264
41.0,1261,48362317,30.75609756097561
20.0,487,48362804,24.35
27.0,637,48363441,23.59259259259259
25.0,991,48364432,39.64
38.0,1220,48365652,32.10526315789474
22.0,788,48366440,35.81818181818182
31.0,846,48367286,27.29032258064516
19.0,423,48367709,22.263157894736842
36.0,1101,48368810,30.583333333333332
18.0,536,48369346,29.77777777777778
13.0,390,48369736,30.0
52.0,1555,48371291,29.903846153846153
15.0,434,48371725,28.933333333333334
23.0,467,48372192,20.304347826086957
28.0,852,48373044,30.428571428571427
17.0,442,48373486,26.0
32.0,916,48374402,28.625
37.0,1040,48375442,28.10810810810811
15.0,320,48375762,21.333333333333332
40.0,1423,48377185,35.575
9.0,219,48377404,24.333333333333332
41.0,1315,48378719,32.073170731707314
22.0,589,48379308,26.772727272727273
23.0,617,48379925,26.82608695652174
32.0,1165,48381090,36.40625
33.0,896,48381986,27.151515151515152
31.0,901,48382887,29.06451612903226
16.0,415,48383302,25.9375
26.0,601,48383903,23.115384615384617
30.0,861,48384764,28.7
35.0,1171,48385935,33.457142857142856
33.0,1006,48386941,30.484848484848484
27.0,640,48387581,23.703703703703702
31.0,1096,48388677,35.354838709677416
23.0,454,48389131,19.73913043478261
31.0,856,48389987,27.612903225806452
26.0,695,48390682,26.73076923076923
25.0,804,48391486,32.16
23.0,696,48392182,30.26086956521739
20.0,427,48392609,21.35
25.0,688,48393297,27.52
9.0,127,48393424,14.11111111111111
30.0,925,48394349,30.833333333333332
30.0,985,48395334,32.833333333333336
14.0,308,48395642,22.0
15.0,377,48396019,25.133333333333333
37.0,929,48396948,25.10810810810811
29.0,890,48397838,30.689655172413794
22.0,656,48398494,29.818181818181817
25.0,622,48399116,24.88
16.0,383,48399499,23.9375
20.0,446,48399945,22.3
32.0,856,48400801,26.75
18.0,540,48401341,30.0
33.0,889,48402230,26.939393939393938
20.0,469,48402699,23.45
39.0,987,48403686,25.307692307692307
17.0,606,48404292,35.64705882352941
26.0,749,48405041,28.807692307692307
52.0,1749,48406790,33.63461538461539
30.0,1136,48407926,37.86666666666667
37.0,1250,48409176,33.78378378378378
20.0,462,48409638,23.1
33.0,924,48410562,28.0
37.0,1813,48412375,49.0
26.0,904,48413279,34.76923076923077
14.0,340,48413619,24.285714285714285
32.0,953,48414572,29.78125
22.0,569,48415141,25.863636363636363
31.0,833,48415974,26.870967741935484
41.0,1220,48417194,29.75609756097561
43.0,1278,48418472,29.72093023255814
22.0,620,48419092,28.181818181818183
30.0,800,48419892,26.666666666666668
44.0,1488,48421380,33.81818181818182
34.0,984,48422364,28.941176470588236
32.0,922,48423286,28.8125
28.0,864,48424150,30.857142857142858
21.0,680,48424830,32.38095238095238
11.0,253,48425083,23.0
19.0,463,48425546,24.36842105263158
25.0,822,48426368,32.88
20.0,535,48426903,26.75
18.0,509,48427412,28.27777777777778
33.0,972,48428384,29.454545454545453
28.0,722,48429106,25.785714285714285
25.0,789,48429895,31.56
39.0,1251,48431146,32.07692307692308
2.0,30,48431176,15.0
21.0,542,48431718,25.80952380952381
25.0,771,48432489,30.84
25.0,681,48433170,27.24
34.0,850,48434020,25.0
36.0,888,48434908,24.666666666666668
48.0,1473,48436381,30.6875
24.0,716,48437097,29.833333333333332
27.0,714,48437811,26.444444444444443
24.0,658,48438469,27.416666666666668
28.0,689,48439158,24.607142857142858
31.0,935,48440093,30.161290322580644
33.0,761,48440854,23.060606060606062
32.0,751,48441605,23.46875
27.0,833,48442438,30.85185185185185
17.0,437,48442875,25.705882352941178
15.0,366,48443241,24.4
19.0,413,48443654,21.736842105263158
22.0,513,48444167,23.318181818181817
20.0,551,48444718,27.55
25.0,578,48445296,23.12
32.0,1007,48446303,31.46875
32.0,945,48447248,29.53125
25.0,672,48447920,26.88
37.0,1039,48448959,28.08108108108108
39.0,1348,48450307,34.56410256410256
27.0,877,48451184,32.48148148148148
25.0,558,48451742,22.32
35.0,798,48452540,22.8
17.0,437,48452977,25.705882352941178
25.0,835,48453812,33.4
27.0,842,48454654,31.185185185185187
34.0,1017,48455671,29.91176470588235
21.0,473,48456144,22.523809523809526
34.0,1199,48457343,35.26470588235294
27.0,623,48457966,23.074074074074073
26.0,702,48458668,27.0
53.0,1521,48460189,28.69811320754717
19.0,498,48460687,26.210526315789473
34.0,970,48461657,28.529411764705884
34.0,1066,48462723,31.352941176470587
23.0,884,48463607,38.43478260869565
26.0,797,48464404,30.653846153846153
9.0,224,48464628,24.88888888888889
20.0,487,48465115,24.35
40.0,1059,48466174,26.475
32.0,953,48467127,29.78125
37.0,1050,48468177,28.37837837837838
21.0,559,48468736,26.61904761904762
34.0,1086,48469822,31.941176470588236
27.0,665,48470487,24.62962962962963
33.0,833,48471320,25.242424242424242
14.0,201,48471521,14.357142857142858
15.0,339,48471860,22.6
33.0,1113,48472973,33.72727272727273
30.0,795,48473768,26.5
18.0,380,48474148,21.11111111111111
20.0,640,48474788,32.0
27.0,787,48475575,29.14814814814815
45.0,1286,48476861,28.57777777777778
20.0,540,48477401,27.0
15.0,399,48477800,26.6
34.0,1016,48478816,29.88235294117647
38.0,1088,48479904,28.63157894736842
30.0,808,48480712,26.933333333333334
21.0,557,48481269,26.523809523809526
3.0,31,48481300,10.333333333333334
20.0,550,48481850,27.5
15.0,298,48482148,19.866666666666667
40.0,1836,48483984,45.9
37.0,1122,48485106,30.324324324324323
29.0,968,48486074,33.37931034482759
29.0,792,48486866,27.310344827586206
18.0,502,48487368,27.88888888888889
38.0,1144,48488512,30.105263157894736
23.0,601,48489113,26.130434782608695
10.0,195,48489308,19.5
32.0,1081,48490389,33.78125
32.0,764,48491153,23.875
21.0,488,48491641,23.238095238095237
35.0,1195,48492836,34.142857142857146
30.0,814,48493650,27.133333333333333
29.0,837,48494487,28.862068965517242
28.0,694,48495181,24.785714285714285
19.0,579,48495760,30.473684210526315
28.0,677,48496437,24.178571428571427
41.0,1229,48497666,29.975609756097562
16.0,375,48498041,23.4375
26.0,667,48498708,25.653846153846153
27.0,837,48499545,31.0
34.0,900,48500445,26.470588235294116
6.0,168,48500613,28.0
31.0,929,48501542,29.967741935483872
28.0,554,48502096,19.785714285714285
37.0,1149,48503245,31.054054054054053
24.0,492,48503737,20.5
33.0,1049,48504786,31.78787878787879
34.0,1014,48505800,29.823529411764707
35.0,878,48506678,25.085714285714285
30.0,567,48507245,18.9
28.0,929,48508174,33.17857142857143
8.0,142,48508316,17.75
31.0,879,48509195,28.35483870967742
50.0,1593,48510788,31.86
28.0,912,48511700,32.57142857142857
28.0,907,48512607,32.392857142857146
22.0,565,48513172,25.681818181818183
22.0,558,48513730,25.363636363636363
31.0,826,48514556,26.64516129032258
23.0,682,48515238,29.652173913043477
19.0,786,48516024,41.36842105263158
33.0,855,48516879,25.90909090909091
40.0,1308,48518187,32.7
38.0,1363,48519550,35.86842105263158
15.0,412,48519962,27.466666666666665
38.0,883,48520845,23.236842105263158
36.0,1015,48521860,28.194444444444443
18.0,488,48522348,27.11111111111111
27.0,681,48523029,25.22222222222222
26.0,723,48523752,27.807692307692307
41.0,1002,48524754,24.4390243902439
31.0,904,48525658,29.161290322580644
37.0,883,48526541,23.864864864864863
31.0,1061,48527602,34.225806451612904
21.0,565,48528167,26.904761904761905
20.0,659,48528826,32.95
27.0,763,48529589,28.25925925925926
29.0,905,48530494,31.20689655172414
15.0,357,48530851,23.8
11.0,215,48531066,19.545454545454547
32.0,892,48531958,27.875
32.0,820,48532778,25.625
38.0,1129,48533907,29.710526315789473
34.0,765,48534672,22.5
24.0,707,48535379,29.458333333333332
29.0,1127,48536506,38.86206896551724
12.0,283,48536789,23.583333333333332
12.0,280,48537069,23.333333333333332
29.0,652,48537721,22.482758620689655
14.0,390,48538111,27.857142857142858
47.0,1409,48539520,29.97872340425532
45.0,1539,48541059,34.2
37.0,1106,48542165,29.89189189189189
10.0,255,48542420,25.5
28.0,670,48543090,23.928571428571427
12.0,288,48543378,24.0
13.0,296,48543674,22.76923076923077
9.0,273,48543947,30.333333333333332
30.0,920,48544867,30.666666666666668
21.0,440,48545307,20.952380952380953
41.0,977,48546284,23.829268292682926
26.0,821,48547105,31.576923076923077
36.0,708,48547813,19.666666666666668
6.0,91,48547904,15.166666666666666
38.0,1478,48549382,38.89473684210526
29.0,870,48550252,30.0
20.0,495,48550747,24.75
28.0,805,48551552,28.75
28.0,714,48552266,25.5
29.0,624,48552890,21.517241379310345
38.0,1228,48554118,32.31578947368421
31.0,910,48555028,29.35483870967742
37.0,963,48555991,26.027027027027028
27.0,864,48556855,32.0
18.0,501,48557356,27.833333333333332
44.0,1388,48558744,31.545454545454547
40.0,1016,48559760,25.4
32.0,951,48560711,29.71875
35.0,841,48561552,24.02857142857143
38.0,1132,48562684,29.789473684210527
27.0,670,48563354,24.814814814814813
33.0,778,48564132,23.575757575757574
22.0,637,48564769,28.954545454545453
32.0,962,48565731,30.0625
36.0,914,48566645,25.38888888888889
35.0,1070,48567715,30.571428571428573
26.0,650,48568365,25.0
10.0,295,48568660,29.5
40.0,1067,48569727,26.675
23.0,565,48570292,24.565217391304348
31.0,721,48571013,23.258064516129032
23.0,602,48571615,26.17391304347826
29.0,878,48572493,30.275862068965516
21.0,720,48573213,34.285714285714285
32.0,907,48574120,28.34375
29.0,857,48574977,29.551724137931036
22.0,530,48575507,24.09090909090909
27.0,890,48576397,32.96296296296296
29.0,779,48577176,26.862068965517242
13.0,344,48577520,26.46153846153846
24.0,585,48578105,24.375
39.0,1317,48579422,33.76923076923077
37.0,1142,48580564,30.864864864864863
27.0,764,48581328,28.296296296296298
41.0,1162,48582490,28.341463414634145
33.0,920,48583410,27.87878787878788
32.0,928,48584338,29.0
36.0,1174,48585512,32.611111111111114
17.0,285,48585797,16.764705882352942
23.0,684,48586481,29.73913043478261
18.0,522,48587003,29.0
20.0,621,48587624,31.05
24.0,558,48588182,23.25
22.0,703,48588885,31.954545454545453
35.0,925,48589810,26.428571428571427
38.0,999,48590809,26.289473684210527
28.0,747,48591556,26.678571428571427
34.0,906,48592462,26.647058823529413
35.0,1069,48593531,30.542857142857144
35.0,974,48594505,27.82857142857143
43.0,1292,48595797,30.046511627906977
29.0,742,48596539,25.586206896551722
40.0,1189,48597728,29.725
32.0,1196,48598924,37.375
13.0,270,48599194,20.76923076923077
38.0,1085,48600279,28.55263157894737
18.0,534,48600813,29.666666666666668
17.0,410,48601223,24.11764705882353
30.0,932,48602155,31.066666666666666
31.0,924,48603079,29.806451612903224
15.0,409,48603488,27.266666666666666
28.0,1118,48604606,39.92857142857143
21.0,598,48605204,28.476190476190474
27.0,764,48605968,28.296296296296298
26.0,638,48606606,24.53846153846154
39.0,1211,48607817,31.05128205128205
29.0,956,48608773,32.96551724137931
37.0,1154,48609927,31.18918918918919
36.0,1324,48611251,36.77777777777778
26.0,738,48611989,28.384615384615383
35.0,986,48612975,28.17142857142857
10.0,232,48613207,23.2
34.0,1023,48614230,30.08823529411765
38.0,1241,48615471,32.6578947368421
26.0,591,48616062,22.73076923076923
16.0,473,48616535,29.5625
29.0,1020,48617555,35.172413793103445
36.0,1114,48618669,30.944444444444443
21.0,560,48619229,26.666666666666668
31.0,783,48620012,25.258064516129032
29.0,857,48620869,29.551724137931036
31.0,1004,48621873,32.38709677419355
22.0,571,48622444,25.954545454545453
14.0,380,48622824,27.142857142857142
27.0,757,48623581,28.037037037037038
24.0,640,48624221,26.666666666666668
22.0,726,48624947,33.0
30.0,734,48625681,24.466666666666665
17.0,406,48626087,23.88235294117647
19.0,626,48626713,32.94736842105263
19.0,543,48627256,28.57894736842105
26.0,767,48628023,29.5
28.0,672,48628695,24.0
8.0,120,48628815,15.0
30.0,974,48629789,32.46666666666667
31.0,807,48630596,26.032258064516128
35.0,1003,48631599,28.65714285714286
20.0,482,48632081,24.1
22.0,620,48632701,28.181818181818183
27.0,584,48633285,21.62962962962963
12.0,292,48633577,24.333333333333332
27.0,672,48634249,24.88888888888889
28.0,707,48634956,25.25
25.0,718,48635674,28.72
39.0,1012,48636686,25.94871794871795
30.0,1039,48637725,34.63333333333333
36.0,1141,48638866,31.694444444444443
18.0,464,48639330,25.77777777777778
20.0,627,48639957,31.35
44.0,1132,48641089,25.727272727272727
28.0,746,48641835,26.642857142857142
25.0,789,48642624,31.56
25.0,568,48643192,22.72
11.0,417,48643609,37.90909090909091
20.0,567,48644176,28.35
30.0,794,48644970,26.466666666666665
25.0,704,48645674,28.16
29.0,787,48646461,27.137931034482758
27.0,838,48647299,31.037037037037038
29.0,804,48648103,27.724137931034484
12.0,286,48648389,23.833333333333332
26.0,747,48649136,28.73076923076923
28.0,668,48649804,23.857142857142858
24.0,634,48650438,26.416666666666668
22.0,713,48651151,32.40909090909091
16.0,333,48651484,20.8125
32.0,927,48652411,28.96875
30.0,906,48653317,30.2
30.0,862,48654179,28.733333333333334
25.0,672,48654851,26.88
27.0,754,48655605,27.925925925925927
28.0,822,48656427,29.357142857142858
13.0,384,48656811,29.53846153846154
24.0,648,48657459,27.0
37.0,1187,48658646,32.08108108108108
41.0,1291,48659937,31.48780487804878
32.0,906,48660843,28.3125
31.0,783,48661626,25.258064516129032
41.0,1195,48662821,29.146341463414632
22.0,502,48663323,22.818181818181817
19.0,551,48663874,29.0
32.0,938,48664812,29.3125
36.0,1009,48665821,28.02777777777778
34.0,890,48666711,26.176470588235293
33.0,956,48667667,28.96969696969697
20.0,509,48668176,25.45
48.0,1216,48669392,25.333333333333332
29.0,808,48670200,27.862068965517242
20.0,570,48670770,28.5
23.0,646,48671416,28.08695652173913
34.0,1024,48672440,30.11764705882353
11.0,198,48672638,18.0
43.0,1416,48674054,32.93023255813954
28.0,646,48674700,23.071428571428573
17.0,489,48675189,28.764705882352942
24.0,548,48675737,22.833333333333332
29.0,701,48676438,24.17241379310345
34.0,1052,48677490,30.941176470588236
34.0,1097,48678587,32.26470588235294
14.0,299,48678886,21.357142857142858
22.0,709,48679595,32.22727272727273
47.0,1261,48680856,26.829787234042552
23.0,540,48681396,23.47826086956522
38.0,1247,48682643,32.81578947368421
32.0,822,48683465,25.6875
33.0,884,48684349,26.78787878787879
28.0,723,48685072,25.821428571428573
22.0,675,48685747,30.681818181818183
26.0,767,48686514,29.5
21.0,477,48686991,22.714285714285715
35.0,1030,48688021,29.428571428571427
36.0,1077,48689098,29.916666666666668
20.0,589,48689687,29.45
46.0,1412,48691099,30.695652173913043
26.0,725,48691824,27.884615384615383
39.0,1067,48692891,27.358974358974358
21.0,600,48693491,28.571428571428573
23.0,458,48693949,19.91304347826087
37.0,1121,48695070,30.2972972972973
30.0,976,48696046,32.53333333333333
25.0,628,48696674,25.12
42.0,1484,48698158,35.333333333333336
33.0,985,48699143,29.848484848484848
16.0,372,48699515,23.25
38.0,1141,48700656,30.026315789473685
29.0,864,48701520,29.79310344827586
23.0,764,48702284,33.21739130434783
48.0,1435,48703719,29.895833333333332
17.0,514,48704233,30.235294117647058
14.0,411,48704644,29.357142857142858
14.0,385,48705029,27.5
10.0,337,48705366,33.7
29.0,721,48706087,24.862068965517242
36.0,1138,48707225,31.61111111111111
40.0,1369,48708594,34.225
43.0,1638,48710232,38.093023255813954
43.0,1265,48711497,29.41860465116279
29.0,741,48712238,25.551724137931036
26.0,715,48712953,27.5
11.0,263,48713216,23.90909090909091
29.0,898,48714114,30.96551724137931
30.0,944,48715058,31.466666666666665
30.0,919,48715977,30.633333333333333
41.0,1355,48717332,33.048780487804876
50.0,1597,48718929,31.94
19.0,462,48719391,24.31578947368421
35.0,1068,48720459,30.514285714285716
29.0,542,48721001,18.689655172413794
32.0,1026,48722027,32.0625
22.0,474,48722501,21.545454545454547
24.0,684,48723185,28.5
27.0,820,48724005,30.37037037037037
28.0,787,48724792,28.107142857142858
41.0,1382,48726174,33.707317073170735
18.0,494,48726668,27.444444444444443
32.0,1107,48727775,34.59375
4.0,100,48727875,25.0
48.0,1333,48729208,27.770833333333332
18.0,438,48729646,24.333333333333332
33.0,1018,48730664,30.848484848484848
25.0,682,48731346,27.28
31.0,771,48732117,24.870967741935484
32.0,1129,48733246,35.28125
39.0,1356,48734602,34.76923076923077
31.0,920,48735522,29.677419354838708
31.0,827,48736349,26.677419354838708
40.0,1408,48737757,35.2
46.0,1596,48739353,34.69565217391305
22.0,512,48739865,23.272727272727273
17.0,509,48740374,29.941176470588236
19.0,557,48740931,29.31578947368421
36.0,808,48741739,22.444444444444443
24.0,668,48742407,27.833333333333332
33.0,986,48743393,29.87878787878788
28.0,835,48744228,29.821428571428573
27.0,987,48745215,36.55555555555556
11.0,390,48745605,35.45454545454545
24.0,598,48746203,24.916666666666668
15.0,415,48746618,27.666666666666668
37.0,1194,48747812,32.270270270270274
29.0,787,48748599,27.137931034482758
30.0,832,48749431,27.733333333333334
35.0,1129,48750560,32.25714285714286
19.0,543,48751103,28.57894736842105
20.0,367,48751470,18.35
31.0,654,48752124,21.096774193548388
15.0,311,48752435,20.733333333333334
16.0,467,48752902,29.1875
20.0,541,48753443,27.05
38.0,1313,48754756,34.55263157894737
28.0,872,48755628,31.142857142857142
31.0,914,48756542,29.483870967741936
33.0,1109,48757651,33.60606060606061
28.0,820,48758471,29.285714285714285
19.0,408,48758879,21.473684210526315
44.0,1447,48760326,32.88636363636363
35.0,1100,48761426,31.428571428571427
28.0,884,48762310,31.571428571428573
21.0,487,48762797,23.19047619047619
30.0,883,48763680,29.433333333333334
10.0,248,48763928,24.8
54.0,1577,48765505,29.203703703703702
12.0,281,48765786,23.416666666666668
34.0,1052,48766838,30.941176470588236
36.0,1011,48767849,28.083333333333332
14.0,287,48768136,20.5
34.0,1169,48769305,34.38235294117647
24.0,657,48769962,27.375
42.0,1206,48771168,28.714285714285715
24.0,812,48771980,33.833333333333336
23.0,603,48772583,26.217391304347824
14.0,225,48772808,16.071428571428573
26.0,503,48773311,19.346153846153847
27.0,678,48773989,25.11111111111111
36.0,1018,48775007,28.27777777777778
15.0,370,48775377,24.666666666666668
14.0,256,48775633,18.285714285714285
19.0,447,48776080,23.526315789473685
46.0,1388,48777468,30.17391304347826
38.0,1094,48778562,28.789473684210527
29.0,805,48779367,27.75862068965517
30.0,912,48780279,30.4
4.0,137,48780416,34.25
32.0,923,48781339,28.84375
33.0,849,48782188,25.727272727272727
41.0,1252,48783440,30.536585365853657
29.0,657,48784097,22.655172413793103
27.0,811,48784908,30.037037037037038
37.0,1100,48786008,29.72972972972973
33.0,809,48786817,24.515151515151516
28.0,746,48787563,26.642857142857142
27.0,803,48788366,29.74074074074074
28.0,917,48789283,32.75
16.0,480,48789763,30.0
32.0,923,48790686,28.84375
20.0,360,48791046,18.0
11.0,225,48791271,20.454545454545453
30.0,898,48792169,29.933333333333334
41.0,1248,48793417,30.4390243902439
20.0,479,48793896,23.95
26.0,702,48794598,27.0
29.0,902,48795500,31.103448275862068
28.0,771,48796271,27.535714285714285
27.0,744,48797015,27.555555555555557
28.0,509,48797524,18.178571428571427
39.0,1245,48798769,31.923076923076923
29.0,908,48799677,31.310344827586206
41.0,1155,48800832,28.170731707317074
32.0,780,48801612,24.375
42.0,1408,48803020,33.523809523809526
34.0,860,48803880,25.294117647058822
24.0,704,48804584,29.333333333333332
25.0,667,48805251,26.68
46.0,1695,48806946,36.84782608695652
32.0,1029,48807975,32.15625
16.0,485,48808460,30.3125
41.0,1137,48809597,27.73170731707317
36.0,1150,48810747,31.944444444444443
31.0,922,48811669,29.741935483870968
30.0,894,48812563,29.8
14.0,365,48812928,26.071428571428573
25.0,751,48813679,30.04
40.0,1097,48814776,27.425
39.0,1120,48815896,28.71794871794872
19.0,482,48816378,25.36842105263158
44.0,1207,48817585,27.431818181818183
22.0,761,48818346,34.59090909090909
13.0,304,48818650,23.384615384615383
35.0,1147,48819797,32.77142857142857
26.0,759,48820556,29.192307692307693
19.0,526,48821082,27.68421052631579
18.0,495,48821577,27.5
26.0,846,48822423,32.53846153846154
27.0,850,48823273,31.48148148148148
18.0,511,48823784,28.38888888888889
23.0,673,48824457,29.26086956521739
26.0,638,48825095,24.53846153846154
15.0,316,48825411,21.066666666666666
43.0,1159,48826570,26.953488372093023
40.0,1175,48827745,29.375
14.0,338,48828083,24.142857142857142
27.0,753,48828836,27.88888888888889
24.0,685,48829521,28.541666666666668
34.0,1163,48830684,34.205882352941174
33.0,1050,48831734,31.818181818181817
53.0,1502,48833236,28.339622641509433
45.0,1349,48834585,29.977777777777778
37.0,1215,48835800,32.83783783783784
14.0,378,48836178,27.0
34.0,969,48837147,28.5
34.0,930,48838077,27.352941176470587
39.0,1077,48839154,27.615384615384617
36.0,1259,48840413,34.97222222222222
34.0,987,48841400,29.029411764705884
30.0,678,48842078,22.6
36.0,917,48842995,25.47222222222222
45.0,1684,48844679,37.422222222222224
37.0,1087,48845766,29.37837837837838
28.0,829,48846595,29.607142857142858
33.0,933,48847528,28.272727272727273
15.0,415,48847943,27.666666666666668
13.0,244,48848187,18.76923076923077
20.0,562,48848749,28.1
30.0,1045,48849794,34.833333333333336
29.0,1097,48850891,37.827586206896555
31.0,927,48851818,29.903225806451612
48.0,1721,48853539,35.854166666666664
26.0,727,48854266,27.96153846153846
36.0,1198,48855464,33.27777777777778
36.0,1122,48856586,31.166666666666668
34.0,1126,48857712,33.11764705882353
38.0,1088,48858800,28.63157894736842
19.0,360,48859160,18.94736842105263
17.0,471,48859631,27.705882352941178
29.0,834,48860465,28.75862068965517
41.0,1387,48861852,33.829268292682926
22.0,633,48862485,28.772727272727273
24.0,651,48863136,27.125
19.0,539,48863675,28.36842105263158
45.0,1725,48865400,38.333333333333336
30.0,987,48866387,32.9
19.0,465,48866852,24.473684210526315
38.0,1099,48867951,28.92105263157895
32.0,1134,48869085,35.4375
39.0,1286,48870371,32.97435897435897
32.0,909,48871280,28.40625
13.0,438,48871718,33.69230769230769
32.0,824,48872542,25.75
15.0,274,48872816,18.266666666666666
28.0,733,48873549,26.178571428571427
21.0,574,48874123,27.333333333333332
31.0,968,48875091,31.225806451612904
14.0,363,48875454,25.928571428571427
21.0,675,48876129,32.142857142857146
17.0,422,48876551,24.823529411764707
36.0,1106,48877657,30.72222222222222
33.0,1075,48878732,32.57575757575758
35.0,1038,48879770,29.65714285714286
32.0,1147,48880917,35.84375
22.0,605,48881522,27.5
30.0,897,48882419,29.9
4.0,32,48882451,8.0
35.0,909,48883360,25.97142857142857
17.0,483,48883843,28.41176470588235
28.0,847,48884690,30.25
7.0,258,48884948,36.857142857142854
37.0,961,48885909,25.972972972972972
15.0,421,48886330,28.066666666666666
21.0,534,48886864,25.428571428571427
20.0,728,48887592,36.4
21.0,507,48888099,24.142857142857142
33.0,964,48889063,29.21212121212121
50.0,1855,48890918,37.1
27.0,741,48891659,27.444444444444443
13.0,322,48891981,24.76923076923077
33.0,1026,48893007,31.09090909090909
34.0,908,48893915,26.705882352941178
24.0,712,48894627,29.666666666666668
53.0,1723,48896350,32.509433962264154
21.0,526,48896876,25.047619047619047
22.0,428,48897304,19.454545454545453
29.0,772,48898076,26.620689655172413
37.0,1120,48899196,30.27027027027027
48.0,1338,48900534,27.875
34.0,975,48901509,28.676470588235293
15.0,324,48901833,21.6
10.0,279,48902112,27.9
15.0,385,48902497,25.666666666666668
14.0,324,48902821,23.142857142857142
34.0,1132,48903953,33.294117647058826
47.0,1438,48905391,30.595744680851062
22.0,532,48905923,24.181818181818183
18.0,408,48906331,22.666666666666668
29.0,917,48907248,31.620689655172413
22.0,469,48907717,21.318181818181817
5.0,114,48907831,22.8
28.0,817,48908648,29.178571428571427
34.0,985,48909633,28.970588235294116
25.0,760,48910393,30.4
38.0,1130,48911523,29.736842105263158
38.0,1101,48912624,28.973684210526315
41.0,1088,48913712,26.536585365853657
29.0,951,48914663,32.793103448275865
21.0,573,48915236,27.285714285714285
33.0,1027,48916263,31.12121212121212
32.0,1185,48917448,37.03125
26.0,827,48918275,31.807692307692307
17.0,478,48918753,28.11764705882353
24.0,581,48919334,24.208333333333332
21.0,682,48920016,32.476190476190474
24.0,601,48920617,25.041666666666668
42.0,1336,48921953,31.80952380952381
27.0,615,48922568,22.77777777777778
38.0,1017,48923585,26.763157894736842
23.0,483,48924068,21.0
9.0,241,48924309,26.77777777777778
30.0,994,48925303,33.13333333333333
30.0,770,48926073,25.666666666666668
36.0,983,48927056,27.305555555555557
14.0,379,48927435,27.071428571428573
27.0,716,48928151,26.51851851851852
18.0,552,48928703,30.666666666666668
37.0,1410,48930113,38.108108108108105
30.0,623,48930736,20.766666666666666
26.0,709,48931445,27.26923076923077
22.0,688,48932133,31.272727272727273
42.0,1458,48933591,34.714285714285715
19.0,621,48934212,32.68421052631579
26.0,584,48934796,22.46153846153846
21.0,519,48935315,24.714285714285715
50.0,1361,48936676,27.22
30.0,912,48937588,30.4
32.0,872,48938460,27.25
7.0,140,48938600,20.0
26.0,701,48939301,26.96153846153846
36.0,1178,48940479,32.72222222222222
30.0,840,48941319,28.0
27.0,822,48942141,30.444444444444443
29.0,818,48942959,28.20689655172414
28.0,850,48943809,30.357142857142858
20.0,522,48944331,26.1
35.0,1171,48945502,33.457142857142856
27.0,623,48946125,23.074074074074073
23.0,576,48946701,25.043478260869566
25.0,690,48947391,27.6
27.0,803,48948194,29.74074074074074
21.0,662,48948856,31.523809523809526
19.0,591,48949447,31.105263157894736
9.0,220,48949667,24.444444444444443
17.0,491,48950158,28.88235294117647
33.0,801,48950959,24.272727272727273
31.0,1003,48951962,32.354838709677416
16.0,490,48952452,30.625
29.0,900,48953352,31.03448275862069
54.0,1605,48954957,29.72222222222222
29.0,814,48955771,28.06896551724138
19.0,518,48956289,27.263157894736842
38.0,1147,48957436,30.18421052631579
24.0,565,48958001,23.541666666666668
21.0,566,48958567,26.952380952380953
23.0,607,48959174,26.391304347826086
29.0,667,48959841,23.0
33.0,921,48960762,27.90909090909091
21.0,634,48961396,30.19047619047619
10.0,323,48961719,32.3
11.0,303,48962022,27.545454545454547
42.0,1444,48963466,34.38095238095238
18.0,490,48963956,27.22222222222222
29.0,747,48964703,25.75862068965517
14.0,295,48964998,21.071428571428573
26.0,650,48965648,25.0
12.0,232,48965880,19.333333333333332
38.0,1243,48967123,32.71052631578947
38.0,1189,48968312,31.289473684210527
27.0,891,48969203,33.0
34.0,920,48970123,27.058823529411764
16.0,341,48970464,21.3125
31.0,841,48971305,27.129032258064516
34.0,871,48972176,25.61764705882353
29.0,679,48972855,23.413793103448278
26.0,865,48973720,33.26923076923077
14.0,162,48973882,11.571428571428571
34.0,867,48974749,25.5
14.0,326,48975075,23.285714285714285
41.0,1096,48976171,26.73170731707317
30.0,805,48976976,26.833333333333332
22.0,555,48977531,25.227272727272727
11.0,270,48977801,24.545454545454547
28.0,889,48978690,31.75
32.0,796,48979486,24.875
34.0,1078,48980564,31.705882352941178
24.0,703,48981267,29.291666666666668
11.0,296,48981563,26.90909090909091
34.0,1044,48982607,30.705882352941178
28.0,827,48983434,29.535714285714285
36.0,1325,48984759,36.80555555555556
30.0,759,48985518,25.3
44.0,1462,48986980,33.22727272727273
30.0,853,48987833,28.433333333333334
38.0,1116,48988949,29.36842105263158
26.0,838,48989787,32.23076923076923
41.0,1232,48991019,30.048780487804876
17.0,611,48991630,35.94117647058823
33.0,1061,48992691,32.15151515151515
19.0,516,48993207,27.157894736842106
14.0,398,48993605,28.428571428571427
28.0,630,48994235,22.5
25.0,593,48994828,23.72
36.0,835,48995663,23.194444444444443
36.0,1057,48996720,29.36111111111111
33.0,879,48997599,26.636363636363637
25.0,621,48998220,24.84
18.0,502,48998722,27.88888888888889
11.0,226,48998948,20.545454545454547
19.0,494,48999442,26.0
20.0,555,48999997,27.75
28.0,912,49000909,32.57142857142857
32.0,992,49001901,31.0
16.0,410,49002311,25.625
38.0,1000,49003311,26.31578947368421
28.0,714,49004025,25.5
35.0,969,49004994,27.685714285714287
16.0,388,49005382,24.25
44.0,1300,49006682,29.545454545454547
16.0,406,49007088,25.375
37.0,1114,49008202,30.10810810810811
33.0,1021,49009223,30.939393939393938
19.0,509,49009732,26.789473684210527
22.0,552,49010284,25.09090909090909
18.0,459,49010743,25.5
28.0,573,49011316,20.464285714285715
17.0,430,49011746,25.294117647058822
28.0,783,49012529,27.964285714285715
30.0,615,49013144,20.5
29.0,720,49013864,24.82758620689655
25.0,617,49014481,24.68
18.0,457,49014938,25.38888888888889
42.0,1290,49016228,30.714285714285715
12.0,404,49016632,33.666666666666664
16.0,394,49017026,24.625
18.0,378,49017404,21.0
39.0,1318,49018722,33.794871794871796
34.0,859,49019581,25.264705882352942
18.0,364,49019945,20.22222222222222
35.0,1009,49020954,28.82857142857143
2.0,26,49020980,13.0
18.0,481,49021461,26.72222222222222
29.0,778,49022239,26.82758620689655
11.0,251,49022490,22.818181818181817
23.0,619,49023109,26.91304347826087
25.0,605,49023714,24.2
38.0,975,49024689,25.657894736842106
30.0,783,49025472,26.1
10.0,165,49025637,16.5
27.0,685,49026322,25.37037037037037
12.0,209,49026531,17.416666666666668
27.0,674,49027205,24.962962962962962
21.0,562,49027767,26.761904761904763
42.0,1411,49029178,33.595238095238095
28.0,869,49030047,31.035714285714285
29.0,768,49030815,26.482758620689655
31.0,855,49031670,27.580645161290324
38.0,1024,49032694,26.94736842105263
21.0,526,49033220,25.047619047619047
24.0,649,49033869,27.041666666666668
28.0,814,49034683,29.071428571428573
18.0,477,49035160,26.5
25.0,594,49035754,23.76
45.0,1392,49037146,30.933333333333334
20.0,510,49037656,25.5
42.0,1602,49039258,38.142857142857146
28.0,927,49040185,33.107142857142854
20.0,455,49040640,22.75
39.0,1054,49041694,27.025641025641026
28.0,841,49042535,30.035714285714285
24.0,732,49043267,30.5
5.0,154,49043421,30.8
34.0,886,49044307,26.058823529411764
16.0,303,49044610,18.9375
44.0,1348,49045958,30.636363636363637
20.0,509,49046467,25.45
24.0,666,49047133,27.75
20.0,658,49047791,32.9
25.0,792,49048583,31.68
39.0,1461,49050044,37.46153846153846
39.0,1136,49051180,29.128205128205128
47.0,1415,49052595,30.106382978723403
54.0,1913,49054508,35.425925925925924
38.0,1009,49055517,26.55263157894737
24.0,540,49056057,22.5
35.0,1202,49057259,34.34285714285714
33.0,954,49058213,28.90909090909091
34.0,1020,49059233,30.0
23.0,598,49059831,26.0
29.0,919,49060750,31.689655172413794
27.0,884,49061634,32.74074074074074
39.0,1156,49062790,29.641025641025642
31.0,951,49063741,30.677419354838708
37.0,794,49064535,21.45945945945946
36.0,857,49065392,23.805555555555557
23.0,760,49066152,33.04347826086956
24.0,735,49066887,30.625
38.0,1092,49067979,28.736842105263158
30.0,877,49068856,29.233333333333334
22.0,647,49069503,29.40909090909091
19.0,563,49070066,29.63157894736842
15.0,375,49070441,25.0
38.0,1211,49071652,31.86842105263158
41.0,1272,49072924,31.024390243902438
41.0,1165,49074089,28.414634146341463
18.0,329,49074418,18.27777777777778
20.0,426,49074844,21.3
16.0,401,49075245,25.0625
39.0,838,49076083,21.487179487179485
25.0,537,49076620,21.48
17.0,480,49077100,28.235294117647058
17.0,574,49077674,33.76470588235294
45.0,1470,49079144,32.666666666666664
41.0,1097,49080241,26.75609756097561
33.0,792,49081033,24.0
48.0,1241,49082274,25.854166666666668
27.0,711,49082985,26.333333333333332
30.0,825,49083810,27.5
29.0,994,49084804,34.275862068965516
29.0,943,49085747,32.51724137931034
20.0,587,49086334,29.35
36.0,1060,49087394,29.444444444444443
28.0,840,49088234,30.0
23.0,612,49088846,26.608695652173914
24.0,763,49089609,31.791666666666668
27.0,736,49090345,27.25925925925926
37.0,1097,49091442,29.64864864864865
37.0,999,49092441,27.0
28.0,708,49093149,25.285714285714285
37.0,1071,49094220,28.945945945945947
46.0,1234,49095454,26.82608695652174
23.0,487,49095941,21.17391304347826
41.0,1241,49097182,30.26829268292683
10.0,234,49097416,23.4
21.0,663,49098079,31.571428571428573
5.0,118,49098197,23.6
18.0,405,49098602,22.5
13.0,302,49098904,23.23076923076923
34.0,898,49099802,26.41176470588235
22.0,568,49100370,25.818181818181817
34.0,676,49101046,19.88235294117647
21.0,514,49101560,24.476190476190474
39.0,1197,49102757,30.692307692307693
16.0,466,49103223,29.125
35.0,1292,49104515,36.91428571428571
35.0,1118,49105633,31.942857142857143
48.0,1466,49107099,30.541666666666668
30.0,851,49107950,28.366666666666667
22.0,717,49108667,32.59090909090909
24.0,605,49109272,25.208333333333332
17.0,428,49109700,25.176470588235293
30.0,802,49110502,26.733333333333334
34.0,1078,49111580,31.705882352941178
23.0,541,49112121,23.52173913043478
10.0,276,49112397,27.6
30.0,882,49113279,29.4
18.0,422,49113701,23.444444444444443
36.0,998,49114699,27.72222222222222
36.0,885,49115584,24.583333333333332
36.0,967,49116551,26.86111111111111
53.0,1819,49118370,34.320754716981135
32.0,910,49119280,28.4375
36.0,1160,49120440,32.22222222222222
31.0,948,49121388,30.580645161290324
13.0,300,49121688,23.076923076923077
44.0,1345,49123033,30.568181818181817
22.0,642,49123675,29.181818181818183
29.0,744,49124419,25.655172413793103
21.0,590,49125009,28.095238095238095
31.0,967,49125976,31.193548387096776
45.0,1244,49127220,27.644444444444446
35.0,992,49128212,28.34285714285714
19.0,566,49128778,29.789473684210527
13.0,230,49129008,17.692307692307693
21.0,681,49129689,32.42857142857143
40.0,1207,49130896,30.175
30.0,851,49131747,28.366666666666667
46.0,1351,49133098,29.369565217391305
33.0,1006,49134104,30.484848484848484
18.0,552,49134656,30.666666666666668
26.0,651,49135307,25.03846153846154
29.0,629,49135936,21.689655172413794
4.0,152,49136088,38.0
23.0,598,49136686,26.0
4.0,115,49136801,28.75
37.0,980,49137781,26.486486486486488
25.0,515,49138296,20.6
40.0,1429,49139725,35.725
21.0,551,49140276,26.238095238095237
26.0,823,49141099,31.653846153846153
16.0,483,49141582,30.1875
34.0,1030,49142612,30.294117647058822
29.0,902,49143514,31.103448275862068
30.0,932,49144446,31.066666666666666
23.0,572,49145018,24.869565217391305
21.0,531,49145549,25.285714285714285
39.0,1212,49146761,31.076923076923077
41.0,1471,49148232,35.8780487804878
29.0,943,49149175,32.51724137931034
24.0,546,49149721,22.75
22.0,405,49150126,18.40909090909091
29.0,811,49150937,27.96551724137931
38.0,1124,49152061,29.57894736842105
30.0,845,49152906,28.166666666666668
41.0,982,49153888,23.951219512195124
32.0,1127,49155015,35.21875
34.0,925,49155940,27.205882352941178
43.0,1683,49157623,39.13953488372093
39.0,1082,49158705,27.743589743589745
34.0,914,49159619,26.88235294117647
34.0,822,49160441,24.176470588235293
46.0,1536,49161977,33.391304347826086
16.0,571,49162548,35.6875
19.0,435,49162983,22.894736842105264
28.0,934,49163917,33.357142857142854
36.0,951,49164868,26.416666666666668
38.0,1045,49165913,27.5
26.0,756,49166669,29.076923076923077
25.0,773,49167442,30.92
30.0,885,49168327,29.5
35.0,1425,49169752,40.714285714285715
18.0,486,49170238,27.0
21.0,477,49170715,22.714285714285715
26.0,780,49171495,30.0
22.0,462,49171957,21.0
33.0,1017,49172974,30.818181818181817
24.0,634,49173608,26.416666666666668
30.0,764,49174372,25.466666666666665
17.0,510,49174882,30.0
32.0,1062,49175944,33.1875
25.0,795,49176739,31.8
31.0,916,49177655,29.548387096774192
19.0,514,49178169,27.05263157894737
21.0,485,49178654,23.095238095238095
26.0,575,49179229,22.115384615384617
36.0,989,49180218,27.47222222222222
14.0,329,49180547,23.5
58.0,1717,49182264,29.603448275862068
18.0,401,49182665,22.27777777777778
22.0,616,49183281,28.0
33.0,869,49184150,26.333333333333332
16.0,409,49184559,25.5625
16.0,318,49184877,19.875
32.0,1069,49185946,33.40625
35.0,1088,49187034,31.085714285714285
40.0,1285,49188319,32.125
23.0,811,49189130,35.26086956521739
22.0,568,49189698,25.818181818181817
25.0,766,49190464,30.64
21.0,703,49191167,33.476190476190474
17.0,402,49191569,23.647058823529413
19.0,428,49191997,22.526315789473685
32.0,993,49192990,31.03125
38.0,1094,49194084,28.789473684210527
44.0,1118,49195202,25.40909090909091
34.0,1128,49196330,33.1764705882353
31.0,825,49197155,26.612903225806452
5.0,101,49197256,20.2
30.0,747,49198003,24.9
24.0,895,49198898,37.291666666666664
44.0,1400,49200298,31.818181818181817
32.0,707,49201005,22.09375
24.0,508,49201513,21.166666666666668
32.0,961,49202474,30.03125
23.0,655,49203129,28.47826086956522
13.0,300,49203429,23.076923076923077
35.0,974,49204403,27.82857142857143
24.0,543,49204946,22.625
24.0,735,49205681,30.625
15.0,332,49206013,22.133333333333333
38.0,988,49207001,26.0
28.0,848,49207849,30.285714285714285
19.0,449,49208298,23.63157894736842
33.0,929,49209227,28.151515151515152
36.0,1047,49210274,29.083333333333332
13.0,245,49210519,18.846153846153847
41.0,994,49211513,24.24390243902439
31.0,1078,49212591,34.774193548387096
37.0,1111,49213702,30.027027027027028
32.0,935,49214637,29.21875
36.0,1072,49215709,29.77777777777778
39.0,1176,49216885,30.153846153846153
50.0,1508,49218393,30.16
15.0,324,49218717,21.6
24.0,595,49219312,24.791666666666668
20.0,562,49219874,28.1
28.0,745,49220619,26.607142857142858
49.0,1635,49222254,33.36734693877551
17.0,454,49222708,26.705882352941178
14.0,269,49222977,19.214285714285715
21.0,574,49223551,27.333333333333332
33.0,916,49224467,27.757575757575758
41.0,1255,49225722,30.609756097560975
33.0,953,49226675,28.87878787878788
13.0,386,49227061,29.692307692307693
7.0,183,49227244,26.142857142857142
35.0,875,49228119,25.0
14.0,341,49228460,24.357142857142858
20.0,494,49228954,24.7
28.0,984,49229938,35.142857142857146
24.0,537,49230475,22.375
46.0,1167,49231642,25.369565217391305
26.0,557,49232199,21.423076923076923
37.0,1135,49233334,30.675675675675677
12.0,350,49233684,29.166666666666668
21.0,658,49234342,31.333333333333332
19.0,477,49234819,25.105263157894736
23.0,618,49235437,26.869565217391305
10.0,241,49235678,24.1
30.0,882,49236560,29.4
20.0,571,49237131,28.55
37.0,947,49238078,25.594594594594593
33.0,938,49239016,28.424242424242426
37.0,1126,49240142,30.43243243243243
26.0,671,49240813,25.807692307692307
20.0,573,49241386,28.65
28.0,656,49242042,23.428571428571427
20.0,648,49242690,32.4
24.0,587,49243277,24.458333333333332
6.0,131,49243408,21.833333333333332
40.0,1088,49244496,27.2
28.0,688,49245184,24.571428571428573
27.0,730,49245914,27.037037037037038
45.0,1493,49247407,33.17777777777778
29.0,878,49248285,30.275862068965516
19.0,408,49248693,21.473684210526315
17.0,455,49249148,26.764705882352942
24.0,774,49249922,32.25
29.0,721,49250643,24.862068965517242
30.0,776,49251419,25.866666666666667
27.0,835,49252254,30.925925925925927
25.0,731,49252985,29.24
31.0,802,49253787,25.870967741935484
23.0,741,49254528,32.21739130434783
28.0,724,49255252,25.857142857142858
33.0,976,49256228,29.575757575757574
40.0,1207,49257435,30.175
15.0,411,49257846,27.4
24.0,606,49258452,25.25
26.0,765,49259217,29.423076923076923
29.0,773,49259990,26.655172413793103
37.0,945,49260935,25.54054054054054
22.0,526,49261461,23.90909090909091
20.0,654,49262115,32.7
6.0,217,49262332,36.166666666666664
22.0,708,49263040,32.18181818181818
47.0,1367,49264407,29.085106382978722
4.0,125,49264532,31.25
12.0,365,49264897,30.416666666666668
18.0,615,49265512,34.166666666666664
15.0,356,49265868,23.733333333333334
26.0,775,49266643,29.807692307692307
50.0,1833,49268476,36.66
6.0,257,49268733,42.833333333333336
16.0,454,49269187,28.375
11.0,330,49269517,30.0
10.0,162,49269679,16.2
33.0,954,49270633,28.90909090909091
13.0,245,49270878,18.846153846153847
4.0,61,49270939,15.25
27.0,575,49271514,21.296296296296298
25.0,694,49272208,27.76
1.0,151,49272359,151.0
3.0,101,49272460,33.666666666666664
4.0,147,49272607,36.75
25.0,693,49273300,27.72
35.0,911,49274211,26.02857142857143
24.0,721,49274932,30.041666666666668
18.0,465,49275397,25.833333333333332
41.0,1295,49276692,31.585365853658537
28.0,770,49277462,27.5
30.0,810,49278272,27.0
34.0,1079,49279351,31.735294117647058
38.0,1049,49280400,27.605263157894736
15.0,311,49280711,20.733333333333334
35.0,1068,49281779,30.514285714285716
15.0,291,49282070,19.4
28.0,870,49282940,31.071428571428573
33.0,1020,49283960,30.90909090909091
44.0,1388,49285348,31.545454545454547
26.0,917,49286265,35.26923076923077
15.0,374,49286639,24.933333333333334
23.0,682,49287321,29.652173913043477
20.0,544,49287865,27.2
43.0,1367,49289232,31.790697674418606
24.0,586,49289818,24.416666666666668
31.0,1056,49290874,34.064516129032256
22.0,494,49291368,22.454545454545453
30.0,785,49292153,26.166666666666668
29.0,679,49292832,23.413793103448278
26.0,782,49293614,30.076923076923077
17.0,365,49293979,21.470588235294116
30.0,916,49294895,30.533333333333335
47.0,1340,49296235,28.51063829787234
46.0,1414,49297649,30.73913043478261
48.0,1506,49299155,31.375
29.0,627,49299782,21.620689655172413
22.0,538,49300320,24.454545454545453
9.0,279,49300599,31.0
31.0,771,49301370,24.870967741935484
22.0,590,49301960,26.818181818181817
28.0,725,49302685,25.892857142857142
33.0,917,49303602,27.78787878787879
17.0,514,49304116,30.235294117647058
34.0,1113,49305229,32.73529411764706
42.0,1251,49306480,29.785714285714285
43.0,1355,49307835,31.511627906976745
25.0,641,49308476,25.64
30.0,874,49309350,29.133333333333333
23.0,636,49309986,27.652173913043477
25.0,583,49310569,23.32
30.0,1135,49311704,37.833333333333336
25.0,679,49312383,27.16
26.0,935,49313318,35.96153846153846
35.0,1061,49314379,30.314285714285713
37.0,1228,49315607,33.189189189189186
27.0,790,49316397,29.25925925925926
35.0,968,49317365,27.65714285714286
32.0,994,49318359,31.0625
22.0,538,49318897,24.454545454545453
16.0,452,49319349,28.25
16.0,335,49319684,20.9375
13.0,295,49319979,22.692307692307693
26.0,600,49320579,23.076923076923077
44.0,1444,49322023,32.81818181818182
18.0,535,49322558,29.72222222222222
29.0,673,49323231,23.20689655172414
12.0,331,49323562,27.583333333333332
28.0,921,49324483,32.892857142857146
29.0,821,49325304,28.310344827586206
34.0,1282,49326586,37.705882352941174
38.0,982,49327568,25.842105263157894
23.0,634,49328202,27.565217391304348
18.0,503,49328705,27.944444444444443
35.0,1103,49329808,31.514285714285716
32.0,842,49330650,26.3125
31.0,909,49331559,29.322580645161292
15.0,470,49332029,31.333333333333332
32.0,944,49332973,29.5
15.0,332,49333305,22.133333333333333
38.0,1193,49334498,31.394736842105264
37.0,1002,49335500,27.08108108108108
24.0,649,49336149,27.041666666666668
10.0,260,49336409,26.0
17.0,490,49336899,28.823529411764707
26.0,737,49337636,28.346153846153847
37.0,1170,49338806,31.62162162162162
22.0,564,49339370,25.636363636363637
50.0,1610,49340980,32.2
36.0,1152,49342132,32.0
35.0,998,49343130,28.514285714285716
29.0,858,49343988,29.586206896551722
31.0,946,49344934,30.516129032258064
25.0,679,49345613,27.16
20.0,625,49346238,31.25
23.0,452,49346690,19.652173913043477
16.0,464,49347154,29.0
38.0,1010,49348164,26.57894736842105
19.0,528,49348692,27.789473684210527
47.0,1390,49350082,29.574468085106382
23.0,541,49350623,23.52173913043478
32.0,896,49351519,28.0
32.0,951,49352470,29.71875
17.0,488,49352958,28.705882352941178
34.0,922,49353880,27.11764705882353
28.0,746,49354626,26.642857142857142
27.0,832,49355458,30.814814814814813
46.0,1606,49357064,34.91304347826087
29.0,885,49357949,30.517241379310345
44.0,1406,49359355,31.954545454545453
12.0,308,49359663,25.666666666666668
33.0,954,49360617,28.90909090909091
32.0,875,49361492,27.34375
33.0,856,49362348,25.939393939393938
12.0,338,49362686,28.166666666666668
29.0,745,49363431,25.689655172413794
29.0,632,49364063,21.79310344827586
29.0,1083,49365146,37.3448275862069
37.0,1050,49366196,28.37837837837838
18.0,513,49366709,28.5
29.0,740,49367449,25.517241379310345
21.0,545,49367994,25.952380952380953
44.0,1499,49369493,34.06818181818182
25.0,741,49370234,29.64
29.0,803,49371037,27.689655172413794
41.0,1265,49372302,30.853658536585368
43.0,970,49373272,22.558139534883722
25.0,581,49373853,23.24
28.0,843,49374696,30.107142857142858
34.0,904,49375600,26.58823529411765
35.0,998,49376598,28.514285714285716
11.0,274,49376872,24.90909090909091
30.0,889,49377761,29.633333333333333
42.0,979,49378740,23.30952380952381
31.0,951,49379691,30.677419354838708
14.0,283,49379974,20.214285714285715
38.0,1164,49381138,30.63157894736842
26.0,702,49381840,27.0
21.0,579,49382419,27.571428571428573
4.0,191,49382610,47.75
42.0,1230,49383840,29.285714285714285
29.0,666,49384506,22.96551724137931
39.0,1097,49385603,28.128205128205128
16.0,514,49386117,32.125
39.0,1092,49387209,28.0
15.0,362,49387571,24.133333333333333
17.0,437,49388008,25.705882352941178
43.0,1327,49389335,30.86046511627907
22.0,749,49390084,34.04545454545455
16.0,366,49390450,22.875
33.0,945,49391395,28.636363636363637
32.0,974,49392369,30.4375
24.0,558,49392927,23.25
42.0,1225,49394152,29.166666666666668
35.0,1066,49395218,30.457142857142856
11.0,394,49395612,35.81818181818182
30.0,1017,49396629,33.9
14.0,450,49397079,32.142857142857146
15.0,480,49397559,32.0
10.0,213,49397772,21.3
32.0,940,49398712,29.375
26.0,791,49399503,30.423076923076923
19.0,484,49399987,25.473684210526315
8.0,146,49400133,18.25
29.0,885,49401018,30.517241379310345
29.0,1119,49402137,38.58620689655172
17.0,345,49402482,20.294117647058822
13.0,373,49402855,28.692307692307693
21.0,686,49403541,32.666666666666664
18.0,569,49404110,31.61111111111111
8.0,241,49404351,30.125
17.0,412,49404763,24.235294117647058
25.0,707,49405470,28.28
24.0,814,49406284,33.916666666666664
33.0,778,49407062,23.575757575757574
6.0,76,49407138,12.666666666666666
33.0,800,49407938,24.242424242424242
29.0,781,49408719,26.93103448275862
26.0,702,49409421,27.0
38.0,1115,49410536,29.342105263157894
31.0,926,49411462,29.870967741935484
19.0,647,49412109,34.05263157894737
31.0,881,49412990,28.419354838709676
20.0,539,49413529,26.95
35.0,1086,49414615,31.02857142857143
30.0,967,49415582,32.233333333333334
34.0,1102,49416684,32.411764705882355
28.0,721,49417405,25.75
20.0,431,49417836,21.55
23.0,573,49418409,24.91304347826087
32.0,840,49419249,26.25
44.0,1724,49420973,39.18181818181818
32.0,1122,49422095,35.0625
16.0,427,49422522,26.6875
25.0,702,49423224,28.08
7.0,168,49423392,24.0
38.0,1448,49424840,38.10526315789474
22.0,739,49425579,33.59090909090909
29.0,939,49426518,32.37931034482759
26.0,725,49427243,27.884615384615383
30.0,942,49428185,31.4
32.0,889,49429074,27.78125
10.0,172,49429246,17.2
21.0,633,49429879,30.142857142857142
21.0,591,49430470,28.142857142857142
19.0,369,49430839,19.42105263157895
24.0,710,49431549,29.583333333333332
47.0,1418,49432967,30.170212765957448
33.0,1044,49434011,31.636363636363637
25.0,673,49434684,26.92
15.0,347,49435031,23.133333333333333
33.0,835,49435866,25.303030303030305
17.0,368,49436234,21.647058823529413
24.0,675,49436909,28.125
33.0,878,49437787,26.606060606060606
30.0,794,49438581,26.466666666666665
34.0,887,49439468,26.08823529411765
17.0,454,49439922,26.705882352941178
20.0,508,49440430,25.4
33.0,868,49441298,26.303030303030305
35.0,1079,49442377,30.82857142857143
36.0,1006,49443383,27.944444444444443
38.0,1122,49444505,29.526315789473685
38.0,1175,49445680,30.92105263157895
22.0,553,49446233,25.136363636363637
22.0,631,49446864,28.681818181818183
46.0,1659,49448523,36.06521739130435
23.0,529,49449052,23.0
18.0,550,49449602,30.555555555555557
26.0,705,49450307,27.115384615384617
12.0,359,49450666,29.916666666666668
32.0,915,49451581,28.59375
18.0,553,49452134,30.72222222222222
50.0,1634,49453768,32.68
23.0,632,49454400,27.47826086956522
25.0,611,49455011,24.44
36.0,957,49455968,26.583333333333332
27.0,524,49456492,19.40740740740741
15.0,260,49456752,17.333333333333332
30.0,958,49457710,31.933333333333334
23.0,545,49458255,23.695652173913043
26.0,761,49459016,29.26923076923077
34.0,1058,49460074,31.11764705882353
22.0,664,49460738,30.181818181818183
23.0,649,49461387,28.217391304347824
47.0,1716,49463103,36.51063829787234
33.0,906,49464009,27.454545454545453
25.0,815,49464824,32.6
24.0,601,49465425,25.041666666666668
15.0,411,49465836,27.4
7.0,127,49465963,18.142857142857142
26.0,652,49466615,25.076923076923077
28.0,793,49467408,28.321428571428573
41.0,1293,49468701,31.536585365853657
36.0,1253,49469954,34.80555555555556
23.0,502,49470456,21.82608695652174
13.0,379,49470835,29.153846153846153
23.0,500,49471335,21.73913043478261
15.0,367,49471702,24.466666666666665
18.0,505,49472207,28.055555555555557
20.0,563,49472770,28.15
29.0,754,49473524,26.0
19.0,494,49474018,26.0
39.0,1214,49475232,31.128205128205128
31.0,744,49475976,24.0
36.0,958,49476934,26.61111111111111
19.0,359,49477293,18.894736842105264
11.0,312,49477605,28.363636363636363
41.0,1194,49478799,29.121951219512194
36.0,1003,49479802,27.86111111111111
44.0,1195,49480997,27.15909090909091
29.0,766,49481763,26.413793103448278
23.0,664,49482427,28.869565217391305
35.0,1122,49483549,32.05714285714286
27.0,644,49484193,23.85185185185185
26.0,976,49485169,37.53846153846154
35.0,1076,49486245,30.742857142857144
18.0,546,49486791,30.333333333333332
15.0,369,49487160,24.6
37.0,978,49488138,26.43243243243243
20.0,472,49488610,23.6
31.0,939,49489549,30.29032258064516
32.0,1369,49490918,42.78125
23.0,651,49491569,28.304347826086957
10.0,140,49491709,14.0
19.0,299,49492008,15.736842105263158
9.0,174,49492182,19.333333333333332
32.0,994,49493176,31.0625
25.0,720,49493896,28.8
26.0,790,49494686,30.384615384615383
27.0,784,49495470,29.037037037037038
23.0,590,49496060,25.652173913043477
22.0,568,49496628,25.818181818181817
26.0,691,49497319,26.576923076923077
32.0,874,49498193,27.3125
37.0,1165,49499358,31.486486486486488
34.0,984,49500342,28.941176470588236
42.0,1268,49501610,30.19047619047619
31.0,844,49502454,27.225806451612904
33.0,907,49503361,27.484848484848484
39.0,1221,49504582,31.307692307692307
23.0,487,49505069,21.17391304347826
9.0,229,49505298,25.444444444444443
18.0,433,49505731,24.055555555555557
28.0,978,49506709,34.92857142857143
14.0,351,49507060,25.071428571428573
32.0,854,49507914,26.6875
29.0,864,49508778,29.79310344827586
37.0,991,49509769,26.783783783783782
29.0,1003,49510772,34.58620689655172
26.0,800,49511572,30.76923076923077
30.0,756,49512328,25.2
19.0,515,49512843,27.105263157894736
22.0,509,49513352,23.136363636363637
21.0,757,49514109,36.04761904761905
45.0,1241,49515350,27.57777777777778
25.0,595,49515945,23.8
12.0,303,49516248,25.25
34.0,872,49517120,25.647058823529413
31.0,1066,49518186,34.38709677419355
37.0,918,49519104,24.81081081081081
37.0,1086,49520190,29.35135135135135
28.0,869,49521059,31.035714285714285
38.0,1247,49522306,32.81578947368421
14.0,422,49522728,30.142857142857142
40.0,1456,49524184,36.4
48.0,1530,49525714,31.875
26.0,720,49526434,27.692307692307693
40.0,1109,49527543,27.725
30.0,1077,49528620,35.9
42.0,1188,49529808,28.285714285714285
27.0,824,49530632,30.51851851851852
21.0,464,49531096,22.095238095238095
17.0,374,49531470,22.0
41.0,1240,49532710,30.24390243902439
36.0,1224,49533934,34.0
21.0,466,49534400,22.19047619047619
8.0,87,49534487,10.875
16.0,398,49534885,24.875
9.0,209,49535094,23.22222222222222
25.0,658,49535752,26.32
22.0,591,49536343,26.863636363636363
33.0,991,49537334,30.03030303030303
11.0,322,49537656,29.272727272727273
37.0,1039,49538695,28.08108108108108
29.0,762,49539457,26.275862068965516
7.0,157,49539614,22.428571428571427
25.0,795,49540409,31.8
21.0,636,49541045,30.285714285714285
33.0,1037,49542082,31.424242424242426
9.0,230,49542312,25.555555555555557
13.0,292,49542604,22.46153846153846
33.0,888,49543492,26.90909090909091
25.0,763,49544255,30.52
24.0,656,49544911,27.333333333333332
27.0,1038,49545949,38.44444444444444
25.0,538,49546487,21.52
22.0,702,49547189,31.90909090909091
28.0,878,49548067,31.357142857142858
29.0,796,49548863,27.448275862068964
33.0,856,49549719,25.939393939393938
13.0,330,49550049,25.384615384615383
15.0,240,49550289,16.0
28.0,653,49550942,23.321428571428573
36.0,927,49551869,25.75
33.0,907,49552776,27.484848484848484
33.0,1087,49553863,32.93939393939394
30.0,845,49554708,28.166666666666668
25.0,704,49555412,28.16
23.0,647,49556059,28.130434782608695
17.0,485,49556544,28.529411764705884
24.0,620,49557164,25.833333333333332
32.0,962,49558126,30.0625
30.0,1048,49559174,34.93333333333333
27.0,901,49560075,33.370370370370374
36.0,1101,49561176,30.583333333333332
34.0,1034,49562210,30.41176470588235
30.0,827,49563037,27.566666666666666
32.0,875,49563912,27.34375
36.0,968,49564880,26.88888888888889
33.0,1004,49565884,30.424242424242426
36.0,956,49566840,26.555555555555557
22.0,631,49567471,28.681818181818183
32.0,776,49568247,24.25
35.0,1017,49569264,29.057142857142857
22.0,491,49569755,22.318181818181817
24.0,473,49570228,19.708333333333332
18.0,437,49570665,24.27777777777778
37.0,1000,49571665,27.027027027027028
39.0,1220,49572885,31.28205128205128
22.0,478,49573363,21.727272727272727
36.0,953,49574316,26.47222222222222
36.0,893,49575209,24.805555555555557
20.0,579,49575788,28.95
12.0,257,49576045,21.416666666666668
24.0,618,49576663,25.75
29.0,840,49577503,28.96551724137931
24.0,671,49578174,27.958333333333332
18.0,553,49578727,30.72222222222222
11.0,311,49579038,28.272727272727273
25.0,569,49579607,22.76
23.0,699,49580306,30.391304347826086
23.0,618,49580924,26.869565217391305
28.0,923,49581847,32.964285714285715
17.0,507,49582354,29.823529411764707
27.0,777,49583131,28.77777777777778
33.0,854,49583985,25.87878787878788
19.0,409,49584394,21.526315789473685
16.0,487,49584881,30.4375
30.0,950,49585831,31.666666666666668
25.0,749,49586580,29.96
30.0,769,49587349,25.633333333333333
31.0,741,49588090,23.903225806451612
16.0,348,49588438,21.75
35.0,1130,49589568,32.285714285714285
34.0,1052,49590620,30.941176470588236
28.0,826,49591446,29.5
25.0,559,49592005,22.36
13.0,306,49592311,23.53846153846154
21.0,561,49592872,26.714285714285715
16.0,437,49593309,27.3125
32.0,1006,49594315,31.4375
32.0,823,49595138,25.71875
23.0,575,49595713,25.0
32.0,777,49596490,24.28125
22.0,777,49597267,35.31818181818182
28.0,583,49597850,20.821428571428573
40.0,1334,49599184,33.35
14.0,501,49599685,35.785714285714285
29.0,608,49600293,20.96551724137931
17.0,361,49600654,21.235294117647058
26.0,769,49601423,29.576923076923077
33.0,1167,49602590,35.36363636363637
30.0,832,49603422,27.733333333333334
43.0,1267,49604689,29.46511627906977
24.0,568,49605257,23.666666666666668
22.0,667,49605924,30.318181818181817
18.0,450,49606374,25.0
16.0,466,49606840,29.125
14.0,323,49607163,23.071428571428573
5.0,109,49607272,21.8
19.0,512,49607784,26.94736842105263
49.0,1421,49609205,29.0
39.0,1397,49610602,35.82051282051282
18.0,446,49611048,24.77777777777778
26.0,773,49611821,29.73076923076923
29.0,797,49612618,27.482758620689655
31.0,802,49613420,25.870967741935484
24.0,670,49614090,27.916666666666668
39.0,1408,49615498,36.1025641025641
43.0,1409,49616907,32.76744186046512
25.0,952,49617859,38.08
29.0,930,49618789,32.06896551724138
22.0,558,49619347,25.363636363636363
31.0,802,49620149,25.870967741935484
20.0,416,49620565,20.8
33.0,1028,49621593,31.151515151515152
28.0,650,49622243,23.214285714285715
37.0,1073,49623316,29.0
20.0,470,49623786,23.5
43.0,1266,49625052,29.441860465116278
27.0,832,49625884,30.814814814814813
36.0,1142,49627026,31.72222222222222
39.0,1038,49628064,26.615384615384617
29.0,879,49628943,30.310344827586206
27.0,716,49629659,26.51851851851852
21.0,604,49630263,28.761904761904763
10.0,266,49630529,26.6
26.0,744,49631273,28.615384615384617
25.0,532,49631805,21.28
11.0,263,49632068,23.90909090909091
7.0,152,49632220,21.714285714285715
27.0,622,49632842,23.037037037037038
31.0,811,49633653,26.161290322580644
25.0,840,49634493,33.6
19.0,394,49634887,20.736842105263158
22.0,546,49635433,24.818181818181817
26.0,766,49636199,29.46153846153846
27.0,667,49636866,24.703703703703702
34.0,995,49637861,29.264705882352942
33.0,1027,49638888,31.12121212121212
33.0,992,49639880,30.060606060606062
21.0,587,49640467,27.952380952380953
42.0,1216,49641683,28.952380952380953
26.0,902,49642585,34.69230769230769
22.0,489,49643074,22.227272727272727
22.0,453,49643527,20.59090909090909
39.0,1107,49644634,28.384615384615383
34.0,1035,49645669,30.441176470588236
30.0,822,49646491,27.4
32.0,842,49647333,26.3125
20.0,570,49647903,28.5
31.0,714,49648617,23.032258064516128
21.0,597,49649214,28.428571428571427
26.0,613,49649827,23.576923076923077
31.0,805,49650632,25.967741935483872
35.0,965,49651597,27.571428571428573
22.0,616,49652213,28.0
31.0,946,49653159,30.516129032258064
34.0,1056,49654215,31.058823529411764
40.0,1027,49655242,25.675
38.0,1125,49656367,29.605263157894736
4.0,93,49656460,23.25
37.0,1070,49657530,28.91891891891892
28.0,683,49658213,24.392857142857142
25.0,734,49658947,29.36
7.0,153,49659100,21.857142857142858
23.0,649,49659749,28.217391304347824
35.0,1054,49660803,30.114285714285714
10.0,322,49661125,32.2
30.0,656,49661781,21.866666666666667
24.0,1108,49662889,46.166666666666664
13.0,388,49663277,29.846153846153847
29.0,1228,49664505,42.3448275862069
28.0,665,49665170,23.75
29.0,956,49666126,32.96551724137931
41.0,1269,49667395,30.951219512195124
34.0,825,49668220,24.264705882352942
31.0,769,49668989,24.806451612903224
43.0,1249,49670238,29.046511627906977
26.0,717,49670955,27.576923076923077
35.0,918,49671873,26.228571428571428
30.0,681,49672554,22.7
36.0,849,49673403,23.583333333333332
22.0,659,49674062,29.954545454545453
30.0,856,49674918,28.533333333333335
16.0,459,49675377,28.6875
27.0,687,49676064,25.444444444444443
54.0,1700,49677764,31.48148148148148
31.0,776,49678540,25.032258064516128
36.0,1109,49679649,30.805555555555557
33.0,944,49680593,28.606060606060606
9.0,194,49680787,21.555555555555557
26.0,851,49681638,32.73076923076923
46.0,1645,49683283,35.76086956521739
13.0,331,49683614,25.46153846153846
19.0,427,49684041,22.473684210526315
41.0,1289,49685330,31.4390243902439
34.0,1219,49686549,35.85294117647059
29.0,811,49687360,27.96551724137931
32.0,789,49688149,24.65625
26.0,749,49688898,28.807692307692307
16.0,446,49689344,27.875
20.0,563,49689907,28.15
24.0,616,49690523,25.666666666666668
38.0,983,49691506,25.86842105263158
22.0,599,49692105,27.227272727272727
11.0,232,49692337,21.09090909090909
8.0,158,49692495,19.75
37.0,1244,49693739,33.62162162162162
20.0,444,49694183,22.2
34.0,1062,49695245,31.235294117647058
31.0,1009,49696254,32.54838709677419
31.0,961,49697215,31.0
27.0,822,49698037,30.444444444444443
22.0,664,49698701,30.181818181818183
43.0,1074,49699775,24.976744186046513
29.0,929,49700704,32.03448275862069
11.0,338,49701042,30.727272727272727
14.0,338,49701380,24.142857142857142
37.0,1126,49702506,30.43243243243243
11.0,237,49702743,21.545454545454547
28.0,714,49703457,25.5
23.0,466,49703923,20.26086956521739
53.0,1677,49705600,31.641509433962263
22.0,758,49706358,34.45454545454545
29.0,653,49707011,22.517241379310345
24.0,690,49707701,28.75
41.0,1170,49708871,28.536585365853657
24.0,563,49709434,23.458333333333332
27.0,666,49710100,24.666666666666668
17.0,439,49710539,25.823529411764707
24.0,565,49711104,23.541666666666668
20.0,555,49711659,27.75
39.0,1166,49712825,29.897435897435898
12.0,312,49713137,26.0
43.0,1352,49714489,31.441860465116278
48.0,1389,49715878,28.9375
7.0,180,49716058,25.714285714285715
26.0,650,49716708,25.0
16.0,392,49717100,24.5
35.0,1058,49718158,30.228571428571428
36.0,1041,49719199,28.916666666666668
25.0,608,49719807,24.32
25.0,594,49720401,23.76
26.0,976,49721377,37.53846153846154
20.0,455,49721832,22.75
31.0,791,49722623,25.516129032258064
5.0,169,49722792,33.8
11.0,285,49723077,25.90909090909091
24.0,582,49723659,24.25
28.0,730,49724389,26.071428571428573
28.0,752,49725141,26.857142857142858
22.0,738,49725879,33.54545454545455
22.0,524,49726403,23.818181818181817
13.0,275,49726678,21.153846153846153
34.0,1118,49727796,32.88235294117647
16.0,350,49728146,21.875
21.0,604,49728750,28.761904761904763
17.0,540,49729290,31.764705882352942
42.0,1441,49730731,34.30952380952381
25.0,765,49731496,30.6
31.0,952,49732448,30.70967741935484
27.0,804,49733252,29.77777777777778
28.0,979,49734231,34.964285714285715
39.0,1100,49735331,28.205128205128204
7.0,188,49735519,26.857142857142858
20.0,547,49736066,27.35
30.0,873,49736939,29.1
42.0,1348,49738287,32.095238095238095
26.0,870,49739157,33.46153846153846
13.0,471,49739628,36.23076923076923
55.0,1630,49741258,29.636363636363637
26.0,671,49741929,25.807692307692307
33.0,1080,49743009,32.72727272727273
22.0,652,49743661,29.636363636363637
31.0,943,49744604,30.419354838709676
32.0,1036,49745640,32.375
12.0,294,49745934,24.5
21.0,580,49746514,27.61904761904762
42.0,1163,49747677,27.69047619047619
36.0,1009,49748686,28.02777777777778
29.0,743,49749429,25.620689655172413
36.0,1042,49750471,28.944444444444443
30.0,916,49751387,30.533333333333335
16.0,392,49751779,24.5
24.0,749,49752528,31.208333333333332
15.0,410,49752938,27.333333333333332
18.0,410,49753348,22.77777777777778
39.0,1284,49754632,32.92307692307692
31.0,811,49755443,26.161290322580644
26.0,774,49756217,29.76923076923077
28.0,900,49757117,32.142857142857146
26.0,817,49757934,31.423076923076923
26.0,784,49758718,30.153846153846153
25.0,687,49759405,27.48
18.0,485,49759890,26.944444444444443
25.0,635,49760525,25.4
60.0,2190,49762715,36.5
19.0,436,49763151,22.94736842105263
26.0,815,49763966,31.346153846153847
26.0,672,49764638,25.846153846153847
17.0,390,49765028,22.941176470588236
14.0,370,49765398,26.428571428571427
11.0,239,49765637,21.727272727272727
18.0,559,49766196,31.055555555555557
22.0,690,49766886,31.363636363636363
19.0,458,49767344,24.105263157894736
33.0,813,49768157,24.636363636363637
25.0,797,49768954,31.88
25.0,783,49769737,31.32
39.0,963,49770700,24.692307692307693
36.0,1113,49771813,30.916666666666668
12.0,163,49771976,13.583333333333334
17.0,446,49772422,26.235294117647058
9.0,179,49772601,19.88888888888889
36.0,888,49773489,24.666666666666668
6.0,206,49773695,34.333333333333336
32.0,992,49774687,31.0
25.0,584,49775271,23.36
20.0,637,49775908,31.85
18.0,515,49776423,28.61111111111111
34.0,1168,49777591,34.35294117647059
8.0,292,49777883,36.5
34.0,1144,49779027,33.64705882352941
19.0,624,49779651,32.8421052631579
14.0,417,49780068,29.785714285714285
18.0,581,49780649,32.27777777777778
18.0,475,49781124,26.38888888888889
5.0,97,49781221,19.4
18.0,454,49781675,25.22222222222222
11.0,319,49781994,29.0
28.0,743,49782737,26.535714285714285
20.0,613,49783350,30.65
26.0,811,49784161,31.192307692307693
37.0,1173,49785334,31.7027027027027
7.0,187,49785521,26.714285714285715
18.0,379,49785900,21.055555555555557
30.0,929,49786829,30.966666666666665
24.0,621,49787450,25.875
22.0,464,49787914,21.09090909090909
27.0,724,49788638,26.814814814814813
31.0,813,49789451,26.225806451612904
30.0,910,49790361,30.333333333333332
13.0,436,49790797,33.53846153846154
25.0,560,49791357,22.4
33.0,879,49792236,26.636363636363637
30.0,682,49792918,22.733333333333334
44.0,1309,49794227,29.75
26.0,742,49794969,28.53846153846154
14.0,208,49795177,14.857142857142858
38.0,1058,49796235,27.842105263157894
16.0,455,49796690,28.4375
25.0,754,49797444,30.16
21.0,449,49797893,21.38095238095238
30.0,843,49798736,28.1
20.0,580,49799316,29.0
31.0,996,49800312,32.12903225806452
49.0,1559,49801871,31.816326530612244
14.0,372,49802243,26.571428571428573
32.0,712,49802955,22.25
49.0,1419,49804374,28.959183673469386
11.0,245,49804619,22.272727272727273
17.0,321,49804940,18.88235294117647
17.0,517,49805457,30.41176470588235
37.0,1023,49806480,27.64864864864865
19.0,695,49807175,36.578947368421055
20.0,459,49807634,22.95
22.0,524,49808158,23.818181818181817
33.0,864,49809022,26.181818181818183
24.0,746,49809768,31.083333333333332
45.0,1333,49811101,29.622222222222224
8.0,226,49811327,28.25
27.0,798,49812125,29.555555555555557
40.0,1596,49813721,39.9
27.0,751,49814472,27.814814814814813
34.0,1043,49815515,30.676470588235293
31.0,835,49816350,26.93548387096774
28.0,915,49817265,32.67857142857143
29.0,840,49818105,28.96551724137931
40.0,1097,49819202,27.425
16.0,446,49819648,27.875
25.0,814,49820462,32.56
39.0,1300,49821762,33.333333333333336
33.0,1229,49822991,37.24242424242424
21.0,562,49823553,26.761904761904763
15.0,343,49823896,22.866666666666667
30.0,900,49824796,30.0
36.0,1193,49825989,33.138888888888886
33.0,886,49826875,26.848484848484848
32.0,806,49827681,25.1875
22.0,690,49828371,31.363636363636363
28.0,869,49829240,31.035714285714285
22.0,604,49829844,27.454545454545453
39.0,1224,49831068,31.384615384615383
18.0,635,49831703,35.27777777777778
15.0,437,49832140,29.133333333333333
33.0,1074,49833214,32.54545454545455
8.0,123,49833337,15.375
17.0,480,49833817,28.235294117647058
42.0,1252,49835069,29.80952380952381
33.0,744,49835813,22.545454545454547
28.0,939,49836752,33.535714285714285
22.0,748,49837500,34.0
44.0,1297,49838797,29.477272727272727
2.0,32,49838829,16.0
18.0,565,49839394,31.38888888888889
23.0,545,49839939,23.695652173913043
19.0,572,49840511,30.105263157894736
45.0,1526,49842037,33.91111111111111
37.0,1084,49843121,29.2972972972973
35.0,921,49844042,26.314285714285713
16.0,483,49844525,30.1875
38.0,1001,49845526,26.342105263157894
24.0,773,49846299,32.208333333333336
11.0,298,49846597,27.09090909090909
13.0,229,49846826,17.615384615384617
35.0,1040,49847866,29.714285714285715
37.0,1252,49849118,33.83783783783784
40.0,1332,49850450,33.3
33.0,1076,49851526,32.60606060606061
24.0,738,49852264,30.75
25.0,700,49852964,28.0
22.0,586,49853550,26.636363636363637
30.0,799,49854349,26.633333333333333
30.0,832,49855181,27.733333333333334
4.0,94,49855275,23.5
21.0,626,49855901,29.80952380952381
27.0,748,49856649,27.703703703703702
20.0,569,49857218,28.45
34.0,1085,49858303,31.91176470588235
23.0,622,49858925,27.043478260869566
27.0,571,49859496,21.14814814814815
38.0,1249,49860745,32.86842105263158
45.0,1302,49862047,28.933333333333334
33.0,952,49862999,28.848484848484848
37.0,790,49863789,21.35135135135135
20.0,618,49864407,30.9
35.0,902,49865309,25.771428571428572
32.0,743,49866052,23.21875
37.0,892,49866944,24.10810810810811
10.0,227,49867171,22.7
32.0,910,49868081,28.4375
25.0,643,49868724,25.72
26.0,739,49869463,28.423076923076923
47.0,1117,49870580,23.76595744680851
43.0,1428,49872008,33.2093023255814
20.0,584,49872592,29.2
51.0,1443,49874035,28.294117647058822
47.0,1980,49876015,42.12765957446808
20.0,646,49876661,32.3
30.0,1061,49877722,35.36666666666667
17.0,540,49878262,31.764705882352942
42.0,1556,49879818,37.04761904761905
19.0,543,49880361,28.57894736842105
25.0,859,49881220,34.36
39.0,1014,49882234,26.0
28.0,943,49883177,33.67857142857143
41.0,1184,49884361,28.878048780487806
22.0,605,49884966,27.5
19.0,511,49885477,26.894736842105264
19.0,662,49886139,34.8421052631579
38.0,1306,49887445,34.36842105263158
34.0,934,49888379,27.470588235294116
32.0,924,49889303,28.875
35.0,1211,49890514,34.6
22.0,668,49891182,30.363636363636363
28.0,888,49892070,31.714285714285715
31.0,942,49893012,30.387096774193548
34.0,879,49893891,25.852941176470587
8.0,207,49894098,25.875
24.0,767,49894865,31.958333333333332
27.0,1165,49896030,43.148148148148145
29.0,951,49896981,32.793103448275865
26.0,617,49897598,23.73076923076923
26.0,853,49898451,32.80769230769231
31.0,997,49899448,32.16129032258065
16.0,496,49899944,31.0
29.0,551,49900495,19.0
23.0,693,49901188,30.130434782608695
36.0,1155,49902343,32.083333333333336
35.0,1051,49903394,30.02857142857143
21.0,586,49903980,27.904761904761905
40.0,1265,49905245,31.625
23.0,816,49906061,35.47826086956522
9.0,225,49906286,25.0
22.0,598,49906884,27.181818181818183
23.0,585,49907469,25.434782608695652
14.0,412,49907881,29.428571428571427
24.0,699,49908580,29.125
37.0,1184,49909764,32.0
20.0,509,49910273,25.45
31.0,931,49911204,30.032258064516128
38.0,1077,49912281,28.342105263157894
29.0,748,49913029,25.79310344827586
23.0,600,49913629,26.08695652173913
31.0,880,49914509,28.387096774193548
21.0,488,49914997,23.238095238095237
12.0,401,49915398,33.416666666666664
45.0,1423,49916821,31.622222222222224
5.0,189,49917010,37.8
38.0,1172,49918182,30.842105263157894
21.0,522,49918704,24.857142857142858
14.0,277,49918981,19.785714285714285
5.0,80,49919061,16.0
29.0,813,49919874,28.03448275862069
38.0,1100,49920974,28.94736842105263
19.0,444,49921418,23.36842105263158
24.0,691,49922109,28.791666666666668
25.0,823,49922932,32.92
29.0,874,49923806,30.137931034482758
26.0,718,49924524,27.615384615384617
18.0,548,49925072,30.444444444444443
19.0,371,49925443,19.526315789473685
27.0,640,49926083,23.703703703703702
20.0,576,49926659,28.8
32.0,1006,49927665,31.4375
12.0,360,49928025,30.0
11.0,266,49928291,24.181818181818183
47.0,1518,49929809,32.297872340425535
32.0,1177,49930986,36.78125
19.0,731,49931717,38.473684210526315
27.0,774,49932491,28.666666666666668
33.0,950,49933441,28.78787878787879
9.0,251,49933692,27.88888888888889
33.0,945,49934637,28.636363636363637
20.0,633,49935270,31.65
23.0,650,49935920,28.26086956521739
30.0,771,49936691,25.7
39.0,1034,49937725,26.512820512820515
31.0,1017,49938742,32.806451612903224
38.0,1344,49940086,35.36842105263158
39.0,1346,49941432,34.51282051282051
24.0,634,49942066,26.416666666666668
34.0,793,49942859,23.323529411764707
17.0,403,49943262,23.705882352941178
14.0,356,49943618,25.428571428571427
29.0,663,49944281,22.862068965517242
13.0,378,49944659,29.076923076923077
26.0,833,49945492,32.03846153846154
44.0,1244,49946736,28.272727272727273
32.0,960,49947696,30.0
24.0,717,49948413,29.875
23.0,610,49949023,26.52173913043478
28.0,830,49949853,29.642857142857142
12.0,375,49950228,31.25
37.0,1112,49951340,30.054054054054053
19.0,547,49951887,28.789473684210527
37.0,1089,49952976,29.43243243243243
34.0,1122,49954098,33.0
21.0,497,49954595,23.666666666666668
29.0,821,49955416,28.310344827586206
35.0,973,49956389,27.8
18.0,599,49956988,33.27777777777778
30.0,736,49957724,24.533333333333335
40.0,1293,49959017,32.325
21.0,608,49959625,28.952380952380953
25.0,668,49960293,26.72
11.0,358,49960651,32.54545454545455
29.0,905,49961556,31.20689655172414
27.0,676,49962232,25.037037037037038
19.0,468,49962700,24.63157894736842
43.0,1417,49964117,32.95348837209303
34.0,942,49965059,27.705882352941178
51.0,1880,49966939,36.86274509803921
14.0,384,49967323,27.428571428571427
41.0,1082,49968405,26.390243902439025
28.0,822,49969227,29.357142857142858
22.0,524,49969751,23.818181818181817
25.0,638,49970389,25.52
25.0,625,49971014,25.0
18.0,496,49971510,27.555555555555557
28.0,783,49972293,27.964285714285715
29.0,706,49972999,24.344827586206897
34.0,939,49973938,27.61764705882353
15.0,414,49974352,27.6
38.0,1149,49975501,30.236842105263158
27.0,836,49976337,30.962962962962962
11.0,358,49976695,32.54545454545455
16.0,348,49977043,21.75
35.0,889,49977932,25.4
29.0,807,49978739,27.82758620689655
26.0,668,49979407,25.692307692307693
29.0,987,49980394,34.03448275862069
10.0,254,49980648,25.4
31.0,895,49981543,28.870967741935484
24.0,758,49982301,31.583333333333332
22.0,458,49982759,20.818181818181817
45.0,1371,49984130,30.466666666666665
18.0,538,49984668,29.88888888888889
38.0,991,49985659,26.07894736842105
37.0,1259,49986918,34.027027027027025
24.0,663,49987581,27.625
36.0,993,49988574,27.583333333333332
31.0,748,49989322,24.129032258064516
50.0,1510,49990832,30.2
43.0,1450,49992282,33.72093023255814
40.0,1276,49993558,31.9
29.0,808,49994366,27.862068965517242
16.0,400,49994766,25.0
10.0,263,49995029,26.3
7.0,120,49995149,17.142857142857142
30.0,694,49995843,23.133333333333333
20.0,490,49996333,24.5
27.0,708,49997041,26.22222222222222
13.0,367,49997408,28.23076923076923
40.0,960,49998368,24.0
14.0,389,49998757,27.785714285714285
19.0,490,49999247,25.789473684210527
23.0,863,50000110,37.52173913043478
28.0,654,50000764,23.357142857142858
40.0,999,50001763,24.975
5.0,97,50001860,19.4
17.0,431,50002291,25.352941176470587
33.0,1048,50003339,31.757575757575758
21.0,477,50003816,22.714285714285715
35.0,1062,50004878,30.34285714285714
18.0,531,50005409,29.5
30.0,899,50006308,29.966666666666665
27.0,590,50006898,21.85185185185185
40.0,1317,50008215,32.925
19.0,559,50008774,29.42105263157895
38.0,1179,50009953,31.026315789473685
27.0,699,50010652,25.88888888888889
10.0,334,50010986,33.4
29.0,710,50011696,24.482758620689655
19.0,490,50012186,25.789473684210527
35.0,1072,50013258,30.62857142857143
17.0,539,50013797,31.705882352941178
4.0,65,50013862,16.25
31.0,795,50014657,25.64516129032258
28.0,865,50015522,30.892857142857142
23.0,609,50016131,26.47826086956522
35.0,1157,50017288,33.05714285714286
26.0,713,50018001,27.423076923076923
26.0,728,50018729,28.0
39.0,1044,50019773,26.76923076923077
34.0,1062,50020835,31.235294117647058
27.0,681,50021516,25.22222222222222
39.0,1330,50022846,34.1025641025641
37.0,1024,50023870,27.675675675675677
24.0,592,50024462,24.666666666666668
41.0,1164,50025626,28.390243902439025
52.0,1712,50027338,32.92307692307692
29.0,924,50028262,31.862068965517242
18.0,341,50028603,18.944444444444443
30.0,807,50029410,26.9
29.0,664,50030074,22.896551724137932
46.0,1552,50031626,33.73913043478261
50.0,1669,50033295,33.38
27.0,746,50034041,27.62962962962963
35.0,1078,50035119,30.8
12.0,343,50035462,28.583333333333332
32.0,1179,50036641,36.84375
24.0,684,50037325,28.5
41.0,1112,50038437,27.121951219512194
23.0,587,50039024,25.52173913043478
32.0,941,50039965,29.40625
22.0,528,50040493,24.0
46.0,1503,50041996,32.67391304347826
36.0,929,50042925,25.805555555555557
46.0,1423,50044348,30.934782608695652
31.0,792,50045140,25.548387096774192
33.0,1112,50046252,33.696969696969695
36.0,870,50047122,24.166666666666668
5.0,135,50047257,27.0
35.0,937,50048194,26.771428571428572
10.0,256,50048450,25.6
17.0,385,50048835,22.647058823529413
23.0,739,50049574,32.130434782608695
37.0,944,50050518,25.513513513513512
30.0,863,50051381,28.766666666666666
30.0,925,50052306,30.833333333333332
38.0,855,50053161,22.5
32.0,889,50054050,27.78125
19.0,450,50054500,23.68421052631579
22.0,599,50055099,27.227272727272727
16.0,364,50055463,22.75
22.0,566,50056029,25.727272727272727
24.0,550,50056579,22.916666666666668
34.0,947,50057526,27.852941176470587
29.0,708,50058234,24.413793103448278
3.0,33,50058267,11.0
47.0,1321,50059588,28.106382978723403
10.0,208,50059796,20.8
14.0,399,50060195,28.5
15.0,356,50060551,23.733333333333334
24.0,459,50061010,19.125
39.0,988,50061998,25.333333333333332
39.0,1394,50063392,35.743589743589745
39.0,1217,50064609,31.205128205128204
31.0,798,50065407,25.741935483870968
27.0,908,50066315,33.629629629629626
25.0,628,50066943,25.12
20.0,545,50067488,27.25
32.0,900,50068388,28.125
36.0,787,50069175,21.86111111111111
26.0,827,50070002,31.807692307692307
30.0,789,50070791,26.3
39.0,1254,50072045,32.15384615384615
35.0,1107,50073152,31.62857142857143
21.0,548,50073700,26.095238095238095
41.0,1364,50075064,33.26829268292683
59.0,2132,50077196,36.13559322033898
10.0,253,50077449,25.3
15.0,387,50077836,25.8
20.0,584,50078420,29.2
29.0,919,50079339,31.689655172413794
37.0,965,50080304,26.08108108108108
23.0,647,50080951,28.130434782608695
46.0,1154,50082105,25.08695652173913
37.0,1126,50083231,30.43243243243243
40.0,867,50084098,21.675
24.0,667,50084765,27.791666666666668
25.0,748,50085513,29.92
30.0,928,50086441,30.933333333333334
36.0,1105,50087546,30.694444444444443
40.0,1220,50088766,30.5
21.0,516,50089282,24.571428571428573
29.0,879,50090161,30.310344827586206
26.0,694,50090855,26.692307692307693
29.0,1018,50091873,35.10344827586207
22.0,889,50092762,40.40909090909091
6.0,83,50092845,13.833333333333334
21.0,482,50093327,22.952380952380953
26.0,704,50094031,27.076923076923077
23.0,895,50094926,38.91304347826087
41.0,1168,50096094,28.48780487804878
41.0,1336,50097430,32.58536585365854
8.0,113,50097543,14.125
22.0,605,50098148,27.5
22.0,603,50098751,27.40909090909091
35.0,1095,50099846,31.285714285714285
39.0,1099,50100945,28.17948717948718
28.0,825,50101770,29.464285714285715
33.0,1076,50102846,32.60606060606061
47.0,1550,50104396,32.97872340425532
45.0,1388,50105784,30.844444444444445
11.0,236,50106020,21.454545454545453
14.0,368,50106388,26.285714285714285
37.0,1157,50107545,31.27027027027027
26.0,538,50108083,20.692307692307693
17.0,534,50108617,31.41176470588235
18.0,415,50109032,23.055555555555557
11.0,308,50109340,28.0
51.0,1524,50110864,29.88235294117647
27.0,815,50111679,30.185185185185187
34.0,1035,50112714,30.441176470588236
45.0,1276,50113990,28.355555555555554
31.0,1026,50115016,33.096774193548384
20.0,481,50115497,24.05
42.0,1327,50116824,31.595238095238095
28.0,841,50117665,30.035714285714285
41.0,1389,50119054,33.8780487804878
16.0,379,50119433,23.6875
32.0,1017,50120450,31.78125
33.0,927,50121377,28.09090909090909
18.0,551,50121928,30.61111111111111
23.0,685,50122613,29.782608695652176
33.0,789,50123402,23.90909090909091
21.0,805,50124207,38.333333333333336
33.0,950,50125157,28.78787878787879
30.0,1039,50126196,34.63333333333333
33.0,1184,50127380,35.878787878787875
22.0,524,50127904,23.818181818181817
19.0,556,50128460,29.263157894736842
30.0,882,50129342,29.4
34.0,1052,50130394,30.941176470588236
18.0,475,50130869,26.38888888888889
10.0,394,50131263,39.4
39.0,1048,50132311,26.871794871794872
16.0,463,50132774,28.9375
24.0,677,50133451,28.208333333333332
37.0,1133,50134584,30.62162162162162
36.0,974,50135558,27.055555555555557
34.0,921,50136479,27.08823529411765
18.0,598,50137077,33.22222222222222
45.0,1317,50138394,29.266666666666666
17.0,441,50138835,25.941176470588236
40.0,954,50139789,23.85
28.0,826,50140615,29.5
33.0,893,50141508,27.060606060606062
36.0,1261,50142769,35.02777777777778
37.0,1014,50143783,27.405405405405407
20.0,371,50144154,18.55
39.0,1026,50145180,26.307692307692307
27.0,705,50145885,26.11111111111111
17.0,536,50146421,31.529411764705884
32.0,670,50147091,20.9375
30.0,862,50147953,28.733333333333334
24.0,726,50148679,30.25
28.0,1046,50149725,37.357142857142854
34.0,1079,50150804,31.735294117647058
25.0,1182,50151986,47.28
24.0,698,50152684,29.083333333333332
26.0,1060,50153744,40.76923076923077
30.0,1172,50154916,39.06666666666667
25.0,527,50155443,21.08
26.0,748,50156191,28.76923076923077
26.0,645,50156836,24.807692307692307
14.0,265,50157101,18.928571428571427
6.0,137,50157238,22.833333333333332
28.0,674,50157912,24.071428571428573
38.0,1159,50159071,30.5
37.0,990,50160061,26.756756756756758
28.0,518,50160579,18.5
29.0,831,50161410,28.655172413793103
35.0,915,50162325,26.142857142857142
31.0,892,50163217,28.774193548387096
32.0,892,50164109,27.875
24.0,710,50164819,29.583333333333332
5.0,111,50164930,22.2
31.0,937,50165867,30.225806451612904
25.0,484,50166351,19.36
17.0,402,50166753,23.647058823529413
32.0,842,50167595,26.3125
33.0,778,50168373,23.575757575757574
12.0,402,50168775,33.5
4.0,56,50168831,14.0
23.0,610,50169441,26.52173913043478
35.0,1039,50170480,29.685714285714287
20.0,469,50170949,23.45
20.0,574,50171523,28.7
22.0,620,50172143,28.181818181818183
31.0,874,50173017,28.193548387096776
47.0,1686,50174703,35.87234042553192
36.0,1003,50175706,27.86111111111111
26.0,829,50176535,31.884615384615383
13.0,356,50176891,27.384615384615383
24.0,642,50177533,26.75
29.0,732,50178265,25.24137931034483
21.0,589,50178854,28.047619047619047
12.0,332,50179186,27.666666666666668
35.0,1090,50180276,31.142857142857142
19.0,496,50180772,26.105263157894736
18.0,455,50181227,25.27777777777778
26.0,839,50182066,32.26923076923077
26.0,717,50182783,27.576923076923077
32.0,902,50183685,28.1875
14.0,446,50184131,31.857142857142858
43.0,1330,50185461,30.930232558139537
18.0,486,50185947,27.0
39.0,1209,50187156,31.0
11.0,301,50187457,27.363636363636363
37.0,1245,50188702,33.648648648648646
23.0,632,50189334,27.47826086956522
33.0,1031,50190365,31.242424242424242
29.0,834,50191199,28.75862068965517
26.0,743,50191942,28.576923076923077
23.0,736,50192678,32.0
18.0,529,50193207,29.38888888888889
24.0,643,50193850,26.791666666666668
49.0,1638,50195488,33.42857142857143
32.0,868,50196356,27.125
37.0,1136,50197492,30.7027027027027
36.0,1077,50198569,29.916666666666668
47.0,1583,50200152,33.680851063829785
32.0,772,50200924,24.125
48.0,1556,50202480,32.416666666666664
53.0,1431,50203911,27.0
46.0,1485,50205396,32.28260869565217
34.0,1131,50206527,33.26470588235294
41.0,1342,50207869,32.73170731707317
27.0,871,50208740,32.25925925925926
34.0,937,50209677,27.558823529411764
20.0,617,50210294,30.85
42.0,1323,50211617,31.5
13.0,268,50211885,20.615384615384617
37.0,1148,50213033,31.027027027027028
29.0,781,50213814,26.93103448275862
40.0,1194,50215008,29.85
29.0,763,50215771,26.310344827586206
38.0,1247,50217018,32.81578947368421
23.0,654,50217672,28.434782608695652
29.0,782,50218454,26.96551724137931
43.0,1405,50219859,32.674418604651166
28.0,750,50220609,26.785714285714285
29.0,850,50221459,29.310344827586206
30.0,945,50222404,31.5
34.0,1076,50223480,31.647058823529413
8.0,160,50223640,20.0
38.0,1083,50224723,28.5
38.0,1160,50225883,30.526315789473685
24.0,661,50226544,27.541666666666668
20.0,645,50227189,32.25
42.0,1441,50228630,34.30952380952381
25.0,773,50229403,30.92
29.0,727,50230130,25.06896551724138
41.0,1288,50231418,31.414634146341463
21.0,463,50231881,22.047619047619047
14.0,371,50232252,26.5
22.0,512,50232764,23.272727272727273
29.0,739,50233503,25.482758620689655
1.0,22,50233525,22.0
30.0,754,50234279,25.133333333333333
24.0,588,50234867,24.5
35.0,857,50235724,24.485714285714284
42.0,1400,50237124,33.333333333333336
36.0,1091,50238215,30.305555555555557
16.0,401,50238616,25.0625
17.0,440,50239056,25.88235294117647
23.0,616,50239672,26.782608695652176
22.0,711,50240383,32.31818181818182
39.0,1236,50241619,31.692307692307693
23.0,642,50242261,27.91304347826087
18.0,484,50242745,26.88888888888889
20.0,519,50243264,25.95
17.0,493,50243757,29.0
30.0,983,50244740,32.766666666666666
35.0,893,50245633,25.514285714285716
25.0,709,50246342,28.36
35.0,1018,50247360,29.085714285714285
31.0,945,50248305,30.483870967741936
35.0,867,50249172,24.771428571428572
16.0,403,50249575,25.1875
31.0,811,50250386,26.161290322580644
39.0,1116,50251502,28.615384615384617
27.0,788,50252290,29.185185185185187
36.0,1018,50253308,28.27777777777778
22.0,537,50253845,24.40909090909091
51.0,1485,50255330,29.11764705882353
13.0,281,50255611,21.615384615384617
22.0,381,50255992,17.318181818181817
42.0,1181,50257173,28.11904761904762
37.0,1099,50258272,29.7027027027027
34.0,1059,50259331,31.147058823529413
36.0,1211,50260542,33.638888888888886
31.0,896,50261438,28.903225806451612
33.0,923,50262361,27.96969696969697
15.0,406,50262767,27.066666666666666
39.0,1418,50264185,36.35897435897436
26.0,754,50264939,29.0
17.0,463,50265402,27.235294117647058
24.0,665,50266067,27.708333333333332
43.0,1114,50267181,25.906976744186046
31.0,900,50268081,29.032258064516128
34.0,950,50269031,27.941176470588236
29.0,755,50269786,26.03448275862069
34.0,968,50270754,28.470588235294116
27.0,777,50271531,28.77777777777778
25.0,593,50272124,23.72
21.0,633,50272757,30.142857142857142
37.0,1179,50273936,31.864864864864863
29.0,731,50274667,25.20689655172414
16.0,441,50275108,27.5625
26.0,627,50275735,24.115384615384617
27.0,794,50276529,29.40740740740741
21.0,567,50277096,27.0
11.0,381,50277477,34.63636363636363
14.0,349,50277826,24.928571428571427
2.0,43,50277869,21.5
45.0,1322,50279191,29.377777777777776
24.0,630,50279821,26.25
8.0,172,50279993,21.5
31.0,977,50280970,31.516129032258064
33.0,928,50281898,28.12121212121212
29.0,925,50282823,31.896551724137932
20.0,520,50283343,26.0
25.0,651,50283994,26.04
40.0,1134,50285128,28.35
33.0,1040,50286168,31.515151515151516
30.0,778,50286946,25.933333333333334
47.0,1592,50288538,33.87234042553192
29.0,770,50289308,26.551724137931036
25.0,640,50289948,25.6
3.0,46,50289994,15.333333333333334
35.0,913,50290907,26.085714285714285
31.0,937,50291844,30.225806451612904
39.0,1351,50293195,34.64102564102564
23.0,611,50293806,26.565217391304348
25.0,610,50294416,24.4
19.0,548,50294964,28.842105263157894
12.0,247,50295211,20.583333333333332
34.0,962,50296173,28.294117647058822
36.0,1020,50297193,28.333333333333332
42.0,1195,50298388,28.452380952380953
37.0,1272,50299660,34.37837837837838
22.0,601,50300261,27.318181818181817
13.0,343,50300604,26.384615384615383
13.0,492,50301096,37.84615384615385
13.0,272,50301368,20.923076923076923
35.0,784,50302152,22.4
11.0,196,50302348,17.818181818181817
25.0,651,50302999,26.04
32.0,1193,50304192,37.28125
29.0,735,50304927,25.344827586206897
36.0,1088,50306015,30.22222222222222
37.0,1015,50307030,27.43243243243243
24.0,561,50307591,23.375
43.0,1622,50309213,37.72093023255814
35.0,1058,50310271,30.228571428571428
20.0,508,50310779,25.4
24.0,627,50311406,26.125
24.0,793,50312199,33.041666666666664
18.0,412,50312611,22.88888888888889
21.0,641,50313252,30.523809523809526
24.0,581,50313833,24.208333333333332
27.0,893,50314726,33.074074074074076
28.0,865,50315591,30.892857142857142
38.0,1338,50316929,35.21052631578947
15.0,317,50317246,21.133333333333333
40.0,1113,50318359,27.825
39.0,1185,50319544,30.384615384615383
28.0,549,50320093,19.607142857142858
28.0,843,50320936,30.107142857142858
28.0,851,50321787,30.392857142857142
39.0,1233,50323020,31.615384615384617
15.0,495,50323515,33.0
31.0,812,50324327,26.193548387096776
19.0,503,50324830,26.473684210526315
25.0,617,50325447,24.68
28.0,768,50326215,27.428571428571427
24.0,1253,50327468,52.208333333333336
23.0,632,50328100,27.47826086956522
35.0,806,50328906,23.02857142857143
19.0,472,50329378,24.842105263157894
32.0,1132,50330510,35.375
27.0,793,50331303,29.37037037037037
22.0,513,50331816,23.318181818181817
46.0,1598,50333414,34.73913043478261
22.0,495,50333909,22.5
15.0,492,50334401,32.8
23.0,720,50335121,31.304347826086957
18.0,363,50335484,20.166666666666668
25.0,743,50336227,29.72
2.0,35,50336262,17.5
30.0,762,50337024,25.4
31.0,819,50337843,26.419354838709676
39.0,1505,50339348,38.58974358974359
12.0,303,50339651,25.25
29.0,948,50340599,32.689655172413794
35.0,940,50341539,26.857142857142858
38.0,1225,50342764,32.23684210526316
18.0,406,50343170,22.555555555555557
24.0,736,50343906,30.666666666666668
20.0,560,50344466,28.0
10.0,232,50344698,23.2
3.0,91,50344789,30.333333333333332
22.0,698,50345487,31.727272727272727
22.0,542,50346029,24.636363636363637
32.0,856,50346885,26.75
5.0,155,50347040,31.0
36.0,1053,50348093,29.25
46.0,1305,50349398,28.369565217391305
30.0,854,50350252,28.466666666666665
12.0,281,50350533,23.416666666666668
31.0,796,50351329,25.677419354838708
35.0,908,50352237,25.942857142857143
25.0,756,50352993,30.24
34.0,911,50353904,26.794117647058822
31.0,1187,50355091,38.29032258064516
1.0,21,50355112,21.0
30.0,811,50355923,27.033333333333335
28.0,790,50356713,28.214285714285715
19.0,394,50357107,20.736842105263158
31.0,721,50357828,23.258064516129032
27.0,870,50358698,32.22222222222222
17.0,357,50359055,21.0
28.0,959,50360014,34.25
31.0,866,50360880,27.93548387096774
24.0,562,50361442,23.416666666666668
24.0,578,50362020,24.083333333333332
37.0,927,50362947,25.054054054054053
26.0,782,50363729,30.076923076923077
43.0,1253,50364982,29.13953488372093
18.0,487,50365469,27.055555555555557
46.0,1284,50366753,27.91304347826087
43.0,1488,50368241,34.604651162790695
18.0,471,50368712,26.166666666666668
37.0,1159,50369871,31.324324324324323
35.0,1065,50370936,30.428571428571427
21.0,559,50371495,26.61904761904762
32.0,1071,50372566,33.46875
17.0,445,50373011,26.176470588235293
19.0,498,50373509,26.210526315789473
21.0,486,50373995,23.142857142857142
30.0,718,50374713,23.933333333333334
21.0,595,50375308,28.333333333333332
32.0,786,50376094,24.5625
27.0,883,50376977,32.7037037037037
31.0,940,50377917,30.322580645161292
29.0,787,50378704,27.137931034482758
33.0,1089,50379793,33.0
32.0,747,50380540,23.34375
33.0,920,50381460,27.87878787878788
36.0,981,50382441,27.25
16.0,465,50382906,29.0625
33.0,1010,50383916,30.606060606060606
30.0,1057,50384973,35.233333333333334
36.0,1039,50386012,28.86111111111111
22.0,643,50386655,29.227272727272727
32.0,955,50387610,29.84375
25.0,735,50388345,29.4
26.0,734,50389079,28.23076923076923
38.0,1159,50390238,30.5
39.0,1079,50391317,27.666666666666668
28.0,698,50392015,24.928571428571427
40.0,1466,50393481,36.65
28.0,848,50394329,30.285714285714285
39.0,1230,50395559,31.53846153846154
42.0,1338,50396897,31.857142857142858
24.0,691,50397588,28.791666666666668
35.0,1010,50398598,28.857142857142858
25.0,547,50399145,21.88
28.0,750,50399895,26.785714285714285
22.0,586,50400481,26.636363636363637
36.0,939,50401420,26.083333333333332
10.0,214,50401634,21.4
20.0,510,50402144,25.5
29.0,853,50402997,29.413793103448278
14.0,375,50403372,26.785714285714285
34.0,1294,50404666,38.05882352941177
30.0,836,50405502,27.866666666666667
18.0,538,50406040,29.88888888888889
27.0,857,50406897,31.74074074074074
36.0,1114,50408011,30.944444444444443
18.0,537,50408548,29.833333333333332
35.0,1036,50409584,29.6
41.0,1262,50410846,30.78048780487805
15.0,367,50411213,24.466666666666665
27.0,827,50412040,30.62962962962963
27.0,656,50412696,24.296296296296298
28.0,601,50413297,21.464285714285715
30.0,917,50414214,30.566666666666666
23.0,547,50414761,23.782608695652176
28.0,922,50415683,32.92857142857143
20.0,600,50416283,30.0
38.0,1119,50417402,29.44736842105263
26.0,573,50417975,22.03846153846154
19.0,532,50418507,28.0
40.0,1295,50419802,32.375
24.0,684,50420486,28.5
21.0,615,50421101,29.285714285714285
37.0,1197,50422298,32.351351351351354
5.0,159,50422457,31.8
29.0,1023,50423480,35.275862068965516
9.0,273,50423753,30.333333333333332
23.0,599,50424352,26.043478260869566
30.0,698,50425050,23.266666666666666
26.0,706,50425756,27.153846153846153
18.0,451,50426207,25.055555555555557
36.0,1267,50427474,35.19444444444444
47.0,1329,50428803,28.27659574468085
32.0,681,50429484,21.28125
50.0,1494,50430978,29.88
23.0,504,50431482,21.91304347826087
31.0,797,50432279,25.70967741935484
33.0,1067,50433346,32.333333333333336
19.0,484,50433830,25.473684210526315
22.0,682,50434512,31.0
24.0,634,50435146,26.416666666666668
27.0,697,50435843,25.814814814814813
8.0,191,50436034,23.875
32.0,997,50437031,31.15625
31.0,991,50438022,31.967741935483872
23.0,595,50438617,25.869565217391305
35.0,1340,50439957,38.285714285714285
34.0,913,50440870,26.852941176470587
31.0,1179,50442049,38.03225806451613
32.0,878,50442927,27.4375
12.0,313,50443240,26.083333333333332
13.0,326,50443566,25.076923076923077
28.0,641,50444207,22.892857142857142
40.0,1110,50445317,27.75
28.0,731,50446048,26.107142857142858
37.0,1023,50447071,27.64864864864865
31.0,1056,50448127,34.064516129032256
25.0,545,50448672,21.8
45.0,1388,50450060,30.844444444444445
17.0,454,50450514,26.705882352941178
7.0,187,50450701,26.714285714285715
22.0,618,50451319,28.09090909090909
26.0,702,50452021,27.0
44.0,1486,50453507,33.77272727272727
31.0,938,50454445,30.258064516129032
24.0,709,50455154,29.541666666666668
22.0,645,50455799,29.318181818181817
31.0,776,50456575,25.032258064516128
38.0,1160,50457735,30.526315789473685
30.0,841,50458576,28.033333333333335
18.0,488,50459064,27.11111111111111
34.0,1052,50460116,30.941176470588236
17.0,308,50460424,18.11764705882353
29.0,1023,50461447,35.275862068965516
34.0,1092,50462539,32.11764705882353
14.0,320,50462859,22.857142857142858
37.0,1082,50463941,29.243243243243242
19.0,415,50464356,21.842105263157894
9.0,201,50464557,22.333333333333332
29.0,940,50465497,32.41379310344828
43.0,1477,50466974,34.348837209302324
28.0,834,50467808,29.785714285714285
25.0,650,50468458,26.0
25.0,493,50468951,19.72
22.0,599,50469550,27.227272727272727
34.0,1179,50470729,34.6764705882353
41.0,1055,50471784,25.73170731707317
5.0,121,50471905,24.2
15.0,495,50472400,33.0
31.0,804,50473204,25.93548387096774
18.0,609,50473813,33.833333333333336
37.0,1367,50475180,36.945945945945944
33.0,927,50476107,28.09090909090909
35.0,1234,50477341,35.25714285714286
34.0,1018,50478359,29.941176470588236
45.0,1366,50479725,30.355555555555554
39.0,1211,50480936,31.05128205128205
24.0,782,50481718,32.583333333333336
24.0,520,50482238,21.666666666666668
39.0,963,50483201,24.692307692307693
15.0,485,50483686,32.333333333333336
15.0,387,50484073,25.8
29.0,787,50484860,27.137931034482758
30.0,692,50485552,23.066666666666666
35.0,1171,50486723,33.457142857142856
23.0,654,50487377,28.434782608695652
18.0,615,50487992,34.166666666666664
18.0,412,50488404,22.88888888888889
35.0,1203,50489607,34.371428571428574
26.0,693,50490300,26.653846153846153
33.0,969,50491269,29.363636363636363
43.0,1603,50492872,37.27906976744186
23.0,680,50493552,29.565217391304348
31.0,776,50494328,25.032258064516128
28.0,582,50494910,20.785714285714285
18.0,402,50495312,22.333333333333332
38.0,941,50496253,24.763157894736842
36.0,855,50497108,23.75
46.0,1485,50498593,32.28260869565217
11.0,203,50498796,18.454545454545453
30.0,822,50499618,27.4
13.0,435,50500053,33.46153846153846
40.0,1183,50501236,29.575
52.0,1745,50502981,33.55769230769231
40.0,1126,50504107,28.15
24.0,604,50504711,25.166666666666668
34.0,1234,50505945,36.294117647058826
33.0,926,50506871,28.060606060606062
32.0,875,50507746,27.34375
7.0,218,50507964,31.142857142857142
38.0,1330,50509294,35.0
31.0,965,50510259,31.129032258064516
22.0,589,50510848,26.772727272727273
29.0,1048,50511896,36.13793103448276
35.0,985,50512881,28.142857142857142
10.0,215,50513096,21.5
33.0,1072,50514168,32.484848484848484
35.0,956,50515124,27.314285714285713
30.0,1152,50516276,38.4
35.0,1095,50517371,31.285714285714285
33.0,956,50518327,28.96969696969697
34.0,956,50519283,28.11764705882353
25.0,657,50519940,26.28
45.0,1298,50521238,28.844444444444445
38.0,914,50522152,24.05263157894737
29.0,807,50522959,27.82758620689655
35.0,1056,50524015,30.17142857142857
28.0,803,50524818,28.678571428571427
16.0,447,50525265,27.9375
30.0,673,50525938,22.433333333333334
5.0,119,50526057,23.8
39.0,1013,50527070,25.974358974358974
35.0,1002,50528072,28.62857142857143
38.0,983,50529055,25.86842105263158
9.0,339,50529394,37.666666666666664
33.0,842,50530236,25.515151515151516
36.0,974,50531210,27.055555555555557
37.0,1078,50532288,29.135135135135137
26.0,799,50533087,30.73076923076923
14.0,322,50533409,23.0
3.0,123,50533532,41.0
4.0,82,50533614,20.5
31.0,824,50534438,26.580645161290324
34.0,1054,50535492,31.0
30.0,850,50536342,28.333333333333332
8.0,248,50536590,31.0
16.0,456,50537046,28.5
47.0,1356,50538402,28.851063829787233
31.0,842,50539244,27.161290322580644
51.0,1725,50540969,33.8235294117647
44.0,1487,50542456,33.79545454545455
14.0,314,50542770,22.428571428571427
25.0,870,50543640,34.8
23.0,603,50544243,26.217391304347824
9.0,207,50544450,23.0
41.0,1515,50545965,36.951219512195124
26.0,679,50546644,26.115384615384617
48.0,1349,50547993,28.104166666666668
16.0,415,50548408,25.9375
24.0,616,50549024,25.666666666666668
21.0,541,50549565,25.761904761904763
39.0,1224,50550789,31.384615384615383
11.0,297,50551086,27.0
30.0,797,50551883,26.566666666666666
29.0,890,50552773,30.689655172413794
28.0,850,50553623,30.357142857142858
5.0,115,50553738,23.0
35.0,728,50554466,20.8
30.0,772,50555238,25.733333333333334
24.0,794,50556032,33.083333333333336
11.0,226,50556258,20.545454545454547
28.0,770,50557028,27.5
37.0,1122,50558150,30.324324324324323
37.0,1145,50559295,30.945945945945947
33.0,958,50560253,29.03030303030303
22.0,588,50560841,26.727272727272727
28.0,951,50561792,33.964285714285715
26.0,750,50562542,28.846153846153847
27.0,875,50563417,32.407407407407405
31.0,979,50564396,31.580645161290324
23.0,703,50565099,30.565217391304348
26.0,697,50565796,26.807692307692307
23.0,533,50566329,23.17391304347826
41.0,1129,50567458,27.536585365853657
36.0,943,50568401,26.194444444444443
13.0,349,50568750,26.846153846153847
24.0,747,50569497,31.125
41.0,1248,50570745,30.4390243902439
53.0,1729,50572474,32.62264150943396
27.0,710,50573184,26.296296296296298
41.0,1109,50574293,27.048780487804876
37.0,1265,50575558,34.189189189189186
37.0,1060,50576618,28.64864864864865
28.0,834,50577452,29.785714285714285
30.0,773,50578225,25.766666666666666
37.0,1274,50579499,34.432432432432435
33.0,962,50580461,29.151515151515152
42.0,1256,50581717,29.904761904761905
34.0,999,50582716,29.38235294117647
29.0,725,50583441,25.0
28.0,732,50584173,26.142857142857142
17.0,510,50584683,30.0
30.0,896,50585579,29.866666666666667
16.0,392,50585971,24.5
22.0,588,50586559,26.727272727272727
35.0,811,50587370,23.17142857142857
32.0,1018,50588388,31.8125
32.0,921,50589309,28.78125
14.0,441,50589750,31.5
24.0,511,50590261,21.291666666666668
18.0,451,50590712,25.055555555555557
32.0,962,50591674,30.0625
36.0,1012,50592686,28.11111111111111
36.0,1102,50593788,30.61111111111111
46.0,1443,50595231,31.369565217391305
25.0,792,50596023,31.68
21.0,648,50596671,30.857142857142858
25.0,769,50597440,30.76
30.0,860,50598300,28.666666666666668
19.0,475,50598775,25.0
22.0,550,50599325,25.0
31.0,965,50600290,31.129032258064516
29.0,870,50601160,30.0
23.0,547,50601707,23.782608695652176
10.0,215,50601922,21.5
39.0,1390,50603312,35.64102564102564
20.0,562,50603874,28.1
39.0,1317,50605191,33.76923076923077
22.0,698,50605889,31.727272727272727
13.0,307,50606196,23.615384615384617
12.0,326,50606522,27.166666666666668
47.0,1432,50607954,30.46808510638298
24.0,570,50608524,23.75
25.0,677,50609201,27.08
33.0,1027,50610228,31.12121212121212
24.0,665,50610893,27.708333333333332
31.0,863,50611756,27.838709677419356
40.0,1171,50612927,29.275
28.0,781,50613708,27.892857142857142
26.0,660,50614368,25.384615384615383
24.0,557,50614925,23.208333333333332
23.0,573,50615498,24.91304347826087
43.0,1236,50616734,28.74418604651163
20.0,493,50617227,24.65
23.0,649,50617876,28.217391304347824
39.0,1332,50619208,34.15384615384615
16.0,442,50619650,27.625
5.0,122,50619772,24.4
30.0,765,50620537,25.5
25.0,639,50621176,25.56
33.0,870,50622046,26.363636363636363
37.0,1139,50623185,30.783783783783782
38.0,1098,50624283,28.894736842105264
20.0,498,50624781,24.9
37.0,1119,50625900,30.243243243243242
29.0,1021,50626921,35.206896551724135
24.0,597,50627518,24.875
26.0,829,50628347,31.884615384615383
10.0,217,50628564,21.7
15.0,422,50628986,28.133333333333333
28.0,852,50629838,30.428571428571427
46.0,1246,50631084,27.08695652173913
6.0,108,50631192,18.0
42.0,1257,50632449,29.928571428571427
56.0,1754,50634203,31.321428571428573
38.0,1047,50635250,27.55263157894737
21.0,551,50635801,26.238095238095237
38.0,1131,50636932,29.763157894736842
21.0,494,50637426,23.523809523809526
21.0,578,50638004,27.523809523809526
26.0,668,50638672,25.692307692307693
45.0,1336,50640008,29.68888888888889
22.0,683,50640691,31.045454545454547
45.0,1453,50642144,32.28888888888889
15.0,347,50642491,23.133333333333333
28.0,718,50643209,25.642857142857142
29.0,751,50643960,25.896551724137932
13.0,231,50644191,17.76923076923077
35.0,739,50644930,21.114285714285714
16.0,447,50645377,27.9375
35.0,962,50646339,27.485714285714284
12.0,328,50646667,27.333333333333332
29.0,848,50647515,29.24137931034483
37.0,1223,50648738,33.054054054054056
19.0,670,50649408,35.26315789473684
27.0,717,50650125,26.555555555555557
10.0,250,50650375,25.0
28.0,789,50651164,28.178571428571427
26.0,690,50651854,26.53846153846154
28.0,665,50652519,23.75
23.0,662,50653181,28.782608695652176
45.0,1515,50654696,33.666666666666664
33.0,1290,50655986,39.09090909090909
17.0,501,50656487,29.470588235294116
19.0,490,50656977,25.789473684210527
23.0,691,50657668,30.043478260869566
23.0,674,50658342,29.304347826086957
28.0,793,50659135,28.321428571428573
12.0,350,50659485,29.166666666666668
40.0,1169,50660654,29.225
11.0,297,50660951,27.0
33.0,974,50661925,29.515151515151516
22.0,571,50662496,25.954545454545453
9.0,148,50662644,16.444444444444443
37.0,1020,50663664,27.56756756756757
25.0,702,50664366,28.08
25.0,766,50665132,30.64
30.0,708,50665840,23.6
31.0,768,50666608,24.774193548387096
26.0,802,50667410,30.846153846153847
29.0,749,50668159,25.82758620689655
43.0,1587,50669746,36.906976744186046
40.0,1259,50671005,31.475
31.0,867,50671872,27.967741935483872
22.0,704,50672576,32.0
34.0,886,50673462,26.058823529411764
25.0,1024,50674486,40.96
34.0,1060,50675546,31.176470588235293
22.0,833,50676379,37.86363636363637
46.0,1342,50677721,29.17391304347826
42.0,1349,50679070,32.11904761904762
22.0,703,50679773,31.954545454545453
31.0,683,50680456,22.032258064516128
35.0,1163,50681619,33.22857142857143
54.0,1932,50683551,35.77777777777778
30.0,651,50684202,21.7
11.0,212,50684414,19.272727272727273
32.0,898,50685312,28.0625
16.0,488,50685800,30.5
31.0,946,50686746,30.516129032258064
19.0,594,50687340,31.263157894736842
39.0,1304,50688644,33.43589743589744
25.0,696,50689340,27.84
31.0,996,50690336,32.12903225806452
20.0,511,50690847,25.55
32.0,1113,50691960,34.78125
18.0,339,50692299,18.833333333333332
50.0,1479,50693778,29.58
30.0,762,50694540,25.4
43.0,1341,50695881,31.186046511627907
32.0,790,50696671,24.6875
25.0,720,50697391,28.8
38.0,1087,50698478,28.605263157894736
22.0,600,50699078,27.272727272727273
31.0,945,50700023,30.483870967741936
15.0,456,50700479,30.4
36.0,1111,50701590,30.86111111111111
13.0,238,50701828,18.307692307692307
36.0,1123,50702951,31.194444444444443
31.0,906,50703857,29.225806451612904
17.0,474,50704331,27.88235294117647
17.0,443,50704774,26.058823529411764
31.0,772,50705546,24.903225806451612
30.0,810,50706356,27.0
41.0,1187,50707543,28.951219512195124
38.0,1075,50708618,28.289473684210527
44.0,1464,50710082,33.27272727272727
27.0,686,50710768,25.40740740740741
31.0,719,50711487,23.193548387096776
18.0,407,50711894,22.61111111111111
35.0,1004,50712898,28.685714285714287
36.0,984,50713882,27.333333333333332
9.0,209,50714091,23.22222222222222
27.0,798,50714889,29.555555555555557
10.0,232,50715121,23.2
35.0,1125,50716246,32.142857142857146
13.0,325,50716571,25.0
36.0,1150,50717721,31.944444444444443
32.0,1050,50718771,32.8125
16.0,320,50719091,20.0
13.0,317,50719408,24.384615384615383
45.0,1451,50720859,32.24444444444445
21.0,609,50721468,29.0
38.0,1303,50722771,34.28947368421053
20.0,569,50723340,28.45
36.0,950,50724290,26.38888888888889
31.0,1115,50725405,35.96774193548387
24.0,762,50726167,31.75
17.0,342,50726509,20.11764705882353
34.0,884,50727393,26.0
39.0,1015,50728408,26.025641025641026
26.0,720,50729128,27.692307692307693
31.0,1057,50730185,34.096774193548384
25.0,1006,50731191,40.24
13.0,320,50731511,24.615384615384617
41.0,1101,50732612,26.853658536585368
39.0,1191,50733803,30.53846153846154
39.0,1053,50734856,27.0
47.0,1652,50736508,35.148936170212764
36.0,1035,50737543,28.75
36.0,1155,50738698,32.083333333333336
44.0,1293,50739991,29.386363636363637
14.0,374,50740365,26.714285714285715
32.0,1043,50741408,32.59375
41.0,1269,50742677,30.951219512195124
36.0,872,50743549,24.22222222222222
17.0,561,50744110,33.0
40.0,1320,50745430,33.0
8.0,242,50745672,30.25
31.0,906,50746578,29.225806451612904
23.0,559,50747137,24.304347826086957
42.0,1257,50748394,29.928571428571427
5.0,129,50748523,25.8
35.0,1018,50749541,29.085714285714285
21.0,476,50750017,22.666666666666668
5.0,175,50750192,35.0
15.0,427,50750619,28.466666666666665
43.0,1480,50752099,34.41860465116279
24.0,604,50752703,25.166666666666668
44.0,1387,50754090,31.522727272727273
28.0,730,50754820,26.071428571428573
28.0,784,50755604,28.0
25.0,672,50756276,26.88
10.0,275,50756551,27.5
22.0,732,50757283,33.27272727272727
18.0,362,50757645,20.11111111111111
23.0,700,50758345,30.434782608695652
18.0,551,50758896,30.61111111111111
10.0,203,50759099,20.3
35.0,1075,50760174,30.714285714285715
41.0,1218,50761392,29.70731707317073
26.0,617,50762009,23.73076923076923
22.0,579,50762588,26.318181818181817
16.0,374,50762962,23.375
45.0,1623,50764585,36.06666666666667
30.0,1001,50765586,33.36666666666667
12.0,338,50765924,28.166666666666668
24.0,739,50766663,30.791666666666668
33.0,859,50767522,26.03030303030303
50.0,1526,50769048,30.52
41.0,1128,50770176,27.51219512195122
27.0,683,50770859,25.296296296296298
28.0,819,50771678,29.25
10.0,236,50771914,23.6
30.0,734,50772648,24.466666666666665
14.0,385,50773033,27.5
8.0,258,50773291,32.25
10.0,306,50773597,30.6
33.0,930,50774527,28.181818181818183
22.0,606,50775133,27.545454545454547
22.0,658,50775791,29.90909090909091
29.0,866,50776657,29.862068965517242
47.0,1397,50778054,29.72340425531915
42.0,1131,50779185,26.928571428571427
24.0,661,50779846,27.541666666666668
22.0,590,50780436,26.818181818181817
30.0,947,50781383,31.566666666666666
32.0,1095,50782478,34.21875
31.0,972,50783450,31.35483870967742
34.0,944,50784394,27.764705882352942
42.0,1156,50785550,27.523809523809526
36.0,988,50786538,27.444444444444443
18.0,408,50786946,22.666666666666668
39.0,1258,50788204,32.256410256410255
30.0,839,50789043,27.966666666666665
29.0,792,50789835,27.310344827586206
27.0,794,50790629,29.40740740740741
33.0,1163,50791792,35.24242424242424
20.0,393,50792185,19.65
26.0,826,50793011,31.76923076923077
28.0,788,50793799,28.142857142857142
40.0,1190,50794989,29.75
18.0,649,50795638,36.05555555555556
37.0,975,50796613,26.35135135135135
40.0,1136,50797749,28.4
31.0,856,50798605,27.612903225806452
18.0,448,50799053,24.88888888888889
12.0,250,50799303,20.833333333333332
31.0,798,50800101,25.741935483870968
39.0,1075,50801176,27.564102564102566
35.0,848,50802024,24.228571428571428
32.0,767,50802791,23.96875
28.0,897,50803688,32.035714285714285
26.0,807,50804495,31.03846153846154
27.0,635,50805130,23.51851851851852
41.0,1448,50806578,35.31707317073171
42.0,1360,50807938,32.38095238095238
37.0,1204,50809142,32.54054054054054
26.0,722,50809864,27.76923076923077
33.0,1024,50810888,31.03030303030303
25.0,781,50811669,31.24
37.0,1389,50813058,37.54054054054054
10.0,162,50813220,16.2
18.0,516,50813736,28.666666666666668
32.0,1100,50814836,34.375
41.0,1398,50816234,34.09756097560975
19.0,393,50816627,20.68421052631579
32.0,890,50817517,27.8125
10.0,183,50817700,18.3
39.0,1229,50818929,31.512820512820515
41.0,1285,50820214,31.341463414634145
36.0,1025,50821239,28.47222222222222
33.0,854,50822093,25.87878787878788
42.0,1218,50823311,29.0
29.0,843,50824154,29.06896551724138
38.0,1198,50825352,31.526315789473685
23.0,549,50825901,23.869565217391305
31.0,884,50826785,28.516129032258064
44.0,1338,50828123,30.40909090909091
29.0,618,50828741,21.310344827586206
19.0,569,50829310,29.94736842105263
37.0,996,50830306,26.91891891891892
36.0,1119,50831425,31.083333333333332
34.0,1146,50832571,33.705882352941174
21.0,633,50833204,30.142857142857142
20.0,487,50833691,24.35
23.0,622,50834313,27.043478260869566
20.0,591,50834904,29.55
30.0,813,50835717,27.1
43.0,1238,50836955,28.790697674418606
12.0,259,50837214,21.583333333333332
30.0,836,50838050,27.866666666666667
26.0,850,50838900,32.69230769230769
24.0,758,50839658,31.583333333333332
19.0,573,50840231,30.157894736842106
25.0,632,50840863,25.28
28.0,666,50841529,23.785714285714285
42.0,1308,50842837,31.142857142857142
13.0,406,50843243,31.23076923076923
45.0,1269,50844512,28.2
25.0,799,50845311,31.96
30.0,1015,50846326,33.833333333333336
26.0,844,50847170,32.46153846153846
30.0,911,50848081,30.366666666666667
14.0,334,50848415,23.857142857142858
32.0,990,50849405,30.9375
29.0,1098,50850503,37.86206896551724
16.0,352,50850855,22.0
23.0,511,50851366,22.217391304347824
25.0,804,50852170,32.16
19.0,592,50852762,31.157894736842106
25.0,587,50853349,23.48
16.0,366,50853715,22.875
27.0,904,50854619,33.48148148148148
51.0,1126,50855745,22.07843137254902
42.0,1253,50856998,29.833333333333332
33.0,761,50857759,23.060606060606062
35.0,1066,50858825,30.457142857142856
33.0,1098,50859923,33.27272727272727
49.0,1600,50861523,32.6530612244898
26.0,745,50862268,28.653846153846153
40.0,1225,50863493,30.625
38.0,1242,50864735,32.68421052631579
27.0,587,50865322,21.74074074074074
34.0,1107,50866429,32.55882352941177
19.0,550,50866979,28.94736842105263
29.0,893,50867872,30.79310344827586
34.0,1072,50868944,31.529411764705884
32.0,960,50869904,30.0
15.0,281,50870185,18.733333333333334
36.0,1028,50871213,28.555555555555557
28.0,833,50872046,29.75
30.0,745,50872791,24.833333333333332
37.0,1055,50873846,28.513513513513512
20.0,594,50874440,29.7
17.0,517,50874957,30.41176470588235
25.0,666,50875623,26.64
22.0,563,50876186,25.59090909090909
40.0,992,50877178,24.8
18.0,473,50877651,26.27777777777778
24.0,626,50878277,26.083333333333332
26.0,773,50879050,29.73076923076923
15.0,342,50879392,22.8
32.0,1163,50880555,36.34375
21.0,462,50881017,22.0
21.0,568,50881585,27.047619047619047
24.0,587,50882172,24.458333333333332
36.0,1185,50883357,32.916666666666664
19.0,603,50883960,31.736842105263158
50.0,1324,50885284,26.48
44.0,922,50886206,20.954545454545453
35.0,1232,50887438,35.2
49.0,1370,50888808,27.959183673469386
34.0,939,50889747,27.61764705882353
40.0,1151,50890898,28.775
26.0,630,50891528,24.23076923076923
30.0,736,50892264,24.533333333333335
19.0,396,50892660,20.842105263157894
16.0,273,50892933,17.0625
30.0,1028,50893961,34.266666666666666
13.0,272,50894233,20.923076923076923
41.0,1041,50895274,25.390243902439025
17.0,377,50895651,22.176470588235293
26.0,587,50896238,22.576923076923077
25.0,761,50896999,30.44
24.0,597,50897596,24.875
42.0,1267,50898863,30.166666666666668
32.0,930,50899793,29.0625
47.0,1451,50901244,30.872340425531913
27.0,870,50902114,32.22222222222222
52.0,1510,50903624,29.03846153846154
22.0,601,50904225,27.318181818181817
26.0,697,50904922,26.807692307692307
31.0,1020,50905942,32.903225806451616
36.0,1174,50907116,32.611111111111114
25.0,567,50907683,22.68
51.0,1751,50909434,34.333333333333336
14.0,433,50909867,30.928571428571427
40.0,1400,50911267,35.0
18.0,577,50911844,32.05555555555556
18.0,597,50912441,33.166666666666664
26.0,822,50913263,31.615384615384617
32.0,741,50914004,23.15625
29.0,924,50914928,31.862068965517242
30.0,637,50915565,21.233333333333334
40.0,1121,50916686,28.025
31.0,884,50917570,28.516129032258064
29.0,616,50918186,21.24137931034483
54.0,1731,50919917,32.05555555555556
42.0,1205,50921122,28.69047619047619
40.0,1238,50922360,30.95
41.0,1133,50923493,27.634146341463413
43.0,1213,50924706,28.209302325581394
27.0,862,50925568,31.925925925925927
22.0,714,50926282,32.45454545454545
30.0,906,50927188,30.2
6.0,101,50927289,16.833333333333332
26.0,620,50927909,23.846153846153847
20.0,596,50928505,29.8
45.0,1152,50929657,25.6
21.0,607,50930264,28.904761904761905
9.0,245,50930509,27.22222222222222
20.0,493,50931002,24.65
40.0,1455,50932457,36.375
34.0,968,50933425,28.470588235294116
45.0,1613,50935038,35.84444444444444
25.0,735,50935773,29.4
22.0,533,50936306,24.227272727272727
33.0,813,50937119,24.636363636363637
42.0,1374,50938493,32.714285714285715
26.0,678,50939171,26.076923076923077
37.0,1153,50940324,31.16216216216216
43.0,1501,50941825,34.906976744186046
37.0,1194,50943019,32.270270270270274
25.0,714,50943733,28.56
13.0,290,50944023,22.307692307692307
26.0,617,50944640,23.73076923076923
33.0,878,50945518,26.606060606060606
20.0,535,50946053,26.75
25.0,801,50946854,32.04
41.0,1170,50948024,28.536585365853657
26.0,701,50948725,26.96153846153846
15.0,258,50948983,17.2
26.0,630,50949613,24.23076923076923
36.0,812,50950425,22.555555555555557
24.0,729,50951154,30.375
28.0,763,50951917,27.25
14.0,268,50952185,19.142857142857142
42.0,1279,50953464,30.452380952380953
15.0,389,50953853,25.933333333333334
24.0,802,50954655,33.416666666666664
23.0,706,50955361,30.695652173913043
38.0,1273,50956634,33.5
31.0,764,50957398,24.64516129032258
20.0,464,50957862,23.2
33.0,663,50958525,20.09090909090909
40.0,1311,50959836,32.775
18.0,371,50960207,20.61111111111111
32.0,841,50961048,26.28125
37.0,866,50961914,23.405405405405407
33.0,1092,50963006,33.09090909090909
28.0,878,50963884,31.357142857142858
22.0,658,50964542,29.90909090909091
28.0,751,50965293,26.821428571428573
31.0,1027,50966320,33.12903225806452
17.0,353,50966673,20.764705882352942
35.0,900,50967573,25.714285714285715
37.0,1347,50968920,36.4054054054054
22.0,557,50969477,25.318181818181817
28.0,974,50970451,34.785714285714285
22.0,525,50970976,23.863636363636363
11.0,380,50971356,34.54545454545455
21.0,591,50971947,28.142857142857142
13.0,361,50972308,27.76923076923077
35.0,913,50973221,26.085714285714285
18.0,445,50973666,24.72222222222222
25.0,782,50974448,31.28
32.0,1089,50975537,34.03125
33.0,807,50976344,24.454545454545453
19.0,507,50976851,26.68421052631579
21.0,638,50977489,30.38095238095238
33.0,914,50978403,27.696969696969695
24.0,726,50979129,30.25
10.0,255,50979384,25.5
10.0,271,50979655,27.1
30.0,863,50980518,28.766666666666666
8.0,240,50980758,30.0
37.0,1060,50981818,28.64864864864865
36.0,1123,50982941,31.194444444444443
21.0,540,50983481,25.714285714285715
39.0,1186,50984667,30.41025641025641
19.0,535,50985202,28.157894736842106
16.0,278,50985480,17.375
4.0,73,50985553,18.25
20.0,521,50986074,26.05
41.0,1157,50987231,28.21951219512195
17.0,381,50987612,22.41176470588235
43.0,1318,50988930,30.651162790697676
32.0,735,50989665,22.96875
45.0,1852,50991517,41.15555555555556
16.0,454,50991971,28.375
39.0,1263,50993234,32.38461538461539
38.0,1143,50994377,30.07894736842105
26.0,908,50995285,34.92307692307692
16.0,316,50995601,19.75
27.0,656,50996257,24.296296296296298
26.0,779,50997036,29.96153846153846
17.0,328,50997364,19.294117647058822
16.0,526,50997890,32.875
31.0,1147,50999037,37.0
20.0,461,50999498,23.05
26.0,634,51000132,24.384615384615383
23.0,619,51000751,26.91304347826087
25.0,607,51001358,24.28
13.0,259,51001617,19.923076923076923
24.0,762,51002379,31.75
36.0,1162,51003541,32.27777777777778
18.0,392,51003933,21.77777777777778
27.0,837,51004770,31.0
21.0,640,51005410,30.476190476190474
27.0,841,51006251,31.14814814814815
20.0,538,51006789,26.9
14.0,369,51007158,26.357142857142858
35.0,1145,51008303,32.714285714285715
36.0,988,51009291,27.444444444444443
38.0,1128,51010419,29.68421052631579
24.0,602,51011021,25.083333333333332
12.0,286,51011307,23.833333333333332
25.0,662,51011969,26.48
26.0,785,51012754,30.192307692307693
15.0,321,51013075,21.4
34.0,881,51013956,25.91176470588235
29.0,786,51014742,27.103448275862068
20.0,493,51015235,24.65
36.0,1106,51016341,30.72222222222222
48.0,1622,51017963,33.791666666666664
41.0,1291,51019254,31.48780487804878
20.0,533,51019787,26.65
28.0,973,51020760,34.75
33.0,997,51021757,30.21212121212121
26.0,636,51022393,24.46153846153846
21.0,623,51023016,29.666666666666668
38.0,1156,51024172,30.42105263157895
31.0,865,51025037,27.903225806451612
14.0,386,51025423,27.571428571428573
15.0,277,51025700,18.466666666666665
30.0,856,51026556,28.533333333333335
25.0,657,51027213,26.28
40.0,1528,51028741,38.2
20.0,600,51029341,30.0
27.0,720,51030061,26.666666666666668
27.0,799,51030860,29.59259259259259
28.0,721,51031581,25.75
24.0,695,51032276,28.958333333333332
33.0,965,51033241,29.242424242424242
23.0,793,51034034,34.47826086956522
25.0,659,51034693,26.36
23.0,459,51035152,19.956521739130434
19.0,657,51035809,34.578947368421055
44.0,1006,51036815,22.863636363636363
33.0,765,51037580,23.181818181818183
21.0,645,51038225,30.714285714285715
32.0,809,51039034,25.28125
30.0,890,51039924,29.666666666666668
30.0,823,51040747,27.433333333333334
25.0,1078,51041825,43.12
33.0,778,51042603,23.575757575757574
35.0,917,51043520,26.2
16.0,606,51044126,37.875
33.0,1075,51045201,32.57575757575758
26.0,739,51045940,28.423076923076923
30.0,875,51046815,29.166666666666668
14.0,327,51047142,23.357142857142858
32.0,792,51047934,24.75
22.0,529,51048463,24.045454545454547
18.0,541,51049004,30.055555555555557
28.0,759,51049763,27.107142857142858
23.0,695,51050458,30.217391304347824
44.0,1577,51052035,35.84090909090909
39.0,1110,51053145,28.46153846153846
19.0,606,51053751,31.894736842105264
25.0,859,51054610,34.36
36.0,817,51055427,22.694444444444443
40.0,1209,51056636,30.225
17.0,498,51057134,29.294117647058822
13.0,458,51057592,35.23076923076923
39.0,1368,51058960,35.07692307692308
26.0,633,51059593,24.346153846153847
27.0,712,51060305,26.37037037037037
35.0,999,51061304,28.542857142857144
36.0,1109,51062413,30.805555555555557
36.0,1085,51063498,30.13888888888889
25.0,730,51064228,29.2
19.0,480,51064708,25.263157894736842
22.0,655,51065363,29.772727272727273
30.0,844,51066207,28.133333333333333
28.0,690,51066897,24.642857142857142
40.0,991,51067888,24.775
25.0,686,51068574,27.44
12.0,214,51068788,17.833333333333332
26.0,708,51069496,27.23076923076923
43.0,1320,51070816,30.697674418604652
18.0,480,51071296,26.666666666666668
20.0,481,51071777,24.05
23.0,734,51072511,31.91304347826087
25.0,728,51073239,29.12
42.0,1023,51074262,24.357142857142858
26.0,786,51075048,30.23076923076923
30.0,691,51075739,23.033333333333335
19.0,612,51076351,32.21052631578947
26.0,734,51077085,28.23076923076923
21.0,655,51077740,31.19047619047619
34.0,987,51078727,29.029411764705884
24.0,554,51079281,23.083333333333332
23.0,713,51079994,31.0
31.0,937,51080931,30.225806451612904
30.0,747,51081678,24.9
36.0,901,51082579,25.02777777777778
33.0,937,51083516,28.393939393939394
13.0,371,51083887,28.53846153846154
24.0,618,51084505,25.75
26.0,591,51085096,22.73076923076923
35.0,1041,51086137,29.742857142857144
25.0,681,51086818,27.24
10.0,222,51087040,22.2
36.0,1137,51088177,31.583333333333332
17.0,553,51088730,32.529411764705884
30.0,869,51089599,28.966666666666665
30.0,798,51090397,26.6
25.0,756,51091153,30.24
19.0,620,51091773,32.63157894736842
35.0,1045,51092818,29.857142857142858
33.0,1194,51094012,36.18181818181818
30.0,977,51094989,32.56666666666667
44.0,1100,51096089,25.0
23.0,698,51096787,30.347826086956523
28.0,789,51097576,28.178571428571427
33.0,907,51098483,27.484848484848484
22.0,598,51099081,27.181818181818183
40.0,1384,51100465,34.6
31.0,912,51101377,29.419354838709676
35.0,922,51102299,26.34285714285714
35.0,1089,51103388,31.114285714285714
30.0,713,51104101,23.766666666666666
38.0,1252,51105353,32.94736842105263
23.0,714,51106067,31.043478260869566
30.0,925,51106992,30.833333333333332
26.0,761,51107753,29.26923076923077
15.0,466,51108219,31.066666666666666
40.0,943,51109162,23.575
35.0,1007,51110169,28.771428571428572
31.0,919,51111088,29.64516129032258
28.0,696,51111784,24.857142857142858
21.0,643,51112427,30.61904761904762
35.0,892,51113319,25.485714285714284
52.0,1709,51115028,32.86538461538461
22.0,597,51115625,27.136363636363637
27.0,645,51116270,23.88888888888889
27.0,923,51117193,34.18518518518518
42.0,1444,51118637,34.38095238095238
16.0,333,51118970,20.8125
21.0,464,51119434,22.095238095238095
30.0,894,51120328,29.8
38.0,1129,51121457,29.710526315789473
21.0,464,51121921,22.095238095238095
27.0,707,51122628,26.185185185185187
2.0,88,51122716,44.0
29.0,866,51123582,29.862068965517242
28.0,890,51124472,31.785714285714285
18.0,684,51125156,38.0
44.0,1256,51126412,28.545454545454547
17.0,465,51126877,27.352941176470587
31.0,1027,51127904,33.12903225806452
26.0,614,51128518,23.615384615384617
53.0,1743,51130261,32.886792452830186
23.0,653,51130914,28.391304347826086
22.0,523,51131437,23.772727272727273
15.0,443,51131880,29.533333333333335
37.0,1206,51133086,32.5945945945946
21.0,578,51133664,27.523809523809526
24.0,594,51134258,24.75
17.0,437,51134695,25.705882352941178
55.0,1939,51136634,35.25454545454546
23.0,634,51137268,27.565217391304348
30.0,1008,51138276,33.6
29.0,721,51138997,24.862068965517242
41.0,1397,51140394,34.073170731707314
22.0,682,51141076,31.0
35.0,944,51142020,26.97142857142857
26.0,715,51142735,27.5
19.0,518,51143253,27.263157894736842
29.0,792,51144045,27.310344827586206
20.0,496,51144541,24.8
23.0,553,51145094,24.043478260869566
37.0,1067,51146161,28.83783783783784
23.0,613,51146774,26.652173913043477
32.0,822,51147596,25.6875
25.0,629,51148225,25.16
26.0,664,51148889,25.53846153846154
18.0,485,51149374,26.944444444444443
35.0,800,51150174,22.857142857142858
26.0,704,51150878,27.076923076923077
9.0,223,51151101,24.77777777777778
27.0,804,51151905,29.77777777777778
30.0,998,51152903,33.266666666666666
31.0,896,51153799,28.903225806451612
14.0,371,51154170,26.5
37.0,1120,51155290,30.27027027027027
30.0,787,51156077,26.233333333333334
28.0,835,51156912,29.821428571428573
23.0,726,51157638,31.565217391304348
21.0,534,51158172,25.428571428571427
29.0,816,51158988,28.137931034482758
50.0,1360,51160348,27.2
39.0,1256,51161604,32.205128205128204
28.0,836,51162440,29.857142857142858
20.0,649,51163089,32.45
24.0,670,51163759,27.916666666666668
3.0,100,51163859,33.333333333333336
31.0,925,51164784,29.838709677419356
52.0,1401,51166185,26.942307692307693
36.0,1126,51167311,31.27777777777778
32.0,1059,51168370,33.09375
39.0,1165,51169535,29.871794871794872
22.0,662,51170197,30.09090909090909
39.0,1176,51171373,30.153846153846153
28.0,744,51172117,26.571428571428573
28.0,720,51172837,25.714285714285715
32.0,913,51173750,28.53125
35.0,867,51174617,24.771428571428572
12.0,256,51174873,21.333333333333332
31.0,1132,51176005,36.516129032258064
33.0,1039,51177044,31.484848484848484
36.0,913,51177957,25.36111111111111
22.0,505,51178462,22.954545454545453
35.0,1117,51179579,31.914285714285715
30.0,746,51180325,24.866666666666667
44.0,1193,51181518,27.113636363636363
22.0,548,51182066,24.90909090909091
29.0,685,51182751,23.620689655172413
17.0,448,51183199,26.352941176470587
35.0,952,51184151,27.2
19.0,546,51184697,28.736842105263158
34.0,962,51185659,28.294117647058822
26.0,527,51186186,20.26923076923077
41.0,1264,51187450,30.829268292682926
22.0,579,51188029,26.318181818181817
22.0,396,51188425,18.0
24.0,570,51188995,23.75
28.0,655,51189650,23.392857142857142
10.0,183,51189833,18.3
33.0,1066,51190899,32.303030303030305
38.0,1107,51192006,29.13157894736842
32.0,1005,51193011,31.40625
41.0,1377,51194388,33.58536585365854
20.0,507,51194895,25.35
17.0,336,51195231,19.764705882352942
25.0,765,51195996,30.6
42.0,1497,51197493,35.642857142857146
6.0,328,51197821,54.666666666666664
50.0,1324,51199145,26.48
22.0,630,51199775,28.636363636363637
35.0,876,51200651,25.02857142857143
29.0,928,51201579,32.0
13.0,156,51201735,12.0
14.0,420,51202155,30.0
36.0,1232,51203387,34.22222222222222
12.0,231,51203618,19.25
28.0,948,51204566,33.857142857142854
22.0,754,51205320,34.27272727272727
40.0,1306,51206626,32.65
14.0,388,51207014,27.714285714285715
25.0,663,51207677,26.52
27.0,759,51208436,28.11111111111111
26.0,732,51209168,28.153846153846153
29.0,891,51210059,30.724137931034484
8.0,177,51210236,22.125
46.0,1418,51211654,30.82608695652174
21.0,538,51212192,25.61904761904762
35.0,945,51213137,27.0
30.0,752,51213889,25.066666666666666
17.0,434,51214323,25.529411764705884
13.0,379,51214702,29.153846153846153
37.0,1116,51215818,30.16216216216216
28.0,662,51216480,23.642857142857142
33.0,1157,51217637,35.06060606060606
42.0,1057,51218694,25.166666666666668
26.0,761,51219455,29.26923076923077
32.0,863,51220318,26.96875
26.0,697,51221015,26.807692307692307
21.0,474,51221489,22.571428571428573
40.0,1029,51222518,25.725
27.0,897,51223415,33.22222222222222
20.0,660,51224075,33.0
34.0,1040,51225115,30.58823529411765
43.0,1197,51226312,27.837209302325583
36.0,814,51227126,22.61111111111111
24.0,790,51227916,32.916666666666664
31.0,886,51228802,28.580645161290324
35.0,1108,51229910,31.65714285714286
35.0,901,51230811,25.742857142857144
17.0,419,51231230,24.647058823529413
17.0,387,51231617,22.764705882352942
21.0,487,51232104,23.19047619047619
21.0,686,51232790,32.666666666666664
19.0,488,51233278,25.68421052631579
30.0,724,51234002,24.133333333333333
30.0,703,51234705,23.433333333333334
40.0,1092,51235797,27.3
17.0,471,51236268,27.705882352941178
26.0,668,51236936,25.692307692307693
23.0,659,51237595,28.652173913043477
30.0,772,51238367,25.733333333333334
26.0,578,51238945,22.23076923076923
34.0,854,51239799,25.11764705882353
48.0,1692,51241491,35.25
12.0,218,51241709,18.166666666666668
18.0,474,51242183,26.333333333333332
33.0,821,51243004,24.87878787878788
38.0,1011,51244015,26.605263157894736
21.0,607,51244622,28.904761904761905
26.0,846,51245468,32.53846153846154
26.0,638,51246106,24.53846153846154
42.0,1320,51247426,31.428571428571427
36.0,964,51248390,26.77777777777778
33.0,1035,51249425,31.363636363636363
22.0,601,51250026,27.318181818181817
29.0,955,51250981,32.93103448275862
36.0,963,51251944,26.75
40.0,1312,51253256,32.8
22.0,542,51253798,24.636363636363637
29.0,689,51254487,23.75862068965517
14.0,298,51254785,21.285714285714285
33.0,946,51255731,28.666666666666668
32.0,801,51256532,25.03125
39.0,1082,51257614,27.743589743589745
22.0,512,51258126,23.272727272727273
7.0,118,51258244,16.857142857142858
37.0,1141,51259385,30.83783783783784
41.0,1199,51260584,29.24390243902439
40.0,1671,51262255,41.775
13.0,204,51262459,15.692307692307692
12.0,314,51262773,26.166666666666668
28.0,718,51263491,25.642857142857142
27.0,750,51264241,27.77777777777778
27.0,824,51265065,30.51851851851852
14.0,467,51265532,33.357142857142854
30.0,723,51266255,24.1
30.0,646,51266901,21.533333333333335
21.0,612,51267513,29.142857142857142
24.0,497,51268010,20.708333333333332
15.0,410,51268420,27.333333333333332
21.0,580,51269000,27.61904761904762
35.0,1107,51270107,31.62857142857143
18.0,458,51270565,25.444444444444443
29.0,828,51271393,28.551724137931036
25.0,718,51272111,28.72
34.0,1113,51273224,32.73529411764706
33.0,931,51274155,28.21212121212121
32.0,917,51275072,28.65625
35.0,1433,51276505,40.94285714285714
36.0,1381,51277886,38.361111111111114
48.0,1415,51279301,29.479166666666668
41.0,1357,51280658,33.09756097560975
21.0,696,51281354,33.142857142857146
41.0,1201,51282555,29.29268292682927
38.0,1137,51283692,29.92105263157895
37.0,1201,51284893,32.45945945945946
32.0,886,51285779,27.6875
18.0,364,51286143,20.22222222222222
36.0,1248,51287391,34.666666666666664
14.0,336,51287727,24.0
30.0,920,51288647,30.666666666666668
25.0,886,51289533,35.44
38.0,982,51290515,25.842105263157894
35.0,1254,51291769,35.82857142857143
38.0,1086,51292855,28.57894736842105
32.0,981,51293836,30.65625
46.0,1448,51295284,31.47826086956522
32.0,889,51296173,27.78125
26.0,665,51296838,25.576923076923077
37.0,1118,51297956,30.216216216216218
24.0,703,51298659,29.291666666666668
36.0,932,51299591,25.88888888888889
26.0,667,51300258,25.653846153846153
44.0,1401,51301659,31.84090909090909
32.0,1073,51302732,33.53125
43.0,1421,51304153,33.04651162790697
35.0,899,51305052,25.685714285714287
21.0,561,51305613,26.714285714285715
9.0,264,51305877,29.333333333333332
23.0,654,51306531,28.434782608695652
21.0,619,51307150,29.476190476190474
34.0,1189,51308339,34.970588235294116
34.0,1178,51309517,34.64705882352941
43.0,1629,51311146,37.883720930232556
29.0,713,51311859,24.586206896551722
31.0,966,51312825,31.161290322580644
26.0,567,51313392,21.807692307692307
42.0,1438,51314830,34.23809523809524
19.0,508,51315338,26.736842105263158
24.0,531,51315869,22.125
33.0,832,51316701,25.21212121212121
48.0,1349,51318050,28.104166666666668
30.0,780,51318830,26.0
36.0,1290,51320120,35.833333333333336
46.0,1356,51321476,29.47826086956522
20.0,569,51322045,28.45
34.0,872,51322917,25.647058823529413
34.0,971,51323888,28.558823529411764
8.0,190,51324078,23.75
47.0,1549,51325627,32.95744680851064
37.0,1264,51326891,34.16216216216216
19.0,435,51327326,22.894736842105264
36.0,1049,51328375,29.13888888888889
11.0,289,51328664,26.272727272727273
32.0,909,51329573,28.40625
41.0,966,51330539,23.5609756097561
14.0,342,51330881,24.428571428571427
16.0,265,51331146,16.5625
28.0,851,51331997,30.392857142857142
28.0,770,51332767,27.5
25.0,742,51333509,29.68
22.0,618,51334127,28.09090909090909
30.0,903,51335030,30.1
33.0,882,51335912,26.727272727272727
32.0,907,51336819,28.34375
27.0,738,51337557,27.333333333333332
43.0,1578,51339135,36.69767441860465
36.0,846,51339981,23.5
2.0,33,51340014,16.5
36.0,1028,51341042,28.555555555555557
32.0,869,51341911,27.15625
32.0,1026,51342937,32.0625
33.0,967,51343904,29.303030303030305
40.0,1339,51345243,33.475
33.0,1168,51346411,35.39393939393939
39.0,1092,51347503,28.0
44.0,1497,51349000,34.02272727272727
19.0,507,51349507,26.68421052631579
45.0,1313,51350820,29.177777777777777
36.0,1074,51351894,29.833333333333332
36.0,995,51352889,27.63888888888889
29.0,779,51353668,26.862068965517242
24.0,706,51354374,29.416666666666668
34.0,1429,51355803,42.029411764705884
40.0,1158,51356961,28.95
27.0,640,51357601,23.703703703703702
18.0,397,51357998,22.055555555555557
23.0,621,51358619,27.0
41.0,1404,51360023,34.24390243902439
21.0,497,51360520,23.666666666666668
43.0,1296,51361816,30.13953488372093
29.0,745,51362561,25.689655172413794
27.0,830,51363391,30.74074074074074
23.0,573,51363964,24.91304347826087
18.0,585,51364549,32.5
26.0,684,51365233,26.307692307692307
24.0,768,51366001,32.0
12.0,261,51366262,21.75
36.0,1095,51367357,30.416666666666668
30.0,753,51368110,25.1
45.0,1617,51369727,35.93333333333333
22.0,631,51370358,28.681818181818183
23.0,614,51370972,26.695652173913043
23.0,717,51371689,31.17391304347826
33.0,888,51372577,26.90909090909091
38.0,908,51373485,23.894736842105264
33.0,791,51374276,23.96969696969697
35.0,915,51375191,26.142857142857142
5.0,142,51375333,28.4
33.0,850,51376183,25.757575757575758
24.0,584,51376767,24.333333333333332
24.0,556,51377323,23.166666666666668
32.0,1023,51378346,31.96875
38.0,1119,51379465,29.44736842105263
39.0,1006,51380471,25.794871794871796
10.0,274,51380745,27.4
44.0,1460,51382205,33.18181818181818
30.0,943,51383148,31.433333333333334
23.0,755,51383903,32.82608695652174
42.0,1024,51384927,24.38095238095238
35.0,1083,51386010,30.942857142857143
22.0,593,51386603,26.954545454545453
9.0,215,51386818,23.88888888888889
14.0,378,51387196,27.0
28.0,807,51388003,28.821428571428573
30.0,1016,51389019,33.86666666666667
43.0,1199,51390218,27.88372093023256
20.0,647,51390865,32.35
24.0,608,51391473,25.333333333333332
20.0,656,51392129,32.8
11.0,213,51392342,19.363636363636363
15.0,392,51392734,26.133333333333333
29.0,897,51393631,30.93103448275862
23.0,617,51394248,26.82608695652174
15.0,299,51394547,19.933333333333334
34.0,791,51395338,23.264705882352942
37.0,1061,51396399,28.675675675675677
28.0,656,51397055,23.428571428571427
18.0,434,51397489,24.11111111111111
39.0,1062,51398551,27.23076923076923
27.0,702,51399253,26.0
31.0,814,51400067,26.258064516129032
37.0,1064,51401131,28.756756756756758
37.0,943,51402074,25.486486486486488
22.0,544,51402618,24.727272727272727
34.0,1029,51403647,30.264705882352942
36.0,1047,51404694,29.083333333333332
25.0,779,51405473,31.16
27.0,995,51406468,36.851851851851855
25.0,686,51407154,27.44
27.0,1249,51408403,46.25925925925926
22.0,890,51409293,40.45454545454545
27.0,749,51410042,27.74074074074074
24.0,638,51410680,26.583333333333332
14.0,360,51411040,25.714285714285715
21.0,633,51411673,30.142857142857142
8.0,151,51411824,18.875
25.0,772,51412596,30.88
34.0,1049,51413645,30.852941176470587
29.0,1198,51414843,41.310344827586206
29.0,779,51415622,26.862068965517242
39.0,1028,51416650,26.358974358974358
21.0,599,51417249,28.523809523809526
4.0,108,51417357,27.0
23.0,598,51417955,26.0
24.0,688,51418643,28.666666666666668
31.0,812,51419455,26.193548387096776
26.0,923,51420378,35.5
31.0,1335,51421713,43.064516129032256
22.0,512,51422225,23.272727272727273
37.0,1236,51423461,33.4054054054054
22.0,711,51424172,32.31818181818182
13.0,464,51424636,35.69230769230769
14.0,393,51425029,28.071428571428573
19.0,614,51425643,32.31578947368421
43.0,1301,51426944,30.25581395348837
31.0,742,51427686,23.93548387096774
39.0,1342,51429028,34.41025641025641
54.0,1638,51430666,30.333333333333332
9.0,247,51430913,27.444444444444443
29.0,857,51431770,29.551724137931036
16.0,447,51432217,27.9375
28.0,778,51432995,27.785714285714285
49.0,1542,51434537,31.46938775510204
17.0,423,51434960,24.88235294117647
27.0,676,51435636,25.037037037037038
20.0,568,51436204,28.4
25.0,823,51437027,32.92
36.0,1014,51438041,28.166666666666668
31.0,953,51438994,30.741935483870968
36.0,1019,51440013,28.305555555555557
28.0,582,51440595,20.785714285714285
29.0,1008,51441603,34.758620689655174
10.0,278,51441881,27.8
38.0,1084,51442965,28.526315789473685
20.0,561,51443526,28.05
13.0,289,51443815,22.23076923076923
16.0,326,51444141,20.375
33.0,1056,51445197,32.0
16.0,465,51445662,29.0625
23.0,662,51446324,28.782608695652176
4.0,72,51446396,18.0
36.0,1015,51447411,28.194444444444443
37.0,1000,51448411,27.027027027027028
42.0,1371,51449782,32.642857142857146
18.0,440,51450222,24.444444444444443
28.0,651,51450873,23.25
30.0,1114,51451987,37.13333333333333
17.0,270,51452257,15.882352941176471
21.0,599,51452856,28.523809523809526
29.0,719,51453575,24.79310344827586
25.0,819,51454394,32.76
40.0,1277,51455671,31.925
27.0,661,51456332,24.48148148148148
30.0,827,51457159,27.566666666666666
18.0,509,51457668,28.27777777777778
28.0,781,51458449,27.892857142857142
13.0,332,51458781,25.53846153846154
33.0,983,51459764,29.78787878787879
24.0,691,51460455,28.791666666666668
19.0,496,51460951,26.105263157894736
49.0,1411,51462362,28.79591836734694
34.0,1170,51463532,34.411764705882355
12.0,388,51463920,32.333333333333336
32.0,904,51464824,28.25
21.0,552,51465376,26.285714285714285
20.0,590,51465966,29.5
24.0,630,51466596,26.25
17.0,449,51467045,26.41176470588235
13.0,302,51467347,23.23076923076923
20.0,509,51467856,25.45
47.0,1342,51469198,28.5531914893617
22.0,525,51469723,23.863636363636363
41.0,1074,51470797,26.195121951219512
37.0,1269,51472066,34.2972972972973
16.0,405,51472471,25.3125
52.0,1460,51473931,28.076923076923077
23.0,657,51474588,28.565217391304348
24.0,671,51475259,27.958333333333332
25.0,760,51476019,30.4
21.0,670,51476689,31.904761904761905
30.0,811,51477500,27.033333333333335
10.0,245,51477745,24.5
25.0,648,51478393,25.92
21.0,481,51478874,22.904761904761905
28.0,690,51479564,24.642857142857142
34.0,1242,51480806,36.529411764705884
8.0,179,51480985,22.375
21.0,615,51481600,29.285714285714285
15.0,462,51482062,30.8
24.0,664,51482726,27.666666666666668
8.0,156,51482882,19.5
29.0,694,51483576,23.93103448275862
26.0,680,51484256,26.153846153846153
27.0,659,51484915,24.40740740740741
35.0,1048,51485963,29.942857142857143
40.0,976,51486939,24.4
18.0,503,51487442,27.944444444444443
42.0,1228,51488670,29.238095238095237
39.0,1027,51489697,26.333333333333332
42.0,1217,51490914,28.976190476190474
18.0,573,51491487,31.833333333333332
4.0,120,51491607,30.0
34.0,891,51492498,26.205882352941178
22.0,585,51493083,26.59090909090909
16.0,437,51493520,27.3125
16.0,566,51494086,35.375
16.0,594,51494680,37.125
29.0,887,51495567,30.586206896551722
24.0,666,51496233,27.75
23.0,764,51496997,33.21739130434783
37.0,1098,51498095,29.675675675675677
43.0,1073,51499168,24.953488372093023
23.0,753,51499921,32.73913043478261
33.0,943,51500864,28.575757575757574
23.0,625,51501489,27.17391304347826
14.0,287,51501776,20.5
13.0,446,51502222,34.30769230769231
34.0,1038,51503260,30.529411764705884
19.0,390,51503650,20.526315789473685
37.0,1177,51504827,31.81081081081081
19.0,527,51505354,27.736842105263158
26.0,988,51506342,38.0
38.0,1125,51507467,29.605263157894736
42.0,1345,51508812,32.023809523809526
33.0,840,51509652,25.454545454545453
30.0,962,51510614,32.06666666666667
39.0,1091,51511705,27.974358974358974
21.0,533,51512238,25.38095238095238
32.0,861,51513099,26.90625
26.0,619,51513718,23.807692307692307
38.0,1280,51514998,33.68421052631579
30.0,949,51515947,31.633333333333333
19.0,509,51516456,26.789473684210527
33.0,937,51517393,28.393939393939394
10.0,211,51517604,21.1
33.0,791,51518395,23.96969696969697
28.0,692,51519087,24.714285714285715
38.0,957,51520044,25.18421052631579
15.0,400,51520444,26.666666666666668
24.0,590,51521034,24.583333333333332
27.0,936,51521970,34.666666666666664
31.0,1040,51523010,33.54838709677419
13.0,277,51523287,21.307692307692307
17.0,375,51523662,22.058823529411764
42.0,1174,51524836,27.952380952380953
30.0,1044,51525880,34.8
36.0,1144,51527024,31.77777777777778
32.0,1153,51528177,36.03125
25.0,790,51528967,31.6
20.0,587,51529554,29.35
30.0,884,51530438,29.466666666666665
23.0,647,51531085,28.130434782608695
3.0,52,51531137,17.333333333333332
30.0,952,51532089,31.733333333333334
14.0,417,51532506,29.785714285714285
20.0,672,51533178,33.6
19.0,376,51533554,19.789473684210527
27.0,667,51534221,24.703703703703702
21.0,588,51534809,28.0
51.0,1575,51536384,30.88235294117647
30.0,1203,51537587,40.1
33.0,787,51538374,23.848484848484848
37.0,1222,51539596,33.027027027027025
23.0,508,51540104,22.08695652173913
33.0,998,51541102,30.242424242424242
39.0,1227,51542329,31.46153846153846
23.0,1010,51543339,43.91304347826087
32.0,847,51544186,26.46875
12.0,310,51544496,25.833333333333332
34.0,1087,51545583,31.970588235294116
43.0,1245,51546828,28.953488372093023
32.0,972,51547800,30.375
29.0,893,51548693,30.79310344827586
33.0,1040,51549733,31.515151515151516
57.0,1996,51551729,35.01754385964912
37.0,944,51552673,25.513513513513512
27.0,912,51553585,33.77777777777778
31.0,665,51554250,21.451612903225808
28.0,654,51554904,23.357142857142858
26.0,755,51555659,29.03846153846154
17.0,368,51556027,21.647058823529413
31.0,786,51556813,25.35483870967742
28.0,1116,51557929,39.857142857142854
23.0,660,51558589,28.695652173913043
32.0,836,51559425,26.125
29.0,743,51560168,25.620689655172413
30.0,891,51561059,29.7
18.0,433,51561492,24.055555555555557
21.0,584,51562076,27.80952380952381
34.0,1172,51563248,34.470588235294116
33.0,1146,51564394,34.72727272727273
17.0,549,51564943,32.294117647058826
35.0,990,51565933,28.285714285714285
36.0,1015,51566948,28.194444444444443
13.0,398,51567346,30.615384615384617
20.0,477,51567823,23.85
38.0,1225,51569048,32.23684210526316
9.0,264,51569312,29.333333333333332
18.0,425,51569737,23.61111111111111
46.0,1334,51571071,29.0
21.0,656,51571727,31.238095238095237
25.0,687,51572414,27.48
31.0,897,51573311,28.93548387096774
34.0,1208,51574519,35.529411764705884
32.0,829,51575348,25.90625
29.0,768,51576116,26.482758620689655
28.0,714,51576830,25.5
41.0,1199,51578029,29.24390243902439
31.0,832,51578861,26.838709677419356
40.0,1157,51580018,28.925
12.0,388,51580406,32.333333333333336
30.0,890,51581296,29.666666666666668
26.0,706,51582002,27.153846153846153
37.0,904,51582906,24.43243243243243
29.0,996,51583902,34.3448275862069
30.0,962,51584864,32.06666666666667
32.0,1244,51586108,38.875
32.0,799,51586907,24.96875
36.0,1013,51587920,28.13888888888889
21.0,497,51588417,23.666666666666668
22.0,594,51589011,27.0
29.0,695,51589706,23.96551724137931
37.0,1079,51590785,29.16216216216216
19.0,606,51591391,31.894736842105264
43.0,1156,51592547,26.88372093023256
35.0,976,51593523,27.885714285714286
32.0,802,51594325,25.0625
29.0,762,51595087,26.275862068965516
20.0,690,51595777,34.5
43.0,1219,51596996,28.348837209302324
18.0,583,51597579,32.388888888888886
10.0,274,51597853,27.4
28.0,859,51598712,30.678571428571427
38.0,1051,51599763,27.657894736842106
16.0,435,51600198,27.1875
25.0,766,51600964,30.64
21.0,471,51601435,22.428571428571427
12.0,384,51601819,32.0
37.0,1028,51602847,27.783783783783782
27.0,837,51603684,31.0
24.0,576,51604260,24.0
29.0,880,51605140,30.344827586206897
24.0,958,51606098,39.916666666666664
28.0,823,51606921,29.392857142857142
30.0,817,51607738,27.233333333333334
36.0,828,51608566,23.0
27.0,1033,51609599,38.25925925925926
34.0,912,51610511,26.823529411764707
30.0,954,51611465,31.8
19.0,584,51612049,30.736842105263158
27.0,721,51612770,26.703703703703702
23.0,700,51613470,30.434782608695652
32.0,967,51614437,30.21875
26.0,769,51615206,29.576923076923077
22.0,655,51615861,29.772727272727273
41.0,1278,51617139,31.170731707317074
17.0,448,51617587,26.352941176470587
34.0,918,51618505,27.0
38.0,1192,51619697,31.36842105263158
30.0,890,51620587,29.666666666666668
14.0,362,51620949,25.857142857142858
38.0,1007,51621956,26.5
41.0,1220,51623176,29.75609756097561
23.0,481,51623657,20.91304347826087
31.0,805,51624462,25.967741935483872
24.0,657,51625119,27.375
34.0,765,51625884,22.5
47.0,1729,51627613,36.787234042553195
30.0,978,51628591,32.6
41.0,1187,51629778,28.951219512195124
41.0,1193,51630971,29.097560975609756
27.0,761,51631732,28.185185185185187
30.0,946,51632678,31.533333333333335
31.0,769,51633447,24.806451612903224
29.0,592,51634039,20.413793103448278
27.0,896,51634935,33.18518518518518
26.0,763,51635698,29.346153846153847
23.0,504,51636202,21.91304347826087
39.0,995,51637197,25.512820512820515
22.0,718,51637915,32.63636363636363
34.0,1007,51638922,29.61764705882353
34.0,939,51639861,27.61764705882353
23.0,759,51640620,33.0
20.0,567,51641187,28.35
37.0,1038,51642225,28.054054054054053
23.0,681,51642906,29.608695652173914
25.0,1021,51643927,40.84
28.0,660,51644587,23.571428571428573
27.0,883,51645470,32.7037037037037
33.0,906,51646376,27.454545454545453
18.0,455,51646831,25.27777777777778
26.0,797,51647628,30.653846153846153
42.0,1069,51648697,25.452380952380953
36.0,1145,51649842,31.805555555555557
43.0,1176,51651018,27.348837209302324
22.0,491,51651509,22.318181818181817
43.0,889,51652398,20.674418604651162
34.0,782,51653180,23.0
38.0,1254,51654434,33.0
27.0,722,51655156,26.74074074074074
12.0,266,51655422,22.166666666666668
21.0,532,51655954,25.333333333333332
23.0,623,51656577,27.08695652173913
29.0,885,51657462,30.517241379310345
21.0,352,51657814,16.761904761904763
28.0,684,51658498,24.428571428571427
22.0,425,51658923,19.318181818181817
17.0,426,51659349,25.058823529411764
24.0,672,51660021,28.0
15.0,362,51660383,24.133333333333333
30.0,926,51661309,30.866666666666667
45.0,1423,51662732,31.622222222222224
11.0,302,51663034,27.454545454545453
26.0,615,51663649,23.653846153846153
23.0,704,51664353,30.608695652173914
28.0,749,51665102,26.75
25.0,720,51665822,28.8
34.0,1030,51666852,30.294117647058822
32.0,790,51667642,24.6875
39.0,1206,51668848,30.923076923076923
29.0,704,51669552,24.275862068965516
34.0,1000,51670552,29.41176470588235
35.0,1325,51671877,37.857142857142854
23.0,629,51672506,27.347826086956523
31.0,751,51673257,24.225806451612904
46.0,1216,51674473,26.434782608695652
24.0,545,51675018,22.708333333333332
40.0,1449,51676467,36.225
31.0,947,51677414,30.548387096774192
21.0,410,51677824,19.523809523809526
31.0,755,51678579,24.35483870967742
34.0,834,51679413,24.529411764705884
29.0,1091,51680504,37.62068965517241
27.0,811,51681315,30.037037037037038
44.0,1266,51682581,28.772727272727273
30.0,877,51683458,29.233333333333334
35.0,963,51684421,27.514285714285716
32.0,1054,51685475,32.9375
46.0,1273,51686748,27.67391304347826
30.0,879,51687627,29.3
21.0,634,51688261,30.19047619047619
22.0,427,51688688,19.40909090909091
30.0,722,51689410,24.066666666666666
32.0,978,51690388,30.5625
40.0,1126,51691514,28.15
20.0,551,51692065,27.55
13.0,411,51692476,31.615384615384617
36.0,1137,51693613,31.583333333333332
26.0,564,51694177,21.692307692307693
30.0,834,51695011,27.8
12.0,337,51695348,28.083333333333332
27.0,912,51696260,33.77777777777778
45.0,1453,51697713,32.28888888888889
34.0,922,51698635,27.11764705882353
20.0,567,51699202,28.35
45.0,1355,51700557,30.11111111111111
17.0,362,51700919,21.294117647058822
34.0,939,51701858,27.61764705882353
31.0,982,51702840,31.677419354838708
21.0,549,51703389,26.142857142857142
19.0,487,51703876,25.63157894736842
29.0,809,51704685,27.896551724137932
12.0,238,51704923,19.833333333333332
18.0,405,51705328,22.5
20.0,484,51705812,24.2
10.0,279,51706091,27.9
15.0,389,51706480,25.933333333333334
10.0,193,51706673,19.3
29.0,827,51707500,28.517241379310345
19.0,599,51708099,31.526315789473685
24.0,559,51708658,23.291666666666668
7.0,114,51708772,16.285714285714285
27.0,719,51709491,26.62962962962963
7.0,153,51709644,21.857142857142858
33.0,948,51710592,28.727272727272727
29.0,842,51711434,29.03448275862069
39.0,1198,51712632,30.71794871794872
18.0,292,51712924,16.22222222222222
45.0,1319,51714243,29.31111111111111
31.0,795,51715038,25.64516129032258
19.0,497,51715535,26.157894736842106
17.0,428,51715963,25.176470588235293
31.0,762,51716725,24.580645161290324
25.0,810,51717535,32.4
36.0,1008,51718543,28.0
17.0,433,51718976,25.470588235294116
34.0,1087,51720063,31.970588235294116
24.0,703,51720766,29.291666666666668
36.0,1076,51721842,29.88888888888889
26.0,911,51722753,35.03846153846154
25.0,747,51723500,29.88
37.0,1283,51724783,34.67567567567568
34.0,854,51725637,25.11764705882353
22.0,617,51726254,28.045454545454547
35.0,977,51727231,27.914285714285715
34.0,1235,51728466,36.3235294117647
13.0,381,51728847,29.307692307692307
24.0,779,51729626,32.458333333333336
37.0,1091,51730717,29.486486486486488
35.0,820,51731537,23.428571428571427
9.0,216,51731753,24.0
15.0,293,51732046,19.533333333333335
32.0,830,51732876,25.9375
30.0,796,51733672,26.533333333333335
9.0,188,51733860,20.88888888888889
27.0,669,51734529,24.77777777777778
30.0,885,51735414,29.5
23.0,648,51736062,28.17391304347826
19.0,553,51736615,29.105263157894736
15.0,369,51736984,24.6
29.0,712,51737696,24.551724137931036
38.0,1139,51738835,29.973684210526315
27.0,686,51739521,25.40740740740741
20.0,633,51740154,31.65
20.0,632,51740786,31.6
16.0,304,51741090,19.0
26.0,736,51741826,28.307692307692307
27.0,882,51742708,32.666666666666664
36.0,1118,51743826,31.055555555555557
32.0,863,51744689,26.96875
41.0,1477,51746166,36.02439024390244
23.0,529,51746695,23.0
24.0,819,51747514,34.125
26.0,715,51748229,27.5
28.0,677,51748906,24.178571428571427
41.0,1282,51750188,31.26829268292683
36.0,938,51751126,26.055555555555557
26.0,764,51751890,29.384615384615383
12.0,362,51752252,30.166666666666668
24.0,644,51752896,26.833333333333332
53.0,1759,51754655,33.18867924528302
22.0,471,51755126,21.40909090909091
45.0,1186,51756312,26.355555555555554
47.0,1319,51757631,28.06382978723404
41.0,1234,51758865,30.097560975609756
41.0,1247,51760112,30.414634146341463
19.0,400,51760512,21.05263157894737
42.0,1285,51761797,30.595238095238095
28.0,870,51762667,31.071428571428573
29.0,847,51763514,29.20689655172414
20.0,479,51763993,23.95
27.0,848,51764841,31.40740740740741
35.0,916,51765757,26.17142857142857
16.0,412,51766169,25.75
11.0,336,51766505,30.545454545454547
28.0,792,51767297,28.285714285714285
8.0,202,51767499,25.25
14.0,453,51767952,32.357142857142854
49.0,1560,51769512,31.836734693877553
31.0,1010,51770522,32.58064516129032
54.0,1636,51772158,30.296296296296298
36.0,912,51773070,25.333333333333332
38.0,1104,51774174,29.05263157894737
31.0,1003,51775177,32.354838709677416
22.0,727,51775904,33.04545454545455
17.0,370,51776274,21.764705882352942
25.0,745,51777019,29.8
26.0,680,51777699,26.153846153846153
22.0,590,51778289,26.818181818181817
51.0,1886,51780175,36.98039215686274
22.0,569,51780744,25.863636363636363
45.0,1406,51782150,31.244444444444444
18.0,367,51782517,20.38888888888889
38.0,1139,51783656,29.973684210526315
38.0,975,51784631,25.657894736842106
27.0,645,51785276,23.88888888888889
32.0,852,51786128,26.625
18.0,355,51786483,19.72222222222222
18.0,509,51786992,28.27777777777778
22.0,654,51787646,29.727272727272727
34.0,1019,51788665,29.970588235294116
33.0,914,51789579,27.696969696969695
33.0,1030,51790609,31.21212121212121
24.0,613,51791222,25.541666666666668
35.0,954,51792176,27.257142857142856
6.0,101,51792277,16.833333333333332
20.0,589,51792866,29.45
28.0,645,51793511,23.035714285714285
21.0,586,51794097,27.904761904761905
34.0,1093,51795190,32.14705882352941
26.0,748,51795938,28.76923076923077
14.0,303,51796241,21.642857142857142
17.0,506,51796747,29.764705882352942
26.0,669,51797416,25.73076923076923
13.0,360,51797776,27.692307692307693
51.0,1723,51799499,33.78431372549019
32.0,820,51800319,25.625
28.0,651,51800970,23.25
35.0,983,51801953,28.085714285714285
29.0,881,51802834,30.379310344827587
39.0,1071,51803905,27.46153846153846
26.0,806,51804711,31.0
22.0,612,51805323,27.818181818181817
28.0,699,51806022,24.964285714285715
25.0,670,51806692,26.8
27.0,630,51807322,23.333333333333332
16.0,429,51807751,26.8125
43.0,1629,51809380,37.883720930232556
37.0,1135,51810515,30.675675675675677
22.0,355,51810870,16.136363636363637
17.0,465,51811335,27.352941176470587
22.0,580,51811915,26.363636363636363
31.0,1087,51813002,35.064516129032256
12.0,331,51813333,27.583333333333332
15.0,358,51813691,23.866666666666667
25.0,916,51814607,36.64
16.0,365,51814972,22.8125
36.0,954,51815926,26.5
35.0,947,51816873,27.057142857142857
31.0,952,51817825,30.70967741935484
33.0,1554,51819379,47.09090909090909
5.0,134,51819513,26.8
44.0,1332,51820845,30.272727272727273
30.0,800,51821645,26.666666666666668
16.0,357,51822002,22.3125
27.0,714,51822716,26.444444444444443
39.0,1165,51823881,29.871794871794872
26.0,596,51824477,22.923076923076923
34.0,808,51825285,23.764705882352942
34.0,1004,51826289,29.529411764705884
51.0,1470,51827759,28.823529411764707
28.0,765,51828524,27.321428571428573
29.0,1005,51829529,34.6551724137931
33.0,890,51830419,26.96969696969697
16.0,540,51830959,33.75
17.0,409,51831368,24.058823529411764
38.0,1178,51832546,31.0
36.0,1059,51833605,29.416666666666668
35.0,1146,51834751,32.74285714285714
37.0,953,51835704,25.756756756756758
18.0,592,51836296,32.888888888888886
31.0,953,51837249,30.741935483870968
41.0,1093,51838342,26.658536585365855
44.0,1253,51839595,28.477272727272727
17.0,321,51839916,18.88235294117647
15.0,301,51840217,20.066666666666666
35.0,1016,51841233,29.02857142857143
23.0,650,51841883,28.26086956521739
20.0,519,51842402,25.95
26.0,636,51843038,24.46153846153846
50.0,1783,51844821,35.66
13.0,359,51845180,27.615384615384617
28.0,819,51845999,29.25
49.0,1404,51847403,28.653061224489797
30.0,814,51848217,27.133333333333333
32.0,721,51848938,22.53125
21.0,519,51849457,24.714285714285715
14.0,489,51849946,34.92857142857143
23.0,766,51850712,33.30434782608695
22.0,612,51851324,27.818181818181817
17.0,551,51851875,32.411764705882355
20.0,469,51852344,23.45
28.0,795,51853139,28.392857142857142
25.0,548,51853687,21.92
30.0,1190,51854877,39.666666666666664
14.0,250,51855127,17.857142857142858
30.0,1025,51856152,34.166666666666664
22.0,525,51856677,23.863636363636363
30.0,802,51857479,26.733333333333334
31.0,826,51858305,26.64516129032258
30.0,885,51859190,29.5
12.0,273,51859463,22.75
27.0,720,51860183,26.666666666666668
32.0,981,51861164,30.65625
16.0,441,51861605,27.5625
23.0,662,51862267,28.782608695652176
25.0,577,51862844,23.08
22.0,509,51863353,23.136363636363637
43.0,1273,51864626,29.6046511627907
15.0,288,51864914,19.2
21.0,535,51865449,25.476190476190474
11.0,181,51865630,16.454545454545453
32.0,906,51866536,28.3125
30.0,881,51867417,29.366666666666667
33.0,1070,51868487,32.42424242424242
40.0,1192,51869679,29.8
13.0,384,51870063,29.53846153846154
22.0,573,51870636,26.045454545454547
33.0,949,51871585,28.757575757575758
6.0,136,51871721,22.666666666666668
20.0,550,51872271,27.5
24.0,627,51872898,26.125
46.0,1387,51874285,30.152173913043477
34.0,1024,51875309,30.11764705882353
29.0,855,51876164,29.482758620689655
40.0,1381,51877545,34.525
37.0,1334,51878879,36.054054054054056
35.0,1120,51879999,32.0
31.0,1069,51881068,34.483870967741936
8.0,259,51881327,32.375
36.0,1069,51882396,29.694444444444443
25.0,737,51883133,29.48
38.0,1189,51884322,31.289473684210527
32.0,1012,51885334,31.625
31.0,970,51886304,31.29032258064516
24.0,767,51887071,31.958333333333332
46.0,1444,51888515,31.391304347826086
37.0,1144,51889659,30.91891891891892
12.0,407,51890066,33.916666666666664
40.0,1150,51891216,28.75
44.0,1345,51892561,30.568181818181817
37.0,1122,51893683,30.324324324324323
33.0,888,51894571,26.90909090909091
21.0,581,51895152,27.666666666666668
32.0,930,51896082,29.0625
24.0,823,51896905,34.291666666666664
45.0,1057,51897962,23.488888888888887
22.0,623,51898585,28.318181818181817
45.0,1211,51899796,26.91111111111111
28.0,761,51900557,27.178571428571427
10.0,240,51900797,24.0
29.0,778,51901575,26.82758620689655
14.0,227,51901802,16.214285714285715
39.0,1380,51903182,35.38461538461539
28.0,833,51904015,29.75
28.0,836,51904851,29.857142857142858
22.0,736,51905587,33.45454545454545
25.0,604,51906191,24.16
28.0,737,51906928,26.321428571428573
58.0,1734,51908662,29.896551724137932
23.0,569,51909231,24.73913043478261
26.0,733,51909964,28.192307692307693
30.0,907,51910871,30.233333333333334
32.0,926,51911797,28.9375
17.0,443,51912240,26.058823529411764
23.0,423,51912663,18.391304347826086
25.0,635,51913298,25.4
42.0,1471,51914769,35.023809523809526
21.0,569,51915338,27.095238095238095
37.0,945,51916283,25.54054054054054
5.0,70,51916353,14.0
27.0,929,51917282,34.407407407407405
16.0,413,51917695,25.8125
19.0,511,51918206,26.894736842105264
19.0,604,51918810,31.789473684210527
18.0,477,51919287,26.5
13.0,378,51919665,29.076923076923077
43.0,1232,51920897,28.651162790697676
28.0,888,51921785,31.714285714285715
20.0,548,51922333,27.4
38.0,1040,51923373,27.36842105263158
33.0,1103,51924476,33.42424242424242
17.0,479,51924955,28.176470588235293
24.0,612,51925567,25.5
19.0,486,51926053,25.57894736842105
24.0,576,51926629,24.0
22.0,677,51927306,30.772727272727273
29.0,638,51927944,22.0
8.0,263,51928207,32.875
24.0,673,51928880,28.041666666666668
12.0,296,51929176,24.666666666666668
20.0,576,51929752,28.8
28.0,766,51930518,27.357142857142858
36.0,1026,51931544,28.5
14.0,413,51931957,29.5
21.0,562,51932519,26.761904761904763
49.0,1293,51933812,26.387755102040817
26.0,712,51934524,27.384615384615383
30.0,793,51935317,26.433333333333334
25.0,749,51936066,29.96
35.0,1033,51937099,29.514285714285716
34.0,877,51937976,25.794117647058822
31.0,906,51938882,29.225806451612904
52.0,1348,51940230,25.923076923076923
20.0,440,51940670,22.0
21.0,478,51941148,22.761904761904763
22.0,553,51941701,25.136363636363637
35.0,980,51942681,28.0
30.0,803,51943484,26.766666666666666
39.0,1233,51944717,31.615384615384617
34.0,799,51945516,23.5
9.0,219,51945735,24.333333333333332
11.0,278,51946013,25.272727272727273
39.0,1450,51947463,37.17948717948718
39.0,960,51948423,24.615384615384617
26.0,646,51949069,24.846153846153847
36.0,972,51950041,27.0
32.0,817,51950858,25.53125
17.0,460,51951318,27.058823529411764
17.0,586,51951904,34.470588235294116
28.0,656,51952560,23.428571428571427
23.0,686,51953246,29.82608695652174
25.0,646,51953892,25.84
26.0,837,51954729,32.19230769230769
34.0,928,51955657,27.294117647058822
22.0,676,51956333,30.727272727272727
43.0,1286,51957619,29.906976744186046
25.0,713,51958332,28.52
31.0,612,51958944,19.741935483870968
20.0,608,51959552,30.4
24.0,763,51960315,31.791666666666668
27.0,781,51961096,28.925925925925927
35.0,964,51962060,27.542857142857144
25.0,708,51962768,28.32
41.0,1103,51963871,26.902439024390244
35.0,1062,51964933,30.34285714285714
20.0,488,51965421,24.4
39.0,1027,51966448,26.333333333333332
16.0,518,51966966,32.375
31.0,1093,51968059,35.25806451612903
31.0,763,51968822,24.612903225806452
13.0,297,51969119,22.846153846153847
46.0,1695,51970814,36.84782608695652
30.0,793,51971607,26.433333333333334
14.0,340,51971947,24.285714285714285
14.0,349,51972296,24.928571428571427
29.0,687,51972983,23.689655172413794
41.0,1477,51974460,36.02439024390244
42.0,1105,51975565,26.30952380952381
29.0,710,51976275,24.482758620689655
24.0,596,51976871,24.833333333333332
36.0,889,51977760,24.694444444444443
20.0,483,51978243,24.15
6.0,170,51978413,28.333333333333332
24.0,823,51979236,34.291666666666664
30.0,1430,51980666,47.666666666666664
37.0,1210,51981876,32.7027027027027
32.0,829,51982705,25.90625
33.0,822,51983527,24.90909090909091
16.0,482,51984009,30.125
38.0,1149,51985158,30.236842105263158
32.0,1124,51986282,35.125
48.0,1676,51987958,34.916666666666664
32.0,1004,51988962,31.375
18.0,431,51989393,23.944444444444443
40.0,1359,51990752,33.975
34.0,1007,51991759,29.61764705882353
7.0,132,51991891,18.857142857142858
39.0,1074,51992965,27.53846153846154
28.0,761,51993726,27.178571428571427
24.0,624,51994350,26.0
18.0,496,51994846,27.555555555555557
12.0,349,51995195,29.083333333333332
31.0,819,51996014,26.419354838709676
44.0,1430,51997444,32.5
37.0,1277,51998721,34.513513513513516
24.0,750,51999471,31.25
25.0,740,52000211,29.6
36.0,1202,52001413,33.388888888888886
21.0,631,52002044,30.047619047619047
26.0,628,52002672,24.153846153846153
28.0,767,52003439,27.392857142857142
32.0,902,52004341,28.1875
32.0,1059,52005400,33.09375
29.0,739,52006139,25.482758620689655
32.0,909,52007048,28.40625
39.0,1334,52008382,34.205128205128204
16.0,408,52008790,25.5
30.0,961,52009751,32.03333333333333
33.0,925,52010676,28.03030303030303
17.0,596,52011272,35.05882352941177
20.0,576,52011848,28.8
21.0,541,52012389,25.761904761904763
24.0,677,52013066,28.208333333333332
28.0,758,52013824,27.071428571428573
16.0,384,52014208,24.0
31.0,954,52015162,30.774193548387096
55.0,1643,52016805,29.87272727272727
30.0,819,52017624,27.3
11.0,299,52017923,27.181818181818183
12.0,312,52018235,26.0
10.0,251,52018486,25.1
20.0,479,52018965,23.95
46.0,1592,52020557,34.608695652173914
34.0,916,52021473,26.941176470588236
26.0,616,52022089,23.692307692307693
8.0,224,52022313,28.0
49.0,1535,52023848,31.3265306122449
36.0,1168,52025016,32.44444444444444
10.0,266,52025282,26.6
27.0,786,52026068,29.11111111111111
25.0,720,52026788,28.8
38.0,1188,52027976,31.263157894736842
38.0,986,52028962,25.94736842105263
33.0,1169,52030131,35.42424242424242
29.0,871,52031002,30.03448275862069
41.0,1340,52032342,32.68292682926829
48.0,1558,52033900,32.458333333333336
17.0,459,52034359,27.0
29.0,781,52035140,26.93103448275862
34.0,957,52036097,28.147058823529413
34.0,797,52036894,23.441176470588236
24.0,516,52037410,21.5
20.0,523,52037933,26.15
14.0,397,52038330,28.357142857142858
22.0,501,52038831,22.772727272727273
35.0,901,52039732,25.742857142857144
42.0,1370,52041102,32.61904761904762
38.0,1107,52042209,29.13157894736842
28.0,904,52043113,32.285714285714285
21.0,583,52043696,27.761904761904763
16.0,414,52044110,25.875
15.0,349,52044459,23.266666666666666
14.0,328,52044787,23.428571428571427
31.0,954,52045741,30.774193548387096
35.0,1029,52046770,29.4
32.0,832,52047602,26.0
26.0,633,52048235,24.346153846153847
31.0,765,52049000,24.677419354838708
23.0,589,52049589,25.608695652173914
37.0,1120,52050709,30.27027027027027
26.0,531,52051240,20.423076923076923
23.0,541,52051781,23.52173913043478
39.0,1179,52052960,30.23076923076923
30.0,908,52053868,30.266666666666666
28.0,709,52054577,25.321428571428573
24.0,577,52055154,24.041666666666668
18.0,418,52055572,23.22222222222222
23.0,606,52056178,26.347826086956523
12.0,315,52056493,26.25
39.0,983,52057476,25.205128205128204
15.0,386,52057862,25.733333333333334
34.0,704,52058566,20.705882352941178
46.0,1419,52059985,30.847826086956523
28.0,917,52060902,32.75
32.0,960,52061862,30.0
33.0,1058,52062920,32.06060606060606
48.0,1281,52064201,26.6875
41.0,1294,52065495,31.5609756097561
49.0,1234,52066729,25.183673469387756
25.0,678,52067407,27.12
19.0,380,52067787,20.0
20.0,441,52068228,22.05
24.0,542,52068770,22.583333333333332
36.0,967,52069737,26.86111111111111
30.0,780,52070517,26.0
3.0,168,52070685,56.0
37.0,904,52071589,24.43243243243243
41.0,1216,52072805,29.658536585365855
22.0,586,52073391,26.636363636363637
27.0,796,52074187,29.48148148148148
31.0,787,52074974,25.387096774193548
47.0,1335,52076309,28.404255319148938
16.0,364,52076673,22.75
25.0,649,52077322,25.96
20.0,480,52077802,24.0
45.0,1223,52079025,27.177777777777777
34.0,908,52079933,26.705882352941178
40.0,1323,52081256,33.075
31.0,915,52082171,29.516129032258064
35.0,1072,52083243,30.62857142857143
39.0,1355,52084598,34.743589743589745
27.0,877,52085475,32.48148148148148
30.0,652,52086127,21.733333333333334
46.0,1173,52087300,25.5
22.0,455,52087755,20.681818181818183
32.0,937,52088692,29.28125
16.0,344,52089036,21.5
30.0,821,52089857,27.366666666666667
30.0,698,52090555,23.266666666666666
29.0,683,52091238,23.551724137931036
28.0,793,52092031,28.321428571428573
23.0,802,52092833,34.869565217391305
23.0,477,52093310,20.73913043478261
31.0,875,52094185,28.225806451612904
25.0,719,52094904,28.76
24.0,719,52095623,29.958333333333332
32.0,1323,52096946,41.34375
32.0,1044,52097990,32.625
48.0,1774,52099764,36.958333333333336
13.0,312,52100076,24.0
14.0,358,52100434,25.571428571428573
43.0,1240,52101674,28.837209302325583
19.0,542,52102216,28.526315789473685
6.0,146,52102362,24.333333333333332
33.0,941,52103303,28.515151515151516
27.0,753,52104056,27.88888888888889
38.0,1092,52105148,28.736842105263158
47.0,1308,52106456,27.829787234042552
30.0,685,52107141,22.833333333333332
46.0,1486,52108627,32.30434782608695
23.0,788,52109415,34.26086956521739
22.0,388,52109803,17.636363636363637
55.0,1998,52111801,36.32727272727273
16.0,348,52112149,21.75
31.0,895,52113044,28.870967741935484
28.0,795,52113839,28.392857142857142
13.0,291,52114130,22.384615384615383
28.0,697,52114827,24.892857142857142
36.0,1090,52115917,30.27777777777778
21.0,698,52116615,33.23809523809524
10.0,236,52116851,23.6
17.0,402,52117253,23.647058823529413
32.0,871,52118124,27.21875
13.0,329,52118453,25.307692307692307
20.0,499,52118952,24.95
51.0,1645,52120597,32.254901960784316
12.0,306,52120903,25.5
17.0,484,52121387,28.470588235294116
13.0,389,52121776,29.923076923076923
36.0,1146,52122922,31.833333333333332
18.0,453,52123375,25.166666666666668
19.0,488,52123863,25.68421052631579
16.0,451,52124314,28.1875
39.0,1151,52125465,29.512820512820515
18.0,519,52125984,28.833333333333332
30.0,884,52126868,29.466666666666665
42.0,1467,52128335,34.92857142857143
7.0,111,52128446,15.857142857142858
30.0,801,52129247,26.7
17.0,431,52129678,25.352941176470587
25.0,708,52130386,28.32
41.0,1036,52131422,25.26829268292683
25.0,685,52132107,27.4
47.0,1749,52133856,37.212765957446805
12.0,262,52134118,21.833333333333332
12.0,268,52134386,22.333333333333332
28.0,679,52135065,24.25
24.0,702,52135767,29.25
33.0,1033,52136800,31.303030303030305
20.0,419,52137219,20.95
22.0,633,52137852,28.772727272727273
21.0,567,52138419,27.0
23.0,591,52139010,25.695652173913043
40.0,1245,52140255,31.125
32.0,887,52141142,27.71875
24.0,571,52141713,23.791666666666668
34.0,826,52142539,24.294117647058822
41.0,956,52143495,23.317073170731707
33.0,1030,52144525,31.21212121212121
39.0,1202,52145727,30.82051282051282
13.0,306,52146033,23.53846153846154
37.0,1199,52147232,32.4054054054054
31.0,1025,52148257,33.064516129032256
29.0,930,52149187,32.06896551724138
10.0,364,52149551,36.4
25.0,519,52150070,20.76
39.0,875,52150945,22.435897435897434
14.0,341,52151286,24.357142857142858
38.0,1146,52152432,30.157894736842106
53.0,1501,52153933,28.32075471698113
22.0,568,52154501,25.818181818181817
25.0,681,52155182,27.24
38.0,894,52156076,23.526315789473685
13.0,425,52156501,32.69230769230769
49.0,1365,52157866,27.857142857142858
19.0,505,52158371,26.57894736842105
33.0,994,52159365,30.12121212121212
39.0,1043,52160408,26.743589743589745
28.0,850,52161258,30.357142857142858
12.0,345,52161603,28.75
25.0,671,52162274,26.84
34.0,919,52163193,27.029411764705884
15.0,280,52163473,18.666666666666668
22.0,594,52164067,27.0
39.0,1076,52165143,27.58974358974359
29.0,714,52165857,24.620689655172413
24.0,606,52166463,25.25
23.0,658,52167121,28.608695652173914
34.0,1055,52168176,31.029411764705884
47.0,1509,52169685,32.1063829787234
43.0,1120,52170805,26.046511627906977
35.0,1119,52171924,31.97142857142857
30.0,823,52172747,27.433333333333334
15.0,344,52173091,22.933333333333334
31.0,833,52173924,26.870967741935484
23.0,670,52174594,29.130434782608695
26.0,717,52175311,27.576923076923077
22.0,519,52175830,23.59090909090909
34.0,1096,52176926,32.23529411764706
13.0,307,52177233,23.615384615384617
11.0,360,52177593,32.72727272727273
28.0,609,52178202,21.75
29.0,937,52179139,32.310344827586206
40.0,1290,52180429,32.25
25.0,754,52181183,30.16
38.0,1193,52182376,31.394736842105264
44.0,1055,52183431,23.977272727272727
18.0,362,52183793,20.11111111111111
26.0,710,52184503,27.307692307692307
23.0,571,52185074,24.82608695652174
24.0,606,52185680,25.25
33.0,924,52186604,28.0
17.0,399,52187003,23.470588235294116
20.0,372,52187375,18.6
47.0,1347,52188722,28.659574468085108
20.0,530,52189252,26.5
32.0,970,52190222,30.3125
21.0,367,52190589,17.476190476190474
38.0,1234,52191823,32.473684210526315
39.0,1222,52193045,31.333333333333332
26.0,744,52193789,28.615384615384617
25.0,721,52194510,28.84
39.0,1164,52195674,29.846153846153847
26.0,814,52196488,31.307692307692307
33.0,1105,52197593,33.484848484848484
23.0,595,52198188,25.869565217391305
45.0,1201,52199389,26.68888888888889
11.0,279,52199668,25.363636363636363
26.0,673,52200341,25.884615384615383
25.0,636,52200977,25.44
15.0,316,52201293,21.066666666666666
29.0,857,52202150,29.551724137931036
28.0,742,52202892,26.5
47.0,1606,52204498,34.170212765957444
40.0,1052,52205550,26.3
30.0,1006,52206556,33.53333333333333
27.0,680,52207236,25.185185185185187
17.0,360,52207596,21.176470588235293
28.0,981,52208577,35.035714285714285
28.0,724,52209301,25.857142857142858
33.0,960,52210261,29.09090909090909
27.0,620,52210881,22.962962962962962
35.0,987,52211868,28.2
25.0,606,52212474,24.24
25.0,668,52213142,26.72
23.0,775,52213917,33.69565217391305
18.0,536,52214453,29.77777777777778
34.0,882,52215335,25.941176470588236
34.0,976,52216311,28.705882352941178
36.0,1074,52217385,29.833333333333332
38.0,956,52218341,25.157894736842106
22.0,709,52219050,32.22727272727273
34.0,869,52219919,25.558823529411764
27.0,711,52220630,26.333333333333332
25.0,763,52221393,30.52
19.0,443,52221836,23.31578947368421
26.0,972,52222808,37.38461538461539
24.0,567,52223375,23.625
6.0,200,52223575,33.333333333333336
25.0,723,52224298,28.92
45.0,1372,52225670,30.488888888888887
35.0,933,52226603,26.65714285714286
33.0,887,52227490,26.87878787878788
35.0,974,52228464,27.82857142857143
29.0,876,52229340,30.20689655172414
23.0,693,52230033,30.130434782608695
19.0,433,52230466,22.789473684210527
21.0,674,52231140,32.095238095238095
40.0,1178,52232318,29.45
40.0,1170,52233488,29.25
23.0,585,52234073,25.434782608695652
21.0,686,52234759,32.666666666666664
24.0,644,52235403,26.833333333333332
26.0,711,52236114,27.346153846153847
28.0,707,52236821,25.25
39.0,961,52237782,24.641025641025642
29.0,861,52238643,29.689655172413794
48.0,1455,52240098,30.3125
34.0,874,52240972,25.705882352941178
41.0,1086,52242058,26.48780487804878
44.0,1451,52243509,32.97727272727273
2.0,50,52243559,25.0
17.0,503,52244062,29.58823529411765
15.0,474,52244536,31.6
43.0,1225,52245761,28.488372093023255
19.0,423,52246184,22.263157894736842
22.0,663,52246847,30.136363636363637
29.0,915,52247762,31.551724137931036
43.0,1293,52249055,30.069767441860463
22.0,572,52249627,26.0
29.0,816,52250443,28.137931034482758
17.0,470,52250913,27.647058823529413
21.0,494,52251407,23.523809523809526
43.0,1141,52252548,26.53488372093023
28.0,691,52253239,24.678571428571427
26.0,569,52253808,21.884615384615383
41.0,1359,52255167,33.146341463414636
25.0,596,52255763,23.84
35.0,1002,52256765,28.62857142857143
47.0,1390,52258155,29.574468085106382
17.0,505,52258660,29.705882352941178
26.0,862,52259522,33.15384615384615
33.0,950,52260472,28.78787878787879
23.0,658,52261130,28.608695652173914
36.0,768,52261898,21.333333333333332
14.0,288,52262186,20.571428571428573
18.0,444,52262630,24.666666666666668
26.0,565,52263195,21.73076923076923
35.0,1189,52264384,33.97142857142857
30.0,705,52265089,23.5
31.0,964,52266053,31.096774193548388
18.0,524,52266577,29.11111111111111
32.0,951,52267528,29.71875
17.0,403,52267931,23.705882352941178
45.0,1442,52269373,32.044444444444444
10.0,273,52269646,27.3
27.0,931,52270577,34.48148148148148
17.0,340,52270917,20.0
24.0,626,52271543,26.083333333333332
13.0,375,52271918,28.846153846153847
30.0,876,52272794,29.2
27.0,582,52273376,21.555555555555557
20.0,478,52273854,23.9
24.0,779,52274633,32.458333333333336
33.0,735,52275368,22.272727272727273
33.0,886,52276254,26.848484848484848
35.0,947,52277201,27.057142857142857
33.0,800,52278001,24.242424242424242
28.0,855,52278856,30.535714285714285
31.0,907,52279763,29.258064516129032
23.0,1004,52280767,43.65217391304348
26.0,699,52281466,26.884615384615383
32.0,818,52282284,25.5625
30.0,615,52282899,20.5
16.0,467,52283366,29.1875
29.0,688,52284054,23.724137931034484
18.0,519,52284573,28.833333333333332
35.0,994,52285567,28.4
50.0,1223,52286790,24.46
23.0,616,52287406,26.782608695652176
23.0,655,52288061,28.47826086956522
42.0,1126,52289187,26.80952380952381
9.0,324,52289511,36.0
31.0,798,52290309,25.741935483870968
36.0,1210,52291519,33.611111111111114
13.0,332,52291851,25.53846153846154
25.0,763,52292614,30.52
30.0,882,52293496,29.4
41.0,1143,52294639,27.878048780487806
21.0,466,52295105,22.19047619047619
19.0,532,52295637,28.0
30.0,1017,52296654,33.9
27.0,910,52297564,33.7037037037037
34.0,842,52298406,24.764705882352942
26.0,602,52299008,23.153846153846153
27.0,646,52299654,23.925925925925927
27.0,522,52300176,19.333333333333332
23.0,675,52300851,29.347826086956523
32.0,759,52301610,23.71875
34.0,1166,52302776,34.294117647058826
31.0,819,52303595,26.419354838709676
7.0,126,52303721,18.0
19.0,525,52304246,27.63157894736842
24.0,812,52305058,33.833333333333336
21.0,543,52305601,25.857142857142858
53.0,1666,52307267,31.433962264150942
34.0,816,52308083,24.0
6.0,111,52308194,18.5
23.0,651,52308845,28.304347826086957
32.0,703,52309548,21.96875
14.0,252,52309800,18.0
34.0,864,52310664,25.41176470588235
29.0,804,52311468,27.724137931034484
29.0,743,52312211,25.620689655172413
21.0,617,52312828,29.38095238095238
27.0,928,52313756,34.370370370370374
49.0,1420,52315176,28.979591836734695
19.0,527,52315703,27.736842105263158
36.0,1052,52316755,29.22222222222222
52.0,1460,52318215,28.076923076923077
8.0,208,52318423,26.0
38.0,1050,52319473,27.63157894736842
37.0,1041,52320514,28.135135135135137
30.0,708,52321222,23.6
23.0,506,52321728,22.0
25.0,897,52322625,35.88
34.0,1024,52323649,30.11764705882353
18.0,531,52324180,29.5
29.0,752,52324932,25.93103448275862
20.0,479,52325411,23.95
17.0,436,52325847,25.647058823529413
41.0,1360,52327207,33.170731707317074
6.0,59,52327266,9.833333333333334
45.0,1274,52328540,28.31111111111111
10.0,228,52328768,22.8
30.0,898,52329666,29.933333333333334
26.0,652,52330318,25.076923076923077
27.0,776,52331094,28.74074074074074
28.0,736,52331830,26.285714285714285
42.0,1119,52332949,26.642857142857142
37.0,1117,52334066,30.18918918918919
17.0,504,52334570,29.647058823529413
30.0,656,52335226,21.866666666666667
41.0,1254,52336480,30.585365853658537
23.0,617,52337097,26.82608695652174
22.0,506,52337603,23.0
29.0,752,52338355,25.93103448275862
30.0,783,52339138,26.1
19.0,662,52339800,34.8421052631579
25.0,774,52340574,30.96
29.0,783,52341357,27.0
25.0,572,52341929,22.88
21.0,610,52342539,29.047619047619047
45.0,1168,52343707,25.955555555555556
13.0,340,52344047,26.153846153846153
33.0,890,52344937,26.96969696969697
30.0,836,52345773,27.866666666666667
28.0,871,52346644,31.107142857142858
20.0,508,52347152,25.4
23.0,734,52347886,31.91304347826087
30.0,815,52348701,27.166666666666668
26.0,694,52349395,26.692307692307693
27.0,708,52350103,26.22222222222222
10.0,260,52350363,26.0
18.0,574,52350937,31.88888888888889
48.0,1348,52352285,28.083333333333332
24.0,948,52353233,39.5
31.0,925,52354158,29.838709677419356
32.0,1043,52355201,32.59375
18.0,423,52355624,23.5
26.0,529,52356153,20.346153846153847
34.0,1225,52357378,36.029411764705884
14.0,390,52357768,27.857142857142858
37.0,1360,52359128,36.75675675675676
11.0,298,52359426,27.09090909090909
41.0,1167,52360593,28.463414634146343
27.0,870,52361463,32.22222222222222
18.0,469,52361932,26.055555555555557
32.0,695,52362627,21.71875
26.0,788,52363415,30.307692307692307
18.0,457,52363872,25.38888888888889
20.0,562,52364434,28.1
37.0,1344,52365778,36.32432432432432
17.0,368,52366146,21.647058823529413
33.0,1042,52367188,31.575757575757574
37.0,1075,52368263,29.054054054054053
27.0,1032,52369295,38.22222222222222
30.0,664,52369959,22.133333333333333
14.0,388,52370347,27.714285714285715
35.0,1109,52371456,31.685714285714287
11.0,368,52371824,33.45454545454545
24.0,683,52372507,28.458333333333332
16.0,465,52372972,29.0625
36.0,1092,52374064,30.333333333333332
25.0,669,52374733,26.76
39.0,1115,52375848,28.58974358974359
25.0,768,52376616,30.72
12.0,263,52376879,21.916666666666668
30.0,978,52377857,32.6
29.0,745,52378602,25.689655172413794
28.0,888,52379490,31.714285714285715
26.0,656,52380146,25.23076923076923
14.0,364,52380510,26.0
34.0,1029,52381539,30.264705882352942
23.0,620,52382159,26.956521739130434
50.0,1499,52383658,29.98
40.0,1123,52384781,28.075
32.0,790,52385571,24.6875
22.0,602,52386173,27.363636363636363
26.0,933,52387106,35.88461538461539
29.0,1026,52388132,35.37931034482759
34.0,994,52389126,29.235294117647058
49.0,1663,52390789,33.93877551020408
27.0,768,52391557,28.444444444444443
18.0,458,52392015,25.444444444444443
17.0,369,52392384,21.705882352941178
31.0,874,52393258,28.193548387096776
28.0,788,52394046,28.142857142857142
2.0,77,52394123,38.5
17.0,423,52394546,24.88235294117647
11.0,287,52394833,26.09090909090909
24.0,720,52395553,30.0
28.0,649,52396202,23.178571428571427
27.0,925,52397127,34.25925925925926
34.0,1053,52398180,30.970588235294116
32.0,1077,52399257,33.65625
21.0,519,52399776,24.714285714285715
39.0,1396,52401172,35.794871794871796
40.0,967,52402139,24.175
33.0,812,52402951,24.606060606060606
35.0,1132,52404083,32.34285714285714
29.0,763,52404846,26.310344827586206
37.0,890,52405736,24.054054054054053
37.0,1131,52406867,30.56756756756757
14.0,350,52407217,25.0
25.0,762,52407979,30.48
25.0,826,52408805,33.04
15.0,295,52409100,19.666666666666668
24.0,500,52409600,20.833333333333332
22.0,685,52410285,31.136363636363637
31.0,1009,52411294,32.54838709677419
38.0,1024,52412318,26.94736842105263
31.0,831,52413149,26.806451612903224
40.0,1191,52414340,29.775
23.0,575,52414915,25.0
17.0,443,52415358,26.058823529411764
32.0,1000,52416358,31.25
23.0,599,52416957,26.043478260869566
22.0,560,52417517,25.454545454545453
32.0,884,52418401,27.625
22.0,539,52418940,24.5
35.0,1023,52419963,29.228571428571428
26.0,705,52420668,27.115384615384617
32.0,734,52421402,22.9375
17.0,468,52421870,27.529411764705884
31.0,883,52422753,28.483870967741936
28.0,862,52423615,30.785714285714285
18.0,516,52424131,28.666666666666668
24.0,660,52424791,27.5
1.0,22,52424813,22.0
12.0,290,52425103,24.166666666666668
17.0,567,52425670,33.35294117647059
27.0,884,52426554,32.74074074074074
27.0,705,52427259,26.11111111111111
30.0,898,52428157,29.933333333333334
36.0,1180,52429337,32.77777777777778
19.0,404,52429741,21.263157894736842
29.0,732,52430473,25.24137931034483
34.0,798,52431271,23.470588235294116
25.0,731,52432002,29.24
26.0,708,52432710,27.23076923076923
31.0,912,52433622,29.419354838709676
25.0,723,52434345,28.92
26.0,631,52434976,24.26923076923077
43.0,1409,52436385,32.76744186046512
30.0,758,52437143,25.266666666666666
28.0,750,52437893,26.785714285714285
31.0,895,52438788,28.870967741935484
38.0,1222,52440010,32.1578947368421
30.0,822,52440832,27.4
32.0,1051,52441883,32.84375
32.0,930,52442813,29.0625
46.0,1457,52444270,31.67391304347826
33.0,1291,52445561,39.121212121212125
36.0,1244,52446805,34.55555555555556
41.0,1125,52447930,27.4390243902439
22.0,610,52448540,27.727272727272727
15.0,356,52448896,23.733333333333334
46.0,1347,52450243,29.282608695652176
30.0,851,52451094,28.366666666666667
29.0,776,52451870,26.75862068965517
21.0,531,52452401,25.285714285714285
28.0,819,52453220,29.25
41.0,1166,52454386,28.4390243902439
20.0,506,52454892,25.3
20.0,602,52455494,30.1
3.0,85,52455579,28.333333333333332
27.0,960,52456539,35.55555555555556
8.0,115,52456654,14.375
28.0,605,52457259,21.607142857142858
11.0,206,52457465,18.727272727272727
24.0,680,52458145,28.333333333333332
34.0,1028,52459173,30.235294117647058
18.0,605,52459778,33.611111111111114
15.0,382,52460160,25.466666666666665
33.0,734,52460894,22.242424242424242
32.0,722,52461616,22.5625
36.0,1080,52462696,30.0
22.0,619,52463315,28.136363636363637
24.0,682,52463997,28.416666666666668
39.0,1145,52465142,29.358974358974358
18.0,429,52465571,23.833333333333332
12.0,284,52465855,23.666666666666668
21.0,715,52466570,34.04761904761905
34.0,755,52467325,22.205882352941178
16.0,375,52467700,23.4375
20.0,489,52468189,24.45
33.0,914,52469103,27.696969696969695
37.0,973,52470076,26.2972972972973
22.0,612,52470688,27.818181818181817
22.0,638,52471326,29.0
10.0,333,52471659,33.3
24.0,647,52472306,26.958333333333332
24.0,583,52472889,24.291666666666668
18.0,409,52473298,22.72222222222222
19.0,428,52473726,22.526315789473685
24.0,538,52474264,22.416666666666668
26.0,673,52474937,25.884615384615383
18.0,400,52475337,22.22222222222222
15.0,436,52475773,29.066666666666666
33.0,770,52476543,23.333333333333332
19.0,465,52477008,24.473684210526315
16.0,373,52477381,23.3125
39.0,1154,52478535,29.58974358974359
24.0,550,52479085,22.916666666666668
17.0,364,52479449,21.41176470588235
26.0,765,52480214,29.423076923076923
45.0,1294,52481508,28.755555555555556
32.0,868,52482376,27.125
15.0,367,52482743,24.466666666666665
25.0,574,52483317,22.96
16.0,467,52483784,29.1875
28.0,1081,52484865,38.607142857142854
30.0,809,52485674,26.966666666666665
20.0,478,52486152,23.9
18.0,391,52486543,21.72222222222222
32.0,1131,52487674,35.34375
35.0,999,52488673,28.542857142857144
14.0,378,52489051,27.0
17.0,532,52489583,31.294117647058822
21.0,586,52490169,27.904761904761905
37.0,1182,52491351,31.945945945945947
38.0,1186,52492537,31.210526315789473
20.0,510,52493047,25.5
16.0,363,52493410,22.6875
26.0,851,52494261,32.73076923076923
15.0,383,52494644,25.533333333333335
16.0,441,52495085,27.5625
15.0,326,52495411,21.733333333333334
26.0,696,52496107,26.76923076923077
31.0,823,52496930,26.548387096774192
9.0,248,52497178,27.555555555555557
29.0,771,52497949,26.586206896551722
19.0,531,52498480,27.94736842105263
26.0,655,52499135,25.192307692307693
28.0,770,52499905,27.5
10.0,249,52500154,24.9
17.0,419,52500573,24.647058823529413
49.0,1646,52502219,33.59183673469388
24.0,687,52502906,28.625
22.0,549,52503455,24.954545454545453
25.0,559,52504014,22.36
43.0,1029,52505043,23.930232558139537
28.0,766,52505809,27.357142857142858
20.0,459,52506268,22.95
36.0,834,52507102,23.166666666666668
38.0,1134,52508236,29.842105263157894
25.0,714,52508950,28.56
32.0,951,52509901,29.71875
18.0,454,52510355,25.22222222222222
29.0,811,52511166,27.96551724137931
29.0,679,52511845,23.413793103448278
30.0,822,52512667,27.4
41.0,1201,52513868,29.29268292682927
20.0,467,52514335,23.35
40.0,871,52515206,21.775
21.0,605,52515811,28.80952380952381
38.0,1078,52516889,28.36842105263158
15.0,459,52517348,30.6
30.0,925,52518273,30.833333333333332
34.0,972,52519245,28.58823529411765
8.0,142,52519387,17.75
26.0,762,52520149,29.307692307692307
42.0,1035,52521184,24.642857142857142
36.0,1125,52522309,31.25
15.0,327,52522636,21.8
31.0,901,52523537,29.06451612903226
18.0,481,52524018,26.72222222222222
31.0,916,52524934,29.548387096774192
16.0,368,52525302,23.0
24.0,604,52525906,25.166666666666668
14.0,355,52526261,25.357142857142858
44.0,1131,52527392,25.704545454545453
18.0,318,52527710,17.666666666666668
28.0,934,52528644,33.357142857142854
29.0,819,52529463,28.24137931034483
39.0,1169,52530632,29.974358974358974
42.0,1100,52531732,26.19047619047619
15.0,348,52532080,23.2
23.0,566,52532646,24.608695652173914
34.0,1130,52533776,33.23529411764706
1.0,21,52533797,21.0
54.0,1586,52535383,29.37037037037037
30.0,950,52536333,31.666666666666668
16.0,413,52536746,25.8125
28.0,770,52537516,27.5
36.0,1131,52538647,31.416666666666668
31.0,919,52539566,29.64516129032258
40.0,1136,52540702,28.4
31.0,1105,52541807,35.645161290322584
24.0,668,52542475,27.833333333333332
12.0,268,52542743,22.333333333333332
17.0,435,52543178,25.58823529411765
25.0,667,52543845,26.68
52.0,1703,52545548,32.75
30.0,732,52546280,24.4
31.0,809,52547089,26.096774193548388
32.0,707,52547796,22.09375
22.0,593,52548389,26.954545454545453
33.0,767,52549156,23.242424242424242
42.0,1239,52550395,29.5
37.0,879,52551274,23.756756756756758
28.0,833,52552107,29.75
5.0,95,52552202,19.0
38.0,1125,52553327,29.605263157894736
28.0,796,52554123,28.428571428571427
39.0,1122,52555245,28.76923076923077
30.0,718,52555963,23.933333333333334
41.0,1237,52557200,30.170731707317074
21.0,536,52557736,25.523809523809526
16.0,401,52558137,25.0625
29.0,665,52558802,22.93103448275862
34.0,1199,52560001,35.26470588235294
8.0,209,52560210,26.125
25.0,721,52560931,28.84
24.0,664,52561595,27.666666666666668
36.0,1183,52562778,32.861111111111114
38.0,953,52563731,25.07894736842105
23.0,579,52564310,25.17391304347826
13.0,279,52564589,21.46153846153846
32.0,1019,52565608,31.84375
35.0,1175,52566783,33.57142857142857
42.0,1279,52568062,30.452380952380953
38.0,1047,52569109,27.55263157894737
25.0,570,52569679,22.8
12.0,275,52569954,22.916666666666668
14.0,321,52570275,22.928571428571427
36.0,1071,52571346,29.75
21.0,603,52571949,28.714285714285715
29.0,750,52572699,25.862068965517242
20.0,435,52573134,21.75
41.0,1120,52574254,27.317073170731707
50.0,1546,52575800,30.92
13.0,356,52576156,27.384615384615383
36.0,907,52577063,25.194444444444443
25.0,554,52577617,22.16
19.0,593,52578210,31.210526315789473
21.0,642,52578852,30.571428571428573
31.0,882,52579734,28.451612903225808
23.0,629,52580363,27.347826086956523
36.0,1008,52581371,28.0
28.0,782,52582153,27.928571428571427
23.0,560,52582713,24.347826086956523
16.0,445,52583158,27.8125
27.0,794,52583952,29.40740740740741
31.0,820,52584772,26.451612903225808
6.0,145,52584917,24.166666666666668
11.0,211,52585128,19.181818181818183
35.0,805,52585933,23.0
29.0,771,52586704,26.586206896551722
13.0,258,52586962,19.846153846153847
36.0,1165,52588127,32.361111111111114
18.0,411,52588538,22.833333333333332
20.0,489,52589027,24.45
39.0,1077,52590104,27.615384615384617
16.0,423,52590527,26.4375
19.0,468,52590995,24.63157894736842
51.0,1502,52592497,29.45098039215686
23.0,739,52593236,32.130434782608695
20.0,651,52593887,32.55
23.0,467,52594354,20.304347826086957
14.0,368,52594722,26.285714285714285
14.0,333,52595055,23.785714285714285
29.0,789,52595844,27.20689655172414
40.0,1244,52597088,31.1
33.0,922,52598010,27.939393939393938
25.0,698,52598708,27.92
29.0,695,52599403,23.96551724137931
27.0,719,52600122,26.62962962962963
26.0,676,52600798,26.0
34.0,1077,52601875,31.676470588235293
28.0,962,52602837,34.357142857142854
23.0,688,52603525,29.91304347826087
25.0,718,52604243,28.72
16.0,362,52604605,22.625
15.0,392,52604997,26.133333333333333
26.0,578,52605575,22.23076923076923
18.0,523,52606098,29.055555555555557
22.0,565,52606663,25.681818181818183
42.0,1483,52608146,35.30952380952381
39.0,1120,52609266,28.71794871794872
8.0,243,52609509,30.375
15.0,430,52609939,28.666666666666668
31.0,984,52610923,31.741935483870968
34.0,955,52611878,28.08823529411765
24.0,673,52612551,28.041666666666668
15.0,387,52612938,25.8
21.0,464,52613402,22.095238095238095
20.0,530,52613932,26.5
23.0,490,52614422,21.304347826086957
5.0,123,52614545,24.6
30.0,821,52615366,27.366666666666667
25.0,577,52615943,23.08
32.0,865,52616808,27.03125
26.0,768,52617576,29.53846153846154
33.0,824,52618400,24.96969696969697
28.0,581,52618981,20.75
51.0,1404,52620385,27.529411764705884
15.0,427,52620812,28.466666666666665
37.0,957,52621769,25.864864864864863
28.0,728,52622497,26.0
34.0,929,52623426,27.323529411764707
5.0,157,52623583,31.4
28.0,882,52624465,31.5
27.0,856,52625321,31.703703703703702
21.0,516,52625837,24.571428571428573
26.0,823,52626660,31.653846153846153
18.0,423,52627083,23.5
54.0,1834,52628917,33.96296296296296
22.0,535,52629452,24.318181818181817
34.0,982,52630434,28.88235294117647
23.0,615,52631049,26.73913043478261
23.0,506,52631555,22.0
36.0,978,52632533,27.166666666666668
9.0,194,52632727,21.555555555555557
46.0,1290,52634017,28.043478260869566
26.0,680,52634697,26.153846153846153
25.0,626,52635323,25.04
33.0,952,52636275,28.848484848484848
33.0,939,52637214,28.454545454545453
23.0,656,52637870,28.52173913043478
35.0,890,52638760,25.428571428571427
32.0,762,52639522,23.8125
15.0,322,52639844,21.466666666666665
21.0,670,52640514,31.904761904761905
46.0,1276,52641790,27.73913043478261
49.0,1511,52643301,30.836734693877553
33.0,1116,52644417,33.81818181818182
33.0,781,52645198,23.666666666666668
15.0,360,52645558,24.0
44.0,1472,52647030,33.45454545454545
36.0,1033,52648063,28.694444444444443
31.0,770,52648833,24.838709677419356
48.0,1330,52650163,27.708333333333332
25.0,657,52650820,26.28
34.0,1106,52651926,32.529411764705884
39.0,1130,52653056,28.974358974358974
38.0,1055,52654111,27.763157894736842
37.0,1133,52655244,30.62162162162162
27.0,657,52655901,24.333333333333332
25.0,938,52656839,37.52
39.0,1103,52657942,28.28205128205128
17.0,478,52658420,28.11764705882353
37.0,1032,52659452,27.89189189189189
31.0,961,52660413,31.0
16.0,375,52660788,23.4375
26.0,806,52661594,31.0
41.0,958,52662552,23.365853658536587
31.0,1110,52663662,35.806451612903224
34.0,974,52664636,28.647058823529413
18.0,390,52665026,21.666666666666668
33.0,1043,52666069,31.606060606060606
22.0,793,52666862,36.04545454545455
20.0,572,52667434,28.6
44.0,1188,52668622,27.0
17.0,408,52669030,24.0
15.0,432,52669462,28.8
21.0,761,52670223,36.23809523809524
36.0,1022,52671245,28.38888888888889
29.0,924,52672169,31.862068965517242
8.0,209,52672378,26.125
32.0,965,52673343,30.15625
16.0,358,52673701,22.375
22.0,665,52674366,30.227272727272727
39.0,1161,52675527,29.76923076923077
47.0,1454,52676981,30.93617021276596
30.0,945,52677926,31.5
27.0,715,52678641,26.48148148148148
27.0,751,52679392,27.814814814814813
24.0,547,52679939,22.791666666666668
28.0,877,52680816,31.321428571428573
27.0,846,52681662,31.333333333333332
30.0,840,52682502,28.0
37.0,999,52683501,27.0
36.0,870,52684371,24.166666666666668
44.0,1418,52685789,32.22727272727273
32.0,828,52686617,25.875
22.0,546,52687163,24.818181818181817
32.0,879,52688042,27.46875
24.0,817,52688859,34.041666666666664
50.0,1712,52690571,34.24
27.0,770,52691341,28.51851851851852
37.0,1249,52692590,33.75675675675676
34.0,1152,52693742,33.88235294117647
25.0,860,52694602,34.4
23.0,452,52695054,19.652173913043477
27.0,859,52695913,31.814814814814813
21.0,408,52696321,19.428571428571427
27.0,956,52697277,35.407407407407405
16.0,638,52697915,39.875
37.0,990,52698905,26.756756756756758
22.0,535,52699440,24.318181818181817
42.0,1133,52700573,26.976190476190474
30.0,789,52701362,26.3
18.0,560,52701922,31.11111111111111
32.0,765,52702687,23.90625
26.0,751,52703438,28.884615384615383
16.0,516,52703954,32.25
24.0,612,52704566,25.5
23.0,672,52705238,29.217391304347824
28.0,727,52705965,25.964285714285715
10.0,264,52706229,26.4
26.0,694,52706923,26.692307692307693
16.0,371,52707294,23.1875
42.0,1065,52708359,25.357142857142858
10.0,176,52708535,17.6
55.0,1967,52710502,35.763636363636365
31.0,774,52711276,24.967741935483872
37.0,1291,52712567,34.891891891891895
23.0,553,52713120,24.043478260869566
12.0,272,52713392,22.666666666666668
25.0,720,52714112,28.8
38.0,1129,52715241,29.710526315789473
26.0,824,52716065,31.692307692307693
15.0,324,52716389,21.6
23.0,723,52717112,31.434782608695652
9.0,258,52717370,28.666666666666668
34.0,1089,52718459,32.029411764705884
18.0,467,52718926,25.944444444444443
40.0,1292,52720218,32.3
13.0,343,52720561,26.384615384615383
17.0,456,52721017,26.823529411764707
33.0,962,52721979,29.151515151515152
21.0,444,52722423,21.142857142857142
21.0,548,52722971,26.095238095238095
32.0,863,52723834,26.96875
25.0,702,52724536,28.08
26.0,864,52725400,33.23076923076923
19.0,610,52726010,32.10526315789474
34.0,873,52726883,25.676470588235293
30.0,860,52727743,28.666666666666668
17.0,517,52728260,30.41176470588235
23.0,533,52728793,23.17391304347826
25.0,656,52729449,26.24
17.0,424,52729873,24.941176470588236
28.0,795,52730668,28.392857142857142
35.0,867,52731535,24.771428571428572
36.0,998,52732533,27.72222222222222
37.0,1102,52733635,29.783783783783782
29.0,857,52734492,29.551724137931036
33.0,954,52735446,28.90909090909091
31.0,1055,52736501,34.03225806451613
28.0,705,52737206,25.178571428571427
31.0,720,52737926,23.225806451612904
34.0,977,52738903,28.735294117647058
36.0,1031,52739934,28.63888888888889
27.0,791,52740725,29.296296296296298
32.0,1029,52741754,32.15625
27.0,604,52742358,22.37037037037037
22.0,736,52743094,33.45454545454545
28.0,869,52743963,31.035714285714285
20.0,549,52744512,27.45
44.0,1374,52745886,31.227272727272727
22.0,485,52746371,22.045454545454547
28.0,783,52747154,27.964285714285715
36.0,1038,52748192,28.833333333333332
21.0,748,52748940,35.61904761904762
30.0,849,52749789,28.3
33.0,908,52750697,27.515151515151516
23.0,651,52751348,28.304347826086957
23.0,572,52751920,24.869565217391305
42.0,1218,52753138,29.0
30.0,908,52754046,30.266666666666666
26.0,801,52754847,30.807692307692307
28.0,678,52755525,24.214285714285715
11.0,328,52755853,29.818181818181817
28.0,710,52756563,25.357142857142858
19.0,420,52756983,22.105263157894736
12.0,421,52757404,35.083333333333336
38.0,1033,52758437,27.18421052631579
23.0,607,52759044,26.391304347826086
37.0,1057,52760101,28.56756756756757
24.0,756,52760857,31.5
2.0,45,52760902,22.5
21.0,652,52761554,31.047619047619047
46.0,1329,52762883,28.891304347826086
30.0,1022,52763905,34.06666666666667
47.0,1233,52765138,26.23404255319149
34.0,1004,52766142,29.529411764705884
37.0,1271,52767413,34.351351351351354
48.0,1571,52768984,32.729166666666664
26.0,864,52769848,33.23076923076923
19.0,513,52770361,27.0
46.0,1287,52771648,27.97826086956522
29.0,927,52772575,31.96551724137931
33.0,782,52773357,23.696969696969695
34.0,800,52774157,23.529411764705884
26.0,634,52774791,24.384615384615383
25.0,584,52775375,23.36
33.0,915,52776290,27.727272727272727
25.0,638,52776928,25.52
19.0,571,52777499,30.05263157894737
12.0,254,52777753,21.166666666666668
46.0,1472,52779225,32.0
36.0,1120,52780345,31.11111111111111
29.0,829,52781174,28.586206896551722
12.0,309,52781483,25.75
39.0,1051,52782534,26.94871794871795
12.0,284,52782818,23.666666666666668
11.0,252,52783070,22.90909090909091
32.0,865,52783935,27.03125
33.0,838,52784773,25.393939393939394
43.0,1422,52786195,33.06976744186046
29.0,590,52786785,20.344827586206897
16.0,596,52787381,37.25
35.0,1213,52788594,34.65714285714286
31.0,1002,52789596,32.32258064516129
25.0,891,52790487,35.64
27.0,765,52791252,28.333333333333332
37.0,912,52792164,24.64864864864865
29.0,844,52793008,29.103448275862068
7.0,189,52793197,27.0
27.0,756,52793953,28.0
22.0,510,52794463,23.181818181818183
53.0,1803,52796266,34.0188679245283
15.0,339,52796605,22.6
37.0,1175,52797780,31.756756756756758
33.0,1018,52798798,30.848484848484848
27.0,735,52799533,27.22222222222222
40.0,1317,52800850,32.925
37.0,1029,52801879,27.81081081081081
30.0,898,52802777,29.933333333333334
44.0,1578,52804355,35.86363636363637
13.0,454,52804809,34.92307692307692
28.0,650,52805459,23.214285714285715
34.0,886,52806345,26.058823529411764
33.0,964,52807309,29.21212121212121
33.0,1026,52808335,31.09090909090909
17.0,406,52808741,23.88235294117647
17.0,455,52809196,26.764705882352942
14.0,330,52809526,23.571428571428573
11.0,208,52809734,18.90909090909091
35.0,950,52810684,27.142857142857142
22.0,582,52811266,26.454545454545453
37.0,1093,52812359,29.54054054054054
34.0,1077,52813436,31.676470588235293
22.0,651,52814087,29.59090909090909
10.0,186,52814273,18.6
22.0,645,52814918,29.318181818181817
17.0,502,52815420,29.529411764705884
34.0,889,52816309,26.147058823529413
25.0,572,52816881,22.88
7.0,125,52817006,17.857142857142858
15.0,566,52817572,37.733333333333334
41.0,1337,52818909,32.609756097560975
22.0,637,52819546,28.954545454545453
18.0,601,52820147,33.388888888888886
19.0,587,52820734,30.894736842105264
28.0,688,52821422,24.571428571428573
40.0,1114,52822536,27.85
44.0,1199,52823735,27.25
33.0,981,52824716,29.727272727272727
15.0,332,52825048,22.133333333333333
31.0,1063,52826111,34.29032258064516
36.0,936,52827047,26.0
31.0,940,52827987,30.322580645161292
13.0,374,52828361,28.76923076923077
25.0,623,52828984,24.92
38.0,1091,52830075,28.710526315789473
30.0,736,52830811,24.533333333333335
30.0,864,52831675,28.8
10.0,222,52831897,22.2
51.0,1364,52833261,26.745098039215687
37.0,1124,52834385,30.37837837837838
37.0,978,52835363,26.43243243243243
33.0,973,52836336,29.484848484848484
25.0,760,52837096,30.4
46.0,1251,52838347,27.195652173913043
23.0,558,52838905,24.26086956521739
8.0,272,52839177,34.0
33.0,989,52840166,29.96969696969697
15.0,332,52840498,22.133333333333333
10.0,291,52840789,29.1
32.0,814,52841603,25.4375
5.0,137,52841740,27.4
15.0,371,52842111,24.733333333333334
6.0,142,52842253,23.666666666666668
17.0,373,52842626,21.941176470588236
16.0,435,52843061,27.1875
5.0,176,52843237,35.2
12.0,295,52843532,24.583333333333332
27.0,597,52844129,22.11111111111111
10.0,199,52844328,19.9
29.0,806,52845134,27.79310344827586
12.0,316,52845450,26.333333333333332
17.0,381,52845831,22.41176470588235
22.0,447,52846278,20.318181818181817
21.0,546,52846824,26.0
26.0,618,52847442,23.76923076923077
18.0,514,52847956,28.555555555555557
8.0,211,52848167,26.375
21.0,620,52848787,29.523809523809526
13.0,303,52849090,23.307692307692307
8.0,260,52849350,32.5
14.0,422,52849772,30.142857142857142
10.0,250,52850022,25.0
11.0,248,52850270,22.545454545454547
13.0,320,52850590,24.615384615384617
9.0,208,52850798,23.11111111111111
14.0,353,52851151,25.214285714285715
17.0,397,52851548,23.352941176470587
4.0,121,52851669,30.25
31.0,833,52852502,26.870967741935484
21.0,626,52853128,29.80952380952381
19.0,618,52853746,32.526315789473685
20.0,589,52854335,29.45
12.0,275,52854610,22.916666666666668
4.0,87,52854697,21.75
6.0,143,52854840,23.833333333333332
7.0,216,52855056,30.857142857142858
12.0,352,52855408,29.333333333333332
24.0,612,52856020,25.5
19.0,400,52856420,21.05263157894737
13.0,361,52856781,27.76923076923077
21.0,699,52857480,33.285714285714285
25.0,601,52858081,24.04
12.0,278,52858359,23.166666666666668
27.0,538,52858897,19.925925925925927
17.0,477,52859374,28.058823529411764
1.0,22,52859396,22.0
21.0,471,52859867,22.428571428571427
4.0,110,52859977,27.5
14.0,392,52860369,28.0
6.0,153,52860522,25.5
4.0,129,52860651,32.25
23.0,668,52861319,29.043478260869566
25.0,759,52862078,30.36
29.0,742,52862820,25.586206896551722
19.0,517,52863337,27.210526315789473
6.0,204,52863541,34.0
22.0,554,52864095,25.181818181818183
4.0,80,52864175,20.0
7.0,282,52864457,40.285714285714285
14.0,379,52864836,27.071428571428573
14.0,442,52865278,31.571428571428573
15.0,363,52865641,24.2
17.0,468,52866109,27.529411764705884
8.0,231,52866340,28.875
12.0,416,52866756,34.666666666666664
7.0,175,52866931,25.0
6.0,153,52867084,25.5
7.0,171,52867255,24.428571428571427
5.0,154,52867409,30.8
7.0,354,52867763,50.57142857142857
12.0,388,52868151,32.333333333333336
18.0,529,52868680,29.38888888888889
5.0,171,52868851,34.2
13.0,259,52869110,19.923076923076923
14.0,273,52869383,19.5
28.0,653,52870036,23.321428571428573
12.0,299,52870335,24.916666666666668
23.0,646,52870981,28.08695652173913
16.0,484,52871465,30.25
6.0,213,52871678,35.5
12.0,357,52872035,29.75
32.0,827,52872862,25.84375
16.0,376,52873238,23.5
8.0,227,52873465,28.375
2.0,44,52873509,22.0
21.0,577,52874086,27.476190476190474
14.0,359,52874445,25.642857142857142
15.0,447,52874892,29.8
10.0,315,52875207,31.5
13.0,272,52875479,20.923076923076923
5.0,116,52875595,23.2
21.0,470,52876065,22.38095238095238
34.0,931,52876996,27.38235294117647
17.0,318,52877314,18.705882352941178
20.0,511,52877825,25.55
34.0,826,52878651,24.294117647058822
24.0,538,52879189,22.416666666666668
6.0,138,52879327,23.0
8.0,316,52879643,39.5
8.0,280,52879923,35.0
43.0,1360,52881283,31.627906976744185
24.0,473,52881756,19.708333333333332
6.0,203,52881959,33.833333333333336
8.0,220,52882179,27.5
13.0,355,52882534,27.307692307692307
16.0,571,52883105,35.6875
14.0,338,52883443,24.142857142857142
35.0,1126,52884569,32.17142857142857
27.0,614,52885183,22.74074074074074
33.0,942,52886125,28.545454545454547
8.0,221,52886346,27.625
14.0,462,52886808,33.0
11.0,213,52887021,19.363636363636363
8.0,257,52887278,32.125
5.0,81,52887359,16.2
6.0,136,52887495,22.666666666666668
7.0,122,52887617,17.428571428571427
6.0,246,52887863,41.0
12.0,448,52888311,37.333333333333336
9.0,210,52888521,23.333333333333332
8.0,278,52888799,34.75
14.0,321,52889120,22.928571428571427
26.0,804,52889924,30.923076923076923
16.0,378,52890302,23.625
12.0,285,52890587,23.75
11.0,295,52890882,26.818181818181817
18.0,465,52891347,25.833333333333332
30.0,673,52892020,22.433333333333334
17.0,399,52892419,23.470588235294116
14.0,260,52892679,18.571428571428573
7.0,249,52892928,35.57142857142857
12.0,311,52893239,25.916666666666668
7.0,201,52893440,28.714285714285715
11.0,181,52893621,16.454545454545453
8.0,157,52893778,19.625
9.0,292,52894070,32.44444444444444
28.0,890,52894960,31.785714285714285
8.0,197,52895157,24.625
33.0,801,52895958,24.272727272727273
6.0,146,52896104,24.333333333333332
13.0,279,52896383,21.46153846153846
6.0,162,52896545,27.0
9.0,309,52896854,34.333333333333336
5.0,115,52896969,23.0
9.0,138,52897107,15.333333333333334
27.0,835,52897942,30.925925925925927
24.0,509,52898451,21.208333333333332
10.0,243,52898694,24.3
11.0,362,52899056,32.90909090909091
12.0,276,52899332,23.0
20.0,438,52899770,21.9
16.0,444,52900214,27.75
30.0,770,52900984,25.666666666666668
6.0,246,52901230,41.0
15.0,428,52901658,28.533333333333335
7.0,157,52901815,22.428571428571427
12.0,387,52902202,32.25
5.0,82,52902284,16.4
13.0,304,52902588,23.384615384615383
17.0,461,52903049,27.11764705882353
21.0,653,52903702,31.095238095238095
6.0,216,52903918,36.0
7.0,186,52904104,26.571428571428573
18.0,539,52904643,29.944444444444443
33.0,784,52905427,23.757575757575758
29.0,887,52906314,30.586206896551722
16.0,297,52906611,18.5625
4.0,121,52906732,30.25
6.0,81,52906813,13.5
12.0,223,52907036,18.583333333333332
38.0,1034,52908070,27.210526315789473
28.0,792,52908862,28.285714285714285
16.0,479,52909341,29.9375
14.0,467,52909808,33.357142857142854
22.0,676,52910484,30.727272727272727
13.0,340,52910824,26.153846153846153
27.0,885,52911709,32.77777777777778
23.0,521,52912230,22.652173913043477
13.0,265,52912495,20.384615384615383
12.0,314,52912809,26.166666666666668
5.0,121,52912930,24.2
13.0,258,52913188,19.846153846153847
5.0,88,52913276,17.6
18.0,397,52913673,22.055555555555557
11.0,319,52913992,29.0
12.0,270,52914262,22.5
9.0,137,52914399,15.222222222222221
14.0,279,52914678,19.928571428571427
13.0,338,52915016,26.0
5.0,202,52915218,40.4
37.0,1012,52916230,27.35135135135135
11.0,315,52916545,28.636363636363637
16.0,527,52917072,32.9375
4.0,71,52917143,17.75
26.0,719,52917862,27.653846153846153
16.0,387,52918249,24.1875
31.0,984,52919233,31.741935483870968
13.0,383,52919616,29.46153846153846
22.0,638,52920254,29.0
18.0,394,52920648,21.88888888888889
5.0,89,52920737,17.8
31.0,731,52921468,23.580645161290324
38.0,818,52922286,21.526315789473685
6.0,145,52922431,24.166666666666668
6.0,187,52922618,31.166666666666668
23.0,595,52923213,25.869565217391305
31.0,823,52924036,26.548387096774192
5.0,96,52924132,19.2
4.0,90,52924222,22.5
13.0,286,52924508,22.0
24.0,680,52925188,28.333333333333332
21.0,688,52925876,32.76190476190476
14.0,410,52926286,29.285714285714285
11.0,262,52926548,23.818181818181817
14.0,398,52926946,28.428571428571427
10.0,216,52927162,21.6
22.0,492,52927654,22.363636363636363
19.0,432,52928086,22.736842105263158
6.0,182,52928268,30.333333333333332
25.0,782,52929050,31.28
12.0,248,52929298,20.666666666666668
11.0,287,52929585,26.09090909090909
11.0,456,52930041,41.45454545454545
20.0,346,52930387,17.3
4.0,87,52930474,21.75
4.0,187,52930661,46.75
26.0,780,52931441,30.0
24.0,566,52932007,23.583333333333332
18.0,526,52932533,29.22222222222222
22.0,470,52933003,21.363636363636363
4.0,82,52933085,20.5
16.0,425,52933510,26.5625
33.0,984,52934494,29.818181818181817
7.0,235,52934729,33.57142857142857
13.0,437,52935166,33.61538461538461
4.0,161,52935327,40.25
24.0,546,52935873,22.75
25.0,716,52936589,28.64
22.0,580,52937169,26.363636363636363
11.0,396,52937565,36.0
21.0,571,52938136,27.19047619047619
17.0,421,52938557,24.764705882352942
16.0,494,52939051,30.875
7.0,177,52939228,25.285714285714285
21.0,515,52939743,24.523809523809526
7.0,374,52940117,53.42857142857143
11.0,252,52940369,22.90909090909091
17.0,487,52940856,28.647058823529413
20.0,381,52941237,19.05
19.0,426,52941663,22.42105263157895
20.0,963,52942626,48.15
20.0,395,52943021,19.75
17.0,481,52943502,28.294117647058822
11.0,223,52943725,20.272727272727273
23.0,581,52944306,25.26086956521739
8.0,245,52944551,30.625
10.0,189,52944740,18.9
11.0,239,52944979,21.727272727272727
17.0,347,52945326,20.41176470588235
27.0,871,52946197,32.25925925925926
9.0,352,52946549,39.111111111111114
40.0,1296,52947845,32.4
22.0,477,52948322,21.681818181818183
41.0,1116,52949438,27.21951219512195
31.0,829,52950267,26.741935483870968
35.0,891,52951158,25.457142857142856
5.0,248,52951406,49.6
9.0,282,52951688,31.333333333333332
29.0,784,52952472,27.03448275862069
13.0,439,52952911,33.76923076923077
5.0,153,52953064,30.6
23.0,765,52953829,33.26086956521739
4.0,98,52953927,24.5
15.0,385,52954312,25.666666666666668
31.0,977,52955289,31.516129032258064
4.0,92,52955381,23.0
13.0,197,52955578,15.153846153846153
9.0,244,52955822,27.11111111111111
12.0,335,52956157,27.916666666666668
10.0,302,52956459,30.2
22.0,567,52957026,25.772727272727273
19.0,398,52957424,20.94736842105263
22.0,690,52958114,31.363636363636363
20.0,483,52958597,24.15
26.0,665,52959262,25.576923076923077
13.0,478,52959740,36.76923076923077
10.0,232,52959972,23.2
17.0,407,52960379,23.941176470588236
5.0,180,52960559,36.0
7.0,329,52960888,47.0
27.0,759,52961647,28.11111111111111
19.0,535,52962182,28.157894736842106
25.0,593,52962775,23.72
30.0,794,52963569,26.466666666666665
10.0,326,52963895,32.6
27.0,795,52964690,29.444444444444443
9.0,193,52964883,21.444444444444443
6.0,290,52965173,48.333333333333336
20.0,480,52965653,24.0
26.0,742,52966395,28.53846153846154
24.0,546,52966941,22.75
28.0,606,52967547,21.642857142857142
22.0,552,52968099,25.09090909090909
21.0,495,52968594,23.571428571428573
14.0,362,52968956,25.857142857142858
5.0,141,52969097,28.2
33.0,905,52970002,27.424242424242426
33.0,831,52970833,25.181818181818183
6.0,78,52970911,13.0
30.0,807,52971718,26.9
18.0,514,52972232,28.555555555555557
10.0,302,52972534,30.2
24.0,511,52973045,21.291666666666668
12.0,281,52973326,23.416666666666668
12.0,395,52973721,32.916666666666664
6.0,152,52973873,25.333333333333332
19.0,660,52974533,34.73684210526316
7.0,162,52974695,23.142857142857142
12.0,333,52975028,27.75
23.0,501,52975529,21.782608695652176
15.0,376,52975905,25.066666666666666
15.0,415,52976320,27.666666666666668
5.0,153,52976473,30.6
19.0,555,52977028,29.210526315789473
28.0,756,52977784,27.0
29.0,720,52978504,24.82758620689655
6.0,267,52978771,44.5
26.0,678,52979449,26.076923076923077
18.0,410,52979859,22.77777777777778
19.0,534,52980393,28.105263157894736
23.0,670,52981063,29.130434782608695
9.0,246,52981309,27.333333333333332
4.0,105,52981414,26.25
30.0,844,52982258,28.133333333333333
26.0,667,52982925,25.653846153846153
9.0,236,52983161,26.22222222222222
12.0,304,52983465,25.333333333333332
36.0,1005,52984470,27.916666666666668
37.0,1023,52985493,27.64864864864865
9.0,227,52985720,25.22222222222222
17.0,411,52986131,24.176470588235293
8.0,161,52986292,20.125
13.0,615,52986907,47.30769230769231
14.0,461,52987368,32.92857142857143
16.0,525,52987893,32.8125
22.0,653,52988546,29.681818181818183
14.0,344,52988890,24.571428571428573
17.0,562,52989452,33.05882352941177
14.0,371,52989823,26.5
13.0,410,52990233,31.53846153846154
12.0,252,52990485,21.0
4.0,95,52990580,23.75
24.0,746,52991326,31.083333333333332
12.0,253,52991579,21.083333333333332
8.0,201,52991780,25.125
4.0,121,52991901,30.25
14.0,331,52992232,23.642857142857142
5.0,101,52992333,20.2
16.0,481,52992814,30.0625
9.0,272,52993086,30.22222222222222
18.0,428,52993514,23.77777777777778
23.0,427,52993941,18.565217391304348
40.0,1161,52995102,29.025
16.0,392,52995494,24.5
39.0,1199,52996693,30.743589743589745
21.0,557,52997250,26.523809523809526
13.0,248,52997498,19.076923076923077
11.0,203,52997701,18.454545454545453
34.0,1152,52998853,33.88235294117647
14.0,508,52999361,36.285714285714285
26.0,678,53000039,26.076923076923077
4.0,203,53000242,50.75
24.0,577,53000819,24.041666666666668
4.0,97,53000916,24.25
18.0,447,53001363,24.833333333333332
13.0,340,53001703,26.153846153846153
20.0,525,53002228,26.25
10.0,304,53002532,30.4
5.0,102,53002634,20.4
6.0,114,53002748,19.0
11.0,286,53003034,26.0
17.0,393,53003427,23.11764705882353
14.0,438,53003865,31.285714285714285
10.0,236,53004101,23.6
37.0,988,53005089,26.7027027027027
17.0,550,53005639,32.35294117647059
19.0,515,53006154,27.105263157894736
19.0,437,53006591,23.0
9.0,165,53006756,18.333333333333332
7.0,229,53006985,32.714285714285715
7.0,255,53007240,36.42857142857143
9.0,295,53007535,32.77777777777778
9.0,200,53007735,22.22222222222222
12.0,316,53008051,26.333333333333332
13.0,365,53008416,28.076923076923077
7.0,181,53008597,25.857142857142858
13.0,374,53008971,28.76923076923077
6.0,97,53009068,16.166666666666668
5.0,120,53009188,24.0
31.0,738,53009926,23.806451612903224
8.0,144,53010070,18.0
6.0,174,53010244,29.0
36.0,925,53011169,25.694444444444443
14.0,408,53011577,29.142857142857142
19.0,541,53012118,28.473684210526315
18.0,535,53012653,29.72222222222222
18.0,680,53013333,37.77777777777778
15.0,472,53013805,31.466666666666665
5.0,261,53014066,52.2
25.0,757,53014823,30.28
9.0,187,53015010,20.77777777777778
4.0,95,53015105,23.75
10.0,213,53015318,21.3
19.0,500,53015818,26.31578947368421
14.0,338,53016156,24.142857142857142
13.0,307,53016463,23.615384615384617
18.0,346,53016809,19.22222222222222
48.0,1457,53018266,30.354166666666668
38.0,907,53019173,23.86842105263158
22.0,519,53019692,23.59090909090909
39.0,1229,53020921,31.512820512820515
9.0,191,53021112,21.22222222222222
10.0,222,53021334,22.2
4.0,174,53021508,43.5
14.0,402,53021910,28.714285714285715
11.0,240,53022150,21.818181818181817
27.0,634,53022784,23.48148148148148
28.0,707,53023491,25.25
11.0,248,53023739,22.545454545454547
9.0,208,53023947,23.11111111111111
18.0,506,53024453,28.11111111111111
8.0,165,53024618,20.625
17.0,411,53025029,24.176470588235293
13.0,410,53025439,31.53846153846154
19.0,462,53025901,24.31578947368421
7.0,119,53026020,17.0
20.0,578,53026598,28.9
8.0,240,53026838,30.0
6.0,100,53026938,16.666666666666668
21.0,458,53027396,21.80952380952381
15.0,258,53027654,17.2
6.0,202,53027856,33.666666666666664
6.0,177,53028033,29.5
22.0,615,53028648,27.954545454545453
13.0,354,53029002,27.23076923076923
11.0,320,53029322,29.09090909090909
6.0,102,53029424,17.0
24.0,684,53030108,28.5
39.0,1174,53031282,30.102564102564102
8.0,280,53031562,35.0
15.0,394,53031956,26.266666666666666
23.0,428,53032384,18.608695652173914
8.0,249,53032633,31.125
13.0,399,53033032,30.692307692307693
9.0,133,53033165,14.777777777777779
32.0,737,53033902,23.03125
17.0,418,53034320,24.58823529411765
17.0,352,53034672,20.705882352941178
25.0,622,53035294,24.88
19.0,524,53035818,27.57894736842105
22.0,565,53036383,25.681818181818183
5.0,158,53036541,31.6
31.0,765,53037306,24.677419354838708
21.0,527,53037833,25.095238095238095
19.0,579,53038412,30.473684210526315
22.0,554,53038966,25.181818181818183
21.0,550,53039516,26.19047619047619
2.0,94,53039610,47.0
20.0,500,53040110,25.0
14.0,427,53040537,30.5
10.0,338,53040875,33.8
18.0,481,53041356,26.72222222222222
4.0,47,53041403,11.75
15.0,486,53041889,32.4
21.0,539,53042428,25.666666666666668
30.0,654,53043082,21.8
23.0,730,53043812,31.73913043478261
13.0,372,53044184,28.615384615384617
20.0,646,53044830,32.3
14.0,321,53045151,22.928571428571427
22.0,582,53045733,26.454545454545453
17.0,469,53046202,27.58823529411765
26.0,640,53046842,24.615384615384617
5.0,107,53046949,21.4
9.0,220,53047169,24.444444444444443
4.0,72,53047241,18.0
22.0,532,53047773,24.181818181818183
4.0,92,53047865,23.0
13.0,297,53048162,22.846153846153847
18.0,365,53048527,20.27777777777778
34.0,1028,53049555,30.235294117647058
21.0,480,53050035,22.857142857142858
15.0,418,53050453,27.866666666666667
10.0,257,53050710,25.7
11.0,341,53051051,31.0
18.0,653,53051704,36.27777777777778
24.0,765,53052469,31.875
16.0,382,53052851,23.875
13.0,346,53053197,26.615384615384617
18.0,512,53053709,28.444444444444443
16.0,347,53054056,21.6875
7.0,168,53054224,24.0
20.0,436,53054660,21.8
11.0,275,53054935,25.0
36.0,1178,53056113,32.72222222222222
19.0,444,53056557,23.36842105263158
24.0,576,53057133,24.0
8.0,180,53057313,22.5
15.0,445,53057758,29.666666666666668
4.0,205,53057963,51.25
4.0,105,53058068,26.25
9.0,285,53058353,31.666666666666668
20.0,507,53058860,25.35
11.0,302,53059162,27.454545454545453
25.0,622,53059784,24.88
30.0,720,53060504,24.0
5.0,126,53060630,25.2
14.0,416,53061046,29.714285714285715
9.0,169,53061215,18.77777777777778
18.0,379,53061594,21.055555555555557
31.0,842,53062436,27.161290322580644
15.0,377,53062813,25.133333333333333
15.0,338,53063151,22.533333333333335
4.0,121,53063272,30.25
13.0,345,53063617,26.53846153846154
4.0,212,53063829,53.0
23.0,587,53064416,25.52173913043478
8.0,250,53064666,31.25
30.0,640,53065306,21.333333333333332
28.0,854,53066160,30.5
17.0,499,53066659,29.352941176470587
15.0,430,53067089,28.666666666666668
7.0,145,53067234,20.714285714285715
4.0,172,53067406,43.0
36.0,949,53068355,26.36111111111111
47.0,1394,53069749,29.659574468085108
18.0,456,53070205,25.333333333333332
4.0,69,53070274,17.25
4.0,81,53070355,20.25
5.0,133,53070488,26.6
26.0,619,53071107,23.807692307692307
11.0,268,53071375,24.363636363636363
31.0,812,53072187,26.193548387096776
15.0,388,53072575,25.866666666666667
21.0,507,53073082,24.142857142857142
9.0,189,53073271,21.0
36.0,844,53074115,23.444444444444443
31.0,733,53074848,23.64516129032258
21.0,477,53075325,22.714285714285715
4.0,99,53075424,24.75
37.0,935,53076359,25.27027027027027
26.0,671,53077030,25.807692307692307
12.0,266,53077296,22.166666666666668
11.0,183,53077479,16.636363636363637
12.0,269,53077748,22.416666666666668
28.0,944,53078692,33.714285714285715
36.0,1200,53079892,33.333333333333336
13.0,402,53080294,30.923076923076923
13.0,302,53080596,23.23076923076923
13.0,275,53080871,21.153846153846153
33.0,918,53081789,27.818181818181817
17.0,433,53082222,25.470588235294116
12.0,354,53082576,29.5
18.0,546,53083122,30.333333333333332
29.0,686,53083808,23.655172413793103
25.0,619,53084427,24.76
24.0,487,53084914,20.291666666666668
7.0,139,53085053,19.857142857142858
4.0,267,53085320,66.75
16.0,424,53085744,26.5
12.0,403,53086147,33.583333333333336
42.0,1453,53087600,34.595238095238095
23.0,775,53088375,33.69565217391305
6.0,179,53088554,29.833333333333332
24.0,607,53089161,25.291666666666668
30.0,915,53090076,30.5
17.0,520,53090596,30.58823529411765
34.0,1152,53091748,33.88235294117647
12.0,294,53092042,24.5
13.0,389,53092431,29.923076923076923
24.0,551,53092982,22.958333333333332
12.0,308,53093290,25.666666666666668
23.0,837,53094127,36.391304347826086
6.0,210,53094337,35.0
6.0,122,53094459,20.333333333333332
18.0,471,53094930,26.166666666666668
12.0,282,53095212,23.5
24.0,693,53095905,28.875
14.0,290,53096195,20.714285714285715
5.0,167,53096362,33.4
7.0,279,53096641,39.857142857142854
19.0,387,53097028,20.36842105263158
14.0,382,53097410,27.285714285714285
25.0,677,53098087,27.08
23.0,655,53098742,28.47826086956522
15.0,404,53099146,26.933333333333334
17.0,358,53099504,21.058823529411764
13.0,226,53099730,17.384615384615383
20.0,598,53100328,29.9
11.0,251,53100579,22.818181818181817
11.0,275,53100854,25.0
27.0,663,53101517,24.555555555555557
8.0,270,53101787,33.75
12.0,414,53102201,34.5
44.0,1490,53103691,33.86363636363637
25.0,526,53104217,21.04
23.0,693,53104910,30.130434782608695
17.0,359,53105269,21.11764705882353
12.0,361,53105630,30.083333333333332
7.0,177,53105807,25.285714285714285
6.0,140,53105947,23.333333333333332
16.0,405,53106352,25.3125
15.0,331,53106683,22.066666666666666
26.0,673,53107356,25.884615384615383
17.0,448,53107804,26.352941176470587
18.0,415,53108219,23.055555555555557
36.0,955,53109174,26.52777777777778
7.0,167,53109341,23.857142857142858
8.0,120,53109461,15.0
12.0,446,53109907,37.166666666666664
4.0,76,53109983,19.0
13.0,301,53110284,23.153846153846153
14.0,384,53110668,27.428571428571427
23.0,655,53111323,28.47826086956522
31.0,782,53112105,25.225806451612904
10.0,323,53112428,32.3
14.0,329,53112757,23.5
11.0,268,53113025,24.363636363636363
16.0,412,53113437,25.75
18.0,588,53114025,32.666666666666664
8.0,139,53114164,17.375
4.0,183,53114347,45.75
17.0,495,53114842,29.11764705882353
9.0,257,53115099,28.555555555555557
11.0,300,53115399,27.272727272727273
13.0,431,53115830,33.15384615384615
20.0,520,53116350,26.0
20.0,413,53116763,20.65
26.0,712,53117475,27.384615384615383
9.0,259,53117734,28.77777777777778
26.0,710,53118444,27.307692307692307
5.0,147,53118591,29.4
39.0,1148,53119739,29.435897435897434
28.0,788,53120527,28.142857142857142
6.0,91,53120618,15.166666666666666
7.0,123,53120741,17.571428571428573
13.0,313,53121054,24.076923076923077
8.0,239,53121293,29.875
18.0,404,53121697,22.444444444444443
19.0,485,53122182,25.526315789473685
5.0,101,53122283,20.2
10.0,246,53122529,24.6
19.0,591,53123120,31.105263157894736
24.0,644,53123764,26.833333333333332
9.0,248,53124012,27.555555555555557
8.0,156,53124168,19.5
6.0,111,53124279,18.5
31.0,881,53125160,28.419354838709676
18.0,444,53125604,24.666666666666668
6.0,121,53125725,20.166666666666668
15.0,406,53126131,27.066666666666666
5.0,109,53126240,21.8
11.0,251,53126491,22.818181818181817
26.0,608,53127099,23.384615384615383
5.0,80,53127179,16.0
28.0,810,53127989,28.928571428571427
17.0,390,53128379,22.941176470588236
31.0,747,53129126,24.096774193548388
12.0,306,53129432,25.5
13.0,341,53129773,26.23076923076923
11.0,320,53130093,29.09090909090909
4.0,33,53130126,8.25
33.0,733,53130859,22.21212121212121
9.0,350,53131209,38.888888888888886
32.0,805,53132014,25.15625
17.0,430,53132444,25.294117647058822
9.0,238,53132682,26.444444444444443
18.0,382,53133064,21.22222222222222
29.0,814,53133878,28.06896551724138
9.0,275,53134153,30.555555555555557
23.0,669,53134822,29.08695652173913
4.0,178,53135000,44.5
29.0,801,53135801,27.620689655172413
9.0,266,53136067,29.555555555555557
16.0,407,53136474,25.4375
19.0,551,53137025,29.0
6.0,87,53137112,14.5
5.0,84,53137196,16.8
18.0,553,53137749,30.72222222222222
14.0,408,53138157,29.142857142857142
11.0,298,53138455,27.09090909090909
7.0,198,53138653,28.285714285714285
47.0,1364,53140017,29.02127659574468
10.0,166,53140183,16.6
9.0,117,53140300,13.0
52.0,1669,53141969,32.09615384615385
8.0,129,53142098,16.125
26.0,635,53142733,24.423076923076923
17.0,370,53143103,21.764705882352942
9.0,216,53143319,24.0
16.0,376,53143695,23.5
13.0,318,53144013,24.46153846153846
23.0,536,53144549,23.304347826086957
31.0,941,53145490,30.35483870967742
23.0,704,53146194,30.608695652173914
15.0,272,53146466,18.133333333333333
30.0,625,53147091,20.833333333333332
13.0,332,53147423,25.53846153846154
23.0,669,53148092,29.08695652173913
19.0,558,53148650,29.36842105263158
18.0,390,53149040,21.666666666666668
22.0,521,53149561,23.681818181818183
21.0,668,53150229,31.80952380952381
19.0,430,53150659,22.63157894736842
5.0,56,53150715,11.2
8.0,277,53150992,34.625
17.0,407,53151399,23.941176470588236
13.0,188,53151587,14.461538461538462
15.0,397,53151984,26.466666666666665
36.0,1058,53153042,29.38888888888889
7.0,185,53153227,26.428571428571427
18.0,474,53153701,26.333333333333332
23.0,635,53154336,27.608695652173914
33.0,823,53155159,24.939393939393938
12.0,239,53155398,19.916666666666668
5.0,149,53155547,29.8
11.0,332,53155879,30.181818181818183
34.0,861,53156740,25.323529411764707
18.0,519,53157259,28.833333333333332
14.0,356,53157615,25.428571428571427
20.0,463,53158078,23.15
6.0,113,53158191,18.833333333333332
9.0,193,53158384,21.444444444444443
19.0,685,53159069,36.05263157894737
10.0,251,53159320,25.1
19.0,414,53159734,21.789473684210527
10.0,298,53160032,29.8
35.0,1098,53161130,31.37142857142857
29.0,856,53161986,29.517241379310345
16.0,390,53162376,24.375
25.0,669,53163045,26.76
11.0,393,53163438,35.72727272727273
22.0,576,53164014,26.181818181818183
10.0,280,53164294,28.0
12.0,317,53164611,26.416666666666668
19.0,454,53165065,23.894736842105264
7.0,215,53165280,30.714285714285715
10.0,239,53165519,23.9
13.0,395,53165914,30.384615384615383
13.0,363,53166277,27.923076923076923
13.0,276,53166553,21.23076923076923
25.0,752,53167305,30.08
19.0,507,53167812,26.68421052631579
9.0,293,53168105,32.55555555555556
18.0,571,53168676,31.72222222222222
19.0,612,53169288,32.21052631578947
25.0,642,53169930,25.68
24.0,755,53170685,31.458333333333332
4.0,110,53170795,27.5
15.0,345,53171140,23.0
26.0,639,53171779,24.576923076923077
9.0,229,53172008,25.444444444444443
20.0,499,53172507,24.95
20.0,510,53173017,25.5
12.0,292,53173309,24.333333333333332
5.0,77,53173386,15.4
36.0,801,53174187,22.25
6.0,235,53174422,39.166666666666664
30.0,855,53175277,28.5
20.0,482,53175759,24.1
14.0,334,53176093,23.857142857142858
16.0,310,53176403,19.375
32.0,766,53177169,23.9375
14.0,374,53177543,26.714285714285715
3.0,113,53177656,37.666666666666664
7.0,183,53177839,26.142857142857142
15.0,316,53178155,21.066666666666666
18.0,530,53178685,29.444444444444443
21.0,491,53179176,23.38095238095238
7.0,158,53179334,22.571428571428573
10.0,247,53179581,24.7
16.0,373,53179954,23.3125
12.0,304,53180258,25.333333333333332
21.0,574,53180832,27.333333333333332
17.0,390,53181222,22.941176470588236
24.0,560,53181782,23.333333333333332
33.0,833,53182615,25.242424242424242
5.0,94,53182709,18.8
28.0,720,53183429,25.714285714285715
13.0,264,53183693,20.307692307692307
6.0,179,53183872,29.833333333333332
41.0,1218,53185090,29.70731707317073
22.0,558,53185648,25.363636363636363
10.0,321,53185969,32.1
6.0,181,53186150,30.166666666666668
21.0,618,53186768,29.428571428571427
28.0,716,53187484,25.571428571428573
11.0,252,53187736,22.90909090909091
7.0,163,53187899,23.285714285714285
26.0,645,53188544,24.807692307692307
17.0,335,53188879,19.705882352941178
11.0,337,53189216,30.636363636363637
15.0,341,53189557,22.733333333333334
8.0,140,53189697,17.5
9.0,290,53189987,32.22222222222222
24.0,518,53190505,21.583333333333332
16.0,428,53190933,26.75
17.0,377,53191310,22.176470588235293
9.0,225,53191535,25.0
10.0,256,53191791,25.6
19.0,395,53192186,20.789473684210527
8.0,116,53192302,14.5
8.0,161,53192463,20.125
25.0,679,53193142,27.16
27.0,902,53194044,33.407407407407405
10.0,183,53194227,18.3
8.0,175,53194402,21.875
13.0,385,53194787,29.615384615384617
36.0,1025,53195812,28.47222222222222
18.0,595,53196407,33.05555555555556
10.0,206,53196613,20.6
11.0,247,53196860,22.454545454545453
10.0,332,53197192,33.2
10.0,216,53197408,21.6
10.0,297,53197705,29.7
7.0,146,53197851,20.857142857142858
13.0,215,53198066,16.53846153846154
34.0,1019,53199085,29.970588235294116
16.0,407,53199492,25.4375
5.0,80,53199572,16.0
11.0,288,53199860,26.181818181818183
18.0,448,53200308,24.88888888888889
20.0,598,53200906,29.9
33.0,984,53201890,29.818181818181817
6.0,213,53202103,35.5
11.0,385,53202488,35.0
18.0,595,53203083,33.05555555555556
20.0,564,53203647,28.2
39.0,1374,53205021,35.23076923076923
43.0,1244,53206265,28.930232558139537
23.0,715,53206980,31.08695652173913
47.0,1650,53208630,35.1063829787234
22.0,574,53209204,26.09090909090909
33.0,773,53209977,23.424242424242426
29.0,1011,53210988,34.86206896551724
19.0,579,53211567,30.473684210526315
46.0,1264,53212831,27.47826086956522
35.0,901,53213732,25.742857142857144
26.0,885,53214617,34.03846153846154
31.0,1024,53215641,33.03225806451613
35.0,949,53216590,27.114285714285714
28.0,743,53217333,26.535714285714285
34.0,1004,53218337,29.529411764705884
15.0,431,53218768,28.733333333333334
33.0,1179,53219947,35.72727272727273
31.0,944,53220891,30.451612903225808
28.0,712,53221603,25.428571428571427
35.0,1133,53222736,32.371428571428574
48.0,1369,53224105,28.520833333333332
34.0,1039,53225144,30.558823529411764
36.0,903,53226047,25.083333333333332
27.0,712,53226759,26.37037037037037
14.0,310,53227069,22.142857142857142
52.0,1702,53228771,32.73076923076923
32.0,964,53229735,30.125
9.0,224,53229959,24.88888888888889
50.0,1448,53231407,28.96
34.0,921,53232328,27.08823529411765
4.0,111,53232439,27.75
27.0,737,53233176,27.296296296296298
25.0,778,53233954,31.12
28.0,770,53234724,27.5
28.0,910,53235634,32.5
29.0,783,53236417,27.0
22.0,505,53236922,22.954545454545453
28.0,749,53237671,26.75
21.0,579,53238250,27.571428571428573
43.0,1316,53239566,30.6046511627907
22.0,438,53240004,19.90909090909091
21.0,594,53240598,28.285714285714285
33.0,936,53241534,28.363636363636363
34.0,1029,53242563,30.264705882352942
32.0,780,53243343,24.375
28.0,847,53244190,30.25
30.0,822,53245012,27.4
31.0,909,53245921,29.322580645161292
17.0,433,53246354,25.470588235294116
55.0,2071,53248425,37.654545454545456
31.0,1017,53249442,32.806451612903224
15.0,427,53249869,28.466666666666665
35.0,872,53250741,24.914285714285715
20.0,557,53251298,27.85
45.0,1329,53252627,29.533333333333335
47.0,1504,53254131,32.0
26.0,661,53254792,25.423076923076923
26.0,581,53255373,22.346153846153847
32.0,729,53256102,22.78125
30.0,726,53256828,24.2
38.0,1019,53257847,26.81578947368421
28.0,775,53258622,27.678571428571427
30.0,870,53259492,29.0
15.0,477,53259969,31.8
29.0,923,53260892,31.82758620689655
39.0,1062,53261954,27.23076923076923
45.0,1168,53263122,25.955555555555556
40.0,1167,53264289,29.175
30.0,743,53265032,24.766666666666666
19.0,409,53265441,21.526315789473685
28.0,682,53266123,24.357142857142858
32.0,975,53267098,30.46875
32.0,944,53268042,29.5
21.0,696,53268738,33.142857142857146
42.0,1230,53269968,29.285714285714285
30.0,876,53270844,29.2
37.0,923,53271767,24.945945945945947
18.0,414,53272181,23.0
36.0,1053,53273234,29.25
29.0,740,53273974,25.517241379310345
39.0,1339,53275313,34.333333333333336
18.0,445,53275758,24.72222222222222
11.0,286,53276044,26.0
30.0,628,53276672,20.933333333333334
44.0,1197,53277869,27.204545454545453
37.0,1056,53278925,28.54054054054054
31.0,925,53279850,29.838709677419356
23.0,578,53280428,25.130434782608695
22.0,475,53280903,21.59090909090909
27.0,819,53281722,30.333333333333332
21.0,477,53282199,22.714285714285715
12.0,217,53282416,18.083333333333332
36.0,889,53283305,24.694444444444443
30.0,854,53284159,28.466666666666665
36.0,1006,53285165,27.944444444444443
21.0,647,53285812,30.80952380952381
22.0,779,53286591,35.40909090909091
16.0,391,53286982,24.4375
10.0,259,53287241,25.9
27.0,578,53287819,21.40740740740741
18.0,406,53288225,22.555555555555557
26.0,627,53288852,24.115384615384617
39.0,1289,53290141,33.05128205128205
25.0,741,53290882,29.64
26.0,707,53291589,27.192307692307693
26.0,652,53292241,25.076923076923077
20.0,506,53292747,25.3
38.0,1074,53293821,28.263157894736842
30.0,838,53294659,27.933333333333334
29.0,821,53295480,28.310344827586206
23.0,547,53296027,23.782608695652176
41.0,1090,53297117,26.585365853658537
39.0,1131,53298248,29.0
21.0,418,53298666,19.904761904761905
29.0,831,53299497,28.655172413793103
40.0,1068,53300565,26.7
38.0,986,53301551,25.94736842105263
21.0,578,53302129,27.523809523809526
34.0,1041,53303170,30.61764705882353
23.0,681,53303851,29.608695652173914
37.0,1425,53305276,38.513513513513516
26.0,686,53305962,26.384615384615383
30.0,968,53306930,32.266666666666666
43.0,1414,53308344,32.883720930232556
35.0,814,53309158,23.257142857142856
18.0,518,53309676,28.77777777777778
24.0,771,53310447,32.125
28.0,900,53311347,32.142857142857146
22.0,656,53312003,29.818181818181817
22.0,482,53312485,21.90909090909091
32.0,995,53313480,31.09375
9.0,261,53313741,29.0
16.0,302,53314043,18.875
16.0,464,53314507,29.0
21.0,629,53315136,29.952380952380953
24.0,600,53315736,25.0
27.0,763,53316499,28.25925925925926
35.0,1040,53317539,29.714285714285715
29.0,717,53318256,24.724137931034484
44.0,1188,53319444,27.0
35.0,1136,53320580,32.457142857142856
26.0,605,53321185,23.26923076923077
36.0,1015,53322200,28.194444444444443
4.0,52,53322252,13.0
30.0,772,53323024,25.733333333333334
32.0,707,53323731,22.09375
28.0,912,53324643,32.57142857142857
26.0,651,53325294,25.03846153846154
34.0,908,53326202,26.705882352941178
36.0,1023,53327225,28.416666666666668
25.0,726,53327951,29.04
41.0,1192,53329143,29.073170731707318
11.0,368,53329511,33.45454545454545
29.0,743,53330254,25.620689655172413
34.0,804,53331058,23.647058823529413
30.0,1010,53332068,33.666666666666664
18.0,483,53332551,26.833333333333332
36.0,1135,53333686,31.52777777777778
9.0,249,53333935,27.666666666666668
38.0,1159,53335094,30.5
35.0,942,53336036,26.914285714285715
34.0,1147,53337183,33.73529411764706
31.0,813,53337996,26.225806451612904
32.0,969,53338965,30.28125
14.0,365,53339330,26.071428571428573
8.0,198,53339528,24.75
28.0,693,53340221,24.75
34.0,865,53341086,25.441176470588236
37.0,1125,53342211,30.405405405405407
31.0,832,53343043,26.838709677419356
17.0,444,53343487,26.11764705882353
17.0,394,53343881,23.176470588235293
26.0,752,53344633,28.923076923076923
31.0,1049,53345682,33.83870967741935
23.0,636,53346318,27.652173913043477
32.0,1144,53347462,35.75
19.0,473,53347935,24.894736842105264
2.0,36,53347971,18.0
46.0,1374,53349345,29.869565217391305
27.0,790,53350135,29.25925925925926
26.0,877,53351012,33.73076923076923
21.0,701,53351713,33.38095238095238
10.0,272,53351985,27.2
27.0,862,53352847,31.925925925925927
17.0,433,53353280,25.470588235294116
36.0,1007,53354287,27.97222222222222
37.0,1522,53355809,41.13513513513514
31.0,837,53356646,27.0
50.0,1489,53358135,29.78
30.0,868,53359003,28.933333333333334
16.0,550,53359553,34.375
32.0,1023,53360576,31.96875
23.0,663,53361239,28.82608695652174
21.0,572,53361811,27.238095238095237
35.0,1087,53362898,31.057142857142857
25.0,625,53363523,25.0
28.0,749,53364272,26.75
51.0,1396,53365668,27.372549019607842
22.0,924,53366592,42.0
30.0,760,53367352,25.333333333333332
15.0,331,53367683,22.066666666666666
34.0,1015,53368698,29.852941176470587
27.0,737,53369435,27.296296296296298
36.0,1176,53370611,32.666666666666664
40.0,1406,53372017,35.15
25.0,859,53372876,34.36
9.0,188,53373064,20.88888888888889
30.0,903,53373967,30.1
14.0,287,53374254,20.5
42.0,960,53375214,22.857142857142858
32.0,937,53376151,29.28125
6.0,124,53376275,20.666666666666668
23.0,720,53376995,31.304347826086957
35.0,875,53377870,25.0
11.0,315,53378185,28.636363636363637
30.0,828,53379013,27.6
42.0,946,53379959,22.523809523809526
10.0,209,53380168,20.9
19.0,506,53380674,26.63157894736842
28.0,749,53381423,26.75
16.0,390,53381813,24.375
33.0,1058,53382871,32.06060606060606
26.0,756,53383627,29.076923076923077
33.0,1057,53384684,32.03030303030303
23.0,727,53385411,31.608695652173914
30.0,919,53386330,30.633333333333333
23.0,507,53386837,22.043478260869566
22.0,626,53387463,28.454545454545453
27.0,856,53388319,31.703703703703702
39.0,1084,53389403,27.794871794871796
24.0,609,53390012,25.375
18.0,627,53390639,34.833333333333336
27.0,663,53391302,24.555555555555557
22.0,413,53391715,18.772727272727273
16.0,502,53392217,31.375
49.0,1547,53393764,31.571428571428573
26.0,660,53394424,25.384615384615383
31.0,789,53395213,25.451612903225808
36.0,1091,53396304,30.305555555555557
34.0,1167,53397471,34.3235294117647
33.0,1073,53398544,32.515151515151516
23.0,632,53399176,27.47826086956522
40.0,1328,53400504,33.2
33.0,865,53401369,26.21212121212121
26.0,820,53402189,31.53846153846154
33.0,1442,53403631,43.696969696969695
22.0,561,53404192,25.5
27.0,657,53404849,24.333333333333332
29.0,819,53405668,28.24137931034483
47.0,1373,53407041,29.21276595744681
18.0,341,53407382,18.944444444444443
32.0,750,53408132,23.4375
32.0,1064,53409196,33.25
24.0,640,53409836,26.666666666666668
37.0,1076,53410912,29.08108108108108
29.0,726,53411638,25.03448275862069
33.0,1049,53412687,31.78787878787879
17.0,470,53413157,27.647058823529413
19.0,501,53413658,26.36842105263158
27.0,721,53414379,26.703703703703702
29.0,722,53415101,24.896551724137932
19.0,444,53415545,23.36842105263158
18.0,454,53415999,25.22222222222222
37.0,1371,53417370,37.054054054054056
15.0,348,53417718,23.2
16.0,335,53418053,20.9375
39.0,1337,53419390,34.282051282051285
44.0,1251,53420641,28.431818181818183
30.0,718,53421359,23.933333333333334
24.0,769,53422128,32.041666666666664
34.0,1073,53423201,31.558823529411764
19.0,446,53423647,23.473684210526315
17.0,471,53424118,27.705882352941178
20.0,619,53424737,30.95
31.0,820,53425557,26.451612903225808
17.0,478,53426035,28.11764705882353
26.0,745,53426780,28.653846153846153
41.0,1311,53428091,31.975609756097562
35.0,1054,53429145,30.114285714285714
38.0,1275,53430420,33.55263157894737
30.0,1163,53431583,38.766666666666666
14.0,398,53431981,28.428571428571427
32.0,878,53432859,27.4375
16.0,367,53433226,22.9375
24.0,581,53433807,24.208333333333332
19.0,501,53434308,26.36842105263158
25.0,675,53434983,27.0
21.0,552,53435535,26.285714285714285
10.0,233,53435768,23.3
34.0,760,53436528,22.352941176470587
23.0,459,53436987,19.956521739130434
33.0,1206,53438193,36.54545454545455
34.0,1105,53439298,32.5
16.0,373,53439671,23.3125
24.0,663,53440334,27.625
18.0,493,53440827,27.38888888888889
27.0,628,53441455,23.25925925925926
31.0,822,53442277,26.516129032258064
32.0,1067,53443344,33.34375
31.0,793,53444137,25.580645161290324
46.0,1423,53445560,30.934782608695652
39.0,1065,53446625,27.307692307692307
35.0,989,53447614,28.257142857142856
30.0,768,53448382,25.6
40.0,1229,53449611,30.725
38.0,1000,53450611,26.31578947368421
24.0,738,53451349,30.75
36.0,1078,53452427,29.944444444444443
32.0,697,53453124,21.78125
14.0,465,53453589,33.214285714285715
17.0,401,53453990,23.58823529411765
13.0,407,53454397,31.307692307692307
11.0,327,53454724,29.727272727272727
27.0,685,53455409,25.37037037037037
36.0,989,53456398,27.47222222222222
29.0,835,53457233,28.79310344827586
29.0,805,53458038,27.75862068965517
37.0,1082,53459120,29.243243243243242
36.0,1094,53460214,30.38888888888889
34.0,930,53461144,27.352941176470587
34.0,956,53462100,28.11764705882353
22.0,578,53462678,26.272727272727273
23.0,677,53463355,29.434782608695652
29.0,747,53464102,25.75862068965517
34.0,903,53465005,26.558823529411764
22.0,597,53465602,27.136363636363637
26.0,663,53466265,25.5
32.0,1017,53467282,31.78125
26.0,859,53468141,33.03846153846154
25.0,606,53468747,24.24
47.0,1740,53470487,37.02127659574468
30.0,878,53471365,29.266666666666666
18.0,483,53471848,26.833333333333332
42.0,1311,53473159,31.214285714285715
40.0,1158,53474317,28.95
34.0,730,53475047,21.470588235294116
38.0,1159,53476206,30.5
27.0,697,53476903,25.814814814814813
18.0,379,53477282,21.055555555555557
25.0,623,53477905,24.92
4.0,59,53477964,14.75
34.0,909,53478873,26.735294117647058
25.0,640,53479513,25.6
4.0,113,53479626,28.25
29.0,995,53480621,34.310344827586206
47.0,1320,53481941,28.085106382978722
29.0,941,53482882,32.44827586206897
24.0,569,53483451,23.708333333333332
16.0,478,53483929,29.875
32.0,860,53484789,26.875
19.0,538,53485327,28.31578947368421
30.0,877,53486204,29.233333333333334
14.0,339,53486543,24.214285714285715
17.0,395,53486938,23.235294117647058
38.0,982,53487920,25.842105263157894
25.0,682,53488602,27.28
32.0,927,53489529,28.96875
9.0,159,53489688,17.666666666666668
37.0,1079,53490767,29.16216216216216
12.0,312,53491079,26.0
25.0,599,53491678,23.96
28.0,804,53492482,28.714285714285715
22.0,701,53493183,31.863636363636363
21.0,622,53493805,29.61904761904762
26.0,543,53494348,20.884615384615383
32.0,1248,53495596,39.0
31.0,825,53496421,26.612903225806452
27.0,716,53497137,26.51851851851852
22.0,680,53497817,30.90909090909091
42.0,1118,53498935,26.61904761904762
21.0,641,53499576,30.523809523809526
29.0,992,53500568,34.206896551724135
27.0,970,53501538,35.925925925925924
32.0,893,53502431,27.90625
20.0,559,53502990,27.95
19.0,690,53503680,36.31578947368421
45.0,1390,53505070,30.88888888888889
14.0,341,53505411,24.357142857142858
38.0,1235,53506646,32.5
40.0,1209,53507855,30.225
28.0,769,53508624,27.464285714285715
43.0,1291,53509915,30.023255813953487
11.0,272,53510187,24.727272727272727
29.0,851,53511038,29.344827586206897
32.0,1159,53512197,36.21875
20.0,684,53512881,34.2
18.0,643,53513524,35.72222222222222
30.0,909,53514433,30.3
36.0,846,53515279,23.5
34.0,943,53516222,27.735294117647058
4.0,71,53516293,17.75
46.0,1196,53517489,26.0
24.0,861,53518350,35.875
51.0,1692,53520042,33.1764705882353
26.0,797,53520839,30.653846153846153
20.0,522,53521361,26.1
9.0,278,53521639,30.88888888888889
35.0,1201,53522840,34.31428571428572
28.0,792,53523632,28.285714285714285
30.0,826,53524458,27.533333333333335
28.0,637,53525095,22.75
16.0,447,53525542,27.9375
27.0,753,53526295,27.88888888888889
19.0,614,53526909,32.31578947368421
13.0,257,53527166,19.76923076923077
26.0,785,53527951,30.192307692307693
22.0,578,53528529,26.272727272727273
16.0,410,53528939,25.625
42.0,1792,53530731,42.666666666666664
34.0,954,53531685,28.058823529411764
27.0,823,53532508,30.48148148148148
34.0,904,53533412,26.58823529411765
32.0,919,53534331,28.71875
18.0,538,53534869,29.88888888888889
34.0,1034,53535903,30.41176470588235
37.0,1020,53536923,27.56756756756757
34.0,1122,53538045,33.0
22.0,663,53538708,30.136363636363637
19.0,483,53539191,25.42105263157895
40.0,1161,53540352,29.025
26.0,973,53541325,37.42307692307692
15.0,459,53541784,30.6
32.0,999,53542783,31.21875
28.0,805,53543588,28.75
47.0,1492,53545080,31.74468085106383
29.0,930,53546010,32.06896551724138
17.0,428,53546438,25.176470588235293
17.0,442,53546880,26.0
20.0,588,53547468,29.4
32.0,1042,53548510,32.5625
32.0,869,53549379,27.15625
23.0,653,53550032,28.391304347826086
29.0,610,53550642,21.03448275862069
10.0,230,53550872,23.0
39.0,1249,53552121,32.02564102564103
1.0,24,53552145,24.0
44.0,1555,53553700,35.34090909090909
17.0,561,53554261,33.0
32.0,863,53555124,26.96875
35.0,1094,53556218,31.257142857142856
31.0,958,53557176,30.903225806451612
12.0,234,53557410,19.5
32.0,925,53558335,28.90625
33.0,826,53559161,25.03030303030303
41.0,1411,53560572,34.41463414634146
34.0,994,53561566,29.235294117647058
20.0,471,53562037,23.55
21.0,519,53562556,24.714285714285715
17.0,405,53562961,23.823529411764707
42.0,1224,53564185,29.142857142857142
9.0,234,53564419,26.0
21.0,523,53564942,24.904761904761905
28.0,807,53565749,28.821428571428573
41.0,1280,53567029,31.21951219512195
36.0,927,53567956,25.75
32.0,979,53568935,30.59375
2.0,21,53568956,10.5
12.0,414,53569370,34.5
22.0,633,53570003,28.772727272727273
42.0,1226,53571229,29.19047619047619
29.0,787,53572016,27.137931034482758
28.0,838,53572854,29.928571428571427
36.0,1214,53574068,33.72222222222222
34.0,917,53574985,26.970588235294116
26.0,682,53575667,26.23076923076923
14.0,296,53575963,21.142857142857142
33.0,995,53576958,30.151515151515152
20.0,508,53577466,25.4
23.0,469,53577935,20.391304347826086
38.0,1057,53578992,27.81578947368421
32.0,810,53579802,25.3125
33.0,871,53580673,26.393939393939394
35.0,848,53581521,24.228571428571428
21.0,381,53581902,18.142857142857142
25.0,744,53582646,29.76
22.0,692,53583338,31.454545454545453
29.0,937,53584275,32.310344827586206
19.0,412,53584687,21.68421052631579
20.0,396,53585083,19.8
20.0,576,53585659,28.8
26.0,1188,53586847,45.69230769230769
32.0,875,53587722,27.34375
45.0,1214,53588936,26.977777777777778
19.0,427,53589363,22.473684210526315
32.0,971,53590334,30.34375
33.0,1041,53591375,31.545454545454547
31.0,842,53592217,27.161290322580644
47.0,1504,53593721,32.0
30.0,910,53594631,30.333333333333332
26.0,779,53595410,29.96153846153846
39.0,1179,53596589,30.23076923076923
30.0,975,53597564,32.5
17.0,419,53597983,24.647058823529413
36.0,1109,53599092,30.805555555555557
27.0,955,53600047,35.370370370370374
19.0,454,53600501,23.894736842105264
35.0,1085,53601586,31.0
27.0,634,53602220,23.48148148148148
29.0,746,53602966,25.724137931034484
33.0,859,53603825,26.03030303030303
38.0,865,53604690,22.763157894736842
15.0,260,53604950,17.333333333333332
25.0,735,53605685,29.4
32.0,826,53606511,25.8125
25.0,631,53607142,25.24
18.0,505,53607647,28.055555555555557
20.0,516,53608163,25.8
42.0,1291,53609454,30.738095238095237
24.0,885,53610339,36.875
21.0,457,53610796,21.761904761904763
47.0,1346,53612142,28.638297872340427
44.0,1338,53613480,30.40909090909091
27.0,607,53614087,22.48148148148148
28.0,768,53614855,27.428571428571427
29.0,717,53615572,24.724137931034484
22.0,647,53616219,29.40909090909091
1.0,24,53616243,24.0
22.0,541,53616784,24.59090909090909
30.0,934,53617718,31.133333333333333
37.0,1371,53619089,37.054054054054056
28.0,768,53619857,27.428571428571427
33.0,949,53620806,28.757575757575758
30.0,917,53621723,30.566666666666666
38.0,1272,53622995,33.473684210526315
30.0,977,53623972,32.56666666666667
32.0,849,53624821,26.53125
36.0,1107,53625928,30.75
14.0,450,53626378,32.142857142857146
30.0,776,53627154,25.866666666666667
27.0,924,53628078,34.22222222222222
42.0,1175,53629253,27.976190476190474
34.0,1325,53630578,38.970588235294116
23.0,607,53631185,26.391304347826086
23.0,721,53631906,31.347826086956523
27.0,833,53632739,30.85185185185185
25.0,884,53633623,35.36
37.0,973,53634596,26.2972972972973
8.0,616,53635212,77.0
24.0,775,53635987,32.291666666666664
26.0,774,53636761,29.76923076923077
15.0,336,53637097,22.4
33.0,820,53637917,24.848484848484848
41.0,1178,53639095,28.73170731707317
30.0,787,53639882,26.233333333333334
30.0,700,53640582,23.333333333333332
48.0,1631,53642213,33.979166666666664
20.0,1022,53643235,51.1
38.0,1197,53644432,31.5
37.0,1181,53645613,31.91891891891892
28.0,633,53646246,22.607142857142858
28.0,674,53646920,24.071428571428573
32.0,945,53647865,29.53125
16.0,314,53648179,19.625
39.0,1044,53649223,26.76923076923077
33.0,954,53650177,28.90909090909091
34.0,1018,53651195,29.941176470588236
24.0,809,53652004,33.708333333333336
26.0,892,53652896,34.30769230769231
44.0,1359,53654255,30.886363636363637
22.0,682,53654937,31.0
27.0,645,53655582,23.88888888888889
8.0,608,53656190,76.0
20.0,725,53656915,36.25
28.0,829,53657744,29.607142857142858
30.0,855,53658599,28.5
37.0,888,53659487,24.0
38.0,1172,53660659,30.842105263157894
8.0,180,53660839,22.5
34.0,1146,53661985,33.705882352941174
33.0,877,53662862,26.575757575757574
22.0,647,53663509,29.40909090909091
11.0,233,53663742,21.181818181818183
36.0,1204,53664946,33.44444444444444
38.0,1101,53666047,28.973684210526315
26.0,758,53666805,29.153846153846153
12.0,224,53667029,18.666666666666668
21.0,458,53667487,21.80952380952381
29.0,706,53668193,24.344827586206897
41.0,1234,53669427,30.097560975609756
8.0,244,53669671,30.5
9.0,332,53670003,36.888888888888886
19.0,613,53670616,32.26315789473684
28.0,807,53671423,28.821428571428573
33.0,992,53672415,30.060606060606062
26.0,568,53672983,21.846153846153847
25.0,741,53673724,29.64
36.0,974,53674698,27.055555555555557
9.0,244,53674942,27.11111111111111
33.0,1051,53675993,31.848484848484848
31.0,697,53676690,22.483870967741936
22.0,568,53677258,25.818181818181817
27.0,700,53677958,25.925925925925927
17.0,436,53678394,25.647058823529413
13.0,374,53678768,28.76923076923077
34.0,877,53679645,25.794117647058822
11.0,255,53679900,23.181818181818183
38.0,1232,53681132,32.421052631578945
12.0,294,53681426,24.5
28.0,782,53682208,27.928571428571427
34.0,981,53683189,28.852941176470587
40.0,1430,53684619,35.75
7.0,165,53684784,23.571428571428573
28.0,683,53685467,24.392857142857142
30.0,841,53686308,28.033333333333335
36.0,1233,53687541,34.25
43.0,1568,53689109,36.46511627906977
7.0,154,53689263,22.0
28.0,769,53690032,27.464285714285715
27.0,729,53690761,27.0
48.0,1404,53692165,29.25
22.0,421,53692586,19.136363636363637
41.0,1003,53693589,24.463414634146343
25.0,770,53694359,30.8
23.0,818,53695177,35.56521739130435
20.0,565,53695742,28.25
16.0,412,53696154,25.75
32.0,1002,53697156,31.3125
31.0,865,53698021,27.903225806451612
24.0,716,53698737,29.833333333333332
47.0,1472,53700209,31.319148936170212
35.0,1141,53701350,32.6
26.0,769,53702119,29.576923076923077
38.0,1006,53703125,26.473684210526315
39.0,1220,53704345,31.28205128205128
31.0,932,53705277,30.06451612903226
16.0,529,53705806,33.0625
34.0,1020,53706826,30.0
19.0,525,53707351,27.63157894736842
28.0,739,53708090,26.392857142857142
33.0,919,53709009,27.848484848484848
35.0,1033,53710042,29.514285714285716
34.0,1022,53711064,30.058823529411764
39.0,1031,53712095,26.435897435897434
39.0,1118,53713213,28.666666666666668
32.0,914,53714127,28.5625
37.0,1289,53715416,34.83783783783784
30.0,834,53716250,27.8
31.0,922,53717172,29.741935483870968
35.0,998,53718170,28.514285714285716
23.0,634,53718804,27.565217391304348
24.0,655,53719459,27.291666666666668
17.0,468,53719927,27.529411764705884
26.0,707,53720634,27.192307692307693
32.0,906,53721540,28.3125
44.0,1197,53722737,27.204545454545453
36.0,926,53723663,25.72222222222222
21.0,526,53724189,25.047619047619047
20.0,498,53724687,24.9
15.0,311,53724998,20.733333333333334
28.0,634,53725632,22.642857142857142
29.0,681,53726313,23.482758620689655
49.0,1549,53727862,31.612244897959183
23.0,609,53728471,26.47826086956522
38.0,867,53729338,22.81578947368421
21.0,536,53729874,25.523809523809526
19.0,542,53730416,28.526315789473685
46.0,1384,53731800,30.08695652173913
19.0,404,53732204,21.263157894736842
21.0,499,53732703,23.761904761904763
24.0,586,53733289,24.416666666666668
48.0,1578,53734867,32.875
36.0,1320,53736187,36.666666666666664
14.0,413,53736600,29.5
19.0,439,53737039,23.105263157894736
43.0,1354,53738393,31.488372093023255
16.0,908,53739301,56.75
26.0,635,53739936,24.423076923076923
1.0,474,53740410,474.0
26.0,784,53741194,30.153846153846153
30.0,929,53742123,30.966666666666665
27.0,769,53742892,28.48148148148148
18.0,516,53743408,28.666666666666668
23.0,708,53744116,30.782608695652176
36.0,1018,53745134,28.27777777777778
28.0,703,53745837,25.107142857142858
23.0,441,53746278,19.17391304347826
26.0,949,53747227,36.5
25.0,677,53747904,27.08
25.0,875,53748779,35.0
35.0,1019,53749798,29.114285714285714
27.0,607,53750405,22.48148148148148
13.0,271,53750676,20.846153846153847
1.0,449,53751125,449.0
40.0,1212,53752337,30.3
10.0,654,53752991,65.4
23.0,591,53753582,25.695652173913043
40.0,1114,53754696,27.85
21.0,520,53755216,24.761904761904763
34.0,954,53756170,28.058823529411764
26.0,776,53756946,29.846153846153847
28.0,749,53757695,26.75
48.0,1565,53759260,32.604166666666664
23.0,702,53759962,30.52173913043478
28.0,929,53760891,33.17857142857143
16.0,422,53761313,26.375
34.0,858,53762171,25.235294117647058
47.0,1338,53763509,28.46808510638298
39.0,1285,53764794,32.94871794871795
30.0,794,53765588,26.466666666666665
39.0,1046,53766634,26.82051282051282
34.0,1115,53767749,32.794117647058826
25.0,663,53768412,26.52
23.0,695,53769107,30.217391304347824
41.0,1332,53770439,32.48780487804878
21.0,688,53771127,32.76190476190476
10.0,199,53771326,19.9
44.0,1347,53772673,30.613636363636363
14.0,271,53772944,19.357142857142858
28.0,733,53773677,26.178571428571427
27.0,757,53774434,28.037037037037038
38.0,1340,53775774,35.26315789473684
27.0,742,53776516,27.48148148148148
35.0,941,53777457,26.885714285714286
24.0,674,53778131,28.083333333333332
43.0,1422,53779553,33.06976744186046
23.0,632,53780185,27.47826086956522
19.0,500,53780685,26.31578947368421
32.0,936,53781621,29.25
22.0,569,53782190,25.863636363636363
19.0,456,53782646,24.0
23.0,581,53783227,25.26086956521739
18.0,420,53783647,23.333333333333332
34.0,1194,53784841,35.11764705882353
13.0,289,53785130,22.23076923076923
27.0,875,53786005,32.407407407407405
24.0,733,53786738,30.541666666666668
33.0,1211,53787949,36.696969696969695
44.0,1477,53789426,33.56818181818182
25.0,740,53790166,29.6
34.0,950,53791116,27.941176470588236
35.0,1133,53792249,32.371428571428574
19.0,521,53792770,27.42105263157895
33.0,1034,53793804,31.333333333333332
14.0,318,53794122,22.714285714285715
5.0,587,53794709,117.4
32.0,863,53795572,26.96875
14.0,303,53795875,21.642857142857142
3.0,63,53795938,21.0
26.0,655,53796593,25.192307692307693
41.0,1274,53797867,31.073170731707318
21.0,430,53798297,20.476190476190474
22.0,814,53799111,37.0
9.0,284,53799395,31.555555555555557
32.0,962,53800357,30.0625
23.0,595,53800952,25.869565217391305
32.0,1076,53802028,33.625
34.0,974,53803002,28.647058823529413
35.0,991,53803993,28.314285714285713
26.0,645,53804638,24.807692307692307
18.0,603,53805241,33.5
16.0,418,53805659,26.125
27.0,814,53806473,30.14814814814815
49.0,1345,53807818,27.448979591836736
26.0,765,53808583,29.423076923076923
30.0,696,53809279,23.2
35.0,903,53810182,25.8
23.0,672,53810854,29.217391304347824
29.0,693,53811547,23.896551724137932
40.0,924,53812471,23.1
39.0,1181,53813652,30.28205128205128
47.0,1600,53815252,34.04255319148936
27.0,744,53815996,27.555555555555557
24.0,743,53816739,30.958333333333332
25.0,599,53817338,23.96
19.0,454,53817792,23.894736842105264
9.0,608,53818400,67.55555555555556
46.0,1519,53819919,33.02173913043478
19.0,525,53820444,27.63157894736842
9.0,154,53820598,17.11111111111111
26.0,538,53821136,20.692307692307693
30.0,780,53821916,26.0
56.0,1586,53823502,28.321428571428573
36.0,1019,53824521,28.305555555555557
14.0,360,53824881,25.714285714285715
19.0,524,53825405,27.57894736842105
32.0,1042,53826447,32.5625
24.0,739,53827186,30.791666666666668
11.0,175,53827361,15.909090909090908
28.0,669,53828030,23.892857142857142
32.0,921,53828951,28.78125
28.0,828,53829779,29.571428571428573
6.0,232,53830011,38.666666666666664
31.0,871,53830882,28.096774193548388
15.0,449,53831331,29.933333333333334
41.0,1316,53832647,32.09756097560975
38.0,1124,53833771,29.57894736842105
38.0,1005,53834776,26.44736842105263
22.0,451,53835227,20.5
16.0,435,53835662,27.1875
34.0,1041,53836703,30.61764705882353
27.0,746,53837449,27.62962962962963
31.0,948,53838397,30.580645161290324
33.0,956,53839353,28.96969696969697
37.0,1173,53840526,31.7027027027027
39.0,1198,53841724,30.71794871794872
37.0,836,53842560,22.594594594594593
34.0,1228,53843788,36.11764705882353
22.0,663,53844451,30.136363636363637
22.0,630,53845081,28.636363636363637
40.0,1249,53846330,31.225
35.0,1143,53847473,32.65714285714286
25.0,562,53848035,22.48
19.0,601,53848636,31.63157894736842
30.0,761,53849397,25.366666666666667
23.0,516,53849913,22.434782608695652
26.0,771,53850684,29.653846153846153
12.0,379,53851063,31.583333333333332
23.0,687,53851750,29.869565217391305
17.0,455,53852205,26.764705882352942
27.0,652,53852857,24.14814814814815
23.0,658,53853515,28.608695652173914
20.0,634,53854149,31.7
27.0,697,53854846,25.814814814814813
32.0,984,53855830,30.75
30.0,705,53856535,23.5
36.0,1383,53857918,38.416666666666664
13.0,392,53858310,30.153846153846153
33.0,823,53859133,24.939393939393938
31.0,962,53860095,31.032258064516128
19.0,594,53860689,31.263157894736842
14.0,761,53861450,54.357142857142854
37.0,1083,53862533,29.27027027027027
37.0,1219,53863752,32.945945945945944
22.0,530,53864282,24.09090909090909
26.0,629,53864911,24.192307692307693
17.0,401,53865312,23.58823529411765
35.0,1061,53866373,30.314285714285713
26.0,659,53867032,25.346153846153847
16.0,429,53867461,26.8125
20.0,607,53868068,30.35
10.0,241,53868309,24.1
29.0,807,53869116,27.82758620689655
27.0,686,53869802,25.40740740740741
13.0,372,53870174,28.615384615384617
27.0,838,53871012,31.037037037037038
21.0,733,53871745,34.904761904761905
24.0,645,53872390,26.875
46.0,1390,53873780,30.217391304347824
30.0,865,53874645,28.833333333333332
21.0,591,53875236,28.142857142857142
16.0,375,53875611,23.4375
17.0,589,53876200,34.64705882352941
35.0,1104,53877304,31.542857142857144
32.0,928,53878232,29.0
47.0,1614,53879846,34.340425531914896
26.0,466,53880312,17.923076923076923
26.0,773,53881085,29.73076923076923
22.0,612,53881697,27.818181818181817
18.0,555,53882252,30.833333333333332
16.0,381,53882633,23.8125
5.0,118,53882751,23.6
33.0,811,53883562,24.575757575757574
43.0,1234,53884796,28.697674418604652
9.0,280,53885076,31.11111111111111
26.0,763,53885839,29.346153846153847
25.0,719,53886558,28.76
24.0,633,53887191,26.375
7.0,183,53887374,26.142857142857142
27.0,726,53888100,26.88888888888889
17.0,419,53888519,24.647058823529413
31.0,762,53889281,24.580645161290324
40.0,1150,53890431,28.75
41.0,1164,53891595,28.390243902439025
22.0,556,53892151,25.272727272727273
10.0,257,53892408,25.7
24.0,750,53893158,31.25
32.0,1056,53894214,33.0
9.0,233,53894447,25.88888888888889
30.0,810,53895257,27.0
20.0,581,53895838,29.05
18.0,390,53896228,21.666666666666668
14.0,363,53896591,25.928571428571427
26.0,618,53897209,23.76923076923077
20.0,590,53897799,29.5
27.0,758,53898557,28.074074074074073
34.0,949,53899506,27.91176470588235
28.0,754,53900260,26.928571428571427
33.0,891,53901151,27.0
17.0,479,53901630,28.176470588235293
34.0,1075,53902705,31.61764705882353
39.0,1214,53903919,31.128205128205128
12.0,294,53904213,24.5
23.0,555,53904768,24.130434782608695
28.0,777,53905545,27.75
31.0,882,53906427,28.451612903225808
37.0,1160,53907587,31.35135135135135
32.0,994,53908581,31.0625
37.0,1059,53909640,28.62162162162162
32.0,976,53910616,30.5
25.0,674,53911290,26.96
39.0,1142,53912432,29.28205128205128
13.0,257,53912689,19.76923076923077
3.0,25,53912714,8.333333333333334
18.0,381,53913095,21.166666666666668
41.0,1439,53914534,35.09756097560975
45.0,1133,53915667,25.177777777777777
22.0,540,53916207,24.545454545454547
10.0,193,53916400,19.3
19.0,580,53916980,30.526315789473685
42.0,1095,53918075,26.071428571428573
30.0,897,53918972,29.9
19.0,414,53919386,21.789473684210527
32.0,928,53920314,29.0
22.0,541,53920855,24.59090909090909
25.0,821,53921676,32.84
29.0,592,53922268,20.413793103448278
19.0,528,53922796,27.789473684210527
31.0,874,53923670,28.193548387096776
43.0,1255,53924925,29.186046511627907
25.0,687,53925612,27.48
32.0,908,53926520,28.375
18.0,450,53926970,25.0
15.0,231,53927201,15.4
35.0,976,53928177,27.885714285714286
21.0,643,53928820,30.61904761904762
17.0,466,53929286,27.41176470588235
32.0,826,53930112,25.8125
21.0,610,53930722,29.047619047619047
33.0,1008,53931730,30.545454545454547
24.0,636,53932366,26.5
28.0,808,53933174,28.857142857142858
24.0,701,53933875,29.208333333333332
33.0,1033,53934908,31.303030303030305
26.0,638,53935546,24.53846153846154
22.0,732,53936278,33.27272727272727
3.0,506,53936784,168.66666666666666
15.0,285,53937069,19.0
8.0,162,53937231,20.25
22.0,730,53937961,33.18181818181818
17.0,395,53938356,23.235294117647058
20.0,539,53938895,26.95
11.0,732,53939627,66.54545454545455
33.0,866,53940493,26.242424242424242
11.0,315,53940808,28.636363636363637
29.0,755,53941563,26.03448275862069
17.0,408,53941971,24.0
35.0,962,53942933,27.485714285714284
23.0,503,53943436,21.869565217391305
32.0,1037,53944473,32.40625
25.0,850,53945323,34.0
30.0,1050,53946373,35.0
22.0,606,53946979,27.545454545454547
20.0,893,53947872,44.65
26.0,780,53948652,30.0
15.0,331,53948983,22.066666666666666
41.0,1198,53950181,29.21951219512195
27.0,730,53950911,27.037037037037038
29.0,720,53951631,24.82758620689655
32.0,787,53952418,24.59375
27.0,782,53953200,28.962962962962962
32.0,861,53954061,26.90625
17.0,469,53954530,27.58823529411765
39.0,1098,53955628,28.153846153846153
15.0,426,53956054,28.4
33.0,808,53956862,24.484848484848484
36.0,902,53957764,25.055555555555557
37.0,1040,53958804,28.10810810810811
37.0,1024,53959828,27.675675675675677
17.0,492,53960320,28.941176470588236
24.0,751,53961071,31.291666666666668
24.0,754,53961825,31.416666666666668
32.0,825,53962650,25.78125
7.0,173,53962823,24.714285714285715
18.0,428,53963251,23.77777777777778
31.0,1005,53964256,32.41935483870968
40.0,1251,53965507,31.275
29.0,854,53966361,29.448275862068964
22.0,824,53967185,37.45454545454545
25.0,840,53968025,33.6
28.0,918,53968943,32.785714285714285
38.0,1059,53970002,27.86842105263158
44.0,1345,53971347,30.568181818181817
24.0,582,53971929,24.25
35.0,936,53972865,26.742857142857144
33.0,1064,53973929,32.24242424242424
8.0,259,53974188,32.375
32.0,874,53975062,27.3125
30.0,908,53975970,30.266666666666666
14.0,500,53976470,35.714285714285715
42.0,1108,53977578,26.38095238095238
24.0,702,53978280,29.25
44.0,1286,53979566,29.227272727272727
43.0,1445,53981011,33.604651162790695
22.0,562,53981573,25.545454545454547
5.0,219,53981792,43.8
18.0,472,53982264,26.22222222222222
12.0,415,53982679,34.583333333333336
29.0,831,53983510,28.655172413793103
9.0,343,53983853,38.111111111111114
42.0,1142,53984995,27.19047619047619
30.0,933,53985928,31.1
41.0,1117,53987045,27.24390243902439
36.0,1084,53988129,30.11111111111111
35.0,1241,53989370,35.457142857142856
20.0,415,53989785,20.75
21.0,491,53990276,23.38095238095238
13.0,271,53990547,20.846153846153847
42.0,1395,53991942,33.214285714285715
29.0,766,53992708,26.413793103448278
36.0,1170,53993878,32.5
46.0,1232,53995110,26.782608695652176
37.0,1105,53996215,29.864864864864863
21.0,497,53996712,23.666666666666668
3.0,50,53996762,16.666666666666668
25.0,843,53997605,33.72
34.0,977,53998582,28.735294117647058
52.0,1444,54000026,27.76923076923077
28.0,659,54000685,23.535714285714285
29.0,950,54001635,32.758620689655174
12.0,255,54001890,21.25
26.0,552,54002442,21.23076923076923
15.0,359,54002801,23.933333333333334
16.0,324,54003125,20.25
23.0,629,54003754,27.347826086956523
29.0,1107,54004861,38.172413793103445
24.0,753,54005614,31.375
43.0,1611,54007225,37.46511627906977
25.0,584,54007809,23.36
40.0,1344,54009153,33.6
15.0,535,54009688,35.666666666666664
32.0,997,54010685,31.15625
25.0,679,54011364,27.16
22.0,663,54012027,30.136363636363637
23.0,605,54012632,26.304347826086957
12.0,238,54012870,19.833333333333332
39.0,1088,54013958,27.897435897435898
29.0,1021,54014979,35.206896551724135
25.0,659,54015638,26.36
15.0,347,54015985,23.133333333333333
16.0,429,54016414,26.8125
23.0,564,54016978,24.52173913043478
24.0,535,54017513,22.291666666666668
34.0,1028,54018541,30.235294117647058
9.0,257,54018798,28.555555555555557
24.0,645,54019443,26.875
20.0,580,54020023,29.0
39.0,1159,54021182,29.71794871794872
25.0,784,54021966,31.36
13.0,389,54022355,29.923076923076923
18.0,529,54022884,29.38888888888889
32.0,1020,54023904,31.875
39.0,1055,54024959,27.05128205128205
41.0,1183,54026142,28.853658536585368
13.0,824,54026966,63.38461538461539
38.0,1049,54028015,27.605263157894736
34.0,1483,54029498,43.61764705882353
42.0,1194,54030692,28.428571428571427
18.0,389,54031081,21.61111111111111
18.0,594,54031675,33.0
30.0,814,54032489,27.133333333333333
50.0,1545,54034034,30.9
22.0,495,54034529,22.5
30.0,870,54035399,29.0
23.0,819,54036218,35.608695652173914
30.0,972,54037190,32.4
32.0,777,54037967,24.28125
30.0,719,54038686,23.966666666666665
30.0,859,54039545,28.633333333333333
25.0,824,54040369,32.96
36.0,1120,54041489,31.11111111111111
39.0,1218,54042707,31.23076923076923
35.0,1128,54043835,32.22857142857143
19.0,486,54044321,25.57894736842105
14.0,285,54044606,20.357142857142858
13.0,357,54044963,27.46153846153846
38.0,1266,54046229,33.31578947368421
31.0,1027,54047256,33.12903225806452
8.0,627,54047883,78.375
23.0,703,54048586,30.565217391304348
10.0,138,54048724,13.8
25.0,709,54049433,28.36
33.0,872,54050305,26.424242424242426
15.0,323,54050628,21.533333333333335
21.0,587,54051215,27.952380952380953
14.0,399,54051614,28.5
45.0,1504,54053118,33.422222222222224
23.0,580,54053698,25.217391304347824
15.0,341,54054039,22.733333333333334
24.0,736,54054775,30.666666666666668
36.0,1149,54055924,31.916666666666668
25.0,701,54056625,28.04
34.0,899,54057524,26.441176470588236
39.0,988,54058512,25.333333333333332
44.0,1337,54059849,30.386363636363637
15.0,492,54060341,32.8
35.0,1546,54061887,44.17142857142857
7.0,204,54062091,29.142857142857142
28.0,731,54062822,26.107142857142858
24.0,686,54063508,28.583333333333332
39.0,1215,54064723,31.153846153846153
10.0,227,54064950,22.7
29.0,756,54065706,26.06896551724138
11.0,663,54066369,60.27272727272727
43.0,1263,54067632,29.372093023255815
33.0,1008,54068640,30.545454545454547
36.0,1137,54069777,31.583333333333332
16.0,426,54070203,26.625
13.0,711,54070914,54.69230769230769
23.0,612,54071526,26.608695652173914
9.0,285,54071811,31.666666666666668
29.0,865,54072676,29.82758620689655
15.0,250,54072926,16.666666666666668
23.0,502,54073428,21.82608695652174
23.0,476,54073904,20.695652173913043
35.0,1103,54075007,31.514285714285716
26.0,774,54075781,29.76923076923077
37.0,887,54076668,23.972972972972972
38.0,1230,54077898,32.36842105263158
48.0,1716,54079614,35.75
30.0,719,54080333,23.966666666666665
33.0,1012,54081345,30.666666666666668
32.0,795,54082140,24.84375
31.0,782,54082922,25.225806451612904
37.0,1265,54084187,34.189189189189186
15.0,367,54084554,24.466666666666665
18.0,599,54085153,33.27777777777778
29.0,867,54086020,29.896551724137932
37.0,938,54086958,25.35135135135135
26.0,691,54087649,26.576923076923077
27.0,671,54088320,24.85185185185185
23.0,673,54088993,29.26086956521739
28.0,609,54089602,21.75
19.0,580,54090182,30.526315789473685
28.0,742,54090924,26.5
12.0,283,54091207,23.583333333333332
32.0,1062,54092269,33.1875
27.0,787,54093056,29.14814814814815
17.0,393,54093449,23.11764705882353
7.0,183,54093632,26.142857142857142
29.0,879,54094511,30.310344827586206
34.0,836,54095347,24.58823529411765
27.0,789,54096136,29.22222222222222
37.0,1126,54097262,30.43243243243243
23.0,693,54097955,30.130434782608695
51.0,1588,54099543,31.137254901960784
26.0,681,54100224,26.192307692307693
1.0,22,54100246,22.0
36.0,863,54101109,23.97222222222222
35.0,979,54102088,27.97142857142857
16.0,421,54102509,26.3125
30.0,837,54103346,27.9
32.0,929,54104275,29.03125
32.0,892,54105167,27.875
17.0,485,54105652,28.529411764705884
3.0,100,54105752,33.333333333333336
27.0,643,54106395,23.814814814814813
23.0,815,54107210,35.43478260869565
21.0,385,54107595,18.333333333333332
14.0,373,54107968,26.642857142857142
28.0,824,54108792,29.428571428571427
34.0,1143,54109935,33.61764705882353
19.0,554,54110489,29.157894736842106
39.0,1131,54111620,29.0
29.0,860,54112480,29.655172413793103
23.0,655,54113135,28.47826086956522
35.0,1251,54114386,35.74285714285714
15.0,376,54114762,25.066666666666666
41.0,1274,54116036,31.073170731707318
32.0,1124,54117160,35.125
29.0,955,54118115,32.93103448275862
24.0,477,54118592,19.875
24.0,632,54119224,26.333333333333332
22.0,837,54120061,38.04545454545455
23.0,662,54120723,28.782608695652176
26.0,692,54121415,26.615384615384617
16.0,362,54121777,22.625
33.0,769,54122546,23.303030303030305
26.0,680,54123226,26.153846153846153
28.0,907,54124133,32.392857142857146
44.0,1318,54125451,29.954545454545453
29.0,926,54126377,31.93103448275862
23.0,588,54126965,25.565217391304348
30.0,797,54127762,26.566666666666666
35.0,879,54128641,25.114285714285714
21.0,797,54129438,37.95238095238095
23.0,694,54130132,30.17391304347826
27.0,799,54130931,29.59259259259259
5.0,96,54131027,19.2
20.0,629,54131656,31.45
39.0,997,54132653,25.564102564102566
2.0,491,54133144,245.5
24.0,586,54133730,24.416666666666668
16.0,276,54134006,17.25
42.0,1306,54135312,31.095238095238095
26.0,667,54135979,25.653846153846153
16.0,375,54136354,23.4375
34.0,1378,54137732,40.529411764705884
40.0,1335,54139067,33.375
23.0,631,54139698,27.434782608695652
30.0,1026,54140724,34.2
30.0,912,54141636,30.4
15.0,415,54142051,27.666666666666668
47.0,1520,54143571,32.340425531914896
22.0,484,54144055,22.0
53.0,1524,54145579,28.754716981132077
28.0,688,54146267,24.571428571428573
31.0,778,54147045,25.096774193548388
25.0,814,54147859,32.56
9.0,728,54148587,80.88888888888889
35.0,1198,54149785,34.22857142857143
43.0,1318,54151103,30.651162790697676
21.0,607,54151710,28.904761904761905
21.0,792,54152502,37.714285714285715
0.0,441,54152943,inf
34.0,1092,54154035,32.11764705882353
33.0,1100,54155135,33.333333333333336
22.0,735,54155870,33.40909090909091
23.0,617,54156487,26.82608695652174
12.0,341,54156828,28.416666666666668
20.0,563,54157391,28.15
47.0,1346,54158737,28.638297872340427
17.0,522,54159259,30.705882352941178
30.0,699,54159958,23.3
34.0,1115,54161073,32.794117647058826
9.0,287,54161360,31.88888888888889
29.0,679,54162039,23.413793103448278
22.0,536,54162575,24.363636363636363
16.0,589,54163164,36.8125
41.0,1334,54164498,32.53658536585366
20.0,463,54164961,23.15
21.0,517,54165478,24.61904761904762
23.0,532,54166010,23.130434782608695
32.0,920,54166930,28.75
4.0,590,54167520,147.5
20.0,498,54168018,24.9
21.0,651,54168669,31.0
21.0,1030,54169699,49.04761904761905
33.0,907,54170606,27.484848484848484
15.0,363,54170969,24.2
28.0,907,54171876,32.392857142857146
28.0,782,54172658,27.928571428571427
4.0,479,54173137,119.75
33.0,1013,54174150,30.696969696969695
9.0,206,54174356,22.88888888888889
31.0,806,54175162,26.0
25.0,643,54175805,25.72
32.0,828,54176633,25.875
25.0,563,54177196,22.52
22.0,489,54177685,22.227272727272727
22.0,669,54178354,30.40909090909091
32.0,814,54179168,25.4375
33.0,824,54179992,24.96969696969697
27.0,985,54180977,36.48148148148148
13.0,298,54181275,22.923076923076923
31.0,1167,54182442,37.645161290322584
25.0,517,54182959,20.68
5.0,140,54183099,28.0
20.0,390,54183489,19.5
15.0,421,54183910,28.066666666666666
37.0,1111,54185021,30.027027027027028
18.0,436,54185457,24.22222222222222
21.0,649,54186106,30.904761904761905
16.0,292,54186398,18.25
23.0,556,54186954,24.17391304347826
24.0,578,54187532,24.083333333333332
23.0,1247,54188779,54.21739130434783
22.0,624,54189403,28.363636363636363
30.0,1065,54190468,35.5
39.0,1175,54191643,30.128205128205128
26.0,798,54192441,30.692307692307693
29.0,990,54193431,34.13793103448276
40.0,986,54194417,24.65
21.0,512,54194929,24.38095238095238
29.0,815,54195744,28.103448275862068
26.0,584,54196328,22.46153846153846
2.0,23,54196351,11.5
29.0,688,54197039,23.724137931034484
13.0,851,54197890,65.46153846153847
28.0,689,54198579,24.607142857142858
37.0,1285,54199864,34.729729729729726
14.0,458,54200322,32.714285714285715
22.0,658,54200980,29.90909090909091
35.0,985,54201965,28.142857142857142
50.0,1731,54203696,34.62
13.0,362,54204058,27.846153846153847
30.0,1007,54205065,33.56666666666667
27.0,930,54205995,34.44444444444444
12.0,235,54206230,19.583333333333332
19.0,479,54206709,25.210526315789473
38.0,1082,54207791,28.473684210526315
14.0,474,54208265,33.857142857142854
18.0,470,54208735,26.11111111111111
47.0,1288,54210023,27.404255319148938
29.0,946,54210969,32.62068965517241
32.0,1003,54211972,31.34375
36.0,1065,54213037,29.583333333333332
25.0,609,54213646,24.36
35.0,970,54214616,27.714285714285715
33.0,1208,54215824,36.60606060606061
31.0,1038,54216862,33.483870967741936
22.0,694,54217556,31.545454545454547
29.0,881,54218437,30.379310344827587
21.0,563,54219000,26.80952380952381
29.0,1065,54220065,36.724137931034484
26.0,680,54220745,26.153846153846153
20.0,628,54221373,31.4
13.0,235,54221608,18.076923076923077
27.0,700,54222308,25.925925925925927
25.0,561,54222869,22.44
29.0,875,54223744,30.17241379310345
42.0,1340,54225084,31.904761904761905
24.0,545,54225629,22.708333333333332
22.0,563,54226192,25.59090909090909
39.0,856,54227048,21.94871794871795
18.0,481,54227529,26.72222222222222
16.0,653,54228182,40.8125
25.0,722,54228904,28.88
16.0,415,54229319,25.9375
19.0,470,54229789,24.736842105263158
15.0,384,54230173,25.6
20.0,538,54230711,26.9
36.0,1137,54231848,31.583333333333332
28.0,869,54232717,31.035714285714285
19.0,532,54233249,28.0
26.0,887,54234136,34.11538461538461
31.0,848,54234984,27.35483870967742
33.0,928,54235912,28.12121212121212
20.0,517,54236429,25.85
29.0,690,54237119,23.79310344827586
22.0,627,54237746,28.5
26.0,854,54238600,32.84615384615385
37.0,1118,54239718,30.216216216216218
25.0,915,54240633,36.6
38.0,1275,54241908,33.55263157894737
33.0,1077,54242985,32.63636363636363
13.0,312,54243297,24.0
18.0,553,54243850,30.72222222222222
29.0,972,54244822,33.51724137931034
34.0,1084,54245906,31.88235294117647
30.0,1087,54246993,36.233333333333334
19.0,575,54247568,30.263157894736842
20.0,426,54247994,21.3
29.0,786,54248780,27.103448275862068
22.0,607,54249387,27.59090909090909
29.0,794,54250181,27.379310344827587
36.0,903,54251084,25.083333333333332
24.0,638,54251722,26.583333333333332
18.0,520,54252242,28.88888888888889
45.0,1439,54253681,31.977777777777778
5.0,112,54253793,22.4
23.0,694,54254487,30.17391304347826
18.0,377,54254864,20.944444444444443
25.0,724,54255588,28.96
16.0,418,54256006,26.125
40.0,1193,54257199,29.825
27.0,870,54258069,32.22222222222222
30.0,913,54258982,30.433333333333334
38.0,1034,54260016,27.210526315789473
40.0,1115,54261131,27.875
20.0,530,54261661,26.5
18.0,472,54262133,26.22222222222222
40.0,1361,54263494,34.025
26.0,740,54264234,28.46153846153846
32.0,929,54265163,29.03125
23.0,568,54265731,24.695652173913043
14.0,453,54266184,32.357142857142854
25.0,758,54266942,30.32
3.0,67,54267009,22.333333333333332
21.0,462,54267471,22.0
32.0,1037,54268508,32.40625
41.0,1195,54269703,29.146341463414632
23.0,643,54270346,27.956521739130434
23.0,632,54270978,27.47826086956522
35.0,1247,54272225,35.628571428571426
42.0,1129,54273354,26.88095238095238
38.0,990,54274344,26.05263157894737
22.0,524,54274868,23.818181818181817
35.0,1019,54275887,29.114285714285714
41.0,1140,54277027,27.804878048780488
23.0,583,54277610,25.347826086956523
32.0,933,54278543,29.15625
29.0,887,54279430,30.586206896551722
25.0,1098,54280528,43.92
16.0,475,54281003,29.6875
30.0,716,54281719,23.866666666666667
18.0,536,54282255,29.77777777777778
13.0,361,54282616,27.76923076923077
15.0,484,54283100,32.266666666666666
21.0,636,54283736,30.285714285714285
36.0,841,54284577,23.36111111111111
38.0,1291,54285868,33.973684210526315
31.0,845,54286713,27.258064516129032
16.0,405,54287118,25.3125
32.0,853,54287971,26.65625
29.0,835,54288806,28.79310344827586
36.0,1058,54289864,29.38888888888889
24.0,663,54290527,27.625
23.0,520,54291047,22.608695652173914
24.0,722,54291769,30.083333333333332
17.0,393,54292162,23.11764705882353
34.0,1148,54293310,33.76470588235294
30.0,1100,54294410,36.666666666666664
27.0,660,54295070,24.444444444444443
26.0,704,54295774,27.076923076923077
42.0,1196,54296970,28.476190476190474
15.0,300,54297270,20.0
15.0,410,54297680,27.333333333333332
20.0,567,54298247,28.35
30.0,736,54298983,24.533333333333335
19.0,509,54299492,26.789473684210527
18.0,578,54300070,32.111111111111114
24.0,947,54301017,39.458333333333336
23.0,715,54301732,31.08695652173913
22.0,525,54302257,23.863636363636363
26.0,971,54303228,37.34615384615385
21.0,525,54303753,25.0
20.0,969,54304722,48.45
23.0,714,54305436,31.043478260869566
16.0,532,54305968,33.25
32.0,933,54306901,29.15625
26.0,754,54307655,29.0
33.0,882,54308537,26.727272727272727
39.0,1322,54309859,33.8974358974359
20.0,751,54310610,37.55
30.0,773,54311383,25.766666666666666
35.0,969,54312352,27.685714285714287
33.0,1075,54313427,32.57575757575758
38.0,1069,54314496,28.13157894736842
24.0,496,54314992,20.666666666666668
31.0,765,54315757,24.677419354838708
47.0,1433,54317190,30.48936170212766
32.0,1409,54318599,44.03125
49.0,1404,54320003,28.653061224489797
24.0,611,54320614,25.458333333333332
31.0,889,54321503,28.677419354838708
34.0,991,54322494,29.147058823529413
37.0,939,54323433,25.37837837837838
10.0,299,54323732,29.9
31.0,777,54324509,25.06451612903226
29.0,925,54325434,31.896551724137932
31.0,1015,54326449,32.74193548387097
26.0,714,54327163,27.46153846153846
26.0,809,54327972,31.115384615384617
22.0,712,54328684,32.36363636363637
29.0,773,54329457,26.655172413793103
37.0,952,54330409,25.72972972972973
37.0,1018,54331427,27.513513513513512
12.0,276,54331703,23.0
23.0,557,54332260,24.217391304347824
28.0,774,54333034,27.642857142857142
21.0,708,54333742,33.714285714285715
23.0,516,54334258,22.434782608695652
15.0,355,54334613,23.666666666666668
11.0,327,54334940,29.727272727272727
29.0,754,54335694,26.0
19.0,610,54336304,32.10526315789474
36.0,1309,54337613,36.361111111111114
34.0,1068,54338681,31.41176470588235
0.0,441,54339122,inf
28.0,658,54339780,23.5
28.0,963,54340743,34.392857142857146
28.0,895,54341638,31.964285714285715
28.0,851,54342489,30.392857142857142
22.0,657,54343146,29.863636363636363
23.0,670,54343816,29.130434782608695
40.0,1147,54344963,28.675
19.0,430,54345393,22.63157894736842
27.0,910,54346303,33.7037037037037
19.0,490,54346793,25.789473684210527
26.0,709,54347502,27.26923076923077
20.0,468,54347970,23.4
21.0,418,54348388,19.904761904761905
26.0,813,54349201,31.26923076923077
33.0,957,54350158,29.0
21.0,460,54350618,21.904761904761905
32.0,1183,54351801,36.96875
31.0,898,54352699,28.967741935483872
29.0,815,54353514,28.103448275862068
8.0,170,54353684,21.25
32.0,897,54354581,28.03125
21.0,521,54355102,24.80952380952381
18.0,595,54355697,33.05555555555556
35.0,1036,54356733,29.6
29.0,678,54357411,23.379310344827587
28.0,977,54358388,34.892857142857146
3.0,78,54358466,26.0
30.0,885,54359351,29.5
25.0,686,54360037,27.44
30.0,964,54361001,32.13333333333333
29.0,1043,54362044,35.96551724137931
31.0,1124,54363168,36.25806451612903
24.0,750,54363918,31.25
20.0,407,54364325,20.35
26.0,725,54365050,27.884615384615383
18.0,435,54365485,24.166666666666668
23.0,552,54366037,24.0
31.0,983,54367020,31.70967741935484
24.0,575,54367595,23.958333333333332
32.0,923,54368518,28.84375
24.0,598,54369116,24.916666666666668
27.0,856,54369972,31.703703703703702
17.0,495,54370467,29.11764705882353
17.0,469,54370936,27.58823529411765
34.0,992,54371928,29.176470588235293
32.0,897,54372825,28.03125
31.0,1187,54374012,38.29032258064516
25.0,749,54374761,29.96
29.0,884,54375645,30.482758620689655
18.0,598,54376243,33.22222222222222
20.0,492,54376735,24.6
28.0,783,54377518,27.964285714285715
28.0,723,54378241,25.821428571428573
28.0,789,54379030,28.178571428571427
23.0,676,54379706,29.391304347826086
44.0,1347,54381053,30.613636363636363
24.0,541,54381594,22.541666666666668
18.0,476,54382070,26.444444444444443
38.0,1230,54383300,32.36842105263158
31.0,1009,54384309,32.54838709677419
25.0,881,54385190,35.24
10.0,219,54385409,21.9
37.0,1239,54386648,33.486486486486484
29.0,782,54387430,26.96551724137931
12.0,399,54387829,33.25
39.0,1240,54389069,31.794871794871796
27.0,963,54390032,35.666666666666664
17.0,388,54390420,22.823529411764707
22.0,575,54390995,26.136363636363637
26.0,685,54391680,26.346153846153847
20.0,646,54392326,32.3
17.0,362,54392688,21.294117647058822
36.0,1235,54393923,34.30555555555556
29.0,790,54394713,27.24137931034483
20.0,601,54395314,30.05
36.0,851,54396165,23.63888888888889
26.0,903,54397068,34.73076923076923
24.0,1075,54398143,44.791666666666664
27.0,866,54399009,32.074074074074076
31.0,966,54399975,31.161290322580644
20.0,1265,54401240,63.25
32.0,840,54402080,26.25
24.0,639,54402719,26.625
37.0,1035,54403754,27.972972972972972
23.0,667,54404421,29.0
35.0,1337,54405758,38.2
24.0,795,54406553,33.125
11.0,264,54406817,24.0
25.0,751,54407568,30.04
27.0,800,54408368,29.62962962962963
19.0,425,54408793,22.36842105263158
35.0,950,54409743,27.142857142857142
9.0,257,54410000,28.555555555555557
16.0,444,54410444,27.75
28.0,682,54411126,24.357142857142858
27.0,798,54411924,29.555555555555557
21.0,626,54412550,29.80952380952381
14.0,376,54412926,26.857142857142858
27.0,900,54413826,33.333333333333336
20.0,470,54414296,23.5
17.0,372,54414668,21.88235294117647
46.0,1344,54416012,29.217391304347824
36.0,1034,54417046,28.72222222222222
20.0,531,54417577,26.55
31.0,1021,54418598,32.935483870967744
23.0,712,54419310,30.956521739130434
20.0,526,54419836,26.3
29.0,920,54420756,31.724137931034484
19.0,561,54421317,29.526315789473685
27.0,858,54422175,31.77777777777778
29.0,770,54422945,26.551724137931036
33.0,833,54423778,25.242424242424242
25.0,830,54424608,33.2
29.0,869,54425477,29.96551724137931
26.0,743,54426220,28.576923076923077
6.0,130,54426350,21.666666666666668
22.0,632,54426982,28.727272727272727
28.0,997,54427979,35.607142857142854
27.0,761,54428740,28.185185185185187
33.0,1128,54429868,34.18181818181818
35.0,964,54430832,27.542857142857144
25.0,893,54431725,35.72
27.0,705,54432430,26.11111111111111
20.0,609,54433039,30.45
38.0,938,54433977,24.68421052631579
12.0,256,54434233,21.333333333333332
33.0,923,54435156,27.96969696969697
26.0,684,54435840,26.307692307692307
33.0,952,54436792,28.848484848484848
23.0,768,54437560,33.391304347826086
29.0,784,54438344,27.03448275862069
14.0,333,54438677,23.785714285714285
39.0,907,54439584,23.256410256410255
27.0,596,54440180,22.074074074074073
20.0,504,54440684,25.2
26.0,818,54441502,31.46153846153846
29.0,778,54442280,26.82758620689655
28.0,688,54442968,24.571428571428573
6.0,169,54443137,28.166666666666668
2.0,477,54443614,238.5
18.0,703,54444317,39.05555555555556
22.0,782,54445099,35.54545454545455
19.0,500,54445599,26.31578947368421
37.0,1170,54446769,31.62162162162162
25.0,617,54447386,24.68
27.0,956,54448342,35.407407407407405
27.0,902,54449244,33.407407407407405
8.0,199,54449443,24.875
37.0,1124,54450567,30.37837837837838
32.0,908,54451475,28.375
37.0,1016,54452491,27.45945945945946
10.0,228,54452719,22.8
24.0,641,54453360,26.708333333333332
35.0,874,54454234,24.97142857142857
19.0,560,54454794,29.473684210526315
20.0,462,54455256,23.1
11.0,252,54455508,22.90909090909091
17.0,371,54455879,21.823529411764707
25.0,624,54456503,24.96
10.0,285,54456788,28.5
23.0,579,54457367,25.17391304347826
25.0,704,54458071,28.16
48.0,1675,54459746,34.895833333333336
32.0,877,54460623,27.40625
24.0,727,54461350,30.291666666666668
39.0,1121,54462471,28.743589743589745
30.0,862,54463333,28.733333333333334
37.0,1373,54464706,37.108108108108105
30.0,1052,54465758,35.06666666666667
34.0,1014,54466772,29.823529411764707
9.0,195,54466967,21.666666666666668
32.0,942,54467909,29.4375
32.0,931,54468840,29.09375
10.0,293,54469133,29.3
23.0,535,54469668,23.26086956521739
33.0,1108,54470776,33.57575757575758
30.0,806,54471582,26.866666666666667
28.0,633,54472215,22.607142857142858
31.0,829,54473044,26.741935483870968
13.0,341,54473385,26.23076923076923
17.0,468,54473853,27.529411764705884
27.0,683,54474536,25.296296296296298
40.0,966,54475502,24.15
12.0,294,54475796,24.5
28.0,775,54476571,27.678571428571427
3.0,474,54477045,158.0
30.0,840,54477885,28.0
33.0,909,54478794,27.545454545454547
28.0,706,54479500,25.214285714285715
19.0,504,54480004,26.526315789473685
24.0,858,54480862,35.75
23.0,689,54481551,29.956521739130434
12.0,315,54481866,26.25
32.0,1048,54482914,32.75
28.0,663,54483577,23.678571428571427
28.0,808,54484385,28.857142857142858
25.0,887,54485272,35.48
33.0,1081,54486353,32.75757575757576
24.0,728,54487081,30.333333333333332
21.0,338,54487419,16.095238095238095
19.0,525,54487944,27.63157894736842
17.0,435,54488379,25.58823529411765
27.0,687,54489066,25.444444444444443
22.0,647,54489713,29.40909090909091
28.0,690,54490403,24.642857142857142
29.0,875,54491278,30.17241379310345
34.0,1062,54492340,31.235294117647058
17.0,370,54492710,21.764705882352942
31.0,919,54493629,29.64516129032258
33.0,1144,54494773,34.666666666666664
24.0,801,54495574,33.375
21.0,489,54496063,23.285714285714285
34.0,1303,54497366,38.3235294117647
20.0,583,54497949,29.15
29.0,1034,54498983,35.6551724137931
30.0,785,54499768,26.166666666666668
34.0,835,54500603,24.558823529411764
32.0,1121,54501724,35.03125
34.0,1048,54502772,30.823529411764707
27.0,708,54503480,26.22222222222222
25.0,693,54504173,27.72
9.0,259,54504432,28.77777777777778
24.0,1368,54505800,57.0
18.0,533,54506333,29.61111111111111
25.0,765,54507098,30.6
28.0,765,54507863,27.321428571428573
26.0,939,54508802,36.11538461538461
27.0,697,54509499,25.814814814814813
22.0,623,54510122,28.318181818181817
20.0,426,54510548,21.3
8.0,139,54510687,17.375
22.0,583,54511270,26.5
24.0,736,54512006,30.666666666666668
31.0,768,54512774,24.774193548387096
38.0,1106,54513880,29.105263157894736
39.0,1235,54515115,31.666666666666668
32.0,898,54516013,28.0625
25.0,804,54516817,32.16
22.0,768,54517585,34.90909090909091
13.0,475,54518060,36.53846153846154
37.0,1315,54519375,35.54054054054054
28.0,796,54520171,28.428571428571427
27.0,1010,54521181,37.407407407407405
34.0,1149,54522330,33.794117647058826
38.0,1077,54523407,28.342105263157894
25.0,569,54523976,22.76
15.0,408,54524384,27.2
35.0,1045,54525429,29.857142857142858
23.0,638,54526067,27.73913043478261
20.0,548,54526615,27.4
28.0,899,54527514,32.107142857142854
31.0,939,54528453,30.29032258064516
14.0,486,54528939,34.714285714285715
37.0,918,54529857,24.81081081081081
15.0,571,54530428,38.06666666666667
42.0,1305,54531733,31.071428571428573
17.0,431,54532164,25.352941176470587
33.0,940,54533104,28.484848484848484
32.0,998,54534102,31.1875
42.0,1535,54535637,36.54761904761905
14.0,392,54536029,28.0
29.0,842,54536871,29.03448275862069
7.0,175,54537046,25.0
19.0,603,54537649,31.736842105263158
37.0,1236,54538885,33.4054054054054
40.0,1451,54540336,36.275
38.0,1206,54541542,31.736842105263158
21.0,618,54542160,29.428571428571427
38.0,1341,54543501,35.28947368421053
28.0,901,54544402,32.17857142857143
39.0,1215,54545617,31.153846153846153
34.0,1013,54546630,29.794117647058822
40.0,1266,54547896,31.65
6.0,165,54548061,27.5
19.0,582,54548643,30.63157894736842
26.0,1277,54549920,49.11538461538461
35.0,1285,54551205,36.714285714285715
42.0,1120,54552325,26.666666666666668
22.0,527,54552852,23.954545454545453
12.0,331,54553183,27.583333333333332
17.0,602,54553785,35.411764705882355
14.0,375,54554160,26.785714285714285
20.0,596,54554756,29.8
19.0,470,54555226,24.736842105263158
40.0,1310,54556536,32.75
42.0,1105,54557641,26.30952380952381
20.0,581,54558222,29.05
17.0,458,54558680,26.941176470588236
28.0,829,54559509,29.607142857142858
24.0,1337,54560846,55.708333333333336
25.0,685,54561531,27.4
34.0,779,54562310,22.91176470588235
26.0,811,54563121,31.192307692307693
29.0,807,54563928,27.82758620689655
18.0,606,54564534,33.666666666666664
39.0,1108,54565642,28.41025641025641
28.0,1008,54566650,36.0
26.0,589,54567239,22.653846153846153
42.0,1613,54568852,38.404761904761905
11.0,320,54569172,29.09090909090909
20.0,543,54569715,27.15
26.0,774,54570489,29.76923076923077
27.0,925,54571414,34.25925925925926
31.0,888,54572302,28.64516129032258
20.0,424,54572726,21.2
15.0,418,54573144,27.866666666666667
32.0,923,54574067,28.84375
41.0,1375,54575442,33.53658536585366
19.0,549,54575991,28.894736842105264
29.0,805,54576796,27.75862068965517
30.0,1126,54577922,37.53333333333333
16.0,486,54578408,30.375
33.0,1047,54579455,31.727272727272727
32.0,1098,54580553,34.3125
28.0,882,54581435,31.5
10.0,200,54581635,20.0
24.0,727,54582362,30.291666666666668
25.0,873,54583235,34.92
29.0,707,54583942,24.379310344827587
19.0,508,54584450,26.736842105263158
16.0,270,54584720,16.875
22.0,564,54585284,25.636363636363637
24.0,781,54586065,32.541666666666664
22.0,545,54586610,24.772727272727273
30.0,896,54587506,29.866666666666667
18.0,543,54588049,30.166666666666668
15.0,361,54588410,24.066666666666666
15.0,558,54588968,37.2
29.0,850,54589818,29.310344827586206
13.0,374,54590192,28.76923076923077
38.0,1080,54591272,28.42105263157895
33.0,779,54592051,23.606060606060606
28.0,872,54592923,31.142857142857142
27.0,769,54593692,28.48148148148148
33.0,1042,54594734,31.575757575757574
45.0,1683,54596417,37.4
29.0,1109,54597526,38.241379310344826
26.0,796,54598322,30.615384615384617
22.0,638,54598960,29.0
19.0,462,54599422,24.31578947368421
32.0,1017,54600439,31.78125
31.0,719,54601158,23.193548387096776
33.0,1048,54602206,31.757575757575758
27.0,959,54603165,35.51851851851852
13.0,325,54603490,25.0
36.0,1197,54604687,33.25
29.0,901,54605588,31.06896551724138
34.0,1075,54606663,31.61764705882353
28.0,952,54607615,34.0
30.0,946,54608561,31.533333333333335
16.0,353,54608914,22.0625
18.0,495,54609409,27.5
17.0,509,54609918,29.941176470588236
22.0,676,54610594,30.727272727272727
29.0,827,54611421,28.517241379310345
27.0,815,54612236,30.185185185185187
29.0,630,54612866,21.724137931034484
35.0,1140,54614006,32.57142857142857
25.0,903,54614909,36.12
28.0,629,54615538,22.464285714285715
31.0,922,54616460,29.741935483870968
15.0,553,54617013,36.86666666666667
18.0,598,54617611,33.22222222222222
26.0,981,54618592,37.73076923076923
21.0,551,54619143,26.238095238095237
18.0,333,54619476,18.5
42.0,1111,54620587,26.452380952380953
25.0,840,54621427,33.6
24.0,745,54622172,31.041666666666668
29.0,831,54623003,28.655172413793103
14.0,339,54623342,24.214285714285715
26.0,622,54623964,23.923076923076923
35.0,1244,54625208,35.542857142857144
22.0,502,54625710,22.818181818181817
16.0,507,54626217,31.6875
23.0,598,54626815,26.0
7.0,572,54627387,81.71428571428571
37.0,824,54628211,22.27027027027027
13.0,318,54628529,24.46153846153846
30.0,761,54629290,25.366666666666667
33.0,887,54630177,26.87878787878788
29.0,845,54631022,29.137931034482758
20.0,576,54631598,28.8
19.0,513,54632111,27.0
13.0,496,54632607,38.15384615384615
21.0,550,54633157,26.19047619047619
24.0,670,54633827,27.916666666666668
16.0,406,54634233,25.375
36.0,915,54635148,25.416666666666668
26.0,600,54635748,23.076923076923077
17.0,811,54636559,47.705882352941174
35.0,1060,54637619,30.285714285714285
35.0,1251,54638870,35.74285714285714
24.0,822,54639692,34.25
39.0,974,54640666,24.974358974358974
14.0,353,54641019,25.214285714285715
17.0,508,54641527,29.88235294117647
24.0,451,54641978,18.791666666666668
11.0,342,54642320,31.09090909090909
24.0,735,54643055,30.625
44.0,1474,54644529,33.5
25.0,976,54645505,39.04
29.0,867,54646372,29.896551724137932
26.0,708,54647080,27.23076923076923
18.0,410,54647490,22.77777777777778
36.0,1196,54648686,33.22222222222222
24.0,695,54649381,28.958333333333332
33.0,1047,54650428,31.727272727272727
38.0,929,54651357,24.44736842105263
22.0,539,54651896,24.5
34.0,1214,54653110,35.705882352941174
34.0,897,54654007,26.38235294117647
18.0,368,54654375,20.444444444444443
25.0,982,54655357,39.28
30.0,915,54656272,30.5
23.0,1029,54657301,44.73913043478261
33.0,865,54658166,26.21212121212121
29.0,646,54658812,22.275862068965516
39.0,886,54659698,22.71794871794872
35.0,994,54660692,28.4
29.0,922,54661614,31.79310344827586
26.0,732,54662346,28.153846153846153
18.0,420,54662766,23.333333333333332
1.0,485,54663251,485.0
31.0,903,54664154,29.129032258064516
29.0,864,54665018,29.79310344827586
28.0,861,54665879,30.75
30.0,914,54666793,30.466666666666665
31.0,1136,54667929,36.645161290322584
25.0,732,54668661,29.28
43.0,1198,54669859,27.86046511627907
24.0,692,54670551,28.833333333333332
31.0,953,54671504,30.741935483870968
18.0,433,54671937,24.055555555555557
12.0,241,54672178,20.083333333333332
28.0,824,54673002,29.428571428571427
14.0,457,54673459,32.642857142857146
4.0,92,54673551,23.0
33.0,1058,54674609,32.06060606060606
33.0,884,54675493,26.78787878787879
12.0,360,54675853,30.0
31.0,890,54676743,28.70967741935484
23.0,543,54677286,23.608695652173914
39.0,1027,54678313,26.333333333333332
28.0,703,54679016,25.107142857142858
13.0,369,54679385,28.384615384615383
34.0,980,54680365,28.823529411764707
25.0,820,54681185,32.8
22.0,440,54681625,20.0
19.0,496,54682121,26.105263157894736
25.0,641,54682762,25.64
29.0,864,54683626,29.79310344827586
17.0,510,54684136,30.0
21.0,518,54684654,24.666666666666668
30.0,795,54685449,26.5
38.0,1494,54686943,39.31578947368421
24.0,638,54687581,26.583333333333332
37.0,1222,54688803,33.027027027027025
27.0,758,54689561,28.074074074074073
9.0,156,54689717,17.333333333333332
34.0,777,54690494,22.852941176470587
31.0,930,54691424,30.0
23.0,595,54692019,25.869565217391305
26.0,691,54692710,26.576923076923077
29.0,918,54693628,31.655172413793103
11.0,253,54693881,23.0
32.0,749,54694630,23.40625
22.0,653,54695283,29.681818181818183
31.0,864,54696147,27.870967741935484
21.0,684,54696831,32.57142857142857
37.0,1017,54697848,27.486486486486488
30.0,1077,54698925,35.9
15.0,375,54699300,25.0
39.0,1042,54700342,26.71794871794872
22.0,600,54700942,27.272727272727273
25.0,689,54701631,27.56
38.0,1272,54702903,33.473684210526315
11.0,175,54703078,15.909090909090908
25.0,662,54703740,26.48
14.0,252,54703992,18.0
39.0,1249,54705241,32.02564102564103
15.0,478,54705719,31.866666666666667
24.0,687,54706406,28.625
27.0,894,54707300,33.111111111111114
24.0,691,54707991,28.791666666666668
28.0,763,54708754,27.25
25.0,608,54709362,24.32
24.0,838,54710200,34.916666666666664
27.0,674,54710874,24.962962962962962
21.0,651,54711525,31.0
34.0,988,54712513,29.058823529411764
24.0,654,54713167,27.25
31.0,831,54713998,26.806451612903224
19.0,493,54714491,25.94736842105263
30.0,961,54715452,32.03333333333333
38.0,1189,54716641,31.289473684210527
34.0,1109,54717750,32.61764705882353
17.0,969,54718719,57.0
21.0,594,54719313,28.285714285714285
21.0,662,54719975,31.523809523809526
31.0,873,54720848,28.161290322580644
41.0,1204,54722052,29.365853658536587
25.0,1214,54723266,48.56
18.0,637,54723903,35.388888888888886
25.0,675,54724578,27.0
24.0,1005,54725583,41.875
16.0,436,54726019,27.25
26.0,830,54726849,31.923076923076923
20.0,510,54727359,25.5
27.0,617,54727976,22.85185185185185
21.0,748,54728724,35.61904761904762
31.0,857,54729581,27.64516129032258
18.0,404,54729985,22.444444444444443
33.0,1103,54731088,33.42424242424242
20.0,604,54731692,30.2
31.0,834,54732526,26.903225806451612
28.0,811,54733337,28.964285714285715
32.0,876,54734213,27.375
8.0,167,54734380,20.875
32.0,1109,54735489,34.65625
21.0,645,54736134,30.714285714285715
34.0,922,54737056,27.11764705882353
41.0,1255,54738311,30.609756097560975
2.0,51,54738362,25.5
29.0,716,54739078,24.689655172413794
27.0,773,54739851,28.62962962962963
24.0,754,54740605,31.416666666666668
18.0,553,54741158,30.72222222222222
26.0,875,54742033,33.65384615384615
42.0,1384,54743417,32.95238095238095
38.0,1126,54744543,29.63157894736842
23.0,502,54745045,21.82608695652174
33.0,979,54746024,29.666666666666668
25.0,865,54746889,34.6
24.0,968,54747857,40.333333333333336
21.0,612,54748469,29.142857142857142
33.0,1040,54749509,31.515151515151516
27.0,572,54750081,21.185185185185187
20.0,632,54750713,31.6
8.0,664,54751377,83.0
23.0,689,54752066,29.956521739130434
22.0,582,54752648,26.454545454545453
31.0,1024,54753672,33.03225806451613
30.0,966,54754638,32.2
34.0,928,54755566,27.294117647058822
25.0,738,54756304,29.52
39.0,1320,54757624,33.84615384615385
27.0,877,54758501,32.48148148148148
25.0,776,54759277,31.04
8.0,267,54759544,33.375
29.0,770,54760314,26.551724137931036
26.0,1136,54761450,43.69230769230769
6.0,570,54762020,95.0
22.0,849,54762869,38.59090909090909
6.0,172,54763041,28.666666666666668
26.0,757,54763798,29.115384615384617
31.0,1056,54764854,34.064516129032256
28.0,812,54765666,29.0
26.0,790,54766456,30.384615384615383
22.0,586,54767042,26.636363636363637
5.0,96,54767138,19.2
33.0,872,54768010,26.424242424242426
9.0,646,54768656,71.77777777777777
25.0,856,54769512,34.24
29.0,907,54770419,31.275862068965516
25.0,779,54771198,31.16
31.0,830,54772028,26.774193548387096
25.0,690,54772718,27.6
30.0,831,54773549,27.7
17.0,477,54774026,28.058823529411764
16.0,565,54774591,35.3125
28.0,910,54775501,32.5
25.0,875,54776376,35.0
26.0,652,54777028,25.076923076923077
25.0,778,54777806,31.12
18.0,535,54778341,29.72222222222222
40.0,1212,54779553,30.3
32.0,998,54780551,31.1875
22.0,513,54781064,23.318181818181817
34.0,1057,54782121,31.08823529411765
17.0,861,54782982,50.64705882352941
32.0,1132,54784114,35.375
35.0,850,54784964,24.285714285714285
10.0,384,54785348,38.4
33.0,942,54786290,28.545454545454547
19.0,613,54786903,32.26315789473684
42.0,1305,54788208,31.071428571428573
26.0,769,54788977,29.576923076923077
24.0,551,54789528,22.958333333333332
29.0,879,54790407,30.310344827586206
22.0,675,54791082,30.681818181818183
28.0,838,54791920,29.928571428571427
35.0,937,54792857,26.771428571428572
23.0,622,54793479,27.043478260869566
24.0,701,54794180,29.208333333333332
24.0,559,54794739,23.291666666666668
32.0,1157,54795896,36.15625
15.0,544,54796440,36.266666666666666
22.0,537,54796977,24.40909090909091
43.0,1353,54798330,31.46511627906977
11.0,301,54798631,27.363636363636363
2.0,39,54798670,19.5
10.0,393,54799063,39.3
36.0,1091,54800154,30.305555555555557
38.0,1149,54801303,30.236842105263158
30.0,955,54802258,31.833333333333332
12.0,357,54802615,29.75
21.0,767,54803382,36.523809523809526
31.0,868,54804250,28.0
23.0,600,54804850,26.08695652173913
36.0,1304,54806154,36.22222222222222
12.0,275,54806429,22.916666666666668
25.0,747,54807176,29.88
36.0,1171,54808347,32.52777777777778
33.0,1022,54809369,30.96969696969697
21.0,483,54809852,23.0
2.0,112,54809964,56.0
32.0,1046,54811010,32.6875
38.0,1192,54812202,31.36842105263158
24.0,645,54812847,26.875
6.0,148,54812995,24.666666666666668
37.0,1096,54814091,29.62162162162162
28.0,775,54814866,27.678571428571427
41.0,1322,54816188,32.24390243902439
23.0,538,54816726,23.391304347826086
34.0,929,54817655,27.323529411764707
11.0,182,54817837,16.545454545454547
27.0,765,54818602,28.333333333333332
20.0,621,54819223,31.05
18.0,653,54819876,36.27777777777778
26.0,868,54820744,33.38461538461539
24.0,916,54821660,38.166666666666664
22.0,697,54822357,31.681818181818183
18.0,491,54822848,27.27777777777778
38.0,1092,54823940,28.736842105263158
27.0,957,54824897,35.44444444444444
11.0,302,54825199,27.454545454545453
27.0,789,54825988,29.22222222222222
27.0,715,54826703,26.48148148148148
31.0,855,54827558,27.580645161290324
32.0,1026,54828584,32.0625
23.0,705,54829289,30.652173913043477
22.0,500,54829789,22.727272727272727
29.0,775,54830564,26.724137931034484
29.0,878,54831442,30.275862068965516
32.0,1213,54832655,37.90625
41.0,1525,54834180,37.19512195121951
26.0,734,54834914,28.23076923076923
35.0,1123,54836037,32.08571428571429
20.0,494,54836531,24.7
28.0,747,54837278,26.678571428571427
15.0,277,54837555,18.466666666666665
30.0,1011,54838566,33.7
29.0,886,54839452,30.551724137931036
32.0,898,54840350,28.0625
15.0,451,54840801,30.066666666666666
32.0,1109,54841910,34.65625
18.0,497,54842407,27.61111111111111
25.0,594,54843001,23.76
28.0,692,54843693,24.714285714285715
33.0,1013,54844706,30.696969696969695
23.0,687,54845393,29.869565217391305
27.0,807,54846200,29.88888888888889
19.0,607,54846807,31.94736842105263
28.0,866,54847673,30.928571428571427
42.0,1207,54848880,28.738095238095237
14.0,311,54849191,22.214285714285715
30.0,1016,54850207,33.86666666666667
15.0,449,54850656,29.933333333333334
32.0,1095,54851751,34.21875
29.0,742,54852493,25.586206896551722
29.0,886,54853379,30.551724137931036
32.0,793,54854172,24.78125
10.0,284,54854456,28.4
33.0,845,54855301,25.606060606060606
30.0,984,54856285,32.8
17.0,388,54856673,22.823529411764707
14.0,277,54856950,19.785714285714285
12.0,416,54857366,34.666666666666664
17.0,505,54857871,29.705882352941178
39.0,1187,54859058,30.435897435897434
15.0,430,54859488,28.666666666666668
9.0,241,54859729,26.77777777777778
15.0,371,54860100,24.733333333333334
22.0,517,54860617,23.5
27.0,630,54861247,23.333333333333332
39.0,1301,54862548,33.35897435897436
25.0,633,54863181,25.32
14.0,453,54863634,32.357142857142854
32.0,840,54864474,26.25
24.0,793,54865267,33.041666666666664
28.0,790,54866057,28.214285714285715
5.0,554,54866611,110.8
25.0,885,54867496,35.4
25.0,1051,54868547,42.04
35.0,1051,54869598,30.02857142857143
25.0,760,54870358,30.4
28.0,870,54871228,31.071428571428573
47.0,1325,54872553,28.19148936170213
28.0,962,54873515,34.357142857142854
38.0,1083,54874598,28.5
1.0,495,54875093,495.0
40.0,1145,54876238,28.625
29.0,895,54877133,30.862068965517242
25.0,690,54877823,27.6
22.0,618,54878441,28.09090909090909
21.0,550,54878991,26.19047619047619
37.0,1049,54880040,28.35135135135135
39.0,1397,54881437,35.82051282051282
22.0,546,54881983,24.818181818181817
25.0,678,54882661,27.12
31.0,1055,54883716,34.03225806451613
10.0,386,54884102,38.6
45.0,1315,54885417,29.22222222222222
18.0,624,54886041,34.666666666666664
35.0,983,54887024,28.085714285714285
18.0,613,54887637,34.05555555555556
32.0,812,54888449,25.375
29.0,880,54889329,30.344827586206897
14.0,466,54889795,33.285714285714285
39.0,996,54890791,25.53846153846154
25.0,682,54891473,27.28
33.0,937,54892410,28.393939393939394
27.0,887,54893297,32.851851851851855
30.0,876,54894173,29.2
22.0,722,54894895,32.81818181818182
23.0,667,54895562,29.0
18.0,603,54896165,33.5
7.0,175,54896340,25.0
34.0,1155,54897495,33.970588235294116
30.0,805,54898300,26.833333333333332
24.0,689,54898989,28.708333333333332
17.0,453,54899442,26.647058823529413
3.0,533,54899975,177.66666666666666
41.0,1146,54901121,27.951219512195124
26.0,659,54901780,25.346153846153847
22.0,582,54902362,26.454545454545453
30.0,711,54903073,23.7
30.0,997,54904070,33.233333333333334
27.0,822,54904892,30.444444444444443
24.0,587,54905479,24.458333333333332
29.0,925,54906404,31.896551724137932
36.0,935,54907339,25.97222222222222
18.0,670,54908009,37.22222222222222
28.0,852,54908861,30.428571428571427
19.0,575,54909436,30.263157894736842
27.0,742,54910178,27.48148148148148
22.0,545,54910723,24.772727272727273
25.0,693,54911416,27.72
19.0,391,54911807,20.57894736842105
33.0,1016,54912823,30.78787878787879
40.0,1316,54914139,32.9
29.0,899,54915038,31.0
16.0,420,54915458,26.25
31.0,766,54916224,24.70967741935484
34.0,883,54917107,25.970588235294116
43.0,1706,54918813,39.674418604651166
25.0,643,54919456,25.72
19.0,543,54919999,28.57894736842105
22.0,530,54920529,24.09090909090909
29.0,939,54921468,32.37931034482759
35.0,1321,54922789,37.74285714285714
20.0,486,54923275,24.3
16.0,441,54923716,27.5625
44.0,1232,54924948,28.0
9.0,629,54925577,69.88888888888889
37.0,928,54926505,25.08108108108108
24.0,647,54927152,26.958333333333332
32.0,910,54928062,28.4375
24.0,676,54928738,28.166666666666668
12.0,219,54928957,18.25
14.0,358,54929315,25.571428571428573
12.0,252,54929567,21.0
18.0,541,54930108,30.055555555555557
24.0,672,54930780,28.0
3.0,566,54931346,188.66666666666666
24.0,732,54932078,30.5
6.0,140,54932218,23.333333333333332
22.0,634,54932852,28.818181818181817
22.0,555,54933407,25.227272727272727
34.0,943,54934350,27.735294117647058
14.0,265,54934615,18.928571428571427
21.0,514,54935129,24.476190476190474
17.0,539,54935668,31.705882352941178
32.0,821,54936489,25.65625
19.0,448,54936937,23.57894736842105
32.0,1086,54938023,33.9375
50.0,1524,54939547,30.48
28.0,698,54940245,24.928571428571427
27.0,770,54941015,28.51851851851852
8.0,722,54941737,90.25
24.0,691,54942428,28.791666666666668
43.0,1408,54943836,32.74418604651163
34.0,705,54944541,20.735294117647058
33.0,1078,54945619,32.666666666666664
14.0,361,54945980,25.785714285714285
40.0,1011,54946991,25.275
27.0,761,54947752,28.185185185185187
19.0,506,54948258,26.63157894736842
24.0,722,54948980,30.083333333333332
33.0,825,54949805,25.0
20.0,443,54950248,22.15
20.0,599,54950847,29.95
21.0,606,54951453,28.857142857142858
16.0,390,54951843,24.375
21.0,657,54952500,31.285714285714285
15.0,446,54952946,29.733333333333334
24.0,665,54953611,27.708333333333332
32.0,906,54954517,28.3125
27.0,679,54955196,25.14814814814815
26.0,780,54955976,30.0
23.0,561,54956537,24.391304347826086
19.0,487,54957024,25.63157894736842
41.0,1062,54958086,25.902439024390244
6.0,608,54958694,101.33333333333333
14.0,336,54959030,24.0
40.0,1237,54960267,30.925
42.0,1157,54961424,27.547619047619047
10.0,296,54961720,29.6
26.0,671,54962391,25.807692307692307
16.0,465,54962856,29.0625
8.0,313,54963169,39.125
10.0,337,54963506,33.7
18.0,627,54964133,34.833333333333336
8.0,253,54964386,31.625
25.0,548,54964934,21.92
24.0,719,54965653,29.958333333333332
19.0,591,54966244,31.105263157894736
13.0,853,54967097,65.61538461538461
34.0,1039,54968136,30.558823529411764
43.0,997,54969133,23.186046511627907
13.0,323,54969456,24.846153846153847
15.0,447,54969903,29.8
29.0,895,54970798,30.862068965517242
15.0,487,54971285,32.46666666666667
13.0,351,54971636,27.0
37.0,1056,54972692,28.54054054054054
45.0,1350,54974042,30.0
11.0,292,54974334,26.545454545454547
30.0,707,54975041,23.566666666666666
22.0,694,54975735,31.545454545454547
31.0,874,54976609,28.193548387096776
45.0,1270,54977879,28.22222222222222
26.0,659,54978538,25.346153846153847
29.0,650,54979188,22.413793103448278
28.0,709,54979897,25.321428571428573
28.0,906,54980803,32.357142857142854
19.0,497,54981300,26.157894736842106
17.0,416,54981716,24.470588235294116
43.0,1287,54983003,29.930232558139537
38.0,1047,54984050,27.55263157894737
17.0,390,54984440,22.941176470588236
9.0,226,54984666,25.11111111111111
24.0,620,54985286,25.833333333333332
29.0,732,54986018,25.24137931034483
11.0,351,54986369,31.90909090909091
10.0,200,54986569,20.0
51.0,1541,54988110,30.215686274509803
16.0,463,54988573,28.9375
13.0,463,54989036,35.61538461538461
34.0,865,54989901,25.441176470588236
13.0,334,54990235,25.692307692307693
35.0,926,54991161,26.457142857142856
31.0,956,54992117,30.838709677419356
21.0,685,54992802,32.61904761904762
26.0,933,54993735,35.88461538461539
17.0,512,54994247,30.11764705882353
33.0,913,54995160,27.666666666666668
34.0,1025,54996185,30.147058823529413
34.0,1085,54997270,31.91176470588235
35.0,961,54998231,27.457142857142856
24.0,733,54998964,30.541666666666668
38.0,1100,55000064,28.94736842105263
39.0,1196,55001260,30.666666666666668
21.0,611,55001871,29.095238095238095
32.0,916,55002787,28.625
35.0,940,55003727,26.857142857142858
19.0,570,55004297,30.0
42.0,1399,55005696,33.30952380952381
17.0,434,55006130,25.529411764705884
10.0,772,55006902,77.2
33.0,1112,55008014,33.696969696969695
20.0,680,55008694,34.0
22.0,749,55009443,34.04545454545455
23.0,681,55010124,29.608695652173914
33.0,956,55011080,28.96969696969697
38.0,1015,55012095,26.710526315789473
53.0,1556,55013651,29.358490566037737
6.0,108,55013759,18.0
24.0,744,55014503,31.0
7.0,162,55014665,23.142857142857142
49.0,1567,55016232,31.979591836734695
20.0,568,55016800,28.4
20.0,536,55017336,26.8
39.0,1054,55018390,27.025641025641026
25.0,726,55019116,29.04
19.0,447,55019563,23.526315789473685
22.0,655,55020218,29.772727272727273
32.0,1006,55021224,31.4375
21.0,604,55021828,28.761904761904763
21.0,631,55022459,30.047619047619047
43.0,1291,55023750,30.023255813953487
29.0,1038,55024788,35.793103448275865
14.0,754,55025542,53.857142857142854
13.0,312,55025854,24.0
29.0,897,55026751,30.93103448275862
21.0,628,55027379,29.904761904761905
19.0,504,55027883,26.526315789473685
41.0,1366,55029249,33.31707317073171
2.0,24,55029273,12.0
10.0,333,55029606,33.3
31.0,800,55030406,25.806451612903224
30.0,698,55031104,23.266666666666666
20.0,520,55031624,26.0
36.0,910,55032534,25.27777777777778
16.0,480,55033014,30.0
21.0,487,55033501,23.19047619047619
13.0,317,55033818,24.384615384615383
22.0,688,55034506,31.272727272727273
47.0,1456,55035962,30.97872340425532
39.0,1013,55036975,25.974358974358974
27.0,705,55037680,26.11111111111111
29.0,798,55038478,27.517241379310345
23.0,654,55039132,28.434782608695652
25.0,719,55039851,28.76
26.0,652,55040503,25.076923076923077
30.0,892,55041395,29.733333333333334
16.0,299,55041694,18.6875
8.0,187,55041881,23.375
12.0,337,55042218,28.083333333333332
41.0,1247,55043465,30.414634146341463
20.0,509,55043974,25.45
23.0,632,55044606,27.47826086956522
36.0,1146,55045752,31.833333333333332
37.0,874,55046626,23.62162162162162
6.0,219,55046845,36.5
27.0,807,55047652,29.88888888888889
31.0,737,55048389,23.774193548387096
29.0,897,55049286,30.93103448275862
14.0,378,55049664,27.0
15.0,382,55050046,25.466666666666665
19.0,523,55050569,27.526315789473685
25.0,763,55051332,30.52
16.0,471,55051803,29.4375
44.0,1529,55053332,34.75
21.0,522,55053854,24.857142857142858
26.0,654,55054508,25.153846153846153
43.0,1241,55055749,28.86046511627907
15.0,474,55056223,31.6
26.0,727,55056950,27.96153846153846
22.0,574,55057524,26.09090909090909
37.0,984,55058508,26.594594594594593
50.0,1450,55059958,29.0
30.0,833,55060791,27.766666666666666
25.0,724,55061515,28.96
30.0,884,55062399,29.466666666666665
34.0,1058,55063457,31.11764705882353
15.0,356,55063813,23.733333333333334
18.0,382,55064195,21.22222222222222
33.0,984,55065179,29.818181818181817
26.0,747,55065926,28.73076923076923
38.0,1347,55067273,35.44736842105263
22.0,658,55067931,29.90909090909091
22.0,575,55068506,26.136363636363637
14.0,376,55068882,26.857142857142858
21.0,545,55069427,25.952380952380953
21.0,573,55070000,27.285714285714285
26.0,595,55070595,22.884615384615383
40.0,1342,55071937,33.55
1.0,22,55071959,22.0
28.0,728,55072687,26.0
17.0,500,55073187,29.41176470588235
34.0,926,55074113,27.235294117647058
45.0,1319,55075432,29.31111111111111
22.0,587,55076019,26.681818181818183
32.0,869,55076888,27.15625
25.0,545,55077433,21.8
23.0,622,55078055,27.043478260869566
34.0,1095,55079150,32.205882352941174
38.0,1153,55080303,30.342105263157894
31.0,872,55081175,28.129032258064516
26.0,701,55081876,26.96153846153846
32.0,869,55082745,27.15625
39.0,1198,55083943,30.71794871794872
7.0,702,55084645,100.28571428571429
12.0,305,55084950,25.416666666666668
16.0,546,55085496,34.125
29.0,1078,55086574,37.172413793103445
51.0,1568,55088142,30.745098039215687
24.0,831,55088973,34.625
33.0,1062,55090035,32.18181818181818
35.0,1150,55091185,32.857142857142854
8.0,737,55091922,92.125
31.0,856,55092778,27.612903225806452
34.0,1073,55093851,31.558823529411764
30.0,916,55094767,30.533333333333335
12.0,384,55095151,32.0
13.0,206,55095357,15.846153846153847
33.0,1121,55096478,33.96969696969697
19.0,488,55096966,25.68421052631579
33.0,852,55097818,25.818181818181817
33.0,919,55098737,27.848484848484848
43.0,1180,55099917,27.441860465116278
30.0,828,55100745,27.6
25.0,891,55101636,35.64
26.0,612,55102248,23.53846153846154
26.0,745,55102993,28.653846153846153
31.0,898,55103891,28.967741935483872
18.0,895,55104786,49.72222222222222
17.0,412,55105198,24.235294117647058
32.0,851,55106049,26.59375
22.0,814,55106863,37.0
19.0,573,55107436,30.157894736842106
6.0,178,55107614,29.666666666666668
19.0,490,55108104,25.789473684210527
24.0,583,55108687,24.291666666666668
19.0,488,55109175,25.68421052631579
31.0,926,55110101,29.870967741935484
29.0,744,55110845,25.655172413793103
11.0,215,55111060,19.545454545454547
8.0,236,55111296,29.5
23.0,642,55111938,27.91304347826087
15.0,365,55112303,24.333333333333332
26.0,695,55112998,26.73076923076923
13.0,256,55113254,19.692307692307693
30.0,900,55114154,30.0
35.0,951,55115105,27.17142857142857
32.0,828,55115933,25.875
23.0,644,55116577,28.0
35.0,961,55117538,27.457142857142856
23.0,704,55118242,30.608695652173914
42.0,897,55119139,21.357142857142858
12.0,284,55119423,23.666666666666668
17.0,496,55119919,29.176470588235293
32.0,1013,55120932,31.65625
29.0,904,55121836,31.17241379310345
24.0,660,55122496,27.5
34.0,1148,55123644,33.76470588235294
15.0,332,55123976,22.133333333333333
24.0,673,55124649,28.041666666666668
28.0,753,55125402,26.892857142857142
15.0,374,55125776,24.933333333333334
1.0,22,55125798,22.0
36.0,926,55126724,25.72222222222222
14.0,884,55127608,63.142857142857146
30.0,880,55128488,29.333333333333332
29.0,977,55129465,33.689655172413794
24.0,635,55130100,26.458333333333332
32.0,856,55130956,26.75
31.0,813,55131769,26.225806451612904
24.0,673,55132442,28.041666666666668
28.0,741,55133183,26.464285714285715
48.0,1525,55134708,31.770833333333332
19.0,537,55135245,28.263157894736842
42.0,1207,55136452,28.738095238095237
19.0,459,55136911,24.157894736842106
24.0,590,55137501,24.583333333333332
18.0,440,55137941,24.444444444444443
8.0,158,55138099,19.75
19.0,398,55138497,20.94736842105263
46.0,1534,55140031,33.34782608695652
31.0,859,55140890,27.70967741935484
34.0,879,55141769,25.852941176470587
30.0,820,55142589,27.333333333333332
44.0,1133,55143722,25.75
21.0,550,55144272,26.19047619047619
18.0,583,55144855,32.388888888888886
38.0,1042,55145897,27.42105263157895
18.0,400,55146297,22.22222222222222
24.0,603,55146900,25.125
42.0,1221,55148121,29.071428571428573
29.0,770,55148891,26.551724137931036
35.0,976,55149867,27.885714285714286
39.0,1081,55150948,27.71794871794872
20.0,424,55151372,21.2
23.0,564,55151936,24.52173913043478
19.0,375,55152311,19.736842105263158
34.0,865,55153176,25.441176470588236
22.0,678,55153854,30.818181818181817
15.0,361,55154215,24.066666666666666
23.0,811,55155026,35.26086956521739
23.0,680,55155706,29.565217391304348
21.0,656,55156362,31.238095238095237
15.0,419,55156781,27.933333333333334
18.0,486,55157267,27.0
30.0,857,55158124,28.566666666666666
35.0,939,55159063,26.82857142857143
22.0,578,55159641,26.272727272727273
6.0,151,55159792,25.166666666666668
36.0,1067,55160859,29.63888888888889
24.0,601,55161460,25.041666666666668
22.0,642,55162102,29.181818181818183
37.0,1244,55163346,33.62162162162162
16.0,419,55163765,26.1875
33.0,918,55164683,27.818181818181817
26.0,765,55165448,29.423076923076923
24.0,563,55166011,23.458333333333332
23.0,572,55166583,24.869565217391305
22.0,644,55167227,29.272727272727273
35.0,961,55168188,27.457142857142856
36.0,1109,55169297,30.805555555555557
23.0,1131,55170428,49.17391304347826
22.0,744,55171172,33.81818181818182
18.0,878,55172050,48.77777777777778
1.0,484,55172534,484.0
35.0,908,55173442,25.942857142857143
12.0,258,55173700,21.5
43.0,1269,55174969,29.511627906976745
32.0,943,55175912,29.46875
16.0,646,55176558,40.375
11.0,345,55176903,31.363636363636363
3.0,92,55176995,30.666666666666668
30.0,919,55177914,30.633333333333333
20.0,503,55178417,25.15
30.0,770,55179187,25.666666666666668
29.0,830,55180017,28.620689655172413
8.0,623,55180640,77.875
24.0,549,55181189,22.875
35.0,816,55182005,23.314285714285713
27.0,741,55182746,27.444444444444443
15.0,332,55183078,22.133333333333333
37.0,1286,55184364,34.75675675675676
16.0,485,55184849,30.3125
15.0,429,55185278,28.6
34.0,1067,55186345,31.38235294117647
43.0,1375,55187720,31.976744186046513
18.0,454,55188174,25.22222222222222
39.0,1144,55189318,29.333333333333332
36.0,1384,55190702,38.44444444444444
40.0,1317,55192019,32.925
7.0,174,55192193,24.857142857142858
22.0,678,55192871,30.818181818181817
45.0,1488,55194359,33.06666666666667
42.0,1158,55195517,27.571428571428573
21.0,500,55196017,23.80952380952381
13.0,344,55196361,26.46153846153846
21.0,603,55196964,28.714285714285715
36.0,990,55197954,27.5
21.0,526,55198480,25.047619047619047
17.0,512,55198992,30.11764705882353
39.0,1073,55200065,27.512820512820515
41.0,1132,55201197,27.609756097560975
23.0,574,55201771,24.956521739130434
31.0,884,55202655,28.516129032258064
29.0,795,55203450,27.413793103448278
37.0,1177,55204627,31.81081081081081
29.0,1053,55205680,36.310344827586206
11.0,770,55206450,70.0
30.0,802,55207252,26.733333333333334
19.0,478,55207730,25.157894736842106
23.0,588,55208318,25.565217391304348
29.0,646,55208964,22.275862068965516
35.0,978,55209942,27.942857142857143
31.0,853,55210795,27.516129032258064
22.0,545,55211340,24.772727272727273
28.0,813,55212153,29.035714285714285
28.0,771,55212924,27.535714285714285
22.0,632,55213556,28.727272727272727
21.0,527,55214083,25.095238095238095
5.0,107,55214190,21.4
33.0,1010,55215200,30.606060606060606
27.0,612,55215812,22.666666666666668
29.0,707,55216519,24.379310344827587
23.0,605,55217124,26.304347826086957
10.0,256,55217380,25.6
10.0,220,55217600,22.0
39.0,1106,55218706,28.358974358974358
4.0,554,55219260,138.5
28.0,877,55220137,31.321428571428573
14.0,316,55220453,22.571428571428573
29.0,815,55221268,28.103448275862068
30.0,742,55222010,24.733333333333334
20.0,970,55222980,48.5
37.0,1448,55224428,39.13513513513514
20.0,697,55225125,34.85
12.0,295,55225420,24.583333333333332
28.0,686,55226106,24.5
13.0,340,55226446,26.153846153846153
44.0,1496,55227942,34.0
45.0,1075,55229017,23.88888888888889
21.0,658,55229675,31.333333333333332
46.0,1163,55230838,25.282608695652176
26.0,905,55231743,34.80769230769231
29.0,753,55232496,25.96551724137931
11.0,321,55232817,29.181818181818183
19.0,457,55233274,24.05263157894737
23.0,689,55233963,29.956521739130434
18.0,415,55234378,23.055555555555557
17.0,495,55234873,29.11764705882353
23.0,668,55235541,29.043478260869566
16.0,380,55235921,23.75
28.0,804,55236725,28.714285714285715
20.0,627,55237352,31.35
35.0,1038,55238390,29.65714285714286
23.0,725,55239115,31.52173913043478
30.0,764,55239879,25.466666666666665
23.0,665,55240544,28.91304347826087
28.0,719,55241263,25.678571428571427
14.0,420,55241683,30.0
30.0,871,55242554,29.033333333333335
21.0,508,55243062,24.19047619047619
7.0,173,55243235,24.714285714285715
25.0,718,55243953,28.72
28.0,627,55244580,22.392857142857142
19.0,589,55245169,31.0
18.0,936,55246105,52.0
29.0,725,55246830,25.0
26.0,675,55247505,25.96153846153846
24.0,605,55248110,25.208333333333332
25.0,779,55248889,31.16
22.0,417,55249306,18.954545454545453
19.0,571,55249877,30.05263157894737
12.0,333,55250210,27.75
18.0,542,55250752,30.11111111111111
40.0,1286,55252038,32.15
15.0,408,55252446,27.2
24.0,680,55253126,28.333333333333332
21.0,559,55253685,26.61904761904762
29.0,759,55254444,26.17241379310345
21.0,420,55254864,20.0
33.0,1006,55255870,30.484848484848484
38.0,834,55256704,21.94736842105263
19.0,412,55257116,21.68421052631579
29.0,688,55257804,23.724137931034484
42.0,1407,55259211,33.5
22.0,577,55259788,26.227272727272727
26.0,754,55260542,29.0
30.0,864,55261406,28.8
45.0,1199,55262605,26.644444444444446
16.0,418,55263023,26.125
23.0,660,55263683,28.695652173913043
15.0,410,55264093,27.333333333333332
29.0,994,55265087,34.275862068965516
46.0,1574,55266661,34.21739130434783
29.0,829,55267490,28.586206896551722
40.0,934,55268424,23.35
23.0,690,55269114,30.0
26.0,556,55269670,21.384615384615383
24.0,790,55270460,32.916666666666664
26.0,615,55271075,23.653846153846153
27.0,727,55271802,26.925925925925927
32.0,897,55272699,28.03125
14.0,340,55273039,24.285714285714285
26.0,973,55274012,37.42307692307692
26.0,869,55274881,33.42307692307692
30.0,1140,55276021,38.0
28.0,797,55276818,28.464285714285715
14.0,434,55277252,31.0
26.0,874,55278126,33.61538461538461
17.0,423,55278549,24.88235294117647
40.0,1200,55279749,30.0
21.0,656,55280405,31.238095238095237
33.0,905,55281310,27.424242424242426
14.0,312,55281622,22.285714285714285
42.0,1190,55282812,28.333333333333332
11.0,261,55283073,23.727272727272727
18.0,340,55283413,18.88888888888889
33.0,922,55284335,27.939393939393938
29.0,787,55285122,27.137931034482758
23.0,475,55285597,20.652173913043477
39.0,1146,55286743,29.384615384615383
17.0,418,55287161,24.58823529411765
23.0,457,55287618,19.869565217391305
21.0,573,55288191,27.285714285714285
21.0,588,55288779,28.0
13.0,307,55289086,23.615384615384617
29.0,741,55289827,25.551724137931036
34.0,944,55290771,27.764705882352942
28.0,747,55291518,26.678571428571427
30.0,843,55292361,28.1
29.0,798,55293159,27.517241379310345
39.0,1360,55294519,34.87179487179487
8.0,170,55294689,21.25
21.0,667,55295356,31.761904761904763
32.0,1132,55296488,35.375
16.0,412,55296900,25.75
14.0,841,55297741,60.07142857142857
16.0,611,55298352,38.1875
28.0,762,55299114,27.214285714285715
23.0,512,55299626,22.26086956521739
27.0,817,55300443,30.25925925925926
27.0,728,55301171,26.962962962962962
14.0,411,55301582,29.357142857142858
36.0,1102,55302684,30.61111111111111
29.0,1179,55303863,40.6551724137931
41.0,1058,55304921,25.804878048780488
21.0,653,55305574,31.095238095238095
8.0,168,55305742,21.0
25.0,929,55306671,37.16
22.0,500,55307171,22.727272727272727
27.0,631,55307802,23.37037037037037
25.0,737,55308539,29.48
14.0,834,55309373,59.57142857142857
35.0,852,55310225,24.34285714285714
20.0,549,55310774,27.45
49.0,1528,55312302,31.183673469387756
29.0,1126,55313428,38.827586206896555
37.0,975,55314403,26.35135135135135
17.0,425,55314828,25.0
31.0,939,55315767,30.29032258064516
27.0,636,55316403,23.555555555555557
23.0,612,55317015,26.608695652173914
25.0,660,55317675,26.4
31.0,1000,55318675,32.25806451612903
15.0,381,55319056,25.4
49.0,1471,55320527,30.020408163265305
13.0,324,55320851,24.923076923076923
30.0,756,55321607,25.2
29.0,682,55322289,23.517241379310345
16.0,338,55322627,21.125
44.0,1451,55324078,32.97727272727273
23.0,488,55324566,21.217391304347824
55.0,1769,55326335,32.163636363636364
26.0,696,55327031,26.76923076923077
20.0,507,55327538,25.35
24.0,711,55328249,29.625
20.0,515,55328764,25.75
30.0,856,55329620,28.533333333333335
26.0,718,55330338,27.615384615384617
25.0,717,55331055,28.68
32.0,961,55332016,30.03125
26.0,589,55332605,22.653846153846153
24.0,597,55333202,24.875
6.0,561,55333763,93.5
26.0,746,55334509,28.692307692307693
6.0,92,55334601,15.333333333333334
10.0,182,55334783,18.2
34.0,956,55335739,28.11764705882353
25.0,803,55336542,32.12
41.0,1297,55337839,31.634146341463413
20.0,509,55338348,25.45
21.0,452,55338800,21.523809523809526
29.0,735,55339535,25.344827586206897
22.0,546,55340081,24.818181818181817
22.0,590,55340671,26.818181818181817
35.0,1353,55342024,38.65714285714286
58.0,1874,55343898,32.310344827586206
37.0,1118,55345016,30.216216216216218
16.0,517,55345533,32.3125
45.0,1452,55346985,32.266666666666666
29.0,689,55347674,23.75862068965517
17.0,420,55348094,24.705882352941178
21.0,561,55348655,26.714285714285715
30.0,861,55349516,28.7
20.0,632,55350148,31.6
30.0,853,55351001,28.433333333333334
37.0,910,55351911,24.594594594594593
33.0,726,55352637,22.0
19.0,494,55353131,26.0
25.0,800,55353931,32.0
27.0,934,55354865,34.592592592592595
9.0,307,55355172,34.111111111111114
22.0,598,55355770,27.181818181818183
6.0,132,55355902,22.0
16.0,451,55356353,28.1875
29.0,828,55357181,28.551724137931036
28.0,795,55357976,28.392857142857142
10.0,245,55358221,24.5
46.0,1258,55359479,27.347826086956523
27.0,702,55360181,26.0
26.0,770,55360951,29.615384615384617
2.0,552,55361503,276.0
45.0,1632,55363135,36.266666666666666
15.0,403,55363538,26.866666666666667
27.0,676,55364214,25.037037037037038
36.0,1025,55365239,28.47222222222222
27.0,811,55366050,30.037037037037038
32.0,1033,55367083,32.28125
33.0,918,55368001,27.818181818181817
19.0,596,55368597,31.36842105263158
13.0,428,55369025,32.92307692307692
47.0,1316,55370341,28.0
31.0,905,55371246,29.193548387096776
23.0,541,55371787,23.52173913043478
24.0,597,55372384,24.875
38.0,1255,55373639,33.026315789473685
17.0,382,55374021,22.470588235294116
25.0,644,55374665,25.76
38.0,1048,55375713,27.57894736842105
21.0,625,55376338,29.761904761904763
9.0,234,55376572,26.0
22.0,458,55377030,20.818181818181817
26.0,654,55377684,25.153846153846153
22.0,426,55378110,19.363636363636363
13.0,356,55378466,27.384615384615383
8.0,161,55378627,20.125
40.0,1091,55379718,27.275
15.0,418,55380136,27.866666666666667
31.0,754,55380890,24.322580645161292
31.0,751,55381641,24.225806451612904
29.0,829,55382470,28.586206896551722
28.0,839,55383309,29.964285714285715
31.0,1043,55384352,33.645161290322584
18.0,583,55384935,32.388888888888886
35.0,962,55385897,27.485714285714284
25.0,946,55386843,37.84
28.0,708,55387551,25.285714285714285
33.0,1085,55388636,32.878787878787875
31.0,869,55389505,28.032258064516128
12.0,371,55389876,30.916666666666668
18.0,335,55390211,18.61111111111111
35.0,1031,55391242,29.457142857142856
16.0,432,55391674,27.0
24.0,565,55392239,23.541666666666668
29.0,852,55393091,29.379310344827587
16.0,368,55393459,23.0
23.0,722,55394181,31.391304347826086
25.0,833,55395014,33.32
30.0,934,55395948,31.133333333333333
30.0,732,55396680,24.4
36.0,1020,55397700,28.333333333333332
35.0,990,55398690,28.285714285714285
35.0,870,55399560,24.857142857142858
37.0,1161,55400721,31.37837837837838
21.0,530,55401251,25.238095238095237
34.0,949,55402200,27.91176470588235
13.0,336,55402536,25.846153846153847
13.0,834,55403370,64.15384615384616
20.0,591,55403961,29.55
18.0,1008,55404969,56.0
35.0,1041,55406010,29.742857142857144
11.0,237,55406247,21.545454545454547
29.0,753,55407000,25.96551724137931
22.0,708,55407708,32.18181818181818
27.0,825,55408533,30.555555555555557
40.0,1107,55409640,27.675
28.0,828,55410468,29.571428571428573
43.0,1244,55411712,28.930232558139537
33.0,980,55412692,29.696969696969695
27.0,903,55413595,33.44444444444444
5.0,90,55413685,18.0
31.0,946,55414631,30.516129032258064
42.0,1152,55415783,27.428571428571427
18.0,483,55416266,26.833333333333332
19.0,434,55416700,22.842105263157894
20.0,637,55417337,31.85
20.0,419,55417756,20.95
33.0,1125,55418881,34.09090909090909
15.0,312,55419193,20.8
22.0,624,55419817,28.363636363636363
34.0,956,55420773,28.11764705882353
23.0,520,55421293,22.608695652173914
25.0,624,55421917,24.96
24.0,773,55422690,32.208333333333336
29.0,876,55423566,30.20689655172414
27.0,738,55424304,27.333333333333332
28.0,667,55424971,23.821428571428573
26.0,647,55425618,24.884615384615383
8.0,623,55426241,77.875
19.0,528,55426769,27.789473684210527
38.0,895,55427664,23.55263157894737
19.0,376,55428040,19.789473684210527
40.0,1429,55429469,35.725
26.0,800,55430269,30.76923076923077
11.0,372,55430641,33.81818181818182
29.0,1077,55431718,37.13793103448276
17.0,449,55432167,26.41176470588235
33.0,1040,55433207,31.515151515151516
32.0,865,55434072,27.03125
13.0,340,55434412,26.153846153846153
38.0,989,55435401,26.026315789473685
19.0,514,55435915,27.05263157894737
21.0,634,55436549,30.19047619047619
18.0,449,55436998,24.944444444444443
34.0,1091,55438089,32.088235294117645
26.0,809,55438898,31.115384615384617
23.0,641,55439539,27.869565217391305
23.0,565,55440104,24.565217391304348
31.0,763,55440867,24.612903225806452
13.0,540,55441407,41.53846153846154
34.0,1040,55442447,30.58823529411765
25.0,765,55443212,30.6
36.0,1226,55444438,34.05555555555556
40.0,1176,55445614,29.4
37.0,1036,55446650,28.0
30.0,1011,55447661,33.7
15.0,412,55448073,27.466666666666665
25.0,884,55448957,35.36
25.0,683,55449640,27.32
44.0,998,55450638,22.681818181818183
26.0,771,55451409,29.653846153846153
29.0,869,55452278,29.96551724137931
31.0,843,55453121,27.193548387096776
28.0,842,55453963,30.071428571428573
21.0,793,55454756,37.76190476190476
36.0,940,55455696,26.11111111111111
19.0,809,55456505,42.578947368421055
22.0,540,55457045,24.545454545454547
33.0,1203,55458248,36.45454545454545
33.0,942,55459190,28.545454545454547
35.0,1139,55460329,32.542857142857144
18.0,542,55460871,30.11111111111111
28.0,640,55461511,22.857142857142858
22.0,454,55461965,20.636363636363637
37.0,869,55462834,23.486486486486488
38.0,1116,55463950,29.36842105263158
30.0,1076,55465026,35.86666666666667
14.0,335,55465361,23.928571428571427
28.0,763,55466124,27.25
26.0,672,55466796,25.846153846153847
12.0,330,55467126,27.5
26.0,830,55467956,31.923076923076923
11.0,229,55468185,20.818181818181817
27.0,659,55468844,24.40740740740741
36.0,879,55469723,24.416666666666668
48.0,1350,55471073,28.125
34.0,1065,55472138,31.323529411764707
28.0,724,55472862,25.857142857142858
27.0,724,55473586,26.814814814814813
21.0,450,55474036,21.428571428571427
27.0,783,55474819,29.0
16.0,456,55475275,28.5
28.0,817,55476092,29.178571428571427
25.0,721,55476813,28.84
32.0,825,55477638,25.78125
23.0,678,55478316,29.47826086956522
30.0,867,55479183,28.9
34.0,838,55480021,24.647058823529413
20.0,475,55480496,23.75
38.0,1178,55481674,31.0
37.0,1005,55482679,27.16216216216216
23.0,632,55483311,27.47826086956522
25.0,583,55483894,23.32
12.0,301,55484195,25.083333333333332
13.0,254,55484449,19.53846153846154
29.0,709,55485158,24.448275862068964
28.0,664,55485822,23.714285714285715
30.0,1129,55486951,37.63333333333333
31.0,859,55487810,27.70967741935484
29.0,966,55488776,33.310344827586206
17.0,455,55489231,26.764705882352942
30.0,876,55490107,29.2
28.0,697,55490804,24.892857142857142
29.0,782,55491586,26.96551724137931
18.0,604,55492190,33.55555555555556
21.0,535,55492725,25.476190476190474
29.0,739,55493464,25.482758620689655
18.0,451,55493915,25.055555555555557
25.0,637,55494552,25.48
17.0,487,55495039,28.647058823529413
31.0,669,55495708,21.580645161290324
20.0,441,55496149,22.05
21.0,653,55496802,31.095238095238095
12.0,266,55497068,22.166666666666668
37.0,1251,55498319,33.810810810810814
25.0,775,55499094,31.0
2.0,97,55499191,48.5
6.0,182,55499373,30.333333333333332
11.0,293,55499666,26.636363636363637
31.0,804,55500470,25.93548387096774
49.0,1608,55502078,32.816326530612244
26.0,616,55502694,23.692307692307693
23.0,657,55503351,28.565217391304348
28.0,886,55504237,31.642857142857142
19.0,530,55504767,27.894736842105264
52.0,1460,55506227,28.076923076923077
17.0,498,55506725,29.294117647058822
33.0,1024,55507749,31.03030303030303
41.0,1247,55508996,30.414634146341463
26.0,712,55509708,27.384615384615383
29.0,784,55510492,27.03448275862069
34.0,981,55511473,28.852941176470587
28.0,753,55512226,26.892857142857142
40.0,1081,55513307,27.025
37.0,998,55514305,26.972972972972972
25.0,603,55514908,24.12
27.0,904,55515812,33.48148148148148
35.0,920,55516732,26.285714285714285
22.0,701,55517433,31.863636363636363
44.0,1247,55518680,28.34090909090909
21.0,605,55519285,28.80952380952381
21.0,662,55519947,31.523809523809526
37.0,910,55520857,24.594594594594593
21.0,698,55521555,33.23809523809524
44.0,1265,55522820,28.75
18.0,629,55523449,34.94444444444444
16.0,719,55524168,44.9375
12.0,265,55524433,22.083333333333332
26.0,648,55525081,24.923076923076923
28.0,735,55525816,26.25
37.0,951,55526767,25.7027027027027
18.0,465,55527232,25.833333333333332
18.0,406,55527638,22.555555555555557
36.0,957,55528595,26.583333333333332
27.0,772,55529367,28.59259259259259
34.0,952,55530319,28.0
22.0,571,55530890,25.954545454545453
14.0,387,55531277,27.642857142857142
25.0,927,55532204,37.08
27.0,789,55532993,29.22222222222222
12.0,701,55533694,58.416666666666664
14.0,305,55533999,21.785714285714285
24.0,579,55534578,24.125
32.0,993,55535571,31.03125
17.0,399,55535970,23.470588235294116
30.0,867,55536837,28.9
21.0,937,55537774,44.61904761904762
29.0,822,55538596,28.344827586206897
42.0,1365,55539961,32.5
30.0,831,55540792,27.7
15.0,375,55541167,25.0
38.0,1071,55542238,28.18421052631579
16.0,409,55542647,25.5625
6.0,75,55542722,12.5
19.0,434,55543156,22.842105263157894
24.0,606,55543762,25.25
30.0,861,55544623,28.7
14.0,397,55545020,28.357142857142858
6.0,144,55545164,24.0
27.0,843,55546007,31.22222222222222
32.0,756,55546763,23.625
26.0,814,55547577,31.307692307692307
12.0,368,55547945,30.666666666666668
28.0,824,55548769,29.428571428571427
15.0,351,55549120,23.4
28.0,824,55549944,29.428571428571427
17.0,518,55550462,30.470588235294116
26.0,759,55551221,29.192307692307693
40.0,1083,55552304,27.075
28.0,712,55553016,25.428571428571427
19.0,466,55553482,24.526315789473685
29.0,656,55554138,22.620689655172413
12.0,367,55554505,30.583333333333332
47.0,1497,55556002,31.851063829787233
24.0,836,55556838,34.833333333333336
29.0,929,55557767,32.03448275862069
23.0,625,55558392,27.17391304347826
13.0,338,55558730,26.0
10.0,312,55559042,31.2
25.0,797,55559839,31.88
39.0,1265,55561104,32.43589743589744
30.0,852,55561956,28.4
19.0,442,55562398,23.263157894736842
13.0,305,55562703,23.46153846153846
22.0,544,55563247,24.727272727272727
9.0,243,55563490,27.0
27.0,664,55564154,24.59259259259259
19.0,415,55564569,21.842105263157894
38.0,1247,55565816,32.81578947368421
34.0,895,55566711,26.323529411764707
24.0,755,55567466,31.458333333333332
30.0,775,55568241,25.833333333333332
33.0,844,55569085,25.575757575757574
14.0,434,55569519,31.0
1.0,19,55569538,19.0
21.0,602,55570140,28.666666666666668
33.0,899,55571039,27.242424242424242
25.0,709,55571748,28.36
35.0,892,55572640,25.485714285714284
14.0,550,55573190,39.285714285714285
16.0,430,55573620,26.875
32.0,805,55574425,25.15625
17.0,607,55575032,35.705882352941174
26.0,624,55575656,24.0
29.0,820,55576476,28.275862068965516
32.0,1002,55577478,31.3125
14.0,334,55577812,23.857142857142858
37.0,962,55578774,26.0
11.0,279,55579053,25.363636363636363
28.0,774,55579827,27.642857142857142
10.0,309,55580136,30.9
25.0,659,55580795,26.36
25.0,904,55581699,36.16
30.0,941,55582640,31.366666666666667
26.0,670,55583310,25.76923076923077
23.0,632,55583942,27.47826086956522
21.0,950,55584892,45.23809523809524
34.0,1135,55586027,33.38235294117647
17.0,385,55586412,22.647058823529413
39.0,1079,55587491,27.666666666666668
45.0,1221,55588712,27.133333333333333
31.0,752,55589464,24.258064516129032
17.0,586,55590050,34.470588235294116
22.0,665,55590715,30.227272727272727
32.0,1019,55591734,31.84375
23.0,470,55592204,20.434782608695652
28.0,820,55593024,29.285714285714285
9.0,262,55593286,29.11111111111111
19.0,495,55593781,26.05263157894737
21.0,543,55594324,25.857142857142858
32.0,900,55595224,28.125
37.0,1125,55596349,30.405405405405407
31.0,1076,55597425,34.70967741935484
20.0,486,55597911,24.3
37.0,1179,55599090,31.864864864864863
32.0,741,55599831,23.15625
34.0,978,55600809,28.764705882352942
26.0,711,55601520,27.346153846153847
10.0,302,55601822,30.2
23.0,678,55602500,29.47826086956522
36.0,939,55603439,26.083333333333332
16.0,373,55603812,23.3125
29.0,878,55604690,30.275862068965516
12.0,318,55605008,26.5
20.0,554,55605562,27.7
42.0,1112,55606674,26.476190476190474
36.0,979,55607653,27.194444444444443
10.0,243,55607896,24.3
27.0,605,55608501,22.40740740740741
34.0,902,55609403,26.529411764705884
24.0,683,55610086,28.458333333333332
31.0,623,55610709,20.096774193548388
11.0,155,55610864,14.090909090909092
20.0,593,55611457,29.65
46.0,1232,55612689,26.782608695652176
31.0,1042,55613731,33.61290322580645
17.0,404,55614135,23.764705882352942
20.0,631,55614766,31.55
17.0,656,55615422,38.588235294117645
32.0,1035,55616457,32.34375
28.0,621,55617078,22.178571428571427
36.0,1202,55618280,33.388888888888886
31.0,982,55619262,31.677419354838708
31.0,729,55619991,23.516129032258064
31.0,962,55620953,31.032258064516128
46.0,1613,55622566,35.06521739130435
16.0,419,55622985,26.1875
38.0,1005,55623990,26.44736842105263
36.0,1048,55625038,29.11111111111111
4.0,571,55625609,142.75
18.0,483,55626092,26.833333333333332
21.0,570,55626662,27.142857142857142
39.0,1276,55627938,32.717948717948715
30.0,662,55628600,22.066666666666666
18.0,502,55629102,27.88888888888889
12.0,244,55629346,20.333333333333332
4.0,93,55629439,23.25
32.0,897,55630336,28.03125
37.0,1163,55631499,31.43243243243243
11.0,365,55631864,33.18181818181818
46.0,1348,55633212,29.304347826086957
19.0,521,55633733,27.42105263157895
29.0,731,55634464,25.20689655172414
45.0,1535,55635999,34.111111111111114
41.0,1340,55637339,32.68292682926829
30.0,765,55638104,25.5
61.0,2185,55640289,35.81967213114754
20.0,561,55640850,28.05
7.0,224,55641074,32.0
39.0,1180,55642254,30.256410256410255
20.0,690,55642944,34.5
32.0,922,55643866,28.8125
28.0,777,55644643,27.75
23.0,591,55645234,25.695652173913043
28.0,820,55646054,29.285714285714285
33.0,911,55646965,27.606060606060606
29.0,658,55647623,22.689655172413794
26.0,782,55648405,30.076923076923077
34.0,1003,55649408,29.5
25.0,769,55650177,30.76
10.0,254,55650431,25.4
10.0,241,55650672,24.1
38.0,1133,55651805,29.81578947368421
38.0,1147,55652952,30.18421052631579
22.0,491,55653443,22.318181818181817
37.0,1131,55654574,30.56756756756757
39.0,1012,55655586,25.94871794871795
24.0,658,55656244,27.416666666666668
32.0,726,55656970,22.6875
24.0,567,55657537,23.625
14.0,768,55658305,54.857142857142854
36.0,984,55659289,27.333333333333332
21.0,564,55659853,26.857142857142858
37.0,1198,55661051,32.37837837837838
29.0,807,55661858,27.82758620689655
39.0,1157,55663015,29.666666666666668
22.0,523,55663538,23.772727272727273
30.0,716,55664254,23.866666666666667
13.0,299,55664553,23.0
1.0,447,55665000,447.0
10.0,156,55665156,15.6
31.0,870,55666026,28.06451612903226
30.0,779,55666805,25.966666666666665
27.0,770,55667575,28.51851851851852
22.0,641,55668216,29.136363636363637
19.0,581,55668797,30.57894736842105
25.0,779,55669576,31.16
22.0,612,55670188,27.818181818181817
20.0,487,55670675,24.35
11.0,260,55670935,23.636363636363637
24.0,621,55671556,25.875
13.0,340,55671896,26.153846153846153
37.0,1026,55672922,27.72972972972973
29.0,798,55673720,27.517241379310345
23.0,566,55674286,24.608695652173914
31.0,812,55675098,26.193548387096776
30.0,855,55675953,28.5
21.0,474,55676427,22.571428571428573
39.0,1140,55677567,29.23076923076923
36.0,937,55678504,26.02777777777778
25.0,674,55679178,26.96
20.0,531,55679709,26.55
16.0,393,55680102,24.5625
30.0,831,55680933,27.7
16.0,407,55681340,25.4375
23.0,617,55681957,26.82608695652174
26.0,624,55682581,24.0
23.0,583,55683164,25.347826086956523
25.0,733,55683897,29.32
20.0,767,55684664,38.35
29.0,821,55685485,28.310344827586206
23.0,720,55686205,31.304347826086957
36.0,1036,55687241,28.77777777777778
21.0,506,55687747,24.095238095238095
23.0,523,55688270,22.73913043478261
19.0,548,55688818,28.842105263157894
20.0,558,55689376,27.9
23.0,525,55689901,22.82608695652174
21.0,581,55690482,27.666666666666668
14.0,357,55690839,25.5
20.0,547,55691386,27.35
26.0,645,55692031,24.807692307692307
24.0,583,55692614,24.291666666666668
26.0,807,55693421,31.03846153846154
40.0,1157,55694578,28.925
39.0,1454,55696032,37.282051282051285
23.0,653,55696685,28.391304347826086
16.0,338,55697023,21.125
17.0,464,55697487,27.294117647058822
24.0,560,55698047,23.333333333333332
26.0,581,55698628,22.346153846153847
25.0,1011,55699639,40.44
23.0,803,55700442,34.91304347826087
33.0,1051,55701493,31.848484848484848
23.0,633,55702126,27.52173913043478
35.0,982,55703108,28.057142857142857
24.0,715,55703823,29.791666666666668
21.0,434,55704257,20.666666666666668
22.0,584,55704841,26.545454545454547
25.0,755,55705596,30.2
24.0,744,55706340,31.0
28.0,1099,55707439,39.25
32.0,876,55708315,27.375
10.0,237,55708552,23.7
26.0,1002,55709554,38.53846153846154
24.0,736,55710290,30.666666666666668
29.0,968,55711258,33.37931034482759
18.0,402,55711660,22.333333333333332
22.0,545,55712205,24.772727272727273
18.0,433,55712638,24.055555555555557
25.0,731,55713369,29.24
38.0,1321,55714690,34.76315789473684
32.0,870,55715560,27.1875
30.0,826,55716386,27.533333333333335
33.0,881,55717267,26.696969696969695
30.0,1076,55718343,35.86666666666667
36.0,950,55719293,26.38888888888889
34.0,923,55720216,27.147058823529413
23.0,749,55720965,32.56521739130435
26.0,679,55721644,26.115384615384617
29.0,838,55722482,28.896551724137932
8.0,212,55722694,26.5
32.0,998,55723692,31.1875
17.0,372,55724064,21.88235294117647
27.0,761,55724825,28.185185185185187
39.0,975,55725800,25.0
28.0,674,55726474,24.071428571428573
12.0,200,55726674,16.666666666666668
32.0,1029,55727703,32.15625
25.0,680,55728383,27.2
32.0,913,55729296,28.53125
34.0,804,55730100,23.647058823529413
29.0,860,55730960,29.655172413793103
22.0,551,55731511,25.045454545454547
33.0,807,55732318,24.454545454545453
11.0,214,55732532,19.454545454545453
38.0,1041,55733573,27.394736842105264
21.0,626,55734199,29.80952380952381
27.0,633,55734832,23.444444444444443
13.0,416,55735248,32.0
36.0,1102,55736350,30.61111111111111
5.0,102,55736452,20.4
11.0,285,55736737,25.90909090909091
16.0,427,55737164,26.6875
21.0,546,55737710,26.0
20.0,589,55738299,29.45
23.0,635,55738934,27.608695652173914
46.0,1348,55740282,29.304347826086957
38.0,1156,55741438,30.42105263157895
28.0,750,55742188,26.785714285714285
20.0,532,55742720,26.6
21.0,576,55743296,27.428571428571427
37.0,1194,55744490,32.270270270270274
21.0,610,55745100,29.047619047619047
18.0,417,55745517,23.166666666666668
18.0,555,55746072,30.833333333333332
5.0,166,55746238,33.2
31.0,1019,55747257,32.87096774193548
34.0,997,55748254,29.323529411764707
29.0,832,55749086,28.689655172413794
30.0,876,55749962,29.2
38.0,826,55750788,21.736842105263158
25.0,634,55751422,25.36
24.0,681,55752103,28.375
24.0,657,55752760,27.375
25.0,770,55753530,30.8
26.0,846,55754376,32.53846153846154
30.0,780,55755156,26.0
27.0,772,55755928,28.59259259259259
22.0,562,55756490,25.545454545454547
25.0,608,55757098,24.32
24.0,775,55757873,32.291666666666664
23.0,574,55758447,24.956521739130434
22.0,717,55759164,32.59090909090909
39.0,1163,55760327,29.82051282051282
25.0,618,55760945,24.72
36.0,913,55761858,25.36111111111111
12.0,308,55762166,25.666666666666668
24.0,622,55762788,25.916666666666668
47.0,1565,55764353,33.297872340425535
40.0,1006,55765359,25.15
24.0,693,55766052,28.875
14.0,454,55766506,32.42857142857143
34.0,1135,55767641,33.38235294117647
7.0,163,55767804,23.285714285714285
31.0,834,55768638,26.903225806451612
16.0,464,55769102,29.0
26.0,777,55769879,29.884615384615383
29.0,762,55770641,26.275862068965516
20.0,412,55771053,20.6
23.0,540,55771593,23.47826086956522
23.0,647,55772240,28.130434782608695
14.0,259,55772499,18.5
38.0,1157,55773656,30.44736842105263
28.0,783,55774439,27.964285714285715
45.0,1647,55776086,36.6
11.0,293,55776379,26.636363636363637
25.0,578,55776957,23.12
18.0,455,55777412,25.27777777777778
20.0,454,55777866,22.7
39.0,1337,55779203,34.282051282051285
22.0,575,55779778,26.136363636363637
23.0,586,55780364,25.47826086956522
37.0,933,55781297,25.216216216216218
31.0,800,55782097,25.806451612903224
48.0,1439,55783536,29.979166666666668
12.0,201,55783737,16.75
24.0,660,55784397,27.5
27.0,868,55785265,32.148148148148145
33.0,973,55786238,29.484848484848484
25.0,782,55787020,31.28
31.0,924,55787944,29.806451612903224
40.0,1110,55789054,27.75
28.0,837,55789891,29.892857142857142
28.0,729,55790620,26.035714285714285
27.0,852,55791472,31.555555555555557
11.0,279,55791751,25.363636363636363
19.0,510,55792261,26.842105263157894
22.0,534,55792795,24.272727272727273
22.0,600,55793395,27.272727272727273
36.0,1157,55794552,32.138888888888886
18.0,496,55795048,27.555555555555557
44.0,1303,55796351,29.613636363636363
26.0,936,55797287,36.0
23.0,553,55797840,24.043478260869566
47.0,1219,55799059,25.93617021276596
31.0,1046,55800105,33.74193548387097
29.0,846,55800951,29.17241379310345
24.0,729,55801680,30.375
20.0,595,55802275,29.75
32.0,858,55803133,26.8125
29.0,906,55804039,31.24137931034483
40.0,1178,55805217,29.45
31.0,928,55806145,29.93548387096774
21.0,593,55806738,28.238095238095237
32.0,1034,55807772,32.3125
27.0,773,55808545,28.62962962962963
39.0,1150,55809695,29.487179487179485
19.0,438,55810133,23.05263157894737
25.0,637,55810770,25.48
39.0,1113,55811883,28.53846153846154
27.0,699,55812582,25.88888888888889
18.0,401,55812983,22.27777777777778
28.0,663,55813646,23.678571428571427
36.0,1268,55814914,35.22222222222222
25.0,607,55815521,24.28
31.0,977,55816498,31.516129032258064
35.0,989,55817487,28.257142857142856
32.0,993,55818480,31.03125
35.0,1030,55819510,29.428571428571427
30.0,866,55820376,28.866666666666667
43.0,1202,55821578,27.953488372093023
45.0,1234,55822812,27.42222222222222
6.0,590,55823402,98.33333333333333
47.0,1389,55824791,29.5531914893617
41.0,1282,55826073,31.26829268292683
29.0,864,55826937,29.79310344827586
44.0,1294,55828231,29.40909090909091
24.0,603,55828834,25.125
33.0,1000,55829834,30.303030303030305
35.0,1014,55830848,28.97142857142857
25.0,818,55831666,32.72
30.0,805,55832471,26.833333333333332
28.0,845,55833316,30.178571428571427
36.0,1182,55834498,32.833333333333336
28.0,705,55835203,25.178571428571427
29.0,869,55836072,29.96551724137931
8.0,643,55836715,80.375
28.0,865,55837580,30.892857142857142
27.0,882,55838462,32.666666666666664
10.0,296,55838758,29.6
43.0,1155,55839913,26.86046511627907
34.0,1125,55841038,33.088235294117645
24.0,591,55841629,24.625
33.0,752,55842381,22.78787878787879
33.0,1048,55843429,31.757575757575758
34.0,1324,55844753,38.94117647058823
22.0,538,55845291,24.454545454545453
29.0,909,55846200,31.344827586206897
34.0,1078,55847278,31.705882352941178
26.0,639,55847917,24.576923076923077
19.0,383,55848300,20.157894736842106
27.0,785,55849085,29.074074074074073
15.0,367,55849452,24.466666666666665
46.0,1243,55850695,27.02173913043478
11.0,285,55850980,25.90909090909091
31.0,808,55851788,26.06451612903226
20.0,592,55852380,29.6
25.0,954,55853334,38.16
27.0,765,55854099,28.333333333333332
4.0,142,55854241,35.5
26.0,579,55854820,22.26923076923077
28.0,600,55855420,21.428571428571427
17.0,462,55855882,27.176470588235293
6.0,128,55856010,21.333333333333332
37.0,1175,55857185,31.756756756756758
38.0,884,55858069,23.263157894736842
12.0,258,55858327,21.5
18.0,825,55859152,45.833333333333336
31.0,849,55860001,27.387096774193548
40.0,1175,55861176,29.375
27.0,662,55861838,24.51851851851852
38.0,1022,55862860,26.894736842105264
32.0,964,55863824,30.125
17.0,398,55864222,23.41176470588235
26.0,743,55864965,28.576923076923077
23.0,630,55865595,27.391304347826086
25.0,749,55866344,29.96
22.0,541,55866885,24.59090909090909
27.0,855,55867740,31.666666666666668
37.0,1417,55869157,38.2972972972973
26.0,537,55869694,20.653846153846153
19.0,356,55870050,18.736842105263158
15.0,436,55870486,29.066666666666666
26.0,796,55871282,30.615384615384617
36.0,1039,55872321,28.86111111111111
14.0,288,55872609,20.571428571428573
33.0,758,55873367,22.96969696969697
15.0,269,55873636,17.933333333333334
40.0,1076,55874712,26.9
18.0,458,55875170,25.444444444444443
25.0,655,55875825,26.2
34.0,961,55876786,28.264705882352942
36.0,1107,55877893,30.75
9.0,273,55878166,30.333333333333332
31.0,1420,55879586,45.806451612903224
30.0,823,55880409,27.433333333333334
42.0,1196,55881605,28.476190476190474
33.0,1287,55882892,39.0
8.0,224,55883116,28.0
13.0,380,55883496,29.23076923076923
35.0,1150,55884646,32.857142857142854
20.0,482,55885128,24.1
28.0,902,55886030,32.214285714285715
18.0,342,55886372,19.0
22.0,524,55886896,23.818181818181817
36.0,935,55887831,25.97222222222222
20.0,518,55888349,25.9
29.0,1166,55889515,40.206896551724135
29.0,713,55890228,24.586206896551722
18.0,410,55890638,22.77777777777778
18.0,988,55891626,54.888888888888886
20.0,581,55892207,29.05
29.0,949,55893156,32.724137931034484
22.0,638,55893794,29.0
29.0,790,55894584,27.24137931034483
23.0,537,55895121,23.347826086956523
32.0,811,55895932,25.34375
34.0,1146,55897078,33.705882352941174
23.0,518,55897596,22.52173913043478
24.0,601,55898197,25.041666666666668
41.0,1332,55899529,32.48780487804878
41.0,1300,55900829,31.70731707317073
20.0,471,55901300,23.55
25.0,829,55902129,33.16
19.0,473,55902602,24.894736842105264
18.0,575,55903177,31.944444444444443
30.0,1298,55904475,43.266666666666666
34.0,977,55905452,28.735294117647058
20.0,544,55905996,27.2
27.0,635,55906631,23.51851851851852
2.0,65,55906696,32.5
23.0,675,55907371,29.347826086956523
16.0,396,55907767,24.75
31.0,874,55908641,28.193548387096776
3.0,488,55909129,162.66666666666666
30.0,791,55909920,26.366666666666667
41.0,1301,55911221,31.73170731707317
33.0,787,55912008,23.848484848484848
18.0,443,55912451,24.61111111111111
19.0,470,55912921,24.736842105263158
36.0,1125,55914046,31.25
9.0,535,55914581,59.44444444444444
22.0,658,55915239,29.90909090909091
27.0,709,55915948,26.25925925925926
6.0,107,55916055,17.833333333333332
38.0,1261,55917316,33.18421052631579
27.0,659,55917975,24.40740740740741
20.0,542,55918517,27.1
40.0,1015,55919532,25.375
22.0,721,55920253,32.77272727272727
28.0,755,55921008,26.964285714285715
28.0,788,55921796,28.142857142857142
20.0,524,55922320,26.2
26.0,931,55923251,35.80769230769231
13.0,483,55923734,37.15384615384615
21.0,672,55924406,32.0
20.0,595,55925001,29.75
33.0,863,55925864,26.151515151515152
40.0,1196,55927060,29.9
30.0,820,55927880,27.333333333333332
30.0,909,55928789,30.3
25.0,570,55929359,22.8
8.0,556,55929915,69.5
30.0,914,55930829,30.466666666666665
28.0,944,55931773,33.714285714285715
40.0,1335,55933108,33.375
26.0,825,55933933,31.73076923076923
26.0,816,55934749,31.384615384615383
16.0,334,55935083,20.875
29.0,951,55936034,32.793103448275865
24.0,841,55936875,35.041666666666664
28.0,847,55937722,30.25
18.0,1032,55938754,57.333333333333336
17.0,450,55939204,26.470588235294116
22.0,575,55939779,26.136363636363637
23.0,750,55940529,32.608695652173914
28.0,834,55941363,29.785714285714285
24.0,620,55941983,25.833333333333332
23.0,563,55942546,24.47826086956522
21.0,827,55943373,39.38095238095238
31.0,810,55944183,26.129032258064516
15.0,403,55944586,26.866666666666667
19.0,431,55945017,22.68421052631579
21.0,466,55945483,22.19047619047619
36.0,1039,55946522,28.86111111111111
29.0,925,55947447,31.896551724137932
31.0,799,55948246,25.774193548387096
28.0,787,55949033,28.107142857142858
29.0,1040,55950073,35.86206896551724
29.0,825,55950898,28.448275862068964
30.0,792,55951690,26.4
29.0,881,55952571,30.379310344827587
36.0,1229,55953800,34.138888888888886
17.0,441,55954241,25.941176470588236
35.0,1226,55955467,35.02857142857143
33.0,885,55956352,26.818181818181817
25.0,648,55957000,25.92
22.0,572,55957572,26.0
31.0,1006,55958578,32.45161290322581
29.0,744,55959322,25.655172413793103
2.0,33,55959355,16.5
33.0,952,55960307,28.848484848484848
25.0,757,55961064,30.28
15.0,281,55961345,18.733333333333334
28.0,732,55962077,26.142857142857142
27.0,546,55962623,20.22222222222222
25.0,699,55963322,27.96
32.0,626,55963948,19.5625
19.0,519,55964467,27.31578947368421
15.0,470,55964937,31.333333333333332
28.0,913,55965850,32.607142857142854
45.0,1467,55967317,32.6
12.0,320,55967637,26.666666666666668
38.0,1108,55968745,29.157894736842106
26.0,782,55969527,30.076923076923077
15.0,422,55969949,28.133333333333333
36.0,1005,55970954,27.916666666666668
14.0,311,55971265,22.214285714285715
10.0,326,55971591,32.6
30.0,867,55972458,28.9
33.0,943,55973401,28.575757575757574
30.0,932,55974333,31.066666666666666
38.0,1116,55975449,29.36842105263158
22.0,386,55975835,17.545454545454547
37.0,1141,55976976,30.83783783783784
27.0,780,55977756,28.88888888888889
19.0,450,55978206,23.68421052631579
32.0,1024,55979230,32.0
30.0,753,55979983,25.1
33.0,1101,55981084,33.36363636363637
2.0,514,55981598,257.0
28.0,930,55982528,33.214285714285715
24.0,812,55983340,33.833333333333336
43.0,1389,55984729,32.30232558139535
30.0,803,55985532,26.766666666666666
43.0,1312,55986844,30.511627906976745
44.0,1245,55988089,28.295454545454547
31.0,915,55989004,29.516129032258064
19.0,579,55989583,30.473684210526315
33.0,977,55990560,29.606060606060606
32.0,945,55991505,29.53125
28.0,782,55992287,27.928571428571427
18.0,474,55992761,26.333333333333332
38.0,1137,55993898,29.92105263157895
21.0,436,55994334,20.761904761904763
23.0,707,55995041,30.73913043478261
22.0,530,55995571,24.09090909090909
20.0,498,55996069,24.9
26.0,654,55996723,25.153846153846153
25.0,594,55997317,23.76
46.0,1304,55998621,28.347826086956523
38.0,947,55999568,24.92105263157895
25.0,613,56000181,24.52
26.0,755,56000936,29.03846153846154
27.0,714,56001650,26.444444444444443
34.0,1142,56002792,33.588235294117645
39.0,849,56003641,21.76923076923077
28.0,749,56004390,26.75
35.0,919,56005309,26.257142857142856
29.0,790,56006099,27.24137931034483
35.0,1152,56007251,32.91428571428571
15.0,394,56007645,26.266666666666666
28.0,832,56008477,29.714285714285715
38.0,1190,56009667,31.31578947368421
25.0,585,56010252,23.4
22.0,530,56010782,24.09090909090909
22.0,597,56011379,27.136363636363637
31.0,876,56012255,28.258064516129032
20.0,464,56012719,23.2
27.0,691,56013410,25.59259259259259
17.0,412,56013822,24.235294117647058
20.0,546,56014368,27.3
44.0,1122,56015490,25.5
34.0,973,56016463,28.61764705882353
31.0,1039,56017502,33.516129032258064
28.0,991,56018493,35.392857142857146
25.0,467,56018960,18.68
41.0,1121,56020081,27.341463414634145
18.0,493,56020574,27.38888888888889
24.0,750,56021324,31.25
30.0,818,56022142,27.266666666666666
29.0,965,56023107,33.275862068965516
16.0,325,56023432,20.3125
16.0,375,56023807,23.4375
43.0,1230,56025037,28.6046511627907
30.0,671,56025708,22.366666666666667
26.0,750,56026458,28.846153846153847
9.0,149,56026607,16.555555555555557
43.0,1211,56027818,28.162790697674417
27.0,728,56028546,26.962962962962962
40.0,1185,56029731,29.625
9.0,263,56029994,29.22222222222222
28.0,806,56030800,28.785714285714285
26.0,654,56031454,25.153846153846153
25.0,596,56032050,23.84
32.0,977,56033027,30.53125
23.0,537,56033564,23.347826086956523
32.0,1175,56034739,36.71875
24.0,561,56035300,23.375
31.0,851,56036151,27.451612903225808
32.0,1074,56037225,33.5625
23.0,698,56037923,30.347826086956523
21.0,592,56038515,28.19047619047619
13.0,696,56039211,53.53846153846154
16.0,374,56039585,23.375
26.0,623,56040208,23.96153846153846
22.0,670,56040878,30.454545454545453
54.0,1877,56042755,34.75925925925926
30.0,794,56043549,26.466666666666665
7.0,150,56043699,21.428571428571427
45.0,1477,56045176,32.82222222222222
10.0,285,56045461,28.5
20.0,476,56045937,23.8
27.0,740,56046677,27.40740740740741
26.0,722,56047399,27.76923076923077
12.0,314,56047713,26.166666666666668
23.0,696,56048409,30.26086956521739
14.0,514,56048923,36.714285714285715
27.0,1239,56050162,45.888888888888886
33.0,950,56051112,28.78787878787879
24.0,619,56051731,25.791666666666668
38.0,979,56052710,25.763157894736842
29.0,805,56053515,27.75862068965517
26.0,583,56054098,22.423076923076923
18.0,385,56054483,21.38888888888889
29.0,856,56055339,29.517241379310345
37.0,1019,56056358,27.54054054054054
2.0,94,56056452,47.0
26.0,593,56057045,22.807692307692307
30.0,970,56058015,32.333333333333336
22.0,583,56058598,26.5
20.0,398,56058996,19.9
15.0,400,56059396,26.666666666666668
13.0,305,56059701,23.46153846153846
17.0,412,56060113,24.235294117647058
20.0,701,56060814,35.05
26.0,774,56061588,29.76923076923077
41.0,1318,56062906,32.146341463414636
33.0,951,56063857,28.818181818181817
27.0,764,56064621,28.296296296296298
5.0,619,56065240,123.8
27.0,847,56066087,31.37037037037037
25.0,576,56066663,23.04
13.0,279,56066942,21.46153846153846
13.0,292,56067234,22.46153846153846
17.0,603,56067837,35.470588235294116
13.0,404,56068241,31.076923076923077
21.0,402,56068643,19.142857142857142
39.0,1098,56069741,28.153846153846153
30.0,811,56070552,27.033333333333335
34.0,782,56071334,23.0
32.0,993,56072327,31.03125
38.0,1195,56073522,31.44736842105263
28.0,811,56074333,28.964285714285715
7.0,590,56074923,84.28571428571429
22.0,656,56075579,29.818181818181817
26.0,753,56076332,28.96153846153846
43.0,1181,56077513,27.46511627906977
27.0,761,56078274,28.185185185185187
40.0,1264,56079538,31.6
38.0,1034,56080572,27.210526315789473
26.0,787,56081359,30.26923076923077
26.0,770,56082129,29.615384615384617
29.0,690,56082819,23.79310344827586
24.0,787,56083606,32.791666666666664
31.0,931,56084537,30.032258064516128
25.0,873,56085410,34.92
25.0,894,56086304,35.76
26.0,592,56086896,22.76923076923077
27.0,700,56087596,25.925925925925927
38.0,1374,56088970,36.1578947368421
25.0,697,56089667,27.88
41.0,1465,56091132,35.73170731707317
21.0,1042,56092174,49.61904761904762
34.0,960,56093134,28.235294117647058
32.0,760,56093894,23.75
19.0,359,56094253,18.894736842105264
18.0,589,56094842,32.72222222222222
10.0,211,56095053,21.1
27.0,672,56095725,24.88888888888889
35.0,939,56096664,26.82857142857143
20.0,405,56097069,20.25
33.0,840,56097909,25.454545454545453
17.0,441,56098350,25.941176470588236
16.0,397,56098747,24.8125
31.0,1053,56099800,33.96774193548387
16.0,438,56100238,27.375
33.0,829,56101067,25.12121212121212
26.0,846,56101913,32.53846153846154
28.0,790,56102703,28.214285714285715
16.0,476,56103179,29.75
17.0,336,56103515,19.764705882352942
1.0,24,56103539,24.0
27.0,699,56104238,25.88888888888889
30.0,839,56105077,27.966666666666665
28.0,845,56105922,30.178571428571427
40.0,1275,56107197,31.875
12.0,373,56107570,31.083333333333332
36.0,1177,56108747,32.69444444444444
24.0,780,56109527,32.5
25.0,590,56110117,23.6
25.0,668,56110785,26.72
44.0,1524,56112309,34.63636363636363
49.0,1487,56113796,30.346938775510203
20.0,508,56114304,25.4
48.0,1554,56115858,32.375
28.0,918,56116776,32.785714285714285
33.0,1062,56117838,32.18181818181818
27.0,672,56118510,24.88888888888889
25.0,731,56119241,29.24
35.0,922,56120163,26.34285714285714
17.0,377,56120540,22.176470588235293
32.0,989,56121529,30.90625
31.0,886,56122415,28.580645161290324
29.0,981,56123396,33.827586206896555
25.0,673,56124069,26.92
31.0,1140,56125209,36.774193548387096
23.0,534,56125743,23.217391304347824
25.0,515,56126258,20.6
16.0,395,56126653,24.6875
34.0,955,56127608,28.08823529411765
27.0,871,56128479,32.25925925925926
32.0,856,56129335,26.75
23.0,592,56129927,25.73913043478261
24.0,749,56130676,31.208333333333332
25.0,656,56131332,26.24
20.0,431,56131763,21.55
23.0,529,56132292,23.0
42.0,1373,56133665,32.69047619047619
42.0,1572,56135237,37.42857142857143
39.0,1350,56136587,34.61538461538461
25.0,793,56137380,31.72
40.0,1072,56138452,26.8
20.0,504,56138956,25.2
29.0,750,56139706,25.862068965517242
35.0,758,56140464,21.65714285714286
8.0,266,56140730,33.25
27.0,785,56141515,29.074074074074073
27.0,755,56142270,27.962962962962962
14.0,356,56142626,25.428571428571427
31.0,997,56143623,32.16129032258065
15.0,299,56143922,19.933333333333334
38.0,1229,56145151,32.3421052631579
30.0,863,56146014,28.766666666666666
31.0,804,56146818,25.93548387096774
10.0,245,56147063,24.5
42.0,1240,56148303,29.523809523809526
9.0,282,56148585,31.333333333333332
33.0,1189,56149774,36.03030303030303
15.0,315,56150089,21.0
35.0,857,56150946,24.485714285714284
34.0,900,56151846,26.470588235294116
42.0,1142,56152988,27.19047619047619
28.0,774,56153762,27.642857142857142
6.0,90,56153852,15.0
24.0,900,56154752,37.5
28.0,851,56155603,30.392857142857142
39.0,987,56156590,25.307692307692307
24.0,564,56157154,23.5
34.0,1145,56158299,33.6764705882353
20.0,420,56158719,21.0
28.0,763,56159482,27.25
26.0,704,56160186,27.076923076923077
38.0,945,56161131,24.86842105263158
22.0,499,56161630,22.681818181818183
18.0,507,56162137,28.166666666666668
26.0,679,56162816,26.115384615384617
33.0,854,56163670,25.87878787878788
21.0,372,56164042,17.714285714285715
42.0,1436,56165478,34.19047619047619
41.0,1403,56166881,34.21951219512195
17.0,386,56167267,22.705882352941178
35.0,1127,56168394,32.2
17.0,586,56168980,34.470588235294116
26.0,697,56169677,26.807692307692307
26.0,619,56170296,23.807692307692307
9.0,250,56170546,27.77777777777778
30.0,937,56171483,31.233333333333334
25.0,1104,56172587,44.16
34.0,1058,56173645,31.11764705882353
31.0,797,56174442,25.70967741935484
8.0,159,56174601,19.875
31.0,887,56175488,28.612903225806452
37.0,963,56176451,26.027027027027028
31.0,855,56177306,27.580645161290324
29.0,859,56178165,29.620689655172413
24.0,573,56178738,23.875
14.0,394,56179132,28.142857142857142
15.0,374,56179506,24.933333333333334
32.0,753,56180259,23.53125
25.0,604,56180863,24.16
22.0,593,56181456,26.954545454545453
13.0,798,56182254,61.38461538461539
32.0,800,56183054,25.0
33.0,816,56183870,24.727272727272727
31.0,1026,56184896,33.096774193548384
20.0,477,56185373,23.85
19.0,495,56185868,26.05263157894737
37.0,1124,56186992,30.37837837837838
21.0,608,56187600,28.952380952380953
34.0,950,56188550,27.941176470588236
13.0,299,56188849,23.0
3.0,576,56189425,192.0
25.0,629,56190054,25.16
30.0,767,56190821,25.566666666666666
20.0,407,56191228,20.35
30.0,767,56191995,25.566666666666666
25.0,644,56192639,25.76
26.0,779,56193418,29.96153846153846
27.0,966,56194384,35.77777777777778
23.0,712,56195096,30.956521739130434
30.0,983,56196079,32.766666666666666
30.0,671,56196750,22.366666666666667
44.0,1260,56198010,28.636363636363637
34.0,1144,56199154,33.64705882352941
15.0,479,56199633,31.933333333333334
34.0,1029,56200662,30.264705882352942
23.0,540,56201202,23.47826086956522
28.0,801,56202003,28.607142857142858
18.0,531,56202534,29.5
23.0,621,56203155,27.0
15.0,418,56203573,27.866666666666667
25.0,735,56204308,29.4
27.0,819,56205127,30.333333333333332
36.0,1023,56206150,28.416666666666668
28.0,707,56206857,25.25
19.0,543,56207400,28.57894736842105
10.0,220,56207620,22.0
22.0,778,56208398,35.36363636363637
33.0,952,56209350,28.848484848484848
28.0,749,56210099,26.75
23.0,662,56210761,28.782608695652176
28.0,908,56211669,32.42857142857143
20.0,559,56212228,27.95
43.0,916,56213144,21.302325581395348
24.0,724,56213868,30.166666666666668
25.0,689,56214557,27.56
10.0,147,56214704,14.7
28.0,766,56215470,27.357142857142858
20.0,504,56215974,25.2
38.0,901,56216875,23.710526315789473
40.0,1273,56218148,31.825
36.0,1232,56219380,34.22222222222222
28.0,815,56220195,29.107142857142858
26.0,820,56221015,31.53846153846154
12.0,448,56221463,37.333333333333336
26.0,680,56222143,26.153846153846153
5.0,68,56222211,13.6
23.0,608,56222819,26.434782608695652
23.0,675,56223494,29.347826086956523
17.0,572,56224066,33.64705882352941
18.0,515,56224581,28.61111111111111
34.0,1005,56225586,29.558823529411764
31.0,838,56226424,27.032258064516128
39.0,1022,56227446,26.205128205128204
46.0,1595,56229041,34.67391304347826
18.0,545,56229586,30.27777777777778
38.0,1195,56230781,31.44736842105263
13.0,549,56231330,42.23076923076923
30.0,886,56232216,29.533333333333335
38.0,1225,56233441,32.23684210526316
23.0,534,56233975,23.217391304347824
12.0,301,56234276,25.083333333333332
51.0,1363,56235639,26.725490196078432
13.0,330,56235969,25.384615384615383
13.0,453,56236422,34.84615384615385
28.0,924,56237346,33.0
21.0,502,56237848,23.904761904761905
26.0,751,56238599,28.884615384615383
30.0,893,56239492,29.766666666666666
25.0,874,56240366,34.96
20.0,519,56240885,25.95
35.0,1122,56242007,32.05714285714286
32.0,951,56242958,29.71875
22.0,631,56243589,28.681818181818183
28.0,771,56244360,27.535714285714285
14.0,462,56244822,33.0
13.0,420,56245242,32.30769230769231
28.0,771,56246013,27.535714285714285
27.0,879,56246892,32.55555555555556
29.0,846,56247738,29.17241379310345
26.0,660,56248398,25.384615384615383
31.0,1018,56249416,32.83870967741935
17.0,507,56249923,29.823529411764707
8.0,211,56250134,26.375
18.0,405,56250539,22.5
23.0,590,56251129,25.652173913043477
28.0,807,56251936,28.821428571428573
31.0,805,56252741,25.967741935483872
15.0,471,56253212,31.4
33.0,856,56254068,25.939393939393938
13.0,363,56254431,27.923076923076923
31.0,680,56255111,21.93548387096774
33.0,916,56256027,27.757575757575758
28.0,815,56256842,29.107142857142858
11.0,233,56257075,21.181818181818183
32.0,978,56258053,30.5625
23.0,771,56258824,33.52173913043478
35.0,921,56259745,26.314285714285713
35.0,898,56260643,25.65714285714286
11.0,240,56260883,21.818181818181817
32.0,871,56261754,27.21875
21.0,563,56262317,26.80952380952381
12.0,159,56262476,13.25
22.0,492,56262968,22.363636363636363
27.0,807,56263775,29.88888888888889
29.0,731,56264506,25.20689655172414
17.0,297,56264803,17.470588235294116
35.0,1005,56265808,28.714285714285715
41.0,1349,56267157,32.90243902439025
27.0,644,56267801,23.85185185185185
21.0,436,56268237,20.761904761904763
45.0,1183,56269420,26.288888888888888
23.0,622,56270042,27.043478260869566
43.0,1323,56271365,30.767441860465116
33.0,797,56272162,24.151515151515152
23.0,632,56272794,27.47826086956522
10.0,187,56272981,18.7
21.0,397,56273378,18.904761904761905
21.0,647,56274025,30.80952380952381
16.0,488,56274513,30.5
18.0,438,56274951,24.333333333333332
35.0,1053,56276004,30.085714285714285
30.0,1056,56277060,35.2
26.0,685,56277745,26.346153846153847
17.0,364,56278109,21.41176470588235
30.0,612,56278721,20.4
13.0,404,56279125,31.076923076923077
23.0,718,56279843,31.217391304347824
24.0,597,56280440,24.875
15.0,294,56280734,19.6
36.0,1174,56281908,32.611111111111114
8.0,223,56282131,27.875
34.0,1193,56283324,35.088235294117645
25.0,541,56283865,21.64
31.0,912,56284777,29.419354838709676
10.0,352,56285129,35.2
39.0,1059,56286188,27.153846153846153
12.0,298,56286486,24.833333333333332
15.0,456,56286942,30.4
33.0,817,56287759,24.757575757575758
27.0,837,56288596,31.0
33.0,881,56289477,26.696969696969695
36.0,928,56290405,25.77777777777778
30.0,875,56291280,29.166666666666668
23.0,474,56291754,20.608695652173914
10.0,170,56291924,17.0
23.0,705,56292629,30.652173913043477
35.0,1105,56293734,31.571428571428573
23.0,712,56294446,30.956521739130434
28.0,860,56295306,30.714285714285715
28.0,890,56296196,31.785714285714285
33.0,849,56297045,25.727272727272727
38.0,1210,56298255,31.842105263157894
23.0,598,56298853,26.0
48.0,1409,56300262,29.354166666666668
20.0,540,56300802,27.0
37.0,840,56301642,22.7027027027027
18.0,472,56302114,26.22222222222222
32.0,981,56303095,30.65625
38.0,1164,56304259,30.63157894736842
39.0,1147,56305406,29.41025641025641
26.0,751,56306157,28.884615384615383
33.0,916,56307073,27.757575757575758
21.0,648,56307721,30.857142857142858
11.0,169,56307890,15.363636363636363
37.0,857,56308747,23.16216216216216
23.0,570,56309317,24.782608695652176
35.0,883,56310200,25.228571428571428
8.0,292,56310492,36.5
18.0,373,56310865,20.72222222222222
17.0,303,56311168,17.823529411764707
35.0,996,56312164,28.457142857142856
28.0,783,56312947,27.964285714285715
32.0,843,56313790,26.34375
10.0,316,56314106,31.6
18.0,456,56314562,25.333333333333332
21.0,475,56315037,22.61904761904762
12.0,312,56315349,26.0
28.0,917,56316266,32.75
10.0,248,56316514,24.8
39.0,1288,56317802,33.02564102564103
36.0,936,56318738,26.0
9.0,236,56318974,26.22222222222222
42.0,984,56319958,23.428571428571427
18.0,494,56320452,27.444444444444443
45.0,1493,56321945,33.17777777777778
21.0,662,56322607,31.523809523809526
38.0,1048,56323655,27.57894736842105
14.0,466,56324121,33.285714285714285
11.0,232,56324353,21.09090909090909
15.0,314,56324667,20.933333333333334
11.0,290,56324957,26.363636363636363
15.0,466,56325423,31.066666666666666
11.0,447,56325870,40.63636363636363
25.0,679,56326549,27.16
22.0,556,56327105,25.272727272727273
23.0,499,56327604,21.695652173913043
23.0,635,56328239,27.608695652173914
32.0,783,56329022,24.46875
39.0,1184,56330206,30.358974358974358
33.0,967,56331173,29.303030303030305
20.0,567,56331740,28.35
9.0,323,56332063,35.888888888888886
24.0,667,56332730,27.791666666666668
33.0,877,56333607,26.575757575757574
47.0,1169,56334776,24.872340425531913
20.0,546,56335322,27.3
35.0,963,56336285,27.514285714285716
23.0,694,56336979,30.17391304347826
10.0,217,56337196,21.7
5.0,516,56337712,103.2
14.0,792,56338504,56.57142857142857
46.0,1545,56340049,33.58695652173913
26.0,788,56340837,30.307692307692307
5.0,144,56340981,28.8
34.0,840,56341821,24.705882352941178
43.0,1320,56343141,30.697674418604652
36.0,1203,56344344,33.416666666666664
18.0,499,56344843,27.72222222222222
20.0,547,56345390,27.35
14.0,372,56345762,26.571428571428573
23.0,632,56346394,27.47826086956522
29.0,901,56347295,31.06896551724138
19.0,566,56347861,29.789473684210527
51.0,1864,56349725,36.549019607843135
22.0,599,56350324,27.227272727272727
33.0,860,56351184,26.060606060606062
19.0,376,56351560,19.789473684210527
14.0,343,56351903,24.5
20.0,380,56352283,19.0
16.0,332,56352615,20.75
9.0,253,56352868,28.11111111111111
16.0,440,56353308,27.5
8.0,234,56353542,29.25
14.0,420,56353962,30.0
24.0,689,56354651,28.708333333333332
31.0,961,56355612,31.0
31.0,890,56356502,28.70967741935484
15.0,347,56356849,23.133333333333333
12.0,457,56357306,38.083333333333336
22.0,443,56357749,20.136363636363637
24.0,741,56358490,30.875
16.0,511,56359001,31.9375
13.0,454,56359455,34.92307692307692
24.0,723,56360178,30.125
34.0,987,56361165,29.029411764705884
23.0,614,56361779,26.695652173913043
35.0,1066,56362845,30.457142857142856
18.0,566,56363411,31.444444444444443
19.0,601,56364012,31.63157894736842
29.0,876,56364888,30.20689655172414
19.0,519,56365407,27.31578947368421
12.0,342,56365749,28.5
33.0,848,56366597,25.696969696969695
21.0,587,56367184,27.952380952380953
20.0,625,56367809,31.25
11.0,251,56368060,22.818181818181817
27.0,676,56368736,25.037037037037038
36.0,1050,56369786,29.166666666666668
9.0,206,56369992,22.88888888888889
32.0,966,56370958,30.1875
37.0,1071,56372029,28.945945945945947
32.0,1174,56373203,36.6875
14.0,320,56373523,22.857142857142858
29.0,777,56374300,26.79310344827586
22.0,726,56375026,33.0
24.0,688,56375714,28.666666666666668
23.0,651,56376365,28.304347826086957
27.0,939,56377304,34.77777777777778
21.0,673,56377977,32.04761904761905
29.0,829,56378806,28.586206896551722
23.0,496,56379302,21.565217391304348
16.0,353,56379655,22.0625
57.0,2051,56381706,35.98245614035088
29.0,769,56382475,26.517241379310345
40.0,1234,56383709,30.85
37.0,1232,56384941,33.2972972972973
13.0,226,56385167,17.384615384615383
23.0,572,56385739,24.869565217391305
26.0,670,56386409,25.76923076923077
34.0,833,56387242,24.5
19.0,478,56387720,25.157894736842106
31.0,664,56388384,21.419354838709676
23.0,642,56389026,27.91304347826087
42.0,1180,56390206,28.095238095238095
26.0,682,56390888,26.23076923076923
5.0,171,56391059,34.2
17.0,432,56391491,25.41176470588235
13.0,247,56391738,19.0
21.0,689,56392427,32.80952380952381
25.0,656,56393083,26.24
30.0,974,56394057,32.46666666666667
28.0,682,56394739,24.357142857142858
32.0,867,56395606,27.09375
32.0,1037,56396643,32.40625
18.0,527,56397170,29.27777777777778
31.0,781,56397951,25.193548387096776
22.0,653,56398604,29.681818181818183
12.0,412,56399016,34.333333333333336
13.0,375,56399391,28.846153846153847
25.0,574,56399965,22.96
35.0,876,56400841,25.02857142857143
20.0,394,56401235,19.7
38.0,863,56402098,22.710526315789473
18.0,468,56402566,26.0
37.0,1282,56403848,34.648648648648646
43.0,1364,56405212,31.72093023255814
28.0,641,56405853,22.892857142857142
37.0,1233,56407086,33.32432432432432
18.0,607,56407693,33.72222222222222
25.0,688,56408381,27.52
14.0,455,56408836,32.5
22.0,678,56409514,30.818181818181817
3.0,33,56409547,11.0
20.0,401,56409948,20.05
50.0,1494,56411442,29.88
44.0,1695,56413137,38.52272727272727
40.0,1246,56414383,31.15
29.0,896,56415279,30.896551724137932
33.0,865,56416144,26.21212121212121
4.0,540,56416684,135.0
23.0,620,56417304,26.956521739130434
33.0,838,56418142,25.393939393939394
14.0,297,56418439,21.214285714285715
38.0,1017,56419456,26.763157894736842
11.0,297,56419753,27.0
27.0,626,56420379,23.185185185185187
28.0,843,56421222,30.107142857142858
25.0,802,56422024,32.08
29.0,818,56422842,28.20689655172414
21.0,422,56423264,20.095238095238095
30.0,958,56424222,31.933333333333334
25.0,803,56425025,32.12
23.0,577,56425602,25.08695652173913
27.0,896,56426498,33.18518518518518
39.0,1208,56427706,30.974358974358974
31.0,707,56428413,22.806451612903224
13.0,324,56428737,24.923076923076923
39.0,1173,56429910,30.076923076923077
23.0,682,56430592,29.652173913043477
25.0,646,56431238,25.84
34.0,914,56432152,26.88235294117647
43.0,1224,56433376,28.46511627906977
27.0,885,56434261,32.77777777777778
19.0,580,56434841,30.526315789473685
26.0,517,56435358,19.884615384615383
14.0,414,56435772,29.571428571428573
28.0,664,56436436,23.714285714285715
26.0,683,56437119,26.26923076923077
18.0,468,56437587,26.0
42.0,1090,56438677,25.952380952380953
28.0,644,56439321,23.0
32.0,1013,56440334,31.65625
25.0,765,56441099,30.6
37.0,1034,56442133,27.945945945945947
32.0,1135,56443268,35.46875
5.0,67,56443335,13.4
39.0,1239,56444574,31.76923076923077
34.0,1248,56445822,36.705882352941174
23.0,678,56446500,29.47826086956522
26.0,584,56447084,22.46153846153846
40.0,1220,56448304,30.5
34.0,805,56449109,23.676470588235293
22.0,507,56449616,23.045454545454547
25.0,667,56450283,26.68
23.0,792,56451075,34.43478260869565
17.0,575,56451650,33.8235294117647
25.0,747,56452397,29.88
37.0,974,56453371,26.324324324324323
30.0,1053,56454424,35.1
19.0,539,56454963,28.36842105263158
18.0,533,56455496,29.61111111111111
16.0,322,56455818,20.125
21.0,519,56456337,24.714285714285715
18.0,439,56456776,24.38888888888889
36.0,1089,56457865,30.25
45.0,1312,56459177,29.155555555555555
39.0,1053,56460230,27.0
21.0,525,56460755,25.0
34.0,822,56461577,24.176470588235293
18.0,419,56461996,23.27777777777778
14.0,475,56462471,33.92857142857143
11.0,263,56462734,23.90909090909091
40.0,1558,56464292,38.95
5.0,159,56464451,31.8
43.0,1341,56465792,31.186046511627907
21.0,682,56466474,32.476190476190474
22.0,521,56466995,23.681818181818183
21.0,657,56467652,31.285714285714285
32.0,859,56468511,26.84375
29.0,673,56469184,23.20689655172414
19.0,440,56469624,23.157894736842106
35.0,1033,56470657,29.514285714285716
15.0,482,56471139,32.13333333333333
32.0,766,56471905,23.9375
25.0,784,56472689,31.36
14.0,447,56473136,31.928571428571427
24.0,778,56473914,32.416666666666664
29.0,883,56474797,30.448275862068964
27.0,840,56475637,31.11111111111111
18.0,552,56476189,30.666666666666668
18.0,609,56476798,33.833333333333336
16.0,518,56477316,32.375
26.0,569,56477885,21.884615384615383
30.0,860,56478745,28.666666666666668
37.0,1110,56479855,30.0
38.0,1199,56481054,31.55263157894737
22.0,628,56481682,28.545454545454547
16.0,450,56482132,28.125
7.0,310,56482442,44.285714285714285
39.0,1162,56483604,29.794871794871796
33.0,966,56484570,29.272727272727273
28.0,792,56485362,28.285714285714285
22.0,660,56486022,30.0
29.0,958,56486980,33.03448275862069
27.0,652,56487632,24.14814814814815
20.0,575,56488207,28.75
25.0,653,56488860,26.12
15.0,454,56489314,30.266666666666666
25.0,548,56489862,21.92
22.0,547,56490409,24.863636363636363
22.0,607,56491016,27.59090909090909
28.0,575,56491591,20.535714285714285
19.0,558,56492149,29.36842105263158
21.0,588,56492737,28.0
1.0,20,56492757,20.0
18.0,479,56493236,26.61111111111111
31.0,849,56494085,27.387096774193548
36.0,1022,56495107,28.38888888888889
20.0,716,56495823,35.8
23.0,629,56496452,27.347826086956523
40.0,1123,56497575,28.075
22.0,580,56498155,26.363636363636363
20.0,593,56498748,29.65
25.0,759,56499507,30.36
35.0,1008,56500515,28.8
26.0,741,56501256,28.5
30.0,636,56501892,21.2
23.0,660,56502552,28.695652173913043
14.0,280,56502832,20.0
18.0,461,56503293,25.61111111111111
31.0,1030,56504323,33.225806451612904
42.0,1396,56505719,33.23809523809524
19.0,393,56506112,20.68421052631579
37.0,1241,56507353,33.54054054054054
39.0,1140,56508493,29.23076923076923
15.0,369,56508862,24.6
28.0,706,56509568,25.214285714285715
26.0,701,56510269,26.96153846153846
31.0,1020,56511289,32.903225806451616
28.0,826,56512115,29.5
14.0,284,56512399,20.285714285714285
12.0,227,56512626,18.916666666666668
38.0,902,56513528,23.736842105263158
20.0,544,56514072,27.2
28.0,920,56514992,32.857142857142854
36.0,1000,56515992,27.77777777777778
9.0,216,56516208,24.0
35.0,1206,56517414,34.457142857142856
49.0,1568,56518982,32.0
14.0,347,56519329,24.785714285714285
20.0,473,56519802,23.65
28.0,724,56520526,25.857142857142858
31.0,707,56521233,22.806451612903224
22.0,511,56521744,23.227272727272727
25.0,694,56522438,27.76
28.0,837,56523275,29.892857142857142
24.0,761,56524036,31.708333333333332
26.0,803,56524839,30.884615384615383
39.0,1189,56526028,30.487179487179485
27.0,706,56526734,26.14814814814815
52.0,1731,56528465,33.28846153846154
22.0,537,56529002,24.40909090909091
27.0,717,56529719,26.555555555555557
20.0,565,56530284,28.25
30.0,852,56531136,28.4
26.0,719,56531855,27.653846153846153
28.0,829,56532684,29.607142857142858
27.0,953,56533637,35.2962962962963
31.0,1137,56534774,36.67741935483871
19.0,649,56535423,34.1578947368421
9.0,110,56535533,12.222222222222221
25.0,675,56536208,27.0
18.0,474,56536682,26.333333333333332
15.0,429,56537111,28.6
22.0,546,56537657,24.818181818181817
37.0,923,56538580,24.945945945945947
16.0,330,56538910,20.625
31.0,689,56539599,22.225806451612904
30.0,865,56540464,28.833333333333332
30.0,810,56541274,27.0
24.0,604,56541878,25.166666666666668
24.0,708,56542586,29.5
28.0,627,56543213,22.392857142857142
19.0,506,56543719,26.63157894736842
26.0,689,56544408,26.5
29.0,852,56545260,29.379310344827587
30.0,675,56545935,22.5
20.0,675,56546610,33.75
34.0,818,56547428,24.058823529411764
32.0,812,56548240,25.375
33.0,1130,56549370,34.24242424242424
24.0,777,56550147,32.375
20.0,550,56550697,27.5
32.0,944,56551641,29.5
21.0,518,56552159,24.666666666666668
49.0,1577,56553736,32.183673469387756
26.0,658,56554394,25.307692307692307
19.0,499,56554893,26.263157894736842
23.0,594,56555487,25.82608695652174
16.0,391,56555878,24.4375
31.0,723,56556601,23.322580645161292
31.0,927,56557528,29.903225806451612
23.0,577,56558105,25.08695652173913
26.0,881,56558986,33.88461538461539
32.0,1152,56560138,36.0
26.0,633,56560771,24.346153846153847
32.0,797,56561568,24.90625
19.0,519,56562087,27.31578947368421
21.0,493,56562580,23.476190476190474
29.0,785,56563365,27.06896551724138
23.0,649,56564014,28.217391304347824
26.0,727,56564741,27.96153846153846
33.0,1063,56565804,32.21212121212121
29.0,859,56566663,29.620689655172413
21.0,694,56567357,33.04761904761905
34.0,886,56568243,26.058823529411764
35.0,1058,56569301,30.228571428571428
26.0,624,56569925,24.0
17.0,595,56570520,35.0
12.0,422,56570942,35.166666666666664
36.0,1153,56572095,32.02777777777778
36.0,869,56572964,24.13888888888889
27.0,823,56573787,30.48148148148148
30.0,990,56574777,33.0
30.0,745,56575522,24.833333333333332
37.0,1071,56576593,28.945945945945947
24.0,740,56577333,30.833333333333332
17.0,446,56577779,26.235294117647058
16.0,467,56578246,29.1875
11.0,250,56578496,22.727272727272727
14.0,300,56578796,21.428571428571427
17.0,427,56579223,25.11764705882353
40.0,1412,56580635,35.3
14.0,440,56581075,31.428571428571427
40.0,1126,56582201,28.15
42.0,1032,56583233,24.571428571428573
23.0,711,56583944,30.91304347826087
16.0,499,56584443,31.1875
27.0,913,56585356,33.81481481481482
25.0,618,56585974,24.72
35.0,1093,56587067,31.228571428571428
29.0,961,56588028,33.13793103448276
11.0,219,56588247,19.90909090909091
22.0,718,56588965,32.63636363636363
25.0,799,56589764,31.96
25.0,724,56590488,28.96
28.0,863,56591351,30.821428571428573
22.0,624,56591975,28.363636363636363
20.0,1143,56593118,57.15
34.0,845,56593963,24.852941176470587
35.0,913,56594876,26.085714285714285
24.0,662,56595538,27.583333333333332
34.0,1096,56596634,32.23529411764706
21.0,510,56597144,24.285714285714285
31.0,851,56597995,27.451612903225808
20.0,492,56598487,24.6
34.0,1016,56599503,29.88235294117647
37.0,983,56600486,26.56756756756757
23.0,681,56601167,29.608695652173914
38.0,1059,56602226,27.86842105263158
25.0,725,56602951,29.0
30.0,946,56603897,31.533333333333335
19.0,444,56604341,23.36842105263158
34.0,783,56605124,23.029411764705884
18.0,353,56605477,19.61111111111111
13.0,355,56605832,27.307692307692307
41.0,1382,56607214,33.707317073170735
34.0,871,56608085,25.61764705882353
40.0,1048,56609133,26.2
12.0,164,56609297,13.666666666666666
24.0,781,56610078,32.541666666666664
19.0,551,56610629,29.0
34.0,1006,56611635,29.58823529411765
12.0,310,56611945,25.833333333333332
16.0,942,56612887,58.875
32.0,887,56613774,27.71875
27.0,802,56614576,29.703703703703702
20.0,526,56615102,26.3
44.0,1345,56616447,30.568181818181817
20.0,437,56616884,21.85
37.0,1092,56617976,29.513513513513512
25.0,539,56618515,21.56
35.0,1199,56619714,34.25714285714286
42.0,1377,56621091,32.785714285714285
34.0,1238,56622329,36.411764705882355
29.0,976,56623305,33.6551724137931
26.0,1036,56624341,39.84615384615385
27.0,736,56625077,27.25925925925926
39.0,1038,56626115,26.615384615384617
27.0,715,56626830,26.48148148148148
24.0,742,56627572,30.916666666666668
29.0,741,56628313,25.551724137931036
32.0,982,56629295,30.6875
31.0,736,56630031,23.741935483870968
54.0,1621,56631652,30.01851851851852
28.0,750,56632402,26.785714285714285
39.0,1098,56633500,28.153846153846153
28.0,835,56634335,29.821428571428573
35.0,915,56635250,26.142857142857142
24.0,589,56635839,24.541666666666668
30.0,826,56636665,27.533333333333335
37.0,1202,56637867,32.486486486486484
13.0,222,56638089,17.076923076923077
26.0,708,56638797,27.23076923076923
18.0,504,56639301,28.0
33.0,1061,56640362,32.15151515151515
14.0,304,56640666,21.714285714285715
32.0,995,56641661,31.09375
33.0,802,56642463,24.303030303030305
45.0,1491,56643954,33.13333333333333
27.0,796,56644750,29.48148148148148
34.0,949,56645699,27.91176470588235
35.0,1341,56647040,38.31428571428572
30.0,872,56647912,29.066666666666666
44.0,1346,56649258,30.59090909090909
11.0,214,56649472,19.454545454545453
44.0,1404,56650876,31.90909090909091
30.0,938,56651814,31.266666666666666
34.0,1196,56653010,35.1764705882353
32.0,979,56653989,30.59375
27.0,686,56654675,25.40740740740741
7.0,653,56655328,93.28571428571429
29.0,915,56656243,31.551724137931036
27.0,689,56656932,25.51851851851852
27.0,765,56657697,28.333333333333332
44.0,1286,56658983,29.227272727272727
41.0,1106,56660089,26.975609756097562
26.0,654,56660743,25.153846153846153
14.0,358,56661101,25.571428571428573
32.0,756,56661857,23.625
36.0,1010,56662867,28.055555555555557
34.0,990,56663857,29.11764705882353
29.0,675,56664532,23.275862068965516
27.0,785,56665317,29.074074074074073
16.0,375,56665692,23.4375
12.0,350,56666042,29.166666666666668
19.0,622,56666664,32.73684210526316
38.0,1015,56667679,26.710526315789473
24.0,573,56668252,23.875
31.0,1041,56669293,33.58064516129032
34.0,829,56670122,24.38235294117647
34.0,898,56671020,26.41176470588235
36.0,1155,56672175,32.083333333333336
28.0,949,56673124,33.892857142857146
38.0,1101,56674225,28.973684210526315
22.0,457,56674682,20.772727272727273
30.0,934,56675616,31.133333333333333
29.0,998,56676614,34.41379310344828
11.0,218,56676832,19.818181818181817
17.0,405,56677237,23.823529411764707
20.0,479,56677716,23.95
13.0,498,56678214,38.30769230769231
26.0,809,56679023,31.115384615384617
6.0,93,56679116,15.5
25.0,822,56679938,32.88
25.0,512,56680450,20.48
37.0,1237,56681687,33.432432432432435
22.0,674,56682361,30.636363636363637
8.0,228,56682589,28.5
31.0,908,56683497,29.29032258064516
31.0,901,56684398,29.06451612903226
25.0,642,56685040,25.68
39.0,1065,56686105,27.307692307692307
29.0,744,56686849,25.655172413793103
25.0,587,56687436,23.48
28.0,759,56688195,27.107142857142858
8.0,213,56688408,26.625
37.0,1122,56689530,30.324324324324323
42.0,1237,56690767,29.452380952380953
35.0,1058,56691825,30.228571428571428
24.0,709,56692534,29.541666666666668
30.0,1097,56693631,36.56666666666667
30.0,702,56694333,23.4
35.0,944,56695277,26.97142857142857
31.0,829,56696106,26.741935483870968
29.0,829,56696935,28.586206896551722
37.0,1262,56698197,34.108108108108105
5.0,156,56698353,31.2
39.0,1029,56699382,26.384615384615383
25.0,666,56700048,26.64
25.0,524,56700572,20.96
31.0,869,56701441,28.032258064516128
18.0,507,56701948,28.166666666666668
33.0,1060,56703008,32.121212121212125
33.0,827,56703835,25.060606060606062
34.0,870,56704705,25.58823529411765
36.0,893,56705598,24.805555555555557
28.0,940,56706538,33.57142857142857
21.0,623,56707161,29.666666666666668
27.0,895,56708056,33.148148148148145
28.0,699,56708755,24.964285714285715
11.0,247,56709002,22.454545454545453
7.0,208,56709210,29.714285714285715
28.0,833,56710043,29.75
24.0,628,56710671,26.166666666666668
20.0,768,56711439,38.4
30.0,810,56712249,27.0
19.0,522,56712771,27.473684210526315
29.0,866,56713637,29.862068965517242
36.0,1078,56714715,29.944444444444443
18.0,464,56715179,25.77777777777778
30.0,840,56716019,28.0
16.0,425,56716444,26.5625
25.0,713,56717157,28.52
21.0,422,56717579,20.095238095238095
24.0,529,56718108,22.041666666666668
34.0,1014,56719122,29.823529411764707
25.0,700,56719822,28.0
23.0,713,56720535,31.0
27.0,803,56721338,29.74074074074074
30.0,820,56722158,27.333333333333332
17.0,606,56722764,35.64705882352941
24.0,673,56723437,28.041666666666668
30.0,870,56724307,29.0
27.0,816,56725123,30.22222222222222
34.0,989,56726112,29.08823529411765
34.0,826,56726938,24.294117647058822
26.0,799,56727737,30.73076923076923
45.0,1195,56728932,26.555555555555557
28.0,894,56729826,31.928571428571427
13.0,436,56730262,33.53846153846154
32.0,1084,56731346,33.875
19.0,583,56731929,30.68421052631579
18.0,562,56732491,31.22222222222222
27.0,706,56733197,26.14814814814815
42.0,1415,56734612,33.69047619047619
5.0,56,56734668,11.2
22.0,532,56735200,24.181818181818183
27.0,837,56736037,31.0
36.0,949,56736986,26.36111111111111
29.0,818,56737804,28.20689655172414
28.0,683,56738487,24.392857142857142
31.0,756,56739243,24.387096774193548
12.0,225,56739468,18.75
17.0,940,56740408,55.294117647058826
20.0,624,56741032,31.2
34.0,1187,56742219,34.911764705882355
30.0,918,56743137,30.6
27.0,676,56743813,25.037037037037038
2.0,24,56743837,12.0
18.0,433,56744270,24.055555555555557
33.0,887,56745157,26.87878787878788
33.0,963,56746120,29.181818181818183
34.0,1092,56747212,32.11764705882353
33.0,824,56748036,24.96969696969697
27.0,715,56748751,26.48148148148148
17.0,230,56748981,13.529411764705882
31.0,998,56749979,32.193548387096776
25.0,1208,56751187,48.32
20.0,423,56751610,21.15
29.0,836,56752446,28.82758620689655
38.0,1061,56753507,27.92105263157895
35.0,1042,56754549,29.771428571428572
23.0,610,56755159,26.52173913043478
28.0,794,56755953,28.357142857142858
17.0,478,56756431,28.11764705882353
17.0,425,56756856,25.0
42.0,1275,56758131,30.357142857142858
2.0,559,56758690,279.5
29.0,793,56759483,27.344827586206897
34.0,801,56760284,23.558823529411764
27.0,908,56761192,33.629629629629626
17.0,449,56761641,26.41176470588235
40.0,1432,56763073,35.8
17.0,447,56763520,26.294117647058822
27.0,856,56764376,31.703703703703702
17.0,497,56764873,29.235294117647058
35.0,822,56765695,23.485714285714284
28.0,821,56766516,29.321428571428573
33.0,968,56767484,29.333333333333332
30.0,630,56768114,21.0
26.0,665,56768779,25.576923076923077
25.0,697,56769476,27.88
21.0,589,56770065,28.047619047619047
8.0,200,56770265,25.0
25.0,735,56771000,29.4
39.0,1390,56772390,35.64102564102564
32.0,899,56773289,28.09375
29.0,984,56774273,33.93103448275862
8.0,202,56774475,25.25
2.0,23,56774498,11.5
32.0,805,56775303,25.15625
21.0,568,56775871,27.047619047619047
37.0,1095,56776966,29.594594594594593
20.0,557,56777523,27.85
1.0,21,56777544,21.0
39.0,1065,56778609,27.307692307692307
25.0,723,56779332,28.92
6.0,127,56779459,21.166666666666668
9.0,209,56779668,23.22222222222222
28.0,716,56780384,25.571428571428573
22.0,544,56780928,24.727272727272727
9.0,173,56781101,19.22222222222222
44.0,1340,56782441,30.454545454545453
33.0,903,56783344,27.363636363636363
16.0,374,56783718,23.375
16.0,377,56784095,23.5625
13.0,351,56784446,27.0
44.0,1350,56785796,30.681818181818183
23.0,684,56786480,29.73913043478261
30.0,1002,56787482,33.4
40.0,1448,56788930,36.2
40.0,1225,56790155,30.625
7.0,187,56790342,26.714285714285715
44.0,1242,56791584,28.227272727272727
33.0,1090,56792674,33.03030303030303
20.0,715,56793389,35.75
24.0,587,56793976,24.458333333333332
47.0,1112,56795088,23.659574468085108
34.0,929,56796017,27.323529411764707
23.0,624,56796641,27.130434782608695
32.0,985,56797626,30.78125
42.0,1243,56798869,29.595238095238095
25.0,778,56799647,31.12
31.0,1036,56800683,33.41935483870968
15.0,475,56801158,31.666666666666668
40.0,1237,56802395,30.925
49.0,1562,56803957,31.877551020408163
26.0,716,56804673,27.53846153846154
11.0,330,56805003,30.0
18.0,470,56805473,26.11111111111111
10.0,230,56805703,23.0
30.0,1040,56806743,34.666666666666664
29.0,729,56807472,25.137931034482758
13.0,218,56807690,16.76923076923077
30.0,937,56808627,31.233333333333334
27.0,853,56809480,31.59259259259259
23.0,828,56810308,36.0
13.0,382,56810690,29.384615384615383
17.0,493,56811183,29.0
20.0,538,56811721,26.9
27.0,690,56812411,25.555555555555557
16.0,401,56812812,25.0625
29.0,805,56813617,27.75862068965517
22.0,492,56814109,22.363636363636363
35.0,1025,56815134,29.285714285714285
36.0,993,56816127,27.583333333333332
35.0,1173,56817300,33.51428571428571
32.0,1038,56818338,32.4375
13.0,292,56818630,22.46153846153846
32.0,922,56819552,28.8125
7.0,684,56820236,97.71428571428571
34.0,902,56821138,26.529411764705884
26.0,891,56822029,34.26923076923077
34.0,1091,56823120,32.088235294117645
23.0,685,56823805,29.782608695652176
28.0,809,56824614,28.892857142857142
36.0,1151,56825765,31.97222222222222
34.0,989,56826754,29.08823529411765
34.0,1152,56827906,33.88235294117647
27.0,700,56828606,25.925925925925927
33.0,1184,56829790,35.878787878787875
38.0,1032,56830822,27.157894736842106
34.0,1278,56832100,37.588235294117645
35.0,1143,56833243,32.65714285714286
30.0,863,56834106,28.766666666666666
23.0,674,56834780,29.304347826086957
27.0,808,56835588,29.925925925925927
29.0,777,56836365,26.79310344827586
24.0,721,56837086,30.041666666666668
25.0,905,56837991,36.2
28.0,971,56838962,34.67857142857143
33.0,840,56839802,25.454545454545453
36.0,1095,56840897,30.416666666666668
19.0,528,56841425,27.789473684210527
22.0,555,56841980,25.227272727272727
33.0,803,56842783,24.333333333333332
28.0,854,56843637,30.5
30.0,846,56844483,28.2
40.0,976,56845459,24.4
35.0,1305,56846764,37.285714285714285
25.0,856,56847620,34.24
30.0,744,56848364,24.8
17.0,351,56848715,20.647058823529413
40.0,1198,56849913,29.95
14.0,426,56850339,30.428571428571427
27.0,799,56851138,29.59259259259259
24.0,557,56851695,23.208333333333332
38.0,1078,56852773,28.36842105263158
34.0,880,56853653,25.88235294117647
36.0,1008,56854661,28.0
25.0,755,56855416,30.2
35.0,1088,56856504,31.085714285714285
17.0,451,56856955,26.529411764705884
25.0,679,56857634,27.16
25.0,690,56858324,27.6
16.0,516,56858840,32.25
37.0,1000,56859840,27.027027027027028
25.0,737,56860577,29.48
30.0,726,56861303,24.2
39.0,1103,56862406,28.28205128205128
44.0,1273,56863679,28.931818181818183
25.0,679,56864358,27.16
26.0,631,56864989,24.26923076923077
24.0,834,56865823,34.75
40.0,1288,56867111,32.2
12.0,351,56867462,29.25
17.0,470,56867932,27.647058823529413
30.0,1010,56868942,33.666666666666664
17.0,454,56869396,26.705882352941178
22.0,582,56869978,26.454545454545453
18.0,485,56870463,26.944444444444443
22.0,617,56871080,28.045454545454547
21.0,431,56871511,20.523809523809526
15.0,488,56871999,32.53333333333333
14.0,241,56872240,17.214285714285715
11.0,325,56872565,29.545454545454547
26.0,663,56873228,25.5
37.0,983,56874211,26.56756756756757
2.0,479,56874690,239.5
28.0,879,56875569,31.392857142857142
32.0,919,56876488,28.71875
22.0,379,56876867,17.227272727272727
35.0,985,56877852,28.142857142857142
28.0,786,56878638,28.071428571428573
23.0,778,56879416,33.82608695652174
30.0,937,56880353,31.233333333333334
28.0,760,56881113,27.142857142857142
6.0,620,56881733,103.33333333333333
28.0,776,56882509,27.714285714285715
27.0,868,56883377,32.148148148148145
13.0,312,56883689,24.0
24.0,534,56884223,22.25
38.0,1074,56885297,28.263157894736842
35.0,1059,56886356,30.257142857142856
26.0,775,56887131,29.807692307692307
38.0,1212,56888343,31.894736842105264
15.0,441,56888784,29.4
39.0,1067,56889851,27.358974358974358
32.0,948,56890799,29.625
16.0,732,56891531,45.75
31.0,821,56892352,26.483870967741936
28.0,842,56893194,30.071428571428573
40.0,1109,56894303,27.725
30.0,957,56895260,31.9
21.0,581,56895841,27.666666666666668
19.0,482,56896323,25.36842105263158
38.0,1276,56897599,33.578947368421055
27.0,923,56898522,34.18518518518518
11.0,205,56898727,18.636363636363637
21.0,517,56899244,24.61904761904762
28.0,849,56900093,30.321428571428573
19.0,1011,56901104,53.21052631578947
27.0,832,56901936,30.814814814814813
27.0,648,56902584,24.0
30.0,859,56903443,28.633333333333333
29.0,802,56904245,27.655172413793103
13.0,376,56904621,28.923076923076923
19.0,497,56905118,26.157894736842106
38.0,999,56906117,26.289473684210527
37.0,1086,56907203,29.35135135135135
26.0,519,56907722,19.96153846153846
15.0,280,56908002,18.666666666666668
29.0,806,56908808,27.79310344827586
32.0,1082,56909890,33.8125
29.0,922,56910812,31.79310344827586
27.0,544,56911356,20.14814814814815
20.0,554,56911910,27.7
24.0,642,56912552,26.75
44.0,1258,56913810,28.59090909090909
26.0,823,56914633,31.653846153846153
30.0,844,56915477,28.133333333333333
21.0,516,56915993,24.571428571428573
14.0,399,56916392,28.5
14.0,434,56916826,31.0
35.0,900,56917726,25.714285714285715
30.0,920,56918646,30.666666666666668
34.0,1044,56919690,30.705882352941178
37.0,1313,56921003,35.486486486486484
13.0,325,56921328,25.0
22.0,583,56921911,26.5
19.0,446,56922357,23.473684210526315
8.0,602,56922959,75.25
36.0,1082,56924041,30.055555555555557
39.0,1181,56925222,30.28205128205128
18.0,480,56925702,26.666666666666668
31.0,986,56926688,31.806451612903224
24.0,773,56927461,32.208333333333336
35.0,1133,56928594,32.371428571428574
28.0,785,56929379,28.035714285714285
30.0,689,56930068,22.966666666666665
38.0,1192,56931260,31.36842105263158
13.0,436,56931696,33.53846153846154
31.0,865,56932561,27.903225806451612
23.0,654,56933215,28.434782608695652
33.0,791,56934006,23.96969696969697
15.0,371,56934377,24.733333333333334
28.0,787,56935164,28.107142857142858
43.0,1217,56936381,28.302325581395348
25.0,675,56937056,27.0
21.0,512,56937568,24.38095238095238
27.0,758,56938326,28.074074074074073
17.0,488,56938814,28.705882352941178
17.0,375,56939189,22.058823529411764
26.0,596,56939785,22.923076923076923
36.0,1188,56940973,33.0
33.0,1168,56942141,35.39393939393939
5.0,133,56942274,26.6
36.0,1095,56943369,30.416666666666668
38.0,1177,56944546,30.973684210526315
20.0,514,56945060,25.7
39.0,1235,56946295,31.666666666666668
34.0,1021,56947316,30.029411764705884
19.0,463,56947779,24.36842105263158
17.0,424,56948203,24.941176470588236
29.0,632,56948835,21.79310344827586
29.0,734,56949569,25.310344827586206
31.0,968,56950537,31.225806451612904
24.0,528,56951065,22.0
1.0,448,56951513,448.0
28.0,762,56952275,27.214285714285715
29.0,672,56952947,23.17241379310345
13.0,283,56953230,21.76923076923077
41.0,1302,56954532,31.75609756097561
38.0,1243,56955775,32.71052631578947
18.0,452,56956227,25.11111111111111
23.0,755,56956982,32.82608695652174
33.0,1029,56958011,31.181818181818183
6.0,158,56958169,26.333333333333332
28.0,696,56958865,24.857142857142858
26.0,816,56959681,31.384615384615383
22.0,501,56960182,22.772727272727273
16.0,509,56960691,31.8125
0.0,441,56961132,inf
27.0,712,56961844,26.37037037037037
39.0,1191,56963035,30.53846153846154
24.0,683,56963718,28.458333333333332
26.0,624,56964342,24.0
36.0,1004,56965346,27.88888888888889
28.0,797,56966143,28.464285714285715
30.0,873,56967016,29.1
30.0,719,56967735,23.966666666666665
26.0,797,56968532,30.653846153846153
22.0,611,56969143,27.772727272727273
25.0,598,56969741,23.92
28.0,651,56970392,23.25
36.0,1259,56971651,34.97222222222222
35.0,1090,56972741,31.142857142857142
14.0,408,56973149,29.142857142857142
2.0,25,56973174,12.5
28.0,793,56973967,28.321428571428573
39.0,983,56974950,25.205128205128204
20.0,662,56975612,33.1
35.0,893,56976505,25.514285714285716
40.0,1007,56977512,25.175
37.0,957,56978469,25.864864864864863
31.0,1046,56979515,33.74193548387097
38.0,1222,56980737,32.1578947368421
20.0,512,56981249,25.6
16.0,352,56981601,22.0
36.0,1239,56982840,34.416666666666664
31.0,1065,56983905,34.354838709677416
6.0,190,56984095,31.666666666666668
31.0,781,56984876,25.193548387096776
29.0,789,56985665,27.20689655172414
18.0,507,56986172,28.166666666666668
21.0,495,56986667,23.571428571428573
6.0,716,56987383,119.33333333333333
28.0,709,56988092,25.321428571428573
32.0,878,56988970,27.4375
26.0,722,56989692,27.76923076923077
27.0,744,56990436,27.555555555555557
23.0,812,56991248,35.30434782608695
30.0,908,56992156,30.266666666666666
29.0,927,56993083,31.96551724137931
14.0,352,56993435,25.142857142857142
22.0,697,56994132,31.681818181818183
10.0,291,56994423,29.1
15.0,378,56994801,25.2
38.0,1063,56995864,27.973684210526315
40.0,1153,56997017,28.825
21.0,617,56997634,29.38095238095238
34.0,1008,56998642,29.647058823529413
36.0,1293,56999935,35.916666666666664
25.0,622,57000557,24.88
23.0,659,57001216,28.652173913043477
34.0,937,57002153,27.558823529411764
34.0,1027,57003180,30.205882352941178
35.0,981,57004161,28.02857142857143
38.0,945,57005106,24.86842105263158
14.0,280,57005386,20.0
6.0,112,57005498,18.666666666666668
12.0,253,57005751,21.083333333333332
18.0,359,57006110,19.944444444444443
57.0,1812,57007922,31.789473684210527
33.0,1140,57009062,34.54545454545455
17.0,423,57009485,24.88235294117647
45.0,1544,57011029,34.31111111111111
11.0,224,57011253,20.363636363636363
13.0,327,57011580,25.153846153846153
17.0,403,57011983,23.705882352941178
21.0,588,57012571,28.0
9.0,264,57012835,29.333333333333332
26.0,633,57013468,24.346153846153847
40.0,1231,57014699,30.775
32.0,912,57015611,28.5
9.0,189,57015800,21.0
12.0,275,57016075,22.916666666666668
31.0,1049,57017124,33.83870967741935
18.0,434,57017558,24.11111111111111
29.0,811,57018369,27.96551724137931
21.0,490,57018859,23.333333333333332
37.0,1166,57020025,31.513513513513512
27.0,724,57020749,26.814814814814813
31.0,844,57021593,27.225806451612904
30.0,874,57022467,29.133333333333333
36.0,1493,57023960,41.47222222222222
37.0,1075,57025035,29.054054054054053
34.0,986,57026021,29.0
31.0,925,57026946,29.838709677419356
41.0,1273,57028219,31.048780487804876
32.0,1017,57029236,31.78125
12.0,262,57029498,21.833333333333332
14.0,373,57029871,26.642857142857142
25.0,741,57030612,29.64
21.0,557,57031169,26.523809523809526
26.0,1199,57032368,46.11538461538461
30.0,694,57033062,23.133333333333333
38.0,1090,57034152,28.68421052631579
37.0,970,57035122,26.216216216216218
23.0,676,57035798,29.391304347826086
29.0,760,57036558,26.20689655172414
18.0,539,57037097,29.944444444444443
33.0,1059,57038156,32.09090909090909
30.0,737,57038893,24.566666666666666
38.0,1041,57039934,27.394736842105264
25.0,785,57040719,31.4
38.0,1074,57041793,28.263157894736842
17.0,326,57042119,19.176470588235293
35.0,1275,57043394,36.42857142857143
25.0,688,57044082,27.52
32.0,1057,57045139,33.03125
41.0,1187,57046326,28.951219512195124
31.0,816,57047142,26.322580645161292
35.0,1106,57048248,31.6
26.0,734,57048982,28.23076923076923
49.0,1488,57050470,30.367346938775512
21.0,495,57050965,23.571428571428573
21.0,586,57051551,27.904761904761905
25.0,847,57052398,33.88
18.0,353,57052751,19.61111111111111
15.0,331,57053082,22.066666666666666
36.0,1154,57054236,32.05555555555556
26.0,934,57055170,35.92307692307692
13.0,356,57055526,27.384615384615383
8.0,199,57055725,24.875
30.0,709,57056434,23.633333333333333
26.0,738,57057172,28.384615384615383
37.0,1063,57058235,28.72972972972973
21.0,635,57058870,30.238095238095237
31.0,870,57059740,28.06451612903226
32.0,950,57060690,29.6875
25.0,1219,57061909,48.76
25.0,753,57062662,30.12
34.0,1107,57063769,32.55882352941177
32.0,856,57064625,26.75
21.0,465,57065090,22.142857142857142
43.0,1256,57066346,29.209302325581394
33.0,1251,57067597,37.90909090909091
14.0,240,57067837,17.142857142857142
30.0,1042,57068879,34.733333333333334
13.0,366,57069245,28.153846153846153
25.0,634,57069879,25.36
24.0,781,57070660,32.541666666666664
26.0,713,57071373,27.423076923076923
29.0,899,57072272,31.0
38.0,1189,57073461,31.289473684210527
10.0,271,57073732,27.1
34.0,1241,57074973,36.5
32.0,921,57075894,28.78125
24.0,655,57076549,27.291666666666668
30.0,799,57077348,26.633333333333333
26.0,915,57078263,35.19230769230769
32.0,944,57079207,29.5
2.0,34,57079241,17.0
12.0,261,57079502,21.75
39.0,1082,57080584,27.743589743589745
29.0,1131,57081715,39.0
33.0,979,57082694,29.666666666666668
38.0,1393,57084087,36.6578947368421
46.0,1299,57085386,28.23913043478261
38.0,1050,57086436,27.63157894736842
20.0,532,57086968,26.6
13.0,804,57087772,61.84615384615385
11.0,287,57088059,26.09090909090909
24.0,658,57088717,27.416666666666668
19.0,448,57089165,23.57894736842105
21.0,544,57089709,25.904761904761905
21.0,581,57090290,27.666666666666668
27.0,718,57091008,26.59259259259259
14.0,394,57091402,28.142857142857142
22.0,641,57092043,29.136363636363637
20.0,697,57092740,34.85
18.0,443,57093183,24.61111111111111
29.0,822,57094005,28.344827586206897
17.0,1057,57095062,62.1764705882353
18.0,480,57095542,26.666666666666668
35.0,1020,57096562,29.142857142857142
31.0,876,57097438,28.258064516129032
12.0,278,57097716,23.166666666666668
27.0,739,57098455,27.37037037037037
23.0,773,57099228,33.608695652173914
32.0,798,57100026,24.9375
12.0,337,57100363,28.083333333333332
42.0,1250,57101613,29.761904761904763
24.0,850,57102463,35.416666666666664
30.0,881,57103344,29.366666666666667
33.0,823,57104167,24.939393939393938
24.0,783,57104950,32.625
24.0,607,57105557,25.291666666666668
24.0,705,57106262,29.375
34.0,945,57107207,27.794117647058822
31.0,1024,57108231,33.03225806451613
27.0,798,57109029,29.555555555555557
29.0,765,57109794,26.379310344827587
27.0,772,57110566,28.59259259259259
33.0,781,57111347,23.666666666666668
22.0,508,57111855,23.09090909090909
37.0,1133,57112988,30.62162162162162
25.0,958,57113946,38.32
43.0,1161,57115107,27.0
16.0,429,57115536,26.8125
21.0,555,57116091,26.428571428571427
5.0,61,57116152,12.2
15.0,392,57116544,26.133333333333333
28.0,708,57117252,25.285714285714285
37.0,1309,57118561,35.37837837837838
21.0,495,57119056,23.571428571428573
16.0,305,57119361,19.0625
31.0,877,57120238,28.29032258064516
38.0,1028,57121266,27.05263157894737
29.0,839,57122105,28.93103448275862
16.0,552,57122657,34.5
27.0,789,57123446,29.22222222222222
45.0,1222,57124668,27.155555555555555
41.0,1314,57125982,32.048780487804876
23.0,514,57126496,22.347826086956523
24.0,637,57127133,26.541666666666668
17.0,466,57127599,27.41176470588235
21.0,574,57128173,27.333333333333332
30.0,816,57128989,27.2
19.0,539,57129528,28.36842105263158
37.0,1178,57130706,31.83783783783784
20.0,453,57131159,22.65
7.0,136,57131295,19.428571428571427
29.0,827,57132122,28.517241379310345
22.0,724,57132846,32.90909090909091
32.0,991,57133837,30.96875
37.0,1185,57135022,32.027027027027025
30.0,800,57135822,26.666666666666668
21.0,747,57136569,35.57142857142857
15.0,432,57137001,28.8
33.0,936,57137937,28.363636363636363
31.0,1076,57139013,34.70967741935484
26.0,674,57139687,25.923076923076923
25.0,765,57140452,30.6
18.0,411,57140863,22.833333333333332
25.0,745,57141608,29.8
29.0,731,57142339,25.20689655172414
28.0,924,57143263,33.0
36.0,990,57144253,27.5
26.0,900,57145153,34.61538461538461
28.0,823,57145976,29.392857142857142
32.0,921,57146897,28.78125
19.0,499,57147396,26.263157894736842
22.0,488,57147884,22.181818181818183
34.0,961,57148845,28.264705882352942
34.0,1068,57149913,31.41176470588235
30.0,730,57150643,24.333333333333332
34.0,936,57151579,27.529411764705884
41.0,1128,57152707,27.51219512195122
39.0,1128,57153835,28.923076923076923
32.0,878,57154713,27.4375
24.0,646,57155359,26.916666666666668
31.0,977,57156336,31.516129032258064
27.0,684,57157020,25.333333333333332
23.0,681,57157701,29.608695652173914
35.0,961,57158662,27.457142857142856
37.0,1070,57159732,28.91891891891892
23.0,729,57160461,31.695652173913043
29.0,798,57161259,27.517241379310345
35.0,848,57162107,24.228571428571428
19.0,471,57162578,24.789473684210527
10.0,689,57163267,68.9
17.0,437,57163704,25.705882352941178
21.0,383,57164087,18.238095238095237
40.0,1148,57165235,28.7
23.0,600,57165835,26.08695652173913
29.0,923,57166758,31.82758620689655
21.0,613,57167371,29.19047619047619
24.0,788,57168159,32.833333333333336
16.0,385,57168544,24.0625
23.0,593,57169137,25.782608695652176
30.0,765,57169902,25.5
12.0,416,57170318,34.666666666666664
19.0,548,57170866,28.842105263157894
32.0,864,57171730,27.0
16.0,419,57172149,26.1875
22.0,565,57172714,25.681818181818183
13.0,393,57173107,30.23076923076923
21.0,602,57173709,28.666666666666668
29.0,1057,57174766,36.44827586206897
34.0,1057,57175823,31.08823529411765
10.0,275,57176098,27.5
16.0,508,57176606,31.75
20.0,578,57177184,28.9
22.0,773,57177957,35.13636363636363
34.0,805,57178762,23.676470588235293
21.0,575,57179337,27.38095238095238
34.0,882,57180219,25.941176470588236
23.0,495,57180714,21.52173913043478
32.0,1038,57181752,32.4375
27.0,757,57182509,28.037037037037038
15.0,454,57182963,30.266666666666666
33.0,1094,57184057,33.15151515151515
31.0,920,57184977,29.677419354838708
19.0,398,57185375,20.94736842105263
31.0,873,57186248,28.161290322580644
31.0,1065,57187313,34.354838709677416
5.0,115,57187428,23.0
33.0,1036,57188464,31.393939393939394
20.0,394,57188858,19.7
16.0,392,57189250,24.5
29.0,794,57190044,27.379310344827587
11.0,296,57190340,26.90909090909091
32.0,1052,57191392,32.875
31.0,806,57192198,26.0
30.0,864,57193062,28.8
13.0,670,57193732,51.53846153846154
29.0,702,57194434,24.20689655172414
26.0,745,57195179,28.653846153846153
22.0,609,57195788,27.681818181818183
26.0,777,57196565,29.884615384615383
21.0,538,57197103,25.61904761904762
40.0,1052,57198155,26.3
27.0,778,57198933,28.814814814814813
49.0,1366,57200299,27.877551020408163
37.0,900,57201199,24.324324324324323
25.0,543,57201742,21.72
30.0,775,57202517,25.833333333333332
28.0,762,57203279,27.214285714285715
29.0,876,57204155,30.20689655172414
27.0,598,57204753,22.14814814814815
40.0,1186,57205939,29.65
27.0,668,57206607,24.74074074074074
35.0,1071,57207678,30.6
32.0,958,57208636,29.9375
17.0,450,57209086,26.470588235294116
40.0,1321,57210407,33.025
19.0,500,57210907,26.31578947368421
27.0,647,57211554,23.962962962962962
26.0,706,57212260,27.153846153846153
17.0,392,57212652,23.058823529411764
26.0,631,57213283,24.26923076923077
32.0,821,57214104,25.65625
14.0,435,57214539,31.071428571428573
24.0,705,57215244,29.375
17.0,459,57215703,27.0
23.0,591,57216294,25.695652173913043
23.0,653,57216947,28.391304347826086
26.0,650,57217597,25.0
29.0,734,57218331,25.310344827586206
27.0,839,57219170,31.074074074074073
28.0,768,57219938,27.428571428571427
22.0,598,57220536,27.181818181818183
34.0,1066,57221602,31.352941176470587
24.0,663,57222265,27.625
43.0,1231,57223496,28.627906976744185
24.0,499,57223995,20.791666666666668
20.0,501,57224496,25.05
19.0,531,57225027,27.94736842105263
37.0,990,57226017,26.756756756756758
35.0,1172,57227189,33.48571428571429
18.0,503,57227692,27.944444444444443
34.0,968,57228660,28.470588235294116
29.0,1004,57229664,34.62068965517241
0.0,441,57230105,inf
29.0,767,57230872,26.448275862068964
21.0,1007,57231879,47.95238095238095
28.0,1404,57233283,50.142857142857146
23.0,684,57233967,29.73913043478261
31.0,1030,57234997,33.225806451612904
28.0,846,57235843,30.214285714285715
28.0,610,57236453,21.785714285714285
28.0,752,57237205,26.857142857142858
5.0,564,57237769,112.8
35.0,953,57238722,27.228571428571428
35.0,1108,57239830,31.65714285714286
34.0,981,57240811,28.852941176470587
30.0,946,57241757,31.533333333333335
46.0,1439,57243196,31.282608695652176
46.0,1422,57244618,30.91304347826087
20.0,490,57245108,24.5
36.0,766,57245874,21.27777777777778
48.0,1569,57247443,32.6875
26.0,750,57248193,28.846153846153847
31.0,840,57249033,27.096774193548388
3.0,515,57249548,171.66666666666666
36.0,1244,57250792,34.55555555555556
23.0,557,57251349,24.217391304347824
21.0,646,57251995,30.761904761904763
29.0,821,57252816,28.310344827586206
17.0,481,57253297,28.294117647058822
30.0,852,57254149,28.4
27.0,859,57255008,31.814814814814813
37.0,1037,57256045,28.027027027027028
25.0,506,57256551,20.24
41.0,1041,57257592,25.390243902439025
25.0,840,57258432,33.6
34.0,922,57259354,27.11764705882353
28.0,809,57260163,28.892857142857142
39.0,1055,57261218,27.05128205128205
19.0,431,57261649,22.68421052631579
20.0,507,57262156,25.35
15.0,313,57262469,20.866666666666667
29.0,845,57263314,29.137931034482758
37.0,1176,57264490,31.783783783783782
23.0,560,57265050,24.347826086956523
42.0,1354,57266404,32.23809523809524
30.0,1112,57267516,37.06666666666667
38.0,1108,57268624,29.157894736842106
25.0,685,57269309,27.4
18.0,507,57269816,28.166666666666668
24.0,987,57270803,41.125
26.0,798,57271601,30.692307692307693
28.0,671,57272272,23.964285714285715
36.0,1170,57273442,32.5
32.0,900,57274342,28.125
21.0,647,57274989,30.80952380952381
31.0,731,57275720,23.580645161290324
26.0,842,57276562,32.38461538461539
36.0,902,57277464,25.055555555555557
33.0,958,57278422,29.03030303030303
31.0,870,57279292,28.06451612903226
33.0,1072,57280364,32.484848484848484
45.0,1370,57281734,30.444444444444443
39.0,1162,57282896,29.794871794871796
1.0,19,57282915,19.0
28.0,751,57283666,26.821428571428573
29.0,655,57284321,22.586206896551722
28.0,976,57285297,34.857142857142854
50.0,1609,57286906,32.18
25.0,713,57287619,28.52
25.0,666,57288285,26.64
20.0,441,57288726,22.05
22.0,473,57289199,21.5
24.0,726,57289925,30.25
47.0,1699,57291624,36.148936170212764
22.0,600,57292224,27.272727272727273
52.0,1622,57293846,31.192307692307693
48.0,1517,57295363,31.604166666666668
31.0,738,57296101,23.806451612903224
27.0,606,57296707,22.444444444444443
2.0,24,57296731,12.0
14.0,316,57297047,22.571428571428573
34.0,863,57297910,25.38235294117647
26.0,879,57298789,33.80769230769231
18.0,482,57299271,26.77777777777778
36.0,887,57300158,24.63888888888889
34.0,1116,57301274,32.8235294117647
31.0,746,57302020,24.06451612903226
39.0,1036,57303056,26.564102564102566
35.0,887,57303943,25.34285714285714
25.0,814,57304757,32.56
37.0,1029,57305786,27.81081081081081
25.0,710,57306496,28.4
29.0,845,57307341,29.137931034482758
26.0,709,57308050,27.26923076923077
18.0,507,57308557,28.166666666666668
22.0,602,57309159,27.363636363636363
8.0,171,57309330,21.375
32.0,951,57310281,29.71875
21.0,576,57310857,27.428571428571427
37.0,1299,57312156,35.108108108108105
25.0,692,57312848,27.68
24.0,667,57313515,27.791666666666668
29.0,801,57314316,27.620689655172413
27.0,837,57315153,31.0
22.0,644,57315797,29.272727272727273
30.0,994,57316791,33.13333333333333
23.0,515,57317306,22.391304347826086
25.0,678,57317984,27.12
21.0,465,57318449,22.142857142857142
29.0,982,57319431,33.86206896551724
11.0,385,57319816,35.0
20.0,768,57320584,38.4
33.0,890,57321474,26.96969696969697
23.0,541,57322015,23.52173913043478
22.0,594,57322609,27.0
28.0,859,57323468,30.678571428571427
10.0,327,57323795,32.7
28.0,759,57324554,27.107142857142858
18.0,380,57324934,21.11111111111111
24.0,619,57325553,25.791666666666668
14.0,331,57325884,23.642857142857142
23.0,663,57326547,28.82608695652174
24.0,682,57327229,28.416666666666668
26.0,856,57328085,32.92307692307692
24.0,724,57328809,30.166666666666668
39.0,1245,57330054,31.923076923076923
36.0,1081,57331135,30.02777777777778
10.0,196,57331331,19.6
38.0,1036,57332367,27.263157894736842
30.0,934,57333301,31.133333333333333
26.0,593,57333894,22.807692307692307
19.0,519,57334413,27.31578947368421
36.0,1018,57335431,28.27777777777778
28.0,672,57336103,24.0
8.0,218,57336321,27.25
31.0,786,57337107,25.35483870967742
19.0,547,57337654,28.789473684210527
32.0,893,57338547,27.90625
19.0,439,57338986,23.105263157894736
28.0,701,57339687,25.035714285714285
44.0,1294,57340981,29.40909090909091
22.0,811,57341792,36.86363636363637
28.0,726,57342518,25.928571428571427
41.0,1230,57343748,30.0
24.0,731,57344479,30.458333333333332
18.0,519,57344998,28.833333333333332
33.0,912,57345910,27.636363636363637
28.0,714,57346624,25.5
18.0,512,57347136,28.444444444444443
12.0,288,57347424,24.0
26.0,754,57348178,29.0
40.0,1194,57349372,29.85
27.0,1048,57350420,38.81481481481482
26.0,624,57351044,24.0
29.0,833,57351877,28.724137931034484
36.0,1014,57352891,28.166666666666668
13.0,259,57353150,19.923076923076923
47.0,1402,57354552,29.829787234042552
28.0,722,57355274,25.785714285714285
23.0,550,57355824,23.91304347826087
46.0,1508,57357332,32.78260869565217
23.0,476,57357808,20.695652173913043
10.0,162,57357970,16.2
33.0,1046,57359016,31.696969696969695
25.0,568,57359584,22.72
26.0,766,57360350,29.46153846153846
20.0,366,57360716,18.3
23.0,684,57361400,29.73913043478261
11.0,256,57361656,23.272727272727273
26.0,611,57362267,23.5
33.0,1112,57363379,33.696969696969695
17.0,338,57363717,19.88235294117647
18.0,438,57364155,24.333333333333332
39.0,1118,57365273,28.666666666666668
1.0,490,57365763,490.0
35.0,814,57366577,23.257142857142856
14.0,503,57367080,35.92857142857143
28.0,893,57367973,31.892857142857142
20.0,517,57368490,25.85
8.0,199,57368689,24.875
28.0,684,57369373,24.428571428571427
20.0,441,57369814,22.05
12.0,283,57370097,23.583333333333332
28.0,786,57370883,28.071428571428573
29.0,867,57371750,29.896551724137932
29.0,769,57372519,26.517241379310345
22.0,498,57373017,22.636363636363637
20.0,434,57373451,21.7
25.0,744,57374195,29.76
16.0,510,57374705,31.875
17.0,388,57375093,22.823529411764707
30.0,824,57375917,27.466666666666665
26.0,869,57376786,33.42307692307692
26.0,637,57377423,24.5
35.0,971,57378394,27.742857142857144
23.0,685,57379079,29.782608695652176
36.0,1066,57380145,29.61111111111111
34.0,799,57380944,23.5
28.0,1004,57381948,35.857142857142854
34.0,842,57382790,24.764705882352942
35.0,974,57383764,27.82857142857143
39.0,955,57384719,24.487179487179485
32.0,959,57385678,29.96875
25.0,976,57386654,39.04
31.0,1031,57387685,33.25806451612903
52.0,1525,57389210,29.326923076923077
27.0,677,57389887,25.074074074074073
20.0,512,57390399,25.6
25.0,831,57391230,33.24
13.0,693,57391923,53.30769230769231
27.0,871,57392794,32.25925925925926
31.0,952,57393746,30.70967741935484
22.0,584,57394330,26.545454545454547
23.0,535,57394865,23.26086956521739
33.0,948,57395813,28.727272727272727
22.0,667,57396480,30.318181818181817
28.0,768,57397248,27.428571428571427
27.0,568,57397816,21.037037037037038
28.0,822,57398638,29.357142857142858
22.0,558,57399196,25.363636363636363
36.0,1135,57400331,31.52777777777778
25.0,705,57401036,28.2
16.0,402,57401438,25.125
35.0,1058,57402496,30.228571428571428
31.0,877,57403373,28.29032258064516
23.0,607,57403980,26.391304347826086
19.0,503,57404483,26.473684210526315
27.0,813,57405296,30.11111111111111
36.0,1080,57406376,30.0
24.0,508,57406884,21.166666666666668
30.0,935,57407819,31.166666666666668
40.0,1321,57409140,33.025
28.0,757,57409897,27.035714285714285
13.0,288,57410185,22.153846153846153
27.0,731,57410916,27.074074074074073
41.0,988,57411904,24.097560975609756
21.0,496,57412400,23.61904761904762
23.0,576,57412976,25.043478260869566
12.0,278,57413254,23.166666666666668
27.0,647,57413901,23.962962962962962
34.0,1191,57415092,35.029411764705884
37.0,1126,57416218,30.43243243243243
29.0,824,57417042,28.413793103448278
24.0,609,57417651,25.375
24.0,657,57418308,27.375
13.0,299,57418607,23.0
30.0,920,57419527,30.666666666666668
15.0,493,57420020,32.86666666666667
28.0,706,57420726,25.214285714285715
23.0,617,57421343,26.82608695652174
43.0,1260,57422603,29.302325581395348
13.0,267,57422870,20.53846153846154
37.0,1029,57423899,27.81081081081081
34.0,883,57424782,25.970588235294116
34.0,1083,57425865,31.852941176470587
24.0,678,57426543,28.25
22.0,712,57427255,32.36363636363637
31.0,897,57428152,28.93548387096774
37.0,1131,57429283,30.56756756756757
5.0,566,57429849,113.2
38.0,1146,57430995,30.157894736842106
33.0,965,57431960,29.242424242424242
23.0,573,57432533,24.91304347826087
7.0,203,57432736,29.0
21.0,452,57433188,21.523809523809526
17.0,483,57433671,28.41176470588235
25.0,656,57434327,26.24
24.0,684,57435011,28.5
22.0,739,57435750,33.59090909090909
21.0,619,57436369,29.476190476190474
27.0,814,57437183,30.14814814814815
19.0,471,57437654,24.789473684210527
14.0,222,57437876,15.857142857142858
28.0,741,57438617,26.464285714285715
32.0,1135,57439752,35.46875
36.0,1096,57440848,30.444444444444443
28.0,824,57441672,29.428571428571427
24.0,757,57442429,31.541666666666668
37.0,1155,57443584,31.216216216216218
30.0,719,57444303,23.966666666666665
26.0,775,57445078,29.807692307692307
39.0,971,57446049,24.897435897435898
34.0,1060,57447109,31.176470588235293
1.0,483,57447592,483.0
29.0,678,57448270,23.379310344827587
9.0,155,57448425,17.22222222222222
28.0,655,57449080,23.392857142857142
33.0,848,57449928,25.696969696969695
39.0,1181,57451109,30.28205128205128
37.0,935,57452044,25.27027027027027
32.0,973,57453017,30.40625
26.0,688,57453705,26.46153846153846
27.0,655,57454360,24.25925925925926
34.0,899,57455259,26.441176470588236
34.0,1158,57456417,34.05882352941177
32.0,911,57457328,28.46875
16.0,408,57457736,25.5
41.0,1081,57458817,26.365853658536587
34.0,981,57459798,28.852941176470587
26.0,1150,57460948,44.23076923076923
21.0,553,57461501,26.333333333333332
28.0,683,57462184,24.392857142857142
36.0,1335,57463519,37.083333333333336
26.0,797,57464316,30.653846153846153
20.0,503,57464819,25.15
35.0,873,57465692,24.942857142857143
29.0,894,57466586,30.82758620689655
21.0,636,57467222,30.285714285714285
23.0,554,57467776,24.08695652173913
30.0,1021,57468797,34.03333333333333
25.0,709,57469506,28.36
11.0,312,57469818,28.363636363636363
36.0,983,57470801,27.305555555555557
26.0,754,57471555,29.0
7.0,125,57471680,17.857142857142858
28.0,567,57472247,20.25
19.0,476,57472723,25.05263157894737
36.0,1042,57473765,28.944444444444443
32.0,905,57474670,28.28125
30.0,713,57475383,23.766666666666666
29.0,713,57476096,24.586206896551722
22.0,592,57476688,26.90909090909091
25.0,727,57477415,29.08
25.0,640,57478055,25.6
48.0,1406,57479461,29.291666666666668
30.0,914,57480375,30.466666666666665
36.0,1160,57481535,32.22222222222222
22.0,596,57482131,27.09090909090909
20.0,476,57482607,23.8
17.0,329,57482936,19.352941176470587
32.0,909,57483845,28.40625
29.0,809,57484654,27.896551724137932
24.0,752,57485406,31.333333333333332
42.0,1185,57486591,28.214285714285715
20.0,549,57487140,27.45
14.0,230,57487370,16.428571428571427
19.0,465,57487835,24.473684210526315
34.0,989,57488824,29.08823529411765
18.0,454,57489278,25.22222222222222
8.0,633,57489911,79.125
27.0,803,57490714,29.74074074074074
33.0,1158,57491872,35.09090909090909
31.0,926,57492798,29.870967741935484
33.0,879,57493677,26.636363636363637
27.0,871,57494548,32.25925925925926
30.0,962,57495510,32.06666666666667
30.0,925,57496435,30.833333333333332
22.0,840,57497275,38.18181818181818
25.0,660,57497935,26.4
22.0,553,57498488,25.136363636363637
8.0,655,57499143,81.875
38.0,1006,57500149,26.473684210526315
31.0,749,57500898,24.161290322580644
14.0,832,57501730,59.42857142857143
29.0,594,57502324,20.482758620689655
35.0,980,57503304,28.0
22.0,757,57504061,34.40909090909091
10.0,241,57504302,24.1
26.0,701,57505003,26.96153846153846
47.0,1304,57506307,27.74468085106383
17.0,972,57507279,57.1764705882353
29.0,879,57508158,30.310344827586206
36.0,965,57509123,26.805555555555557
26.0,763,57509886,29.346153846153847
24.0,691,57510577,28.791666666666668
37.0,1038,57511615,28.054054054054053
36.0,1077,57512692,29.916666666666668
30.0,972,57513664,32.4
18.0,458,57514122,25.444444444444443
40.0,1027,57515149,25.675
39.0,1225,57516374,31.41025641025641
38.0,1567,57517941,41.23684210526316
21.0,671,57518612,31.952380952380953
25.0,643,57519255,25.72
30.0,1252,57520507,41.733333333333334
50.0,1510,57522017,30.2
6.0,638,57522655,106.33333333333333
32.0,910,57523565,28.4375
29.0,881,57524446,30.379310344827587
28.0,749,57525195,26.75
26.0,1117,57526312,42.96153846153846
28.0,779,57527091,27.821428571428573
36.0,983,57528074,27.305555555555557
29.0,849,57528923,29.275862068965516
13.0,176,57529099,13.538461538461538
36.0,1052,57530151,29.22222222222222
28.0,829,57530980,29.607142857142858
14.0,396,57531376,28.285714285714285
34.0,989,57532365,29.08823529411765
38.0,1169,57533534,30.763157894736842
40.0,1077,57534611,26.925
28.0,792,57535403,28.285714285714285
27.0,749,57536152,27.74074074074074
30.0,705,57536857,23.5
17.0,453,57537310,26.647058823529413
36.0,988,57538298,27.444444444444443
10.0,683,57538981,68.3
29.0,796,57539777,27.448275862068964
50.0,1639,57541416,32.78
29.0,910,57542326,31.379310344827587
33.0,789,57543115,23.90909090909091
9.0,217,57543332,24.11111111111111
30.0,815,57544147,27.166666666666668
24.0,570,57544717,23.75
29.0,921,57545638,31.75862068965517
32.0,1107,57546745,34.59375
16.0,456,57547201,28.5
37.0,1126,57548327,30.43243243243243
50.0,1598,57549925,31.96
46.0,1221,57551146,26.543478260869566
22.0,602,57551748,27.363636363636363
28.0,852,57552600,30.428571428571427
31.0,971,57553571,31.322580645161292
37.0,1201,57554772,32.45945945945946
24.0,611,57555383,25.458333333333332
16.0,394,57555777,24.625
18.0,561,57556338,31.166666666666668
41.0,1185,57557523,28.902439024390244
5.0,536,57558059,107.2
32.0,878,57558937,27.4375
30.0,964,57559901,32.13333333333333
26.0,760,57560661,29.23076923076923
30.0,858,57561519,28.6
16.0,384,57561903,24.0
14.0,340,57562243,24.285714285714285
24.0,710,57562953,29.583333333333332
34.0,1566,57564519,46.05882352941177
40.0,1146,57565665,28.65
27.0,862,57566527,31.925925925925927
12.0,278,57566805,23.166666666666668
38.0,1166,57567971,30.68421052631579
28.0,978,57568949,34.92857142857143
28.0,867,57569816,30.964285714285715
15.0,323,57570139,21.533333333333335
46.0,1224,57571363,26.608695652173914
36.0,950,57572313,26.38888888888889
40.0,1015,57573328,25.375
12.0,273,57573601,22.75
20.0,560,57574161,28.0
38.0,1105,57575266,29.07894736842105
25.0,761,57576027,30.44
25.0,586,57576613,23.44
21.0,456,57577069,21.714285714285715
35.0,1185,57578254,33.857142857142854
30.0,839,57579093,27.966666666666665
17.0,456,57579549,26.823529411764707
37.0,1367,57580916,36.945945945945944
9.0,248,57581164,27.555555555555557
18.0,557,57581721,30.944444444444443
32.0,869,57582590,27.15625
7.0,102,57582692,14.571428571428571
26.0,573,57583265,22.03846153846154
27.0,837,57584102,31.0
21.0,361,57584463,17.19047619047619
30.0,875,57585338,29.166666666666668
40.0,1036,57586374,25.9
30.0,1012,57587386,33.733333333333334
28.0,753,57588139,26.892857142857142
13.0,375,57588514,28.846153846153847
19.0,535,57589049,28.157894736842106
10.0,370,57589419,37.0
29.0,839,57590258,28.93103448275862
34.0,774,57591032,22.764705882352942
34.0,973,57592005,28.61764705882353
19.0,543,57592548,28.57894736842105
30.0,835,57593383,27.833333333333332
25.0,769,57594152,30.76
23.0,550,57594702,23.91304347826087
22.0,606,57595308,27.545454545454547
27.0,678,57595986,25.11111111111111
28.0,952,57596938,34.0
41.0,1191,57598129,29.048780487804876
42.0,1171,57599300,27.88095238095238
17.0,436,57599736,25.647058823529413
26.0,757,57600493,29.115384615384617
21.0,635,57601128,30.238095238095237
41.0,1455,57602583,35.48780487804878
22.0,571,57603154,25.954545454545453
25.0,702,57603856,28.08
23.0,781,57604637,33.95652173913044
33.0,834,57605471,25.272727272727273
17.0,409,57605880,24.058823529411764
40.0,935,57606815,23.375
43.0,1328,57608143,30.88372093023256
30.0,651,57608794,21.7
24.0,686,57609480,28.583333333333332
31.0,943,57610423,30.419354838709676
35.0,1091,57611514,31.17142857142857
36.0,886,57612400,24.61111111111111
23.0,578,57612978,25.130434782608695
31.0,1004,57613982,32.38709677419355
14.0,350,57614332,25.0
29.0,870,57615202,30.0
17.0,393,57615595,23.11764705882353
22.0,694,57616289,31.545454545454547
27.0,687,57616976,25.444444444444443
30.0,640,57617616,21.333333333333332
35.0,1141,57618757,32.6
16.0,435,57619192,27.1875
31.0,949,57620141,30.612903225806452
22.0,568,57620709,25.818181818181817
14.0,349,57621058,24.928571428571427
38.0,1105,57622163,29.07894736842105
22.0,582,57622745,26.454545454545453
23.0,546,57623291,23.73913043478261
26.0,843,57624134,32.42307692307692
24.0,579,57624713,24.125
26.0,632,57625345,24.307692307692307
24.0,765,57626110,31.875
37.0,1198,57627308,32.37837837837838
32.0,1180,57628488,36.875
43.0,1371,57629859,31.88372093023256
33.0,1013,57630872,30.696969696969695
38.0,1207,57632079,31.763157894736842
48.0,1364,57633443,28.416666666666668
24.0,638,57634081,26.583333333333332
33.0,997,57635078,30.21212121212121
31.0,870,57635948,28.06451612903226
25.0,594,57636542,23.76
16.0,495,57637037,30.9375
47.0,1361,57638398,28.95744680851064
27.0,835,57639233,30.925925925925927
18.0,517,57639750,28.72222222222222
32.0,1069,57640819,33.40625
46.0,1380,57642199,30.0
26.0,694,57642893,26.692307692307693
51.0,1185,57644078,23.235294117647058
39.0,1120,57645198,28.71794871794872
26.0,784,57645982,30.153846153846153
30.0,934,57646916,31.133333333333333
27.0,769,57647685,28.48148148148148
18.0,588,57648273,32.666666666666664
17.0,395,57648668,23.235294117647058
35.0,932,57649600,26.62857142857143
16.0,413,57650013,25.8125
35.0,1107,57651120,31.62857142857143
30.0,1458,57652578,48.6
31.0,1064,57653642,34.32258064516129
29.0,758,57654400,26.137931034482758
25.0,640,57655040,25.6
29.0,969,57656009,33.41379310344828
40.0,980,57656989,24.5
12.0,265,57657254,22.083333333333332
29.0,683,57657937,23.551724137931036
1.0,19,57657956,19.0
26.0,910,57658866,35.0
41.0,1244,57660110,30.341463414634145
44.0,1428,57661538,32.45454545454545
31.0,745,57662283,24.032258064516128
36.0,916,57663199,25.444444444444443
6.0,108,57663307,18.0
9.0,634,57663941,70.44444444444444
28.0,842,57664783,30.071428571428573
36.0,885,57665668,24.583333333333332
30.0,630,57666298,21.0
32.0,787,57667085,24.59375
43.0,1331,57668416,30.953488372093023
30.0,828,57669244,27.6
21.0,431,57669675,20.523809523809526
27.0,801,57670476,29.666666666666668
24.0,588,57671064,24.5
46.0,1296,57672360,28.17391304347826
31.0,796,57673156,25.677419354838708
17.0,476,57673632,28.0
32.0,1034,57674666,32.3125
23.0,630,57675296,27.391304347826086
21.0,685,57675981,32.61904761904762
23.0,662,57676643,28.782608695652176
45.0,1314,57677957,29.2
16.0,886,57678843,55.375
11.0,328,57679171,29.818181818181817
36.0,981,57680152,27.25
5.0,209,57680361,41.8
44.0,1395,57681756,31.704545454545453
53.0,1918,57683674,36.18867924528302
41.0,1178,57684852,28.73170731707317
23.0,617,57685469,26.82608695652174
18.0,639,57686108,35.5
34.0,893,57687001,26.264705882352942
20.0,560,57687561,28.0
31.0,1048,57688609,33.806451612903224
23.0,632,57689241,27.47826086956522
30.0,844,57690085,28.133333333333333
10.0,244,57690329,24.4
36.0,855,57691184,23.75
39.0,1144,57692328,29.333333333333332
19.0,627,57692955,33.0
26.0,683,57693638,26.26923076923077
43.0,1521,57695159,35.372093023255815
30.0,826,57695985,27.533333333333335
27.0,674,57696659,24.962962962962962
27.0,688,57697347,25.48148148148148
18.0,528,57697875,29.333333333333332
18.0,634,57698509,35.22222222222222
31.0,897,57699406,28.93548387096774
31.0,890,57700296,28.70967741935484
23.0,615,57700911,26.73913043478261
25.0,740,57701651,29.6
30.0,765,57702416,25.5
18.0,444,57702860,24.666666666666668
43.0,995,57703855,23.13953488372093
8.0,217,57704072,27.125
39.0,1043,57705115,26.743589743589745
35.0,1118,57706233,31.942857142857143
24.0,663,57706896,27.625
26.0,593,57707489,22.807692307692307
18.0,620,57708109,34.44444444444444
46.0,1252,57709361,27.217391304347824
23.0,536,57709897,23.304347826086957
19.0,465,57710362,24.473684210526315
19.0,496,57710858,26.105263157894736
29.0,835,57711693,28.79310344827586
37.0,898,57712591,24.27027027027027
28.0,771,57713362,27.535714285714285
27.0,911,57714273,33.74074074074074
48.0,1670,57715943,34.791666666666664
16.0,469,57716412,29.3125
42.0,1189,57717601,28.30952380952381
37.0,1071,57718672,28.945945945945947
24.0,743,57719415,30.958333333333332
33.0,940,57720355,28.484848484848484
30.0,870,57721225,29.0
27.0,724,57721949,26.814814814814813
13.0,276,57722225,21.23076923076923
13.0,339,57722564,26.076923076923077
36.0,1059,57723623,29.416666666666668
24.0,611,57724234,25.458333333333332
24.0,603,57724837,25.125
34.0,854,57725691,25.11764705882353
41.0,1254,57726945,30.585365853658537
30.0,805,57727750,26.833333333333332
23.0,593,57728343,25.782608695652176
22.0,538,57728881,24.454545454545453
34.0,1010,57729891,29.705882352941178
35.0,792,57730683,22.62857142857143
15.0,1059,57731742,70.6
27.0,609,57732351,22.555555555555557
27.0,721,57733072,26.703703703703702
31.0,882,57733954,28.451612903225808
14.0,337,57734291,24.071428571428573
28.0,639,57734930,22.821428571428573
12.0,300,57735230,25.0
26.0,783,57736013,30.115384615384617
6.0,190,57736203,31.666666666666668
26.0,472,57736675,18.153846153846153
24.0,1109,57737784,46.208333333333336
13.0,330,57738114,25.384615384615383
38.0,960,57739074,25.263157894736842
27.0,648,57739722,24.0
11.0,239,57739961,21.727272727272727
25.0,815,57740776,32.6
35.0,1048,57741824,29.942857142857143
34.0,1196,57743020,35.1764705882353
45.0,1391,57744411,30.91111111111111
28.0,732,57745143,26.142857142857142
20.0,574,57745717,28.7
34.0,1157,57746874,34.029411764705884
20.0,549,57747423,27.45
25.0,690,57748113,27.6
38.0,992,57749105,26.105263157894736
19.0,553,57749658,29.105263157894736
24.0,606,57750264,25.25
23.0,599,57750863,26.043478260869566
34.0,906,57751769,26.647058823529413
20.0,627,57752396,31.35
12.0,182,57752578,15.166666666666666
25.0,734,57753312,29.36
26.0,766,57754078,29.46153846153846
23.0,841,57754919,36.56521739130435
30.0,822,57755741,27.4
44.0,1160,57756901,26.363636363636363
14.0,372,57757273,26.571428571428573
29.0,770,57758043,26.551724137931036
11.0,351,57758394,31.90909090909091
22.0,632,57759026,28.727272727272727
33.0,934,57759960,28.303030303030305
32.0,814,57760774,25.4375
20.0,473,57761247,23.65
23.0,640,57761887,27.82608695652174
30.0,1047,57762934,34.9
31.0,863,57763797,27.838709677419356
32.0,779,57764576,24.34375
25.0,640,57765216,25.6
23.0,553,57765769,24.043478260869566
36.0,975,57766744,27.083333333333332
17.0,480,57767224,28.235294117647058
21.0,530,57767754,25.238095238095237
35.0,828,57768582,23.65714285714286
34.0,954,57769536,28.058823529411764
43.0,1375,57770911,31.976744186046513
11.0,186,57771097,16.90909090909091
40.0,1216,57772313,30.4
23.0,657,57772970,28.565217391304348
29.0,1089,57774059,37.55172413793103
46.0,1708,57775767,37.130434782608695
25.0,562,57776329,22.48
29.0,748,57777077,25.79310344827586
35.0,1045,57778122,29.857142857142858
26.0,602,57778724,23.153846153846153
23.0,759,57779483,33.0
38.0,1137,57780620,29.92105263157895
38.0,1286,57781906,33.8421052631579
31.0,820,57782726,26.451612903225808
16.0,509,57783235,31.8125
20.0,632,57783867,31.6
18.0,608,57784475,33.77777777777778
33.0,841,57785316,25.484848484848484
26.0,774,57786090,29.76923076923077
36.0,1218,57787308,33.833333333333336
24.0,546,57787854,22.75
32.0,939,57788793,29.34375
27.0,796,57789589,29.48148148148148
12.0,249,57789838,20.75
24.0,585,57790423,24.375
24.0,639,57791062,26.625
42.0,1093,57792155,26.023809523809526
29.0,871,57793026,30.03448275862069
17.0,420,57793446,24.705882352941178
18.0,496,57793942,27.555555555555557
26.0,844,57794786,32.46153846153846
39.0,1489,57796275,38.17948717948718
31.0,948,57797223,30.580645161290324
24.0,891,57798114,37.125
30.0,811,57798925,27.033333333333335
46.0,1603,57800528,34.84782608695652
38.0,1127,57801655,29.657894736842106
27.0,557,57802212,20.62962962962963
25.0,676,57802888,27.04
11.0,231,57803119,21.0
28.0,722,57803841,25.785714285714285
50.0,1335,57805176,26.7
19.0,546,57805722,28.736842105263158
53.0,1953,57807675,36.84905660377358
31.0,902,57808577,29.096774193548388
32.0,994,57809571,31.0625
18.0,373,57809944,20.72222222222222
24.0,666,57810610,27.75
34.0,954,57811564,28.058823529411764
34.0,974,57812538,28.647058823529413
24.0,611,57813149,25.458333333333332
30.0,878,57814027,29.266666666666666
40.0,1412,57815439,35.3
19.0,619,57816058,32.578947368421055
6.0,87,57816145,14.5
20.0,587,57816732,29.35
28.0,825,57817557,29.464285714285715
28.0,750,57818307,26.785714285714285
22.0,472,57818779,21.454545454545453
27.0,652,57819431,24.14814814814815
30.0,884,57820315,29.466666666666665
41.0,1379,57821694,33.63414634146341
12.0,312,57822006,26.0
11.0,265,57822271,24.09090909090909
19.0,676,57822947,35.578947368421055
16.0,409,57823356,25.5625
15.0,303,57823659,20.2
34.0,790,57824449,23.235294117647058
27.0,679,57825128,25.14814814814815
18.0,444,57825572,24.666666666666668
29.0,1048,57826620,36.13793103448276
26.0,653,57827273,25.115384615384617
21.0,771,57828044,36.714285714285715
40.0,1198,57829242,29.95
20.0,569,57829811,28.45
25.0,496,57830307,19.84
45.0,1318,57831625,29.288888888888888
40.0,1030,57832655,25.75
32.0,900,57833555,28.125
19.0,553,57834108,29.105263157894736
37.0,1203,57835311,32.513513513513516
23.0,824,57836135,35.82608695652174
32.0,1023,57837158,31.96875
21.0,447,57837605,21.285714285714285
12.0,275,57837880,22.916666666666668
39.0,942,57838822,24.153846153846153
29.0,927,57839749,31.96551724137931
37.0,981,57840730,26.513513513513512
29.0,668,57841398,23.03448275862069
30.0,928,57842326,30.933333333333334
17.0,460,57842786,27.058823529411764
36.0,1040,57843826,28.88888888888889
28.0,726,57844552,25.928571428571427
38.0,1436,57845988,37.78947368421053
26.0,624,57846612,24.0
28.0,845,57847457,30.178571428571427
20.0,525,57847982,26.25
25.0,695,57848677,27.8
23.0,607,57849284,26.391304347826086
30.0,855,57850139,28.5
51.0,1439,57851578,28.215686274509803
5.0,563,57852141,112.6
18.0,486,57852627,27.0
34.0,1121,57853748,32.970588235294116
37.0,951,57854699,25.7027027027027
35.0,1145,57855844,32.714285714285715
18.0,587,57856431,32.611111111111114
14.0,299,57856730,21.357142857142858
28.0,896,57857626,32.0
22.0,746,57858372,33.90909090909091
27.0,556,57858928,20.59259259259259
37.0,1305,57860233,35.270270270270274
2.0,68,57860301,34.0
21.0,506,57860807,24.095238095238095
27.0,664,57861471,24.59259259259259
18.0,469,57861940,26.055555555555557
41.0,1415,57863355,34.51219512195122
9.0,187,57863542,20.77777777777778
7.0,212,57863754,30.285714285714285
13.0,257,57864011,19.76923076923077
34.0,958,57864969,28.176470588235293
32.0,706,57865675,22.0625
25.0,612,57866287,24.48
16.0,517,57866804,32.3125
22.0,717,57867521,32.59090909090909
27.0,979,57868500,36.25925925925926
23.0,643,57869143,27.956521739130434
28.0,703,57869846,25.107142857142858
49.0,1468,57871314,29.959183673469386
31.0,1043,57872357,33.645161290322584
33.0,940,57873297,28.484848484848484
28.0,760,57874057,27.142857142857142
44.0,1227,57875284,27.886363636363637
35.0,1010,57876294,28.857142857142858
38.0,1158,57877452,30.473684210526315
12.0,314,57877766,26.166666666666668
19.0,558,57878324,29.36842105263158
36.0,984,57879308,27.333333333333332
29.0,848,57880156,29.24137931034483
36.0,1000,57881156,27.77777777777778
46.0,1157,57882313,25.152173913043477
33.0,1059,57883372,32.09090909090909
26.0,709,57884081,27.26923076923077
36.0,1149,57885230,31.916666666666668
34.0,805,57886035,23.676470588235293
27.0,583,57886618,21.59259259259259
14.0,450,57887068,32.142857142857146
36.0,949,57888017,26.36111111111111
43.0,1268,57889285,29.488372093023255
23.0,726,57890011,31.565217391304348
47.0,1589,57891600,33.808510638297875
16.0,341,57891941,21.3125
39.0,1239,57893180,31.76923076923077
11.0,264,57893444,24.0
36.0,1300,57894744,36.111111111111114
28.0,868,57895612,31.0
17.0,456,57896068,26.823529411764707
25.0,689,57896757,27.56
28.0,754,57897511,26.928571428571427
31.0,1021,57898532,32.935483870967744
23.0,496,57899028,21.565217391304348
29.0,839,57899867,28.93103448275862
52.0,1557,57901424,29.942307692307693
25.0,617,57902041,24.68
29.0,793,57902834,27.344827586206897
26.0,723,57903557,27.807692307692307
17.0,1059,57904616,62.294117647058826
27.0,620,57905236,22.962962962962962
28.0,821,57906057,29.321428571428573
31.0,628,57906685,20.258064516129032
36.0,1148,57907833,31.88888888888889
34.0,1046,57908879,30.764705882352942
34.0,1048,57909927,30.823529411764707
32.0,1087,57911014,33.96875
15.0,391,57911405,26.066666666666666
15.0,379,57911784,25.266666666666666
32.0,1024,57912808,32.0
19.0,551,57913359,29.0
17.0,459,57913818,27.0
28.0,922,57914740,32.92857142857143
28.0,653,57915393,23.321428571428573
30.0,1038,57916431,34.6
39.0,1062,57917493,27.23076923076923
36.0,1068,57918561,29.666666666666668
29.0,934,57919495,32.206896551724135
47.0,1156,57920651,24.595744680851062
27.0,929,57921580,34.407407407407405
5.0,149,57921729,29.8
32.0,1117,57922846,34.90625
23.0,732,57923578,31.82608695652174
26.0,602,57924180,23.153846153846153
23.0,627,57924807,27.26086956521739
21.0,566,57925373,26.952380952380953
27.0,562,57925935,20.814814814814813
36.0,1097,57927032,30.47222222222222
33.0,1061,57928093,32.15151515151515
33.0,781,57928874,23.666666666666668
18.0,445,57929319,24.72222222222222
11.0,654,57929973,59.45454545454545
23.0,535,57930508,23.26086956521739
33.0,790,57931298,23.939393939393938
26.0,748,57932046,28.76923076923077
51.0,1373,57933419,26.92156862745098
31.0,932,57934351,30.06451612903226
29.0,698,57935049,24.06896551724138
34.0,1055,57936104,31.029411764705884
18.0,465,57936569,25.833333333333332
45.0,1326,57937895,29.466666666666665
38.0,920,57938815,24.210526315789473
20.0,518,57939333,25.9
46.0,1367,57940700,29.717391304347824
31.0,796,57941496,25.677419354838708
38.0,1100,57942596,28.94736842105263
29.0,878,57943474,30.275862068965516
29.0,928,57944402,32.0
28.0,772,57945174,27.571428571428573
14.0,313,57945487,22.357142857142858
41.0,1315,57946802,32.073170731707314
36.0,887,57947689,24.63888888888889
27.0,797,57948486,29.51851851851852
21.0,546,57949032,26.0
8.0,230,57949262,28.75
32.0,998,57950260,31.1875
4.0,63,57950323,15.75
23.0,784,57951107,34.08695652173913
16.0,353,57951460,22.0625
27.0,664,57952124,24.59259259259259
44.0,1250,57953374,28.40909090909091
28.0,868,57954242,31.0
26.0,717,57954959,27.576923076923077
26.0,781,57955740,30.03846153846154
30.0,909,57956649,30.3
24.0,644,57957293,26.833333333333332
23.0,513,57957806,22.304347826086957
31.0,866,57958672,27.93548387096774
30.0,798,57959470,26.6
34.0,933,57960403,27.441176470588236
43.0,1402,57961805,32.604651162790695
32.0,980,57962785,30.625
19.0,475,57963260,25.0
12.0,726,57963986,60.5
35.0,1032,57965018,29.485714285714284
9.0,217,57965235,24.11111111111111
4.0,587,57965822,146.75
25.0,691,57966513,27.64
35.0,1088,57967601,31.085714285714285
27.0,739,57968340,27.37037037037037
22.0,505,57968845,22.954545454545453
45.0,1380,57970225,30.666666666666668
19.0,454,57970679,23.894736842105264
18.0,365,57971044,20.27777777777778
30.0,809,57971853,26.966666666666665
32.0,1106,57972959,34.5625
37.0,994,57973953,26.864864864864863
16.0,358,57974311,22.375
31.0,829,57975140,26.741935483870968
35.0,876,57976016,25.02857142857143
12.0,704,57976720,58.666666666666664
28.0,757,57977477,27.035714285714285
20.0,500,57977977,25.0
30.0,864,57978841,28.8
21.0,561,57979402,26.714285714285715
29.0,825,57980227,28.448275862068964
31.0,857,57981084,27.64516129032258
38.0,1092,57982176,28.736842105263158
9.0,171,57982347,19.0
30.0,812,57983159,27.066666666666666
27.0,744,57983903,27.555555555555557
41.0,1173,57985076,28.609756097560975
17.0,401,57985477,23.58823529411765
26.0,615,57986092,23.653846153846153
12.0,353,57986445,29.416666666666668
19.0,485,57986930,25.526315789473685
28.0,909,57987839,32.464285714285715
15.0,436,57988275,29.066666666666666
23.0,614,57988889,26.695652173913043
26.0,786,57989675,30.23076923076923
24.0,692,57990367,28.833333333333332
13.0,259,57990626,19.923076923076923
27.0,568,57991194,21.037037037037038
18.0,513,57991707,28.5
36.0,884,57992591,24.555555555555557
28.0,740,57993331,26.428571428571427
33.0,1145,57994476,34.696969696969695
35.0,969,57995445,27.685714285714287
14.0,328,57995773,23.428571428571427
26.0,703,57996476,27.03846153846154
30.0,1022,57997498,34.06666666666667
16.0,405,57997903,25.3125
32.0,1089,57998992,34.03125
43.0,1317,58000309,30.627906976744185
19.0,501,58000810,26.36842105263158
8.0,175,58000985,21.875
16.0,493,58001478,30.8125
15.0,512,58001990,34.13333333333333
34.0,1017,58003007,29.91176470588235
26.0,824,58003831,31.692307692307693
6.0,591,58004422,98.5
22.0,677,58005099,30.772727272727273
44.0,1887,58006986,42.88636363636363
39.0,1167,58008153,29.923076923076923
25.0,1015,58009168,40.6
25.0,965,58010133,38.6
26.0,633,58010766,24.346153846153847
12.0,290,58011056,24.166666666666668
28.0,679,58011735,24.25
19.0,637,58012372,33.526315789473685
23.0,606,58012978,26.347826086956523
32.0,876,58013854,27.375
21.0,523,58014377,24.904761904761905
34.0,912,58015289,26.823529411764707
24.0,523,58015812,21.791666666666668
23.0,620,58016432,26.956521739130434
14.0,270,58016702,19.285714285714285
42.0,1424,58018126,33.904761904761905
29.0,937,58019063,32.310344827586206
22.0,615,58019678,27.954545454545453
48.0,1251,58020929,26.0625
21.0,658,58021587,31.333333333333332
29.0,921,58022508,31.75862068965517
39.0,1402,58023910,35.94871794871795
26.0,686,58024596,26.384615384615383
18.0,556,58025152,30.88888888888889
29.0,988,58026140,34.06896551724138
28.0,806,58026946,28.785714285714285
34.0,1092,58028038,32.11764705882353
16.0,332,58028370,20.75
13.0,385,58028755,29.615384615384617
30.0,813,58029568,27.1
22.0,677,58030245,30.772727272727273
24.0,594,58030839,24.75
21.0,764,58031603,36.38095238095238
29.0,1007,58032610,34.724137931034484
26.0,879,58033489,33.80769230769231
12.0,287,58033776,23.916666666666668
38.0,1053,58034829,27.710526315789473
22.0,509,58035338,23.136363636363637
4.0,558,58035896,139.5
29.0,819,58036715,28.24137931034483
24.0,564,58037279,23.5
32.0,1348,58038627,42.125
25.0,534,58039161,21.36
25.0,735,58039896,29.4
18.0,423,58040319,23.5
17.0,417,58040736,24.529411764705884
25.0,788,58041524,31.52
20.0,547,58042071,27.35
27.0,668,58042739,24.74074074074074
30.0,985,58043724,32.833333333333336
17.0,494,58044218,29.058823529411764
19.0,541,58044759,28.473684210526315
18.0,414,58045173,23.0
29.0,777,58045950,26.79310344827586
22.0,662,58046612,30.09090909090909
12.0,316,58046928,26.333333333333332
11.0,310,58047238,28.181818181818183
18.0,465,58047703,25.833333333333332
1.0,500,58048203,500.0
17.0,404,58048607,23.764705882352942
30.0,862,58049469,28.733333333333334
23.0,795,58050264,34.56521739130435
22.0,530,58050794,24.09090909090909
29.0,791,58051585,27.275862068965516
31.0,900,58052485,29.032258064516128
34.0,1150,58053635,33.8235294117647
43.0,1137,58054772,26.441860465116278
20.0,672,58055444,33.6
16.0,455,58055899,28.4375
25.0,737,58056636,29.48
31.0,945,58057581,30.483870967741936
35.0,769,58058350,21.97142857142857
31.0,740,58059090,23.870967741935484
35.0,925,58060015,26.428571428571427
28.0,831,58060846,29.678571428571427
33.0,1050,58061896,31.818181818181817
25.0,796,58062692,31.84
35.0,1132,58063824,32.34285714285714
33.0,920,58064744,27.87878787878788
15.0,592,58065336,39.46666666666667
18.0,444,58065780,24.666666666666668
20.0,512,58066292,25.6
31.0,731,58067023,23.580645161290324
28.0,825,58067848,29.464285714285715
30.0,909,58068757,30.3
23.0,554,58069311,24.08695652173913
52.0,1428,58070739,27.46153846153846
18.0,520,58071259,28.88888888888889
39.0,1076,58072335,27.58974358974359
30.0,904,58073239,30.133333333333333
15.0,449,58073688,29.933333333333334
33.0,909,58074597,27.545454545454547
27.0,773,58075370,28.62962962962963
38.0,1042,58076412,27.42105263157895
27.0,830,58077242,30.74074074074074
33.0,920,58078162,27.87878787878788
20.0,717,58078879,35.85
33.0,1177,58080056,35.666666666666664
18.0,415,58080471,23.055555555555557
22.0,724,58081195,32.90909090909091
13.0,411,58081606,31.615384615384617
5.0,89,58081695,17.8
18.0,463,58082158,25.72222222222222
21.0,588,58082746,28.0
33.0,893,58083639,27.060606060606062
26.0,810,58084449,31.153846153846153
27.0,942,58085391,34.888888888888886
2.0,17,58085408,8.5
13.0,359,58085767,27.615384615384617
32.0,987,58086754,30.84375
23.0,791,58087545,34.391304347826086
15.0,470,58088015,31.333333333333332
25.0,709,58088724,28.36
32.0,999,58089723,31.21875
33.0,1049,58090772,31.78787878787879
14.0,327,58091099,23.357142857142858
19.0,557,58091656,29.31578947368421
24.0,676,58092332,28.166666666666668
30.0,756,58093088,25.2
21.0,598,58093686,28.476190476190474
40.0,1396,58095082,34.9
36.0,1153,58096235,32.02777777777778
18.0,575,58096810,31.944444444444443
26.0,833,58097643,32.03846153846154
6.0,623,58098266,103.83333333333333
10.0,327,58098593,32.7
12.0,816,58099409,68.0
15.0,345,58099754,23.0
43.0,1268,58101022,29.488372093023255
15.0,433,58101455,28.866666666666667
18.0,489,58101944,27.166666666666668
39.0,1026,58102970,26.307692307692307
27.0,740,58103710,27.40740740740741
10.0,611,58104321,61.1
27.0,811,58105132,30.037037037037038
23.0,557,58105689,24.217391304347824
34.0,1097,58106786,32.26470588235294
25.0,923,58107709,36.92
32.0,780,58108489,24.375
34.0,868,58109357,25.529411764705884
28.0,707,58110064,25.25
18.0,609,58110673,33.833333333333336
24.0,686,58111359,28.583333333333332
23.0,690,58112049,30.0
31.0,827,58112876,26.677419354838708
21.0,628,58113504,29.904761904761905
13.0,171,58113675,13.153846153846153
33.0,1023,58114698,31.0
24.0,1067,58115765,44.458333333333336
35.0,983,58116748,28.085714285714285
19.0,593,58117341,31.210526315789473
19.0,604,58117945,31.789473684210527
22.0,500,58118445,22.727272727272727
40.0,1396,58119841,34.9
18.0,476,58120317,26.444444444444443
18.0,497,58120814,27.61111111111111
32.0,1053,58121867,32.90625
24.0,719,58122586,29.958333333333332
27.0,829,58123415,30.703703703703702
40.0,1169,58124584,29.225
44.0,1275,58125859,28.977272727272727
39.0,1067,58126926,27.358974358974358
22.0,999,58127925,45.40909090909091
22.0,693,58128618,31.5
30.0,1024,58129642,34.13333333333333
36.0,1055,58130697,29.305555555555557
33.0,1056,58131753,32.0
9.0,263,58132016,29.22222222222222
29.0,843,58132859,29.06896551724138
21.0,567,58133426,27.0
26.0,723,58134149,27.807692307692307
29.0,1119,58135268,38.58620689655172
29.0,923,58136191,31.82758620689655
33.0,854,58137045,25.87878787878788
39.0,1327,58138372,34.02564102564103
10.0,208,58138580,20.8
34.0,1082,58139662,31.823529411764707
11.0,278,58139940,25.272727272727273
34.0,1000,58140940,29.41176470588235
31.0,986,58141926,31.806451612903224
24.0,940,58142866,39.166666666666664
14.0,494,58143360,35.285714285714285
31.0,874,58144234,28.193548387096776
31.0,1101,58145335,35.516129032258064
28.0,932,58146267,33.285714285714285
35.0,897,58147164,25.62857142857143
37.0,1074,58148238,29.027027027027028
24.0,665,58148903,27.708333333333332
20.0,630,58149533,31.5
27.0,801,58150334,29.666666666666668
22.0,679,58151013,30.863636363636363
27.0,724,58151737,26.814814814814813
9.0,300,58152037,33.333333333333336
20.0,572,58152609,28.6
13.0,447,58153056,34.38461538461539
20.0,513,58153569,25.65
37.0,1157,58154726,31.27027027027027
26.0,682,58155408,26.23076923076923
12.0,294,58155702,24.5
26.0,654,58156356,25.153846153846153
29.0,696,58157052,24.0
30.0,730,58157782,24.333333333333332
27.0,914,58158696,33.851851851851855
34.0,921,58159617,27.08823529411765
15.0,324,58159941,21.6
24.0,749,58160690,31.208333333333332
3.0,592,58161282,197.33333333333334
15.0,485,58161767,32.333333333333336
33.0,895,58162662,27.12121212121212
27.0,853,58163515,31.59259259259259
38.0,1106,58164621,29.105263157894736
25.0,704,58165325,28.16
26.0,847,58166172,32.57692307692308
49.0,1577,58167749,32.183673469387756
33.0,1085,58168834,32.878787878787875
19.0,671,58169505,35.31578947368421
27.0,801,58170306,29.666666666666668
27.0,711,58171017,26.333333333333332
27.0,518,58171535,19.185185185185187
13.0,334,58171869,25.692307692307693
33.0,858,58172727,26.0
30.0,933,58173660,31.1
18.0,575,58174235,31.944444444444443
23.0,565,58174800,24.565217391304348
26.0,738,58175538,28.384615384615383
18.0,457,58175995,25.38888888888889
40.0,1434,58177429,35.85
30.0,763,58178192,25.433333333333334
32.0,1053,58179245,32.90625
32.0,1033,58180278,32.28125
29.0,845,58181123,29.137931034482758
22.0,603,58181726,27.40909090909091
21.0,663,58182389,31.571428571428573
2.0,508,58182897,254.0
26.0,694,58183591,26.692307692307693
31.0,982,58184573,31.677419354838708
20.0,663,58185236,33.15
13.0,276,58185512,21.23076923076923
28.0,983,58186495,35.107142857142854
2.0,115,58186610,57.5
15.0,441,58187051,29.4
16.0,381,58187432,23.8125
20.0,687,58188119,34.35
13.0,473,58188592,36.38461538461539
31.0,811,58189403,26.161290322580644
24.0,767,58190170,31.958333333333332
21.0,480,58190650,22.857142857142858
19.0,658,58191308,34.63157894736842
18.0,553,58191861,30.72222222222222
24.0,676,58192537,28.166666666666668
9.0,250,58192787,27.77777777777778
21.0,744,58193531,35.42857142857143
14.0,347,58193878,24.785714285714285
31.0,800,58194678,25.806451612903224
12.0,435,58195113,36.25
18.0,605,58195718,33.611111111111114
33.0,888,58196606,26.90909090909091
25.0,553,58197159,22.12
22.0,794,58197953,36.09090909090909
16.0,547,58198500,34.1875
16.0,512,58199012,32.0
33.0,791,58199803,23.96969696969697
29.0,786,58200589,27.103448275862068
3.0,197,58200786,65.66666666666667
24.0,697,58201483,29.041666666666668
29.0,704,58202187,24.275862068965516
27.0,905,58203092,33.51851851851852
36.0,1030,58204122,28.61111111111111
15.0,385,58204507,25.666666666666668
14.0,448,58204955,32.0
14.0,438,58205393,31.285714285714285
15.0,527,58205920,35.13333333333333
12.0,312,58206232,26.0
22.0,694,58206926,31.545454545454547
14.0,436,58207362,31.142857142857142
2.0,143,58207505,71.5
19.0,631,58208136,33.21052631578947
6.0,195,58208331,32.5
29.0,817,58209148,28.17241379310345
30.0,871,58210019,29.033333333333335
29.0,841,58210860,29.0
34.0,905,58211765,26.61764705882353
5.0,228,58211993,45.6
31.0,763,58212756,24.612903225806452
40.0,1094,58213850,27.35
4.0,175,58214025,43.75
26.0,747,58214772,28.73076923076923
6.0,188,58214960,31.333333333333332
27.0,747,58215707,27.666666666666668
22.0,580,58216287,26.363636363636363
32.0,938,58217225,29.3125
16.0,337,58217562,21.0625
29.0,968,58218530,33.37931034482759
14.0,241,58218771,17.214285714285715
24.0,836,58219607,34.833333333333336
36.0,1142,58220749,31.72222222222222
16.0,415,58221164,25.9375
12.0,344,58221508,28.666666666666668
20.0,515,58222023,25.75
19.0,548,58222571,28.842105263157894
5.0,128,58222699,25.6
14.0,401,58223100,28.642857142857142
16.0,528,58223628,33.0
2.0,132,58223760,66.0
23.0,562,58224322,24.434782608695652
35.0,1101,58225423,31.457142857142856
26.0,712,58226135,27.384615384615383
33.0,985,58227120,29.848484848484848
4.0,85,58227205,21.25
22.0,565,58227770,25.681818181818183
18.0,486,58228256,27.0
18.0,496,58228752,27.555555555555557
7.0,219,58228971,31.285714285714285
34.0,938,58229909,27.58823529411765
19.0,651,58230560,34.26315789473684
22.0,626,58231186,28.454545454545453
20.0,598,58231784,29.9
21.0,588,58232372,28.0
25.0,760,58233132,30.4
1.0,56,58233188,56.0
18.0,407,58233595,22.61111111111111
9.0,303,58233898,33.666666666666664
31.0,908,58234806,29.29032258064516
7.0,212,58235018,30.285714285714285
12.0,437,58235455,36.416666666666664
20.0,626,58236081,31.3
23.0,720,58236801,31.304347826086957
22.0,692,58237493,31.454545454545453
22.0,753,58238246,34.22727272727273
21.0,717,58238963,34.142857142857146
15.0,385,58239348,25.666666666666668
20.0,689,58240037,34.45
7.0,119,58240156,17.0
14.0,580,58240736,41.42857142857143
29.0,1081,58241817,37.275862068965516
10.0,265,58242082,26.5
30.0,875,58242957,29.166666666666668
20.0,534,58243491,26.7
37.0,988,58244479,26.7027027027027
26.0,754,58245233,29.0
10.0,357,58245590,35.7
11.0,395,58245985,35.90909090909091
32.0,930,58246915,29.0625
21.0,644,58247559,30.666666666666668
14.0,295,58247854,21.071428571428573
14.0,482,58248336,34.42857142857143
19.0,623,58248959,32.78947368421053
21.0,562,58249521,26.761904761904763
32.0,994,58250515,31.0625
27.0,632,58251147,23.40740740740741
11.0,406,58251553,36.90909090909091
29.0,1002,58252555,34.55172413793103
3.0,69,58252624,23.0
27.0,903,58253527,33.44444444444444
17.0,525,58254052,30.88235294117647
7.0,241,58254293,34.42857142857143
34.0,1011,58255304,29.735294117647058
6.0,261,58255565,43.5
11.0,245,58255810,22.272727272727273
5.0,201,58256011,40.2
14.0,401,58256412,28.642857142857142
2.0,33,58256445,16.5
6.0,224,58256669,37.333333333333336
28.0,854,58257523,30.5
16.0,342,58257865,21.375
27.0,704,58258569,26.074074074074073
27.0,807,58259376,29.88888888888889
17.0,468,58259844,27.529411764705884
30.0,653,58260497,21.766666666666666
14.0,337,58260834,24.071428571428573
15.0,444,58261278,29.6
24.0,792,58262070,33.0
24.0,628,58262698,26.166666666666668
13.0,426,58263124,32.76923076923077
11.0,388,58263512,35.27272727272727
16.0,354,58263866,22.125
18.0,484,58264350,26.88888888888889
10.0,186,58264536,18.6
10.0,336,58264872,33.6
26.0,781,58265653,30.03846153846154
33.0,1004,58266657,30.424242424242426
2.0,27,58266684,13.5
20.0,681,58267365,34.05
16.0,395,58267760,24.6875
16.0,443,58268203,27.6875
12.0,488,58268691,40.666666666666664
31.0,849,58269540,27.387096774193548
20.0,481,58270021,24.05
22.0,589,58270610,26.772727272727273
6.0,209,58270819,34.833333333333336
22.0,758,58271577,34.45454545454545
20.0,622,58272199,31.1
31.0,821,58273020,26.483870967741936
13.0,435,58273455,33.46153846153846
13.0,307,58273762,23.615384615384617
22.0,824,58274586,37.45454545454545
6.0,142,58274728,23.666666666666668
8.0,230,58274958,28.75
22.0,529,58275487,24.045454545454547
26.0,695,58276182,26.73076923076923
31.0,781,58276963,25.193548387096776
22.0,614,58277577,27.90909090909091
20.0,577,58278154,28.85
32.0,1023,58279177,31.96875
17.0,584,58279761,34.35294117647059
19.0,407,58280168,21.42105263157895
12.0,284,58280452,23.666666666666668
16.0,498,58280950,31.125
19.0,603,58281553,31.736842105263158
11.0,330,58281883,30.0
28.0,901,58282784,32.17857142857143
4.0,116,58282900,29.0
3.0,103,58283003,34.333333333333336
12.0,373,58283376,31.083333333333332
56.0,1620,58284996,28.928571428571427
17.0,447,58285443,26.294117647058822
43.0,1361,58286804,31.651162790697676
26.0,791,58287595,30.423076923076923
10.0,303,58287898,30.3
14.0,380,58288278,27.142857142857142
12.0,395,58288673,32.916666666666664
29.0,980,58289653,33.793103448275865
21.0,546,58290199,26.0
19.0,716,58290915,37.68421052631579
26.0,771,58291686,29.653846153846153
20.0,568,58292254,28.4
33.0,885,58293139,26.818181818181817
13.0,383,58293522,29.46153846153846
1.0,65,58293587,65.0
7.0,198,58293785,28.285714285714285
7.0,276,58294061,39.42857142857143
23.0,493,58294554,21.434782608695652
21.0,617,58295171,29.38095238095238
16.0,427,58295598,26.6875
21.0,606,58296204,28.857142857142858
17.0,531,58296735,31.235294117647058
19.0,503,58297238,26.473684210526315
30.0,798,58298036,26.6
21.0,598,58298634,28.476190476190474
31.0,729,58299363,23.516129032258064
4.0,225,58299588,56.25
36.0,1035,58300623,28.75
12.0,388,58301011,32.333333333333336
18.0,406,58301417,22.555555555555557
19.0,640,58302057,33.68421052631579
23.0,718,58302775,31.217391304347824
26.0,809,58303584,31.115384615384617
17.0,421,58304005,24.764705882352942
13.0,530,58304535,40.76923076923077
3.0,72,58304607,24.0
19.0,600,58305207,31.57894736842105
34.0,993,58306200,29.205882352941178
5.0,164,58306364,32.8
28.0,773,58307137,27.607142857142858
11.0,170,58307307,15.454545454545455
30.0,991,58308298,33.03333333333333
7.0,170,58308468,24.285714285714285
8.0,203,58308671,25.375
5.0,244,58308915,48.8
26.0,733,58309648,28.192307692307693
26.0,849,58310497,32.65384615384615
23.0,659,58311156,28.652173913043477
25.0,642,58311798,25.68
24.0,721,58312519,30.041666666666668
35.0,905,58313424,25.857142857142858
7.0,213,58313637,30.428571428571427
25.0,769,58314406,30.76
19.0,583,58314989,30.68421052631579
20.0,466,58315455,23.3
21.0,635,58316090,30.238095238095237
10.0,377,58316467,37.7
16.0,490,58316957,30.625
14.0,437,58317394,31.214285714285715
18.0,485,58317879,26.944444444444443
20.0,678,58318557,33.9
21.0,615,58319172,29.285714285714285
10.0,287,58319459,28.7
17.0,636,58320095,37.411764705882355
17.0,620,58320715,36.470588235294116
26.0,579,58321294,22.26923076923077
17.0,538,58321832,31.647058823529413
25.0,643,58322475,25.72
17.0,676,58323151,39.76470588235294
26.0,659,58323810,25.346153846153847
27.0,831,58324641,30.77777777777778
29.0,809,58325450,27.896551724137932
28.0,766,58326216,27.357142857142858
32.0,1155,58327371,36.09375
8.0,251,58327622,31.375
22.0,652,58328274,29.636363636363637
22.0,613,58328887,27.863636363636363
13.0,365,58329252,28.076923076923077
25.0,682,58329934,27.28
23.0,931,58330865,40.47826086956522
4.0,117,58330982,29.25
15.0,418,58331400,27.866666666666667
25.0,691,58332091,27.64
20.0,559,58332650,27.95
26.0,679,58333329,26.115384615384617
21.0,672,58334001,32.0
37.0,1199,58335200,32.4054054054054
20.0,530,58335730,26.5
19.0,475,58336205,25.0
30.0,908,58337113,30.266666666666666
37.0,1352,58338465,36.54054054054054
5.0,148,58338613,29.6
12.0,300,58338913,25.0
17.0,464,58339377,27.294117647058822
20.0,640,58340017,32.0
19.0,497,58340514,26.157894736842106
29.0,772,58341286,26.620689655172413
19.0,623,58341909,32.78947368421053
27.0,707,58342616,26.185185185185187
27.0,916,58343532,33.925925925925924
19.0,467,58343999,24.57894736842105
14.0,364,58344363,26.0
29.0,726,58345089,25.03448275862069
23.0,678,58345767,29.47826086956522
25.0,765,58346532,30.6
6.0,171,58346703,28.5
15.0,613,58347316,40.86666666666667
24.0,1095,58348411,45.625
40.0,1220,58349631,30.5
5.0,157,58349788,31.4
16.0,361,58350149,22.5625
17.0,482,58350631,28.352941176470587
25.0,736,58351367,29.44
13.0,269,58351636,20.692307692307693
1.0,58,58351694,58.0
19.0,561,58352255,29.526315789473685
19.0,567,58352822,29.842105263157894
20.0,628,58353450,31.4
11.0,283,58353733,25.727272727272727
6.0,208,58353941,34.666666666666664
4.0,72,58354013,18.0
7.0,257,58354270,36.714285714285715
19.0,578,58354848,30.42105263157895
6.0,197,58355045,32.833333333333336
5.0,183,58355228,36.6
9.0,233,58355461,25.88888888888889
16.0,462,58355923,28.875
26.0,808,58356731,31.076923076923077
19.0,428,58357159,22.526315789473685
14.0,487,58357646,34.785714285714285
8.0,201,58357847,25.125
15.0,223,58358070,14.866666666666667
22.0,646,58358716,29.363636363636363
29.0,957,58359673,33.0
7.0,211,58359884,30.142857142857142
20.0,541,58360425,27.05
17.0,422,58360847,24.823529411764707
18.0,493,58361340,27.38888888888889
17.0,495,58361835,29.11764705882353
19.0,481,58362316,25.31578947368421
29.0,920,58363236,31.724137931034484
5.0,171,58363407,34.2
20.0,665,58364072,33.25
23.0,580,58364652,25.217391304347824
14.0,301,58364953,21.5
17.0,541,58365494,31.823529411764707
21.0,608,58366102,28.952380952380953
31.0,826,58366928,26.64516129032258
25.0,777,58367705,31.08
12.0,451,58368156,37.583333333333336
9.0,289,58368445,32.111111111111114
28.0,720,58369165,25.714285714285715
15.0,415,58369580,27.666666666666668
19.0,445,58370025,23.42105263157895
15.0,330,58370355,22.0
23.0,752,58371107,32.69565217391305
14.0,331,58371438,23.642857142857142
6.0,151,58371589,25.166666666666668
8.0,219,58371808,27.375
14.0,403,58372211,28.785714285714285
17.0,488,58372699,28.705882352941178
11.0,329,58373028,29.90909090909091
9.0,326,58373354,36.22222222222222
14.0,390,58373744,27.857142857142858
7.0,140,58373884,20.0
37.0,1400,58375284,37.83783783783784
14.0,497,58375781,35.5
6.0,273,58376054,45.5
10.0,281,58376335,28.1
9.0,334,58376669,37.111111111111114
13.0,409,58377078,31.46153846153846
10.0,264,58377342,26.4
5.0,253,58377595,50.6
13.0,462,58378057,35.53846153846154
6.0,104,58378161,17.333333333333332
10.0,352,58378513,35.2
28.0,702,58379215,25.071428571428573
21.0,584,58379799,27.80952380952381
24.0,721,58380520,30.041666666666668
11.0,201,58380721,18.272727272727273
25.0,560,58381281,22.4
14.0,371,58381652,26.5
14.0,373,58382025,26.642857142857142
16.0,427,58382452,26.6875
20.0,509,58382961,25.45
18.0,449,58383410,24.944444444444443
23.0,775,58384185,33.69565217391305
22.0,659,58384844,29.954545454545453
27.0,851,58385695,31.51851851851852
12.0,264,58385959,22.0
20.0,488,58386447,24.4
32.0,939,58387386,29.34375
19.0,454,58387840,23.894736842105264
18.0,574,58388414,31.88888888888889
32.0,1133,58389547,35.40625
18.0,421,58389968,23.38888888888889
13.0,330,58390298,25.384615384615383
25.0,928,58391226,37.12
6.0,178,58391404,29.666666666666668
26.0,705,58392109,27.115384615384617
15.0,514,58392623,34.266666666666666
8.0,179,58392802,22.375
26.0,852,58393654,32.76923076923077
20.0,547,58394201,27.35
14.0,484,58394685,34.57142857142857
10.0,259,58394944,25.9
10.0,200,58395144,20.0
14.0,462,58395606,33.0
26.0,731,58396337,28.115384615384617
12.0,407,58396744,33.916666666666664
23.0,678,58397422,29.47826086956522
22.0,824,58398246,37.45454545454545
28.0,734,58398980,26.214285714285715
18.0,510,58399490,28.333333333333332
11.0,283,58399773,25.727272727272727
28.0,758,58400531,27.071428571428573
6.0,168,58400699,28.0
17.0,429,58401128,25.235294117647058
12.0,206,58401334,17.166666666666668
24.0,671,58402005,27.958333333333332
7.0,183,58402188,26.142857142857142
21.0,529,58402717,25.19047619047619
9.0,261,58402978,29.0
19.0,410,58403388,21.57894736842105
24.0,736,58404124,30.666666666666668
18.0,598,58404722,33.22222222222222
20.0,645,58405367,32.25
23.0,685,58406052,29.782608695652176
27.0,756,58406808,28.0
10.0,221,58407029,22.1
28.0,892,58407921,31.857142857142858
14.0,431,58408352,30.785714285714285
23.0,568,58408920,24.695652173913043
19.0,463,58409383,24.36842105263158
7.0,222,58409605,31.714285714285715
16.0,423,58410028,26.4375
23.0,546,58410574,23.73913043478261
8.0,311,58410885,38.875
30.0,920,58411805,30.666666666666668
22.0,531,58412336,24.136363636363637
19.0,568,58412904,29.894736842105264
6.0,229,58413133,38.166666666666664
14.0,301,58413434,21.5
31.0,819,58414253,26.419354838709676
6.0,198,58414451,33.0
27.0,707,58415158,26.185185185185187
25.0,658,58415816,26.32
35.0,1070,58416886,30.571428571428573
23.0,732,58417618,31.82608695652174
9.0,249,58417867,27.666666666666668
26.0,759,58418626,29.192307692307693
19.0,532,58419158,28.0
18.0,495,58419653,27.5
8.0,179,58419832,22.375
18.0,429,58420261,23.833333333333332
17.0,456,58420717,26.823529411764707
9.0,275,58420992,30.555555555555557
39.0,1234,58422226,31.641025641025642
14.0,370,58422596,26.428571428571427
6.0,194,58422790,32.333333333333336
21.0,679,58423469,32.333333333333336
5.0,170,58423639,34.0
14.0,328,58423967,23.428571428571427
14.0,401,58424368,28.642857142857142
18.0,523,58424891,29.055555555555557
10.0,364,58425255,36.4
25.0,763,58426018,30.52
21.0,514,58426532,24.476190476190474
6.0,127,58426659,21.166666666666668
32.0,847,58427506,26.46875
21.0,661,58428167,31.476190476190474
24.0,618,58428785,25.75
10.0,315,58429100,31.5
5.0,120,58429220,24.0
24.0,695,58429915,28.958333333333332
14.0,474,58430389,33.857142857142854
9.0,205,58430594,22.77777777777778
14.0,413,58431007,29.5
6.0,127,58431134,21.166666666666668
18.0,492,58431626,27.333333333333332
9.0,336,58431962,37.333333333333336
35.0,1025,58432987,29.285714285714285
23.0,601,58433588,26.130434782608695
22.0,505,58434093,22.954545454545453
20.0,622,58434715,31.1
22.0,674,58435389,30.636363636363637
27.0,840,58436229,31.11111111111111
8.0,205,58436434,25.625
40.0,1210,58437644,30.25
22.0,624,58438268,28.363636363636363
29.0,803,58439071,27.689655172413794
30.0,814,58439885,27.133333333333333
16.0,545,58440430,34.0625
8.0,210,58440640,26.25
32.0,769,58441409,24.03125
18.0,448,58441857,24.88888888888889
25.0,633,58442490,25.32
14.0,336,58442826,24.0
24.0,716,58443542,29.833333333333332
7.0,219,58443761,31.285714285714285
17.0,509,58444270,29.941176470588236
38.0,938,58445208,24.68421052631579
22.0,442,58445650,20.09090909090909
24.0,632,58446282,26.333333333333332
9.0,262,58446544,29.11111111111111
23.0,694,58447238,30.17391304347826
16.0,539,58447777,33.6875
39.0,1031,58448808,26.435897435897434
9.0,210,58449018,23.333333333333332
19.0,420,58449438,22.105263157894736
10.0,413,58449851,41.3
7.0,256,58450107,36.57142857142857
12.0,353,58450460,29.416666666666668
24.0,691,58451151,28.791666666666668
7.0,347,58451498,49.57142857142857
9.0,231,58451729,25.666666666666668
16.0,503,58452232,31.4375
33.0,829,58453061,25.12121212121212
15.0,429,58453490,28.6
27.0,815,58454305,30.185185185185187
12.0,309,58454614,25.75
11.0,232,58454846,21.09090909090909
11.0,211,58455057,19.181818181818183
16.0,484,58455541,30.25
10.0,294,58455835,29.4
20.0,610,58456445,30.5
12.0,302,58456747,25.166666666666668
19.0,533,58457280,28.05263157894737
6.0,137,58457417,22.833333333333332
28.0,734,58458151,26.214285714285715
6.0,187,58458338,31.166666666666668
16.0,467,58458805,29.1875
12.0,486,58459291,40.5
13.0,373,58459664,28.692307692307693
33.0,1086,58460750,32.90909090909091
19.0,528,58461278,27.789473684210527
12.0,276,58461554,23.0
6.0,214,58461768,35.666666666666664
23.0,612,58462380,26.608695652173914
14.0,384,58462764,27.428571428571427
7.0,265,58463029,37.857142857142854
16.0,508,58463537,31.75
9.0,276,58463813,30.666666666666668
22.0,669,58464482,30.40909090909091
17.0,329,58464811,19.352941176470587
22.0,695,58465506,31.59090909090909
9.0,300,58465806,33.333333333333336
19.0,696,58466502,36.63157894736842
16.0,511,58467013,31.9375
22.0,561,58467574,25.5
14.0,368,58467942,26.285714285714285
24.0,723,58468665,30.125
6.0,261,58468926,43.5
18.0,456,58469382,25.333333333333332
5.0,133,58469515,26.6
17.0,448,58469963,26.352941176470587
5.0,114,58470077,22.8
9.0,257,58470334,28.555555555555557
18.0,456,58470790,25.333333333333332
16.0,429,58471219,26.8125
17.0,509,58471728,29.941176470588236
15.0,428,58472156,28.533333333333335
12.0,310,58472466,25.833333333333332
20.0,671,58473137,33.55
14.0,456,58473593,32.57142857142857
14.0,364,58473957,26.0
20.0,555,58474512,27.75
11.0,279,58474791,25.363636363636363
26.0,767,58475558,29.5
18.0,565,58476123,31.38888888888889
19.0,489,58476612,25.736842105263158
10.0,281,58476893,28.1
23.0,611,58477504,26.565217391304348
18.0,579,58478083,32.166666666666664
31.0,850,58478933,27.419354838709676
12.0,347,58479280,28.916666666666668
27.0,720,58480000,26.666666666666668
29.0,679,58480679,23.413793103448278
10.0,310,58480989,31.0
21.0,729,58481718,34.714285714285715
11.0,398,58482116,36.18181818181818
17.0,524,58482640,30.823529411764707
4.0,46,58482686,11.5
20.0,637,58483323,31.85
29.0,678,58484001,23.379310344827587
19.0,560,58484561,29.473684210526315
16.0,512,58485073,32.0
28.0,793,58485866,28.321428571428573
21.0,588,58486454,28.0
13.0,358,58486812,27.53846153846154
25.0,804,58487616,32.16
24.0,711,58488327,29.625
25.0,821,58489148,32.84
25.0,720,58489868,28.8
21.0,661,58490529,31.476190476190474
17.0,446,58490975,26.235294117647058
20.0,477,58491452,23.85
5.0,95,58491547,19.0
11.0,345,58491892,31.363636363636363
6.0,114,58492006,19.0
24.0,548,58492554,22.833333333333332
30.0,738,58493292,24.6
31.0,809,58494101,26.096774193548388
26.0,659,58494760,25.346153846153847
15.0,523,58495283,34.86666666666667
15.0,373,58495656,24.866666666666667
6.0,167,58495823,27.833333333333332
5.0,132,58495955,26.4
21.0,714,58496669,34.0
12.0,319,58496988,26.583333333333332
18.0,462,58497450,25.666666666666668
20.0,562,58498012,28.1
20.0,685,58498697,34.25
10.0,208,58498905,20.8
13.0,394,58499299,30.307692307692307
21.0,636,58499935,30.285714285714285
27.0,599,58500534,22.185185185185187
18.0,439,58500973,24.38888888888889
5.0,143,58501116,28.6
9.0,361,58501477,40.111111111111114
15.0,291,58501768,19.4
12.0,360,58502128,30.0
19.0,502,58502630,26.42105263157895
26.0,805,58503435,30.96153846153846
30.0,766,58504201,25.533333333333335
8.0,248,58504449,31.0
26.0,802,58505251,30.846153846153847
27.0,840,58506091,31.11111111111111
23.0,756,58506847,32.869565217391305
14.0,318,58507165,22.714285714285715
16.0,352,58507517,22.0
15.0,416,58507933,27.733333333333334
5.0,213,58508146,42.6
19.0,456,58508602,24.0
21.0,617,58509219,29.38095238095238
26.0,594,58509813,22.846153846153847
35.0,929,58510742,26.542857142857144
18.0,455,58511197,25.27777777777778
5.0,133,58511330,26.6
8.0,304,58511634,38.0
9.0,347,58511981,38.55555555555556
20.0,510,58512491,25.5
9.0,251,58512742,27.88888888888889
6.0,212,58512954,35.333333333333336
5.0,179,58513133,35.8
30.0,880,58514013,29.333333333333332
17.0,340,58514353,20.0
19.0,666,58515019,35.05263157894737
24.0,718,58515737,29.916666666666668
25.0,826,58516563,33.04
9.0,296,58516859,32.888888888888886
32.0,924,58517783,28.875
20.0,666,58518449,33.3
13.0,397,58518846,30.53846153846154
5.0,91,58518937,18.2
21.0,490,58519427,23.333333333333332
18.0,577,58520004,32.05555555555556
25.0,831,58520835,33.24
20.0,564,58521399,28.2
21.0,569,58521968,27.095238095238095
42.0,1210,58523178,28.80952380952381
19.0,486,58523664,25.57894736842105
15.0,450,58524114,30.0
19.0,569,58524683,29.94736842105263
9.0,201,58524884,22.333333333333332
14.0,408,58525292,29.142857142857142
22.0,690,58525982,31.363636363636363
21.0,504,58526486,24.0
7.0,209,58526695,29.857142857142858
19.0,576,58527271,30.31578947368421
28.0,642,58527913,22.928571428571427
3.0,120,58528033,40.0
9.0,269,58528302,29.88888888888889
19.0,456,58528758,24.0
24.0,442,58529200,18.416666666666668
25.0,803,58530003,32.12
14.0,402,58530405,28.714285714285715
15.0,415,58530820,27.666666666666668
22.0,532,58531352,24.181818181818183
22.0,734,58532086,33.36363636363637
17.0,519,58532605,30.529411764705884
15.0,486,58533091,32.4
18.0,501,58533592,27.833333333333332
5.0,197,58533789,39.4
14.0,421,58534210,30.071428571428573
27.0,892,58535102,33.03703703703704
26.0,666,58535768,25.615384615384617
11.0,357,58536125,32.45454545454545
21.0,639,58536764,30.428571428571427
24.0,777,58537541,32.375
10.0,310,58537851,31.0
13.0,419,58538270,32.23076923076923
20.0,694,58538964,34.7
23.0,666,58539630,28.956521739130434
22.0,604,58540234,27.454545454545453
25.0,551,58540785,22.04
21.0,556,58541341,26.476190476190474
18.0,437,58541778,24.27777777777778
12.0,290,58542068,24.166666666666668
13.0,421,58542489,32.38461538461539
9.0,243,58542732,27.0
18.0,520,58543252,28.88888888888889
23.0,663,58543915,28.82608695652174
30.0,818,58544733,27.266666666666666
7.0,170,58544903,24.285714285714285
18.0,538,58545441,29.88888888888889
20.0,406,58545847,20.3
13.0,347,58546194,26.692307692307693
20.0,699,58546893,34.95
18.0,563,58547456,31.27777777777778
24.0,806,58548262,33.583333333333336
16.0,415,58548677,25.9375
12.0,403,58549080,33.583333333333336
7.0,266,58549346,38.0
25.0,706,58550052,28.24
25.0,660,58550712,26.4
22.0,599,58551311,27.227272727272727
18.0,563,58551874,31.27777777777778
18.0,471,58552345,26.166666666666668
25.0,787,58553132,31.48
30.0,787,58553919,26.233333333333334
9.0,357,58554276,39.666666666666664
16.0,429,58554705,26.8125
10.0,294,58554999,29.4
7.0,198,58555197,28.285714285714285
16.0,440,58555637,27.5
5.0,181,58555818,36.2
10.0,291,58556109,29.1
9.0,312,58556421,34.666666666666664
22.0,695,58557116,31.59090909090909
20.0,483,58557599,24.15
9.0,318,58557917,35.333333333333336
29.0,867,58558784,29.896551724137932
27.0,800,58559584,29.62962962962963
26.0,777,58560361,29.884615384615383
14.0,467,58560828,33.357142857142854
9.0,266,58561094,29.555555555555557
15.0,370,58561464,24.666666666666668
13.0,487,58561951,37.46153846153846
9.0,230,58562181,25.555555555555557
10.0,343,58562524,34.3
21.0,430,58562954,20.476190476190474
21.0,553,58563507,26.333333333333332
17.0,442,58563949,26.0
27.0,724,58564673,26.814814814814813
15.0,394,58565067,26.266666666666666
23.0,711,58565778,30.91304347826087
33.0,1007,58566785,30.515151515151516
6.0,188,58566973,31.333333333333332
29.0,807,58567780,27.82758620689655
23.0,663,58568443,28.82608695652174
16.0,430,58568873,26.875
37.0,1049,58569922,28.35135135135135
27.0,649,58570571,24.037037037037038
19.0,481,58571052,25.31578947368421
15.0,470,58571522,31.333333333333332
11.0,253,58571775,23.0
18.0,545,58572320,30.27777777777778
12.0,381,58572701,31.75
13.0,490,58573191,37.69230769230769
25.0,916,58574107,36.64
8.0,236,58574343,29.5
19.0,634,58574977,33.36842105263158
32.0,844,58575821,26.375
24.0,668,58576489,27.833333333333332
16.0,392,58576881,24.5
11.0,313,58577194,28.454545454545453
18.0,500,58577694,27.77777777777778
27.0,914,58578608,33.851851851851855
11.0,311,58578919,28.272727272727273
19.0,640,58579559,33.68421052631579
17.0,453,58580012,26.647058823529413
22.0,608,58580620,27.636363636363637
11.0,313,58580933,28.454545454545453
20.0,576,58581509,28.8
17.0,498,58582007,29.294117647058822
7.0,223,58582230,31.857142857142858
6.0,230,58582460,38.333333333333336
31.0,914,58583374,29.483870967741936
9.0,253,58583627,28.11111111111111
12.0,326,58583953,27.166666666666668
15.0,461,58584414,30.733333333333334
22.0,770,58585184,35.0
23.0,671,58585855,29.17391304347826
12.0,420,58586275,35.0
16.0,477,58586752,29.8125
25.0,619,58587371,24.76
6.0,140,58587511,23.333333333333332
28.0,850,58588361,30.357142857142858
11.0,398,58588759,36.18181818181818
22.0,941,58589700,42.77272727272727
19.0,494,58590194,26.0
16.0,452,58590646,28.25
10.0,324,58590970,32.4
9.0,223,58591193,24.77777777777778
13.0,393,58591586,30.23076923076923
9.0,264,58591850,29.333333333333332
26.0,762,58592612,29.307692307692307
20.0,503,58593115,25.15
18.0,491,58593606,27.27777777777778
17.0,437,58594043,25.705882352941178
19.0,478,58594521,25.157894736842106
18.0,435,58594956,24.166666666666668
6.0,151,58595107,25.166666666666668
8.0,210,58595317,26.25
16.0,462,58595779,28.875
17.0,469,58596248,27.58823529411765
14.0,357,58596605,25.5
21.0,607,58597212,28.904761904761905
7.0,220,58597432,31.428571428571427
21.0,625,58598057,29.761904761904763
12.0,462,58598519,38.5
16.0,583,58599102,36.4375
26.0,755,58599857,29.03846153846154
15.0,392,58600249,26.133333333333333
6.0,173,58600422,28.833333333333332
17.0,593,58601015,34.88235294117647
14.0,279,58601294,19.928571428571427
14.0,509,58601803,36.357142857142854
19.0,583,58602386,30.68421052631579
25.0,653,58603039,26.12
10.0,277,58603316,27.7
11.0,492,58603808,44.72727272727273
30.0,747,58604555,24.9
21.0,562,58605117,26.761904761904763
20.0,645,58605762,32.25
20.0,463,58606225,23.15
15.0,410,58606635,27.333333333333332
10.0,271,58606906,27.1
13.0,352,58607258,27.076923076923077
8.0,232,58607490,29.0
8.0,297,58607787,37.125
18.0,498,58608285,27.666666666666668
10.0,361,58608646,36.1
16.0,488,58609134,30.5
16.0,439,58609573,27.4375
15.0,399,58609972,26.6
6.0,211,58610183,35.166666666666664
20.0,638,58610821,31.9
10.0,270,58611091,27.0
30.0,917,58612008,30.566666666666666
4.0,74,58612082,18.5
11.0,307,58612389,27.90909090909091
19.0,509,58612898,26.789473684210527
27.0,806,58613704,29.85185185185185
16.0,429,58614133,26.8125
17.0,456,58614589,26.823529411764707
15.0,366,58614955,24.4
11.0,366,58615321,33.27272727272727
10.0,302,58615623,30.2
14.0,481,58616104,34.357142857142854
10.0,231,58616335,23.1
9.0,254,58616589,28.22222222222222
11.0,313,58616902,28.454545454545453
5.0,136,58617038,27.2
13.0,278,58617316,21.384615384615383
16.0,537,58617853,33.5625
25.0,769,58618622,30.76
26.0,898,58619520,34.53846153846154
17.0,639,58620159,37.588235294117645
24.0,835,58620994,34.791666666666664
36.0,1207,58622201,33.52777777777778
5.0,115,58622316,23.0
22.0,700,58623016,31.818181818181817
18.0,511,58623527,28.38888888888889
11.0,392,58623919,35.63636363636363
18.0,560,58624479,31.11111111111111
9.0,404,58624883,44.888888888888886
12.0,342,58625225,28.5
14.0,439,58625664,31.357142857142858
14.0,514,58626178,36.714285714285715
22.0,708,58626886,32.18181818181818
19.0,586,58627472,30.842105263157894
7.0,225,58627697,32.142857142857146
14.0,356,58628053,25.428571428571427
20.0,650,58628703,32.5
24.0,701,58629404,29.208333333333332
23.0,690,58630094,30.0
10.0,391,58630485,39.1
41.0,1320,58631805,32.19512195121951
31.0,1012,58632817,32.645161290322584
18.0,448,58633265,24.88888888888889
6.0,99,58633364,16.5
24.0,658,58634022,27.416666666666668
25.0,625,58634647,25.0
21.0,603,58635250,28.714285714285715
21.0,622,58635872,29.61904761904762
27.0,863,58636735,31.962962962962962
15.0,497,58637232,33.13333333333333
14.0,476,58637708,34.0
11.0,352,58638060,32.0
4.0,96,58638156,24.0
18.0,533,58638689,29.61111111111111
19.0,684,58639373,36.0
5.0,162,58639535,32.4
34.0,1086,58640621,31.941176470588236
34.0,1014,58641635,29.823529411764707
21.0,619,58642254,29.476190476190474
20.0,507,58642761,25.35
16.0,540,58643301,33.75
11.0,291,58643592,26.454545454545453
20.0,452,58644044,22.6
26.0,860,58644904,33.07692307692308
19.0,543,58645447,28.57894736842105
28.0,691,58646138,24.678571428571427
21.0,513,58646651,24.428571428571427
30.0,874,58647525,29.133333333333333
20.0,520,58648045,26.0
27.0,697,58648742,25.814814814814813
15.0,434,58649176,28.933333333333334
25.0,902,58650078,36.08
20.0,540,58650618,27.0
14.0,361,58650979,25.785714285714285
10.0,319,58651298,31.9
20.0,472,58651770,23.6
24.0,924,58652694,38.5
12.0,497,58653191,41.416666666666664
5.0,187,58653378,37.4
7.0,301,58653679,43.0
19.0,464,58654143,24.42105263157895
11.0,281,58654424,25.545454545454547
23.0,630,58655054,27.391304347826086
22.0,533,58655587,24.227272727272727
14.0,364,58655951,26.0
25.0,705,58656656,28.2
3.0,87,58656743,29.0
17.0,478,58657221,28.11764705882353
14.0,444,58657665,31.714285714285715
20.0,599,58658264,29.95
28.0,783,58659047,27.964285714285715
8.0,268,58659315,33.5
5.0,130,58659445,26.0
8.0,231,58659676,28.875
37.0,1124,58660800,30.37837837837838
17.0,448,58661248,26.352941176470587
6.0,227,58661475,37.833333333333336
26.0,594,58662069,22.846153846153847
19.0,599,58662668,31.526315789473685
13.0,479,58663147,36.84615384615385
22.0,554,58663701,25.181818181818183
15.0,424,58664125,28.266666666666666
18.0,471,58664596,26.166666666666668
6.0,235,58664831,39.166666666666664
19.0,618,58665449,32.526315789473685
14.0,386,58665835,27.571428571428573
9.0,305,58666140,33.888888888888886
14.0,386,58666526,27.571428571428573
12.0,487,58667013,40.583333333333336
12.0,275,58667288,22.916666666666668
11.0,309,58667597,28.09090909090909
30.0,909,58668506,30.3
7.0,242,58668748,34.57142857142857
15.0,428,58669176,28.533333333333335
1.0,20,58669196,20.0
19.0,472,58669668,24.842105263157894
24.0,778,58670446,32.416666666666664
11.0,361,58670807,32.81818181818182
17.0,479,58671286,28.176470588235293
20.0,536,58671822,26.8
15.0,403,58672225,26.866666666666667
25.0,572,58672797,22.88
21.0,708,58673505,33.714285714285715
14.0,250,58673755,17.857142857142858
34.0,997,58674752,29.323529411764707
25.0,764,58675516,30.56
34.0,1189,58676705,34.970588235294116
13.0,475,58677180,36.53846153846154
20.0,637,58677817,31.85
12.0,313,58678130,26.083333333333332
28.0,905,58679035,32.32142857142857
9.0,263,58679298,29.22222222222222
34.0,1202,58680500,35.35294117647059
11.0,263,58680763,23.90909090909091
4.0,111,58680874,27.75
16.0,630,58681504,39.375
29.0,1240,58682744,42.758620689655174
18.0,479,58683223,26.61111111111111
31.0,1013,58684236,32.67741935483871
6.0,240,58684476,40.0
12.0,454,58684930,37.833333333333336
11.0,271,58685201,24.636363636363637
29.0,865,58686066,29.82758620689655
15.0,481,58686547,32.06666666666667
25.0,725,58687272,29.0
20.0,520,58687792,26.0
10.0,323,58688115,32.3
18.0,561,58688676,31.166666666666668
15.0,405,58689081,27.0
23.0,656,58689737,28.52173913043478
22.0,704,58690441,32.0
11.0,275,58690716,25.0
22.0,662,58691378,30.09090909090909
24.0,743,58692121,30.958333333333332
21.0,564,58692685,26.857142857142858
14.0,450,58693135,32.142857142857146
8.0,247,58693382,30.875
31.0,723,58694105,23.322580645161292
23.0,591,58694696,25.695652173913043
28.0,841,58695537,30.035714285714285
18.0,617,58696154,34.27777777777778
18.0,498,58696652,27.666666666666668
28.0,721,58697373,25.75
33.0,906,58698279,27.454545454545453
8.0,259,58698538,32.375
18.0,571,58699109,31.72222222222222
10.0,360,58699469,36.0
21.0,420,58699889,20.0
17.0,552,58700441,32.470588235294116
9.0,351,58700792,39.0
16.0,457,58701249,28.5625
23.0,703,58701952,30.565217391304348
28.0,913,58702865,32.607142857142854
44.0,1162,58704027,26.40909090909091
14.0,401,58704428,28.642857142857142
30.0,913,58705341,30.433333333333334
7.0,257,58705598,36.714285714285715
34.0,904,58706502,26.58823529411765
24.0,790,58707292,32.916666666666664
5.0,236,58707528,47.2
14.0,407,58707935,29.071428571428573
22.0,586,58708521,26.636363636363637
9.0,289,58708810,32.111111111111114
6.0,84,58708894,14.0
16.0,462,58709356,28.875
19.0,503,58709859,26.473684210526315
18.0,588,58710447,32.666666666666664
22.0,593,58711040,26.954545454545453
21.0,719,58711759,34.23809523809524
31.0,993,58712752,32.03225806451613
10.0,305,58713057,30.5
36.0,941,58713998,26.13888888888889
8.0,273,58714271,34.125
9.0,372,58714643,41.333333333333336
21.0,602,58715245,28.666666666666668
11.0,297,58715542,27.0
5.0,111,58715653,22.2
30.0,842,58716495,28.066666666666666
14.0,482,58716977,34.42857142857143
22.0,637,58717614,28.954545454545453
5.0,74,58717688,14.8
27.0,691,58718379,25.59259259259259
8.0,235,58718614,29.375
18.0,474,58719088,26.333333333333332
10.0,327,58719415,32.7
17.0,607,58720022,35.705882352941174
10.0,325,58720347,32.5
12.0,337,58720684,28.083333333333332
33.0,864,58721548,26.181818181818183
13.0,358,58721906,27.53846153846154
11.0,358,58722264,32.54545454545455
24.0,668,58722932,27.833333333333332
29.0,847,58723779,29.20689655172414
25.0,993,58724772,39.72
5.0,145,58724917,29.0
6.0,203,58725120,33.833333333333336
29.0,822,58725942,28.344827586206897
6.0,171,58726113,28.5
26.0,672,58726785,25.846153846153847
16.0,620,58727405,38.75
18.0,504,58727909,28.0
10.0,255,58728164,25.5
11.0,363,58728527,33.0
13.0,411,58728938,31.615384615384617
21.0,648,58729586,30.857142857142858
23.0,680,58730266,29.565217391304348
16.0,401,58730667,25.0625
27.0,781,58731448,28.925925925925927
15.0,434,58731882,28.933333333333334
22.0,503,58732385,22.863636363636363
22.0,794,58733179,36.09090909090909
15.0,466,58733645,31.066666666666666
25.0,696,58734341,27.84
10.0,318,58734659,31.8
39.0,1113,58735772,28.53846153846154
21.0,686,58736458,32.666666666666664
15.0,538,58736996,35.86666666666667
5.0,215,58737211,43.0
21.0,555,58737766,26.428571428571427
19.0,464,58738230,24.42105263157895
18.0,571,58738801,31.72222222222222
28.0,721,58739522,25.75
27.0,791,58740313,29.296296296296298
33.0,979,58741292,29.666666666666668
22.0,624,58741916,28.363636363636363
20.0,577,58742493,28.85
12.0,247,58742740,20.583333333333332
24.0,809,58743549,33.708333333333336
17.0,430,58743979,25.294117647058822
12.0,395,58744374,32.916666666666664
10.0,330,58744704,33.0
33.0,805,58745509,24.393939393939394
30.0,940,58746449,31.333333333333332
20.0,432,58746881,21.6
16.0,475,58747356,29.6875
29.0,843,58748199,29.06896551724138
15.0,534,58748733,35.6
11.0,335,58749068,30.454545454545453
11.0,345,58749413,31.363636363636363
9.0,248,58749661,27.555555555555557
28.0,855,58750516,30.535714285714285
25.0,728,58751244,29.12
30.0,767,58752011,25.566666666666666
13.0,440,58752451,33.84615384615385
17.0,481,58752932,28.294117647058822
33.0,807,58753739,24.454545454545453
14.0,480,58754219,34.285714285714285
26.0,1008,58755227,38.76923076923077
17.0,351,58755578,20.647058823529413
13.0,484,58756062,37.23076923076923
16.0,507,58756569,31.6875
25.0,818,58757387,32.72
34.0,1042,58758429,30.647058823529413
7.0,305,58758734,43.57142857142857
20.0,660,58759394,33.0
6.0,175,58759569,29.166666666666668
21.0,712,58760281,33.904761904761905
23.0,605,58760886,26.304347826086957
19.0,557,58761443,29.31578947368421
16.0,529,58761972,33.0625
11.0,411,58762383,37.36363636363637
33.0,890,58763273,26.96969696969697
10.0,309,58763582,30.9
18.0,517,58764099,28.72222222222222
15.0,554,58764653,36.93333333333333
30.0,862,58765515,28.733333333333334
14.0,374,58765889,26.714285714285715
22.0,622,58766511,28.272727272727273
32.0,941,58767452,29.40625
20.0,445,58767897,22.25
20.0,595,58768492,29.75
43.0,1254,58769746,29.162790697674417
23.0,704,58770450,30.608695652173914
8.0,343,58770793,42.875
13.0,472,58771265,36.30769230769231
9.0,251,58771516,27.88888888888889
33.0,862,58772378,26.12121212121212
13.0,312,58772690,24.0
27.0,909,58773599,33.666666666666664
8.0,260,58773859,32.5
6.0,155,58774014,25.833333333333332
19.0,497,58774511,26.157894736842106
25.0,715,58775226,28.6
22.0,680,58775906,30.90909090909091
12.0,337,58776243,28.083333333333332
30.0,715,58776958,23.833333333333332
22.0,659,58777617,29.954545454545453
21.0,720,58778337,34.285714285714285
22.0,646,58778983,29.363636363636363
17.0,601,58779584,35.35294117647059
31.0,882,58780466,28.451612903225808
13.0,532,58780998,40.92307692307692
23.0,812,58781810,35.30434782608695
34.0,1120,58782930,32.94117647058823
21.0,652,58783582,31.047619047619047
5.0,146,58783728,29.2
22.0,567,58784295,25.772727272727273
22.0,671,58784966,30.5
29.0,703,58785669,24.24137931034483
20.0,617,58786286,30.85
8.0,250,58786536,31.25
30.0,806,58787342,26.866666666666667
10.0,314,58787656,31.4
26.0,1027,58788683,39.5
15.0,454,58789137,30.266666666666666
15.0,502,58789639,33.46666666666667
23.0,673,58790312,29.26086956521739
20.0,522,58790834,26.1
31.0,841,58791675,27.129032258064516
16.0,511,58792186,31.9375
32.0,926,58793112,28.9375
17.0,537,58793649,31.58823529411765
5.0,199,58793848,39.8
25.0,724,58794572,28.96
23.0,762,58795334,33.130434782608695
19.0,594,58795928,31.263157894736842
13.0,520,58796448,40.0
18.0,618,58797066,34.333333333333336
19.0,661,58797727,34.78947368421053
14.0,405,58798132,28.928571428571427
18.0,500,58798632,27.77777777777778
10.0,364,58798996,36.4
24.0,760,58799756,31.666666666666668
25.0,906,58800662,36.24
32.0,1037,58801699,32.40625
9.0,282,58801981,31.333333333333332
9.0,249,58802230,27.666666666666668
18.0,556,58802786,30.88888888888889
28.0,749,58803535,26.75
32.0,1097,58804632,34.28125
13.0,363,58804995,27.923076923076923
5.0,129,58805124,25.8
17.0,485,58805609,28.529411764705884
5.0,104,58805713,20.8
31.0,1065,58806778,34.354838709677416
14.0,449,58807227,32.07142857142857
19.0,565,58807792,29.736842105263158
15.0,463,58808255,30.866666666666667
12.0,342,58808597,28.5
12.0,329,58808926,27.416666666666668
27.0,939,58809865,34.77777777777778
17.0,543,58810408,31.941176470588236
30.0,860,58811268,28.666666666666668
8.0,249,58811517,31.125
22.0,530,58812047,24.09090909090909
12.0,381,58812428,31.75
14.0,464,58812892,33.142857142857146
6.0,189,58813081,31.5
23.0,585,58813666,25.434782608695652
15.0,401,58814067,26.733333333333334
10.0,212,58814279,21.2
18.0,465,58814744,25.833333333333332
18.0,615,58815359,34.166666666666664
15.0,603,58815962,40.2
2.0,49,58816011,24.5
6.0,134,58816145,22.333333333333332
22.0,776,58816921,35.27272727272727
30.0,795,58817716,26.5
15.0,303,58818019,20.2
9.0,156,58818175,17.333333333333332
12.0,396,58818571,33.0
32.0,910,58819481,28.4375
19.0,556,58820037,29.263157894736842
14.0,298,58820335,21.285714285714285
19.0,515,58820850,27.105263157894736
7.0,168,58821018,24.0
8.0,353,58821371,44.125
14.0,436,58821807,31.142857142857142
11.0,277,58822084,25.181818181818183
25.0,940,58823024,37.6
23.0,516,58823540,22.434782608695652
1.0,96,58823636,96.0
1.0,70,58823706,70.0
12.0,320,58824026,26.666666666666668
18.0,563,58824589,31.27777777777778
26.0,789,58825378,30.346153846153847
29.0,847,58826225,29.20689655172414
19.0,532,58826757,28.0
1.0,34,58826791,34.0
23.0,738,58827529,32.08695652173913
8.0,233,58827762,29.125
18.0,547,58828309,30.38888888888889
19.0,546,58828855,28.736842105263158
7.0,222,58829077,31.714285714285715
12.0,307,58829384,25.583333333333332
1.0,19,58829403,19.0
15.0,558,58829961,37.2
38.0,1199,58831160,31.55263157894737
3.0,75,58831235,25.0
7.0,226,58831461,32.285714285714285
18.0,532,58831993,29.555555555555557
26.0,982,58832975,37.76923076923077
28.0,898,58833873,32.07142857142857
12.0,425,58834298,35.416666666666664
24.0,790,58835088,32.916666666666664
27.0,931,58836019,34.48148148148148
34.0,966,58836985,28.41176470588235
19.0,439,58837424,23.105263157894736
26.0,724,58838148,27.846153846153847
24.0,793,58838941,33.041666666666664
1.0,20,58838961,20.0
36.0,921,58839882,25.583333333333332
14.0,477,58840359,34.07142857142857
3.0,132,58840491,44.0
40.0,1429,58841920,35.725
12.0,295,58842215,24.583333333333332
15.0,519,58842734,34.6
17.0,431,58843165,25.352941176470587
13.0,401,58843566,30.846153846153847
2.0,110,58843676,55.0
29.0,796,58844472,27.448275862068964
18.0,517,58844989,28.72222222222222
10.0,318,58845307,31.8
5.0,166,58845473,33.2
7.0,288,58845761,41.142857142857146
4.0,134,58845895,33.5
16.0,573,58846468,35.8125
15.0,468,58846936,31.2
2.0,127,58847063,63.5
17.0,503,58847566,29.58823529411765
5.0,99,58847665,19.8
23.0,762,58848427,33.130434782608695
11.0,306,58848733,27.818181818181817
11.0,339,58849072,30.818181818181817
27.0,843,58849915,31.22222222222222
8.0,189,58850104,23.625
2.0,31,58850135,15.5
19.0,571,58850706,30.05263157894737
14.0,520,58851226,37.142857142857146
14.0,518,58851744,37.0
13.0,420,58852164,32.30769230769231
6.0,105,58852269,17.5
6.0,122,58852391,20.333333333333332
20.0,457,58852848,22.85
19.0,606,58853454,31.894736842105264
18.0,603,58854057,33.5
16.0,480,58854537,30.0
33.0,1035,58855572,31.363636363636363
1.0,17,58855589,17.0
21.0,718,58856307,34.19047619047619
3.0,121,58856428,40.333333333333336
9.0,144,58856572,16.0
16.0,450,58857022,28.125
22.0,587,58857609,26.681818181818183
6.0,200,58857809,33.333333333333336
17.0,491,58858300,28.88235294117647
14.0,400,58858700,28.571428571428573
4.0,166,58858866,41.5
1.0,13,58858879,13.0
6.0,184,58859063,30.666666666666668
28.0,927,58859990,33.107142857142854
13.0,407,58860397,31.307692307692307
6.0,265,58860662,44.166666666666664
32.0,816,58861478,25.5
11.0,249,58861727,22.636363636363637
31.0,739,58862466,23.838709677419356
7.0,125,58862591,17.857142857142858
12.0,384,58862975,32.0
20.0,641,58863616,32.05
15.0,458,58864074,30.533333333333335
4.0,66,58864140,16.5
8.0,221,58864361,27.625
22.0,712,58865073,32.36363636363637
21.0,611,58865684,29.095238095238095
18.0,332,58866016,18.444444444444443
6.0,231,58866247,38.5
12.0,369,58866616,30.75
24.0,711,58867327,29.625
31.0,957,58868284,30.870967741935484
25.0,658,58868942,26.32
26.0,902,58869844,34.69230769230769
19.0,730,58870574,38.421052631578945
11.0,355,58870929,32.27272727272727
25.0,693,58871622,27.72
24.0,660,58872282,27.5
7.0,198,58872480,28.285714285714285
22.0,486,58872966,22.09090909090909
9.0,254,58873220,28.22222222222222
16.0,460,58873680,28.75
20.0,698,58874378,34.9
31.0,1016,58875394,32.774193548387096
6.0,263,58875657,43.833333333333336
22.0,701,58876358,31.863636363636363
5.0,231,58876589,46.2
24.0,766,58877355,31.916666666666668
7.0,220,58877575,31.428571428571427
12.0,347,58877922,28.916666666666668
8.0,228,58878150,28.5
23.0,606,58878756,26.347826086956523
27.0,875,58879631,32.407407407407405
18.0,533,58880164,29.61111111111111
10.0,326,58880490,32.6
11.0,371,58880861,33.72727272727273
15.0,395,58881256,26.333333333333332
15.0,458,58881714,30.533333333333335
2.0,63,58881777,31.5
21.0,706,58882483,33.61904761904762
16.0,417,58882900,26.0625
24.0,685,58883585,28.541666666666668
26.0,728,58884313,28.0
11.0,248,58884561,22.545454545454547
24.0,730,58885291,30.416666666666668
16.0,450,58885741,28.125
32.0,918,58886659,28.6875
10.0,313,58886972,31.3
27.0,767,58887739,28.40740740740741
10.0,288,58888027,28.8
32.0,860,58888887,26.875
17.0,495,58889382,29.11764705882353
19.0,514,58889896,27.05263157894737
13.0,385,58890281,29.615384615384617
14.0,419,58890700,29.928571428571427
9.0,316,58891016,35.111111111111114
12.0,262,58891278,21.833333333333332
19.0,638,58891916,33.578947368421055
10.0,244,58892160,24.4
29.0,775,58892935,26.724137931034484
6.0,241,58893176,40.166666666666664
18.0,582,58893758,32.333333333333336
1.0,36,58893794,36.0
20.0,430,58894224,21.5
39.0,1413,58895637,36.23076923076923
7.0,190,58895827,27.142857142857142
10.0,377,58896204,37.7
34.0,1044,58897248,30.705882352941178
12.0,448,58897696,37.333333333333336
31.0,788,58898484,25.419354838709676
19.0,486,58898970,25.57894736842105
31.0,845,58899815,27.258064516129032
7.0,391,58900206,55.857142857142854
15.0,490,58900696,32.666666666666664
17.0,578,58901274,34.0
12.0,302,58901576,25.166666666666668
9.0,164,58901740,18.22222222222222
16.0,534,58902274,33.375
5.0,164,58902438,32.8
13.0,323,58902761,24.846153846153847
25.0,810,58903571,32.4
15.0,483,58904054,32.2
26.0,773,58904827,29.73076923076923
10.0,297,58905124,29.7
27.0,763,58905887,28.25925925925926
21.0,546,58906433,26.0
32.0,834,58907267,26.0625
21.0,603,58907870,28.714285714285715
16.0,439,58908309,27.4375
37.0,1112,58909421,30.054054054054053
13.0,412,58909833,31.692307692307693
11.0,386,58910219,35.09090909090909
32.0,873,58911092,27.28125
16.0,457,58911549,28.5625
18.0,537,58912086,29.833333333333332
19.0,501,58912587,26.36842105263158
5.0,212,58912799,42.4
16.0,598,58913397,37.375
29.0,970,58914367,33.44827586206897
20.0,567,58914934,28.35
3.0,50,58914984,16.666666666666668
25.0,753,58915737,30.12
27.0,844,58916581,31.25925925925926
22.0,720,58917301,32.72727272727273
38.0,1195,58918496,31.44736842105263
29.0,812,58919308,28.0
1.0,18,58919326,18.0
25.0,862,58920188,34.48
6.0,170,58920358,28.333333333333332
22.0,516,58920874,23.454545454545453
10.0,346,58921220,34.6
4.0,83,58921303,20.75
2.0,96,58921399,48.0
35.0,1185,58922584,33.857142857142854
21.0,634,58923218,30.19047619047619
16.0,535,58923753,33.4375
19.0,564,58924317,29.68421052631579
23.0,655,58924972,28.47826086956522
18.0,569,58925541,31.61111111111111
12.0,398,58925939,33.166666666666664
12.0,354,58926293,29.5
14.0,463,58926756,33.07142857142857
21.0,624,58927380,29.714285714285715
35.0,1213,58928593,34.65714285714286
19.0,701,58929294,36.89473684210526
14.0,328,58929622,23.428571428571427
1.0,84,58929706,84.0
7.0,208,58929914,29.714285714285715
22.0,663,58930577,30.136363636363637
4.0,168,58930745,42.0
23.0,655,58931400,28.47826086956522
25.0,770,58932170,30.8
18.0,527,58932697,29.27777777777778
14.0,399,58933096,28.5
13.0,389,58933485,29.923076923076923
25.0,769,58934254,30.76
1.0,41,58934295,41.0
13.0,426,58934721,32.76923076923077
21.0,639,58935360,30.428571428571427
26.0,791,58936151,30.423076923076923
26.0,712,58936863,27.384615384615383
20.0,499,58937362,24.95
17.0,526,58937888,30.941176470588236
25.0,711,58938599,28.44
15.0,566,58939165,37.733333333333334
7.0,233,58939398,33.285714285714285
3.0,82,58939480,27.333333333333332
25.0,663,58940143,26.52
14.0,433,58940576,30.928571428571427
20.0,617,58941193,30.85
17.0,468,58941661,27.529411764705884
8.0,219,58941880,27.375
13.0,467,58942347,35.92307692307692
25.0,730,58943077,29.2
25.0,746,58943823,29.84
19.0,439,58944262,23.105263157894736
21.0,575,58944837,27.38095238095238
31.0,861,58945698,27.774193548387096
16.0,407,58946105,25.4375
30.0,1000,58947105,33.333333333333336
20.0,560,58947665,28.0
18.0,569,58948234,31.61111111111111
3.0,170,58948404,56.666666666666664
7.0,251,58948655,35.857142857142854
8.0,253,58948908,31.625
22.0,599,58949507,27.227272727272727
22.0,744,58950251,33.81818181818182
10.0,283,58950534,28.3
5.0,177,58950711,35.4
18.0,486,58951197,27.0
13.0,308,58951505,23.692307692307693
17.0,578,58952083,34.0
36.0,1262,58953345,35.05555555555556
5.0,193,58953538,38.6
21.0,685,58954223,32.61904761904762
7.0,251,58954474,35.857142857142854
10.0,280,58954754,28.0
10.0,324,58955078,32.4
17.0,418,58955496,24.58823529411765
3.0,89,58955585,29.666666666666668
14.0,429,58956014,30.642857142857142
11.0,373,58956387,33.90909090909091
25.0,572,58956959,22.88
14.0,367,58957326,26.214285714285715
3.0,57,58957383,19.0
11.0,312,58957695,28.363636363636363
6.0,250,58957945,41.666666666666664
9.0,310,58958255,34.44444444444444
5.0,85,58958340,17.0
12.0,384,58958724,32.0
14.0,382,58959106,27.285714285714285
6.0,222,58959328,37.0
21.0,649,58959977,30.904761904761905
7.0,302,58960279,43.142857142857146
3.0,115,58960394,38.333333333333336
15.0,425,58960819,28.333333333333332
6.0,147,58960966,24.5
16.0,400,58961366,25.0
1.0,27,58961393,27.0
18.0,415,58961808,23.055555555555557
26.0,798,58962606,30.692307692307693
16.0,537,58963143,33.5625
3.0,116,58963259,38.666666666666664
12.0,347,58963606,28.916666666666668
20.0,640,58964246,32.0
16.0,478,58964724,29.875
23.0,817,58965541,35.52173913043478
6.0,244,58965785,40.666666666666664
5.0,245,58966030,49.0
6.0,217,58966247,36.166666666666664
28.0,794,58967041,28.357142857142858
5.0,167,58967208,33.4
5.0,225,58967433,45.0
9.0,308,58967741,34.22222222222222
8.0,231,58967972,28.875
12.0,352,58968324,29.333333333333332
5.0,160,58968484,32.0
7.0,233,58968717,33.285714285714285
24.0,642,58969359,26.75
14.0,361,58969720,25.785714285714285
29.0,918,58970638,31.655172413793103
5.0,206,58970844,41.2
29.0,788,58971632,27.17241379310345
32.0,951,58972583,29.71875
19.0,474,58973057,24.94736842105263
9.0,183,58973240,20.333333333333332
2.0,119,58973359,59.5
10.0,281,58973640,28.1
15.0,489,58974129,32.6
5.0,195,58974324,39.0
16.0,485,58974809,30.3125
6.0,201,58975010,33.5
17.0,590,58975600,34.705882352941174
10.0,309,58975909,30.9
17.0,391,58976300,23.0
19.0,657,58976957,34.578947368421055
20.0,560,58977517,28.0
13.0,412,58977929,31.692307692307693
18.0,589,58978518,32.72222222222222
14.0,486,58979004,34.714285714285715
6.0,184,58979188,30.666666666666668
23.0,869,58980057,37.78260869565217
17.0,564,58980621,33.1764705882353
14.0,528,58981149,37.714285714285715
22.0,714,58981863,32.45454545454545
19.0,633,58982496,33.31578947368421
19.0,603,58983099,31.736842105263158
21.0,779,58983878,37.095238095238095
24.0,655,58984533,27.291666666666668
18.0,516,58985049,28.666666666666668
19.0,455,58985504,23.94736842105263
11.0,238,58985742,21.636363636363637
24.0,742,58986484,30.916666666666668
24.0,813,58987297,33.875
34.0,811,58988108,23.852941176470587
2.0,106,58988214,53.0
20.0,702,58988916,35.1
6.0,189,58989105,31.5
1.0,50,58989155,50.0
24.0,752,58989907,31.333333333333332
12.0,316,58990223,26.333333333333332
17.0,431,58990654,25.352941176470587
6.0,187,58990841,31.166666666666668
5.0,209,58991050,41.8
12.0,497,58991547,41.416666666666664
19.0,569,58992116,29.94736842105263
5.0,174,58992290,34.8
12.0,463,58992753,38.583333333333336
4.0,110,58992863,27.5
30.0,794,58993657,26.466666666666665
19.0,486,58994143,25.57894736842105
1.0,79,58994222,79.0
10.0,366,58994588,36.6
21.0,603,58995191,28.714285714285715
22.0,737,58995928,33.5
4.0,231,58996159,57.75
4.0,121,58996280,30.25
24.0,658,58996938,27.416666666666668
10.0,412,58997350,41.2
2.0,102,58997452,51.0
15.0,316,58997768,21.066666666666666
10.0,277,58998045,27.7
21.0,638,58998683,30.38095238095238
15.0,550,58999233,36.666666666666664
14.0,359,58999592,25.642857142857142
3.0,58,58999650,19.333333333333332
26.0,906,59000556,34.84615384615385
21.0,762,59001318,36.285714285714285
25.0,744,59002062,29.76
14.0,450,59002512,32.142857142857146
22.0,857,59003369,38.95454545454545
10.0,293,59003662,29.3
12.0,344,59004006,28.666666666666668
4.0,110,59004116,27.5
5.0,153,59004269,30.6
11.0,331,59004600,30.09090909090909
15.0,506,59005106,33.733333333333334
10.0,353,59005459,35.3
19.0,531,59005990,27.94736842105263
2.0,26,59006016,13.0
13.0,430,59006446,33.07692307692308
9.0,333,59006779,37.0
17.0,477,59007256,28.058823529411764
15.0,409,59007665,27.266666666666666
23.0,568,59008233,24.695652173913043
22.0,650,59008883,29.545454545454547
9.0,271,59009154,30.11111111111111
30.0,896,59010050,29.866666666666667
8.0,346,59010396,43.25
14.0,483,59010879,34.5
3.0,74,59010953,24.666666666666668
38.0,900,59011853,23.68421052631579
12.0,473,59012326,39.416666666666664
19.0,726,59013052,38.21052631578947
7.0,282,59013334,40.285714285714285
2.0,17,59013351,8.5
2.0,73,59013424,36.5
25.0,808,59014232,32.32
15.0,310,59014542,20.666666666666668
18.0,604,59015146,33.55555555555556
7.0,220,59015366,31.428571428571427
2.0,64,59015430,32.0
35.0,919,59016349,26.257142857142856
16.0,508,59016857,31.75
2.0,16,59016873,8.0
16.0,448,59017321,28.0
5.0,74,59017395,14.8
2.0,72,59017467,36.0
6.0,223,59017690,37.166666666666664
26.0,837,59018527,32.19230769230769
19.0,615,59019142,32.36842105263158
1.0,84,59019226,84.0
24.0,779,59020005,32.458333333333336
26.0,771,59020776,29.653846153846153
31.0,900,59021676,29.032258064516128
1.0,40,59021716,40.0
11.0,243,59021959,22.09090909090909
9.0,255,59022214,28.333333333333332
8.0,290,59022504,36.25
8.0,287,59022791,35.875
14.0,361,59023152,25.785714285714285
7.0,227,59023379,32.42857142857143
15.0,318,59023697,21.2
11.0,219,59023916,19.90909090909091
8.0,239,59024155,29.875
21.0,541,59024696,25.761904761904763
5.0,174,59024870,34.8
22.0,615,59025485,27.954545454545453
18.0,434,59025919,24.11111111111111
15.0,413,59026332,27.533333333333335
14.0,393,59026725,28.071428571428573
14.0,349,59027074,24.928571428571427
38.0,1088,59028162,28.63157894736842
15.0,365,59028527,24.333333333333332
4.0,111,59028638,27.75
25.0,725,59029363,29.0
20.0,663,59030026,33.15
8.0,203,59030229,25.375
22.0,716,59030945,32.54545454545455
16.0,416,59031361,26.0
16.0,462,59031823,28.875
13.0,392,59032215,30.153846153846153
2.0,81,59032296,40.5
12.0,326,59032622,27.166666666666668
1.0,13,59032635,13.0
31.0,971,59033606,31.322580645161292
24.0,526,59034132,21.916666666666668
11.0,321,59034453,29.181818181818183
34.0,975,59035428,28.676470588235293
12.0,318,59035746,26.5
7.0,208,59035954,29.714285714285715
18.0,535,59036489,29.72222222222222
13.0,536,59037025,41.23076923076923
6.0,144,59037169,24.0
24.0,750,59037919,31.25
22.0,556,59038475,25.272727272727273
24.0,692,59039167,28.833333333333332
22.0,674,59039841,30.636363636363637
1.0,15,59039856,15.0
34.0,1048,59040904,30.823529411764707
12.0,439,59041343,36.583333333333336
33.0,1010,59042353,30.606060606060606
1.0,39,59042392,39.0
9.0,241,59042633,26.77777777777778
18.0,586,59043219,32.55555555555556
4.0,149,59043368,37.25
18.0,571,59043939,31.72222222222222
27.0,674,59044613,24.962962962962962
27.0,909,59045522,33.666666666666664
13.0,251,59045773,19.307692307692307
19.0,592,59046365,31.157894736842106
7.0,149,59046514,21.285714285714285
19.0,518,59047032,27.263157894736842
21.0,644,59047676,30.666666666666668
23.0,820,59048496,35.65217391304348
7.0,232,59048728,33.142857142857146
24.0,869,59049597,36.208333333333336
2.0,43,59049640,21.5
10.0,288,59049928,28.8
27.0,939,59050867,34.77777777777778
22.0,736,59051603,33.45454545454545
19.0,626,59052229,32.94736842105263
9.0,277,59052506,30.77777777777778
7.0,227,59052733,32.42857142857143
2.0,87,59052820,43.5
10.0,303,59053123,30.3
12.0,439,59053562,36.583333333333336
26.0,864,59054426,33.23076923076923
2.0,123,59054549,61.5
6.0,226,59054775,37.666666666666664
3.0,84,59054859,28.0
19.0,599,59055458,31.526315789473685
26.0,887,59056345,34.11538461538461
9.0,341,59056686,37.888888888888886
36.0,1064,59057750,29.555555555555557
19.0,601,59058351,31.63157894736842
28.0,704,59059055,25.142857142857142
26.0,843,59059898,32.42307692307692
17.0,450,59060348,26.470588235294116
17.0,468,59060816,27.529411764705884
15.0,442,59061258,29.466666666666665
1.0,22,59061280,22.0
3.0,172,59061452,57.333333333333336
16.0,486,59061938,30.375
8.0,320,59062258,40.0
27.0,767,59063025,28.40740740740741
34.0,1097,59064122,32.26470588235294
6.0,172,59064294,28.666666666666668
29.0,881,59065175,30.379310344827587
12.0,268,59065443,22.333333333333332
20.0,516,59065959,25.8
11.0,333,59066292,30.272727272727273
4.0,118,59066410,29.5
17.0,432,59066842,25.41176470588235
25.0,803,59067645,32.12
6.0,214,59067859,35.666666666666664
19.0,519,59068378,27.31578947368421
22.0,835,59069213,37.95454545454545
19.0,564,59069777,29.68421052631579
16.0,515,59070292,32.1875
9.0,256,59070548,28.444444444444443
12.0,418,59070966,34.833333333333336
11.0,320,59071286,29.09090909090909
16.0,476,59071762,29.75
20.0,617,59072379,30.85
15.0,432,59072811,28.8
3.0,105,59072916,35.0
20.0,658,59073574,32.9
33.0,902,59074476,27.333333333333332
27.0,790,59075266,29.25925925925926
27.0,727,59075993,26.925925925925927
25.0,782,59076775,31.28
20.0,543,59077318,27.15
20.0,702,59078020,35.1
17.0,465,59078485,27.352941176470587
13.0,350,59078835,26.923076923076923
5.0,106,59078941,21.2
10.0,310,59079251,31.0
12.0,261,59079512,21.75
15.0,380,59079892,25.333333333333332
13.0,416,59080308,32.0
6.0,150,59080458,25.0
9.0,296,59080754,32.888888888888886
3.0,158,59080912,52.666666666666664
14.0,354,59081266,25.285714285714285
18.0,610,59081876,33.888888888888886
30.0,974,59082850,32.46666666666667
24.0,513,59083363,21.375
6.0,139,59083502,23.166666666666668
22.0,793,59084295,36.04545454545455
11.0,274,59084569,24.90909090909091
22.0,683,59085252,31.045454545454547
19.0,526,59085778,27.68421052631579
9.0,292,59086070,32.44444444444444
9.0,266,59086336,29.555555555555557
25.0,886,59087222,35.44
21.0,497,59087719,23.666666666666668
34.0,843,59088562,24.794117647058822
30.0,747,59089309,24.9
11.0,325,59089634,29.545454545454547
6.0,212,59089846,35.333333333333336
10.0,325,59090171,32.5
24.0,706,59090877,29.416666666666668
2.0,73,59090950,36.5
13.0,474,59091424,36.46153846153846
6.0,224,59091648,37.333333333333336
20.0,563,59092211,28.15
14.0,463,59092674,33.07142857142857
8.0,316,59092990,39.5
18.0,704,59093694,39.111111111111114
2.0,53,59093747,26.5
9.0,278,59094025,30.88888888888889
8.0,172,59094197,21.5
17.0,437,59094634,25.705882352941178
10.0,349,59094983,34.9
18.0,545,59095528,30.27777777777778
16.0,541,59096069,33.8125
43.0,1147,59097216,26.674418604651162
12.0,370,59097586,30.833333333333332
2.0,87,59097673,43.5
24.0,696,59098369,29.0
21.0,705,59099074,33.57142857142857
20.0,577,59099651,28.85
7.0,229,59099880,32.714285714285715
22.0,648,59100528,29.454545454545453
10.0,334,59100862,33.4
29.0,884,59101746,30.482758620689655
23.0,765,59102511,33.26086956521739
8.0,312,59102823,39.0
14.0,412,59103235,29.428571428571427
15.0,437,59103672,29.133333333333333
10.0,299,59103971,29.9
8.0,194,59104165,24.25
14.0,390,59104555,27.857142857142858
1.0,80,59104635,80.0
17.0,475,59105110,27.941176470588236
22.0,731,59105841,33.22727272727273
24.0,645,59106486,26.875
25.0,873,59107359,34.92
7.0,159,59107518,22.714285714285715
6.0,211,59107729,35.166666666666664
21.0,658,59108387,31.333333333333332
18.0,602,59108989,33.44444444444444
3.0,164,59109153,54.666666666666664
14.0,454,59109607,32.42857142857143
34.0,1028,59110635,30.235294117647058
5.0,69,59110704,13.8
3.0,65,59110769,21.666666666666668
14.0,309,59111078,22.071428571428573
17.0,555,59111633,32.64705882352941
8.0,188,59111821,23.5
13.0,478,59112299,36.76923076923077
16.0,451,59112750,28.1875
19.0,582,59113332,30.63157894736842
2.0,73,59113405,36.5
9.0,270,59113675,30.0
20.0,591,59114266,29.55
4.0,183,59114449,45.75
4.0,145,59114594,36.25
18.0,466,59115060,25.88888888888889
25.0,727,59115787,29.08
22.0,661,59116448,30.045454545454547
22.0,625,59117073,28.40909090909091
21.0,690,59117763,32.857142857142854
19.0,495,59118258,26.05263157894737
11.0,319,59118577,29.0
5.0,156,59118733,31.2
4.0,97,59118830,24.25
14.0,448,59119278,32.0
4.0,75,59119353,18.75
4.0,165,59119518,41.25
16.0,518,59120036,32.375
33.0,755,59120791,22.87878787878788
22.0,640,59121431,29.09090909090909
1.0,17,59121448,17.0
22.0,458,59121906,20.818181818181817
11.0,336,59122242,30.545454545454547
18.0,629,59122871,34.94444444444444
15.0,564,59123435,37.6
17.0,598,59124033,35.1764705882353
23.0,715,59124748,31.08695652173913
5.0,179,59124927,35.8
4.0,184,59125111,46.0
26.0,761,59125872,29.26923076923077
12.0,303,59126175,25.25
9.0,342,59126517,38.0
25.0,738,59127255,29.52
27.0,705,59127960,26.11111111111111
3.0,75,59128035,25.0
13.0,325,59128360,25.0
22.0,782,59129142,35.54545454545455
17.0,468,59129610,27.529411764705884
30.0,985,59130595,32.833333333333336
15.0,406,59131001,27.066666666666666
1.0,73,59131074,73.0
19.0,653,59131727,34.36842105263158
16.0,564,59132291,35.25
17.0,572,59132863,33.64705882352941
7.0,167,59133030,23.857142857142858
31.0,1121,59134151,36.16129032258065
1.0,18,59134169,18.0
19.0,568,59134737,29.894736842105264
28.0,752,59135489,26.857142857142858
11.0,325,59135814,29.545454545454547
20.0,638,59136452,31.9
20.0,542,59136994,27.1
17.0,518,59137512,30.470588235294116
4.0,90,59137602,22.5
28.0,747,59138349,26.678571428571427
30.0,986,59139335,32.86666666666667
27.0,792,59140127,29.333333333333332
24.0,745,59140872,31.041666666666668
17.0,571,59141443,33.588235294117645
17.0,570,59142013,33.529411764705884
9.0,257,59142270,28.555555555555557
22.0,835,59143105,37.95454545454545
11.0,267,59143372,24.272727272727273
12.0,422,59143794,35.166666666666664
21.0,693,59144487,33.0
14.0,420,59144907,30.0
28.0,840,59145747,30.0
21.0,736,59146483,35.04761904761905
7.0,189,59146672,27.0
28.0,933,59147605,33.32142857142857
23.0,658,59148263,28.608695652173914
29.0,832,59149095,28.689655172413794
2.0,53,59149148,26.5
17.0,416,59149564,24.470588235294116
13.0,397,59149961,30.53846153846154
9.0,324,59150285,36.0
17.0,556,59150841,32.705882352941174
26.0,657,59151498,25.26923076923077
35.0,946,59152444,27.02857142857143
13.0,437,59152881,33.61538461538461
27.0,793,59153674,29.37037037037037
29.0,802,59154476,27.655172413793103
7.0,194,59154670,27.714285714285715
17.0,496,59155166,29.176470588235293
20.0,614,59155780,30.7
11.0,402,59156182,36.54545454545455
14.0,419,59156601,29.928571428571427
12.0,341,59156942,28.416666666666668
18.0,609,59157551,33.833333333333336
27.0,936,59158487,34.666666666666664
10.0,293,59158780,29.3
18.0,724,59159504,40.22222222222222
13.0,398,59159902,30.615384615384617
27.0,1042,59160944,38.592592592592595
17.0,482,59161426,28.352941176470587
18.0,607,59162033,33.72222222222222
3.0,127,59162160,42.333333333333336
20.0,546,59162706,27.3
11.0,357,59163063,32.45454545454545
30.0,827,59163890,27.566666666666666
10.0,399,59164289,39.9
10.0,299,59164588,29.9
31.0,845,59165433,27.258064516129032
9.0,314,59165747,34.888888888888886
20.0,728,59166475,36.4
25.0,952,59167427,38.08
5.0,214,59167641,42.8
22.0,629,59168270,28.59090909090909
6.0,159,59168429,26.5
13.0,397,59168826,30.53846153846154
7.0,258,59169084,36.857142857142854
25.0,601,59169685,24.04
10.0,250,59169935,25.0
2.0,75,59170010,37.5
25.0,669,59170679,26.76
2.0,126,59170805,63.0
5.0,214,59171019,42.8
14.0,366,59171385,26.142857142857142
27.0,785,59172170,29.074074074074073
13.0,377,59172547,29.0
27.0,836,59173383,30.962962962962962
7.0,259,59173642,37.0
12.0,366,59174008,30.5
21.0,669,59174677,31.857142857142858
30.0,919,59175596,30.633333333333333
29.0,905,59176501,31.20689655172414
10.0,291,59176792,29.1
9.0,325,59177117,36.111111111111114
18.0,607,59177724,33.72222222222222
33.0,980,59178704,29.696969696969695
18.0,661,59179365,36.72222222222222
1.0,38,59179403,38.0
12.0,439,59179842,36.583333333333336
24.0,786,59180628,32.75
35.0,1223,59181851,34.94285714285714
3.0,160,59182011,53.333333333333336
8.0,289,59182300,36.125
22.0,623,59182923,28.318181818181817
8.0,181,59183104,22.625
22.0,645,59183749,29.318181818181817
32.0,959,59184708,29.96875
29.0,784,59185492,27.03448275862069
18.0,441,59185933,24.5
27.0,791,59186724,29.296296296296298
6.0,195,59186919,32.5
16.0,363,59187282,22.6875
23.0,597,59187879,25.956521739130434
13.0,433,59188312,33.30769230769231
13.0,374,59188686,28.76923076923077
24.0,549,59189235,22.875
23.0,835,59190070,36.30434782608695
26.0,672,59190742,25.846153846153847
11.0,252,59190994,22.90909090909091
19.0,611,59191605,32.1578947368421
42.0,1088,59192693,25.904761904761905
9.0,250,59192943,27.77777777777778
20.0,417,59193360,20.85
20.0,524,59193884,26.2
5.0,164,59194048,32.8
28.0,1061,59195109,37.892857142857146
8.0,235,59195344,29.375
6.0,157,59195501,26.166666666666668
21.0,568,59196069,27.047619047619047
8.0,230,59196299,28.75
18.0,563,59196862,31.27777777777778
17.0,572,59197434,33.64705882352941
5.0,164,59197598,32.8
14.0,417,59198015,29.785714285714285
15.0,402,59198417,26.8
5.0,201,59198618,40.2
28.0,796,59199414,28.428571428571427
20.0,489,59199903,24.45
16.0,433,59200336,27.0625
8.0,196,59200532,24.5
25.0,575,59201107,23.0
23.0,724,59201831,31.47826086956522
28.0,1123,59202954,40.107142857142854
11.0,393,59203347,35.72727272727273
24.0,742,59204089,30.916666666666668
18.0,535,59204624,29.72222222222222
8.0,239,59204863,29.875
10.0,285,59205148,28.5
16.0,512,59205660,32.0
14.0,468,59206128,33.42857142857143
4.0,51,59206179,12.75
17.0,481,59206660,28.294117647058822
28.0,792,59207452,28.285714285714285
8.0,289,59207741,36.125
32.0,986,59208727,30.8125
8.0,384,59209111,48.0
22.0,652,59209763,29.636363636363637
12.0,473,59210236,39.416666666666664
17.0,550,59210786,32.35294117647059
24.0,657,59211443,27.375
25.0,835,59212278,33.4
20.0,567,59212845,28.35
24.0,682,59213527,28.416666666666668
8.0,236,59213763,29.5
28.0,864,59214627,30.857142857142858
22.0,748,59215375,34.0
17.0,413,59215788,24.294117647058822
20.0,555,59216343,27.75
24.0,692,59217035,28.833333333333332
28.0,853,59217888,30.464285714285715
12.0,388,59218276,32.333333333333336
22.0,580,59218856,26.363636363636363
8.0,204,59219060,25.5
24.0,669,59219729,27.875
32.0,910,59220639,28.4375
4.0,192,59220831,48.0
15.0,354,59221185,23.6
17.0,615,59221800,36.1764705882353
23.0,744,59222544,32.34782608695652
17.0,438,59222982,25.764705882352942
12.0,370,59223352,30.833333333333332
4.0,165,59223517,41.25
32.0,924,59224441,28.875
28.0,814,59225255,29.071428571428573
21.0,742,59225997,35.333333333333336
11.0,349,59226346,31.727272727272727
17.0,442,59226788,26.0
13.0,369,59227157,28.384615384615383
18.0,422,59227579,23.444444444444443
15.0,479,59228058,31.933333333333334
11.0,253,59228311,23.0
18.0,500,59228811,27.77777777777778
21.0,666,59229477,31.714285714285715
12.0,352,59229829,29.333333333333332
23.0,835,59230664,36.30434782608695
21.0,660,59231324,31.428571428571427
11.0,390,59231714,35.45454545454545
22.0,619,59232333,28.136363636363637
18.0,602,59232935,33.44444444444444
11.0,456,59233391,41.45454545454545
28.0,1027,59234418,36.67857142857143
28.0,752,59235170,26.857142857142858
17.0,527,59235697,31.0
29.0,864,59236561,29.79310344827586
13.0,266,59236827,20.46153846153846
25.0,839,59237666,33.56
20.0,541,59238207,27.05
31.0,1002,59239209,32.32258064516129
15.0,376,59239585,25.066666666666666
8.0,295,59239880,36.875
15.0,511,59240391,34.06666666666667
11.0,382,59240773,34.72727272727273
32.0,852,59241625,26.625
14.0,344,59241969,24.571428571428573
19.0,508,59242477,26.736842105263158
16.0,486,59242963,30.375
11.0,343,59243306,31.181818181818183
22.0,736,59244042,33.45454545454545
6.0,227,59244269,37.833333333333336
14.0,565,59244834,40.357142857142854
24.0,660,59245494,27.5
22.0,598,59246092,27.181818181818183
18.0,536,59246628,29.77777777777778
10.0,165,59246793,16.5
11.0,314,59247107,28.545454545454547
41.0,1201,59248308,29.29268292682927
11.0,265,59248573,24.09090909090909
39.0,848,59249421,21.743589743589745
22.0,829,59250250,37.68181818181818
19.0,539,59250789,28.36842105263158
17.0,660,59251449,38.8235294117647
5.0,212,59251661,42.4
12.0,386,59252047,32.166666666666664
33.0,1008,59253055,30.545454545454547
13.0,420,59253475,32.30769230769231
18.0,490,59253965,27.22222222222222
8.0,330,59254295,41.25
6.0,184,59254479,30.666666666666668
30.0,728,59255207,24.266666666666666
18.0,582,59255789,32.333333333333336
22.0,747,59256536,33.95454545454545
24.0,723,59257259,30.125
6.0,215,59257474,35.833333333333336
22.0,709,59258183,32.22727272727273
17.0,543,59258726,31.941176470588236
18.0,666,59259392,37.0
8.0,175,59259567,21.875
22.0,682,59260249,31.0
20.0,743,59260992,37.15
10.0,327,59261319,32.7
7.0,243,59261562,34.714285714285715
18.0,556,59262118,30.88888888888889
16.0,422,59262540,26.375
46.0,1348,59263888,29.304347826086957
12.0,362,59264250,30.166666666666668
13.0,289,59264539,22.23076923076923
22.0,690,59265229,31.363636363636363
11.0,316,59265545,28.727272727272727
7.0,105,59265650,15.0
22.0,718,59266368,32.63636363636363
17.0,532,59266900,31.294117647058822
13.0,244,59267144,18.76923076923077
4.0,151,59267295,37.75
14.0,277,59267572,19.785714285714285
18.0,562,59268134,31.22222222222222
10.0,360,59268494,36.0
8.0,199,59268693,24.875
15.0,485,59269178,32.333333333333336
7.0,150,59269328,21.428571428571427
21.0,555,59269883,26.428571428571427
23.0,612,59270495,26.608695652173914
4.0,162,59270657,40.5
5.0,96,59270753,19.2
25.0,827,59271580,33.08
15.0,356,59271936,23.733333333333334
4.0,91,59272027,22.75
8.0,283,59272310,35.375
24.0,645,59272955,26.875
13.0,383,59273338,29.46153846153846
7.0,113,59273451,16.142857142857142
26.0,659,59274110,25.346153846153847
33.0,964,59275074,29.21212121212121
18.0,495,59275569,27.5
20.0,661,59276230,33.05
23.0,691,59276921,30.043478260869566
16.0,505,59277426,31.5625
9.0,223,59277649,24.77777777777778
24.0,798,59278447,33.25
23.0,797,59279244,34.65217391304348
12.0,319,59279563,26.583333333333332
20.0,692,59280255,34.6
10.0,210,59280465,21.0
21.0,708,59281173,33.714285714285715
22.0,616,59281789,28.0
11.0,313,59282102,28.454545454545453
29.0,919,59283021,31.689655172413794
21.0,774,59283795,36.857142857142854
8.0,322,59284117,40.25
15.0,512,59284629,34.13333333333333
12.0,325,59284954,27.083333333333332
10.0,388,59285342,38.8
29.0,972,59286314,33.51724137931034
7.0,231,59286545,33.0
24.0,699,59287244,29.125
26.0,890,59288134,34.23076923076923
19.0,551,59288685,29.0
12.0,452,59289137,37.666666666666664
30.0,1010,59290147,33.666666666666664
14.0,392,59290539,28.0
16.0,492,59291031,30.75
6.0,146,59291177,24.333333333333332
9.0,262,59291439,29.11111111111111
9.0,263,59291702,29.22222222222222
19.0,573,59292275,30.157894736842106
22.0,459,59292734,20.863636363636363
4.0,119,59292853,29.75
25.0,921,59293774,36.84
17.0,477,59294251,28.058823529411764
12.0,332,59294583,27.666666666666668
22.0,555,59295138,25.227272727272727
26.0,674,59295812,25.923076923076923
13.0,430,59296242,33.07692307692308
6.0,206,59296448,34.333333333333336
18.0,657,59297105,36.5
17.0,570,59297675,33.529411764705884
16.0,455,59298130,28.4375
39.0,1155,59299285,29.615384615384617
22.0,644,59299929,29.272727272727273
22.0,690,59300619,31.363636363636363
20.0,614,59301233,30.7
25.0,648,59301881,25.92
18.0,569,59302450,31.61111111111111
5.0,218,59302668,43.6
4.0,133,59302801,33.25
11.0,335,59303136,30.454545454545453
33.0,958,59304094,29.03030303030303
8.0,239,59304333,29.875
14.0,578,59304911,41.285714285714285
30.0,917,59305828,30.566666666666666
17.0,491,59306319,28.88235294117647
17.0,497,59306816,29.235294117647058
28.0,1058,59307874,37.785714285714285
16.0,364,59308238,22.75
30.0,993,59309231,33.1
8.0,345,59309576,43.125
12.0,348,59309924,29.0
16.0,446,59310370,27.875
19.0,477,59310847,25.105263157894736
13.0,290,59311137,22.307692307692307
9.0,260,59311397,28.88888888888889
29.0,708,59312105,24.413793103448278
13.0,390,59312495,30.0
9.0,287,59312782,31.88888888888889
18.0,554,59313336,30.77777777777778
12.0,424,59313760,35.333333333333336
35.0,1123,59314883,32.08571428571429
4.0,204,59315087,51.0
38.0,1164,59316251,30.63157894736842
17.0,526,59316777,30.941176470588236
5.0,234,59317011,46.8
22.0,513,59317524,23.318181818181817
27.0,853,59318377,31.59259259259259
23.0,758,59319135,32.95652173913044
4.0,141,59319276,35.25
11.0,379,59319655,34.45454545454545
4.0,128,59319783,32.0
21.0,584,59320367,27.80952380952381
33.0,836,59321203,25.333333333333332
33.0,810,59322013,24.545454545454547
32.0,901,59322914,28.15625
6.0,213,59323127,35.5
21.0,582,59323709,27.714285714285715
21.0,575,59324284,27.38095238095238
11.0,325,59324609,29.545454545454547
14.0,486,59325095,34.714285714285715
25.0,765,59325860,30.6
11.0,365,59326225,33.18181818181818
21.0,604,59326829,28.761904761904763
18.0,437,59327266,24.27777777777778
16.0,523,59327789,32.6875
18.0,549,59328338,30.5
6.0,139,59328477,23.166666666666668
14.0,463,59328940,33.07142857142857
7.0,150,59329090,21.428571428571427
19.0,421,59329511,22.157894736842106
32.0,1063,59330574,33.21875
23.0,782,59331356,34.0
21.0,643,59331999,30.61904761904762
12.0,271,59332270,22.583333333333332
27.0,686,59332956,25.40740740740741
17.0,643,59333599,37.8235294117647
23.0,722,59334321,31.391304347826086
24.0,693,59335014,28.875
12.0,432,59335446,36.0
40.0,1350,59336796,33.75
13.0,348,59337144,26.76923076923077
21.0,605,59337749,28.80952380952381
26.0,739,59338488,28.423076923076923
10.0,317,59338805,31.7
30.0,908,59339713,30.266666666666666
34.0,808,59340521,23.764705882352942
38.0,1030,59341551,27.105263157894736
22.0,840,59342391,38.18181818181818
14.0,376,59342767,26.857142857142858
25.0,946,59343713,37.84
27.0,638,59344351,23.62962962962963
27.0,885,59345236,32.77777777777778
39.0,997,59346233,25.564102564102566
19.0,594,59346827,31.263157894736842
28.0,822,59347649,29.357142857142858
15.0,308,59347957,20.533333333333335
10.0,256,59348213,25.6
14.0,397,59348610,28.357142857142858
17.0,432,59349042,25.41176470588235
7.0,170,59349212,24.285714285714285
16.0,565,59349777,35.3125
19.0,684,59350461,36.0
19.0,622,59351083,32.73684210526316
20.0,521,59351604,26.05
21.0,569,59352173,27.095238095238095
24.0,685,59352858,28.541666666666668
11.0,434,59353292,39.45454545454545
19.0,665,59353957,35.0
5.0,217,59354174,43.4
13.0,465,59354639,35.76923076923077
11.0,283,59354922,25.727272727272727
31.0,973,59355895,31.387096774193548
36.0,1053,59356948,29.25
27.0,736,59357684,27.25925925925926
15.0,437,59358121,29.133333333333333
10.0,365,59358486,36.5
16.0,579,59359065,36.1875
28.0,767,59359832,27.392857142857142
24.0,672,59360504,28.0
8.0,277,59360781,34.625
19.0,732,59361513,38.526315789473685
23.0,636,59362149,27.652173913043477
8.0,293,59362442,36.625
17.0,639,59363081,37.588235294117645
22.0,723,59363804,32.86363636363637
22.0,777,59364581,35.31818181818182
27.0,667,59365248,24.703703703703702
20.0,502,59365750,25.1
32.0,1028,59366778,32.125
31.0,935,59367713,30.161290322580644
7.0,217,59367930,31.0
14.0,534,59368464,38.142857142857146
25.0,816,59369280,32.64
25.0,792,59370072,31.68
24.0,703,59370775,29.291666666666668
31.0,836,59371611,26.967741935483872
17.0,429,59372040,25.235294117647058
17.0,390,59372430,22.941176470588236
19.0,528,59372958,27.789473684210527
11.0,358,59373316,32.54545454545455
18.0,533,59373849,29.61111111111111
26.0,893,59374742,34.34615384615385
19.0,557,59375299,29.31578947368421
12.0,339,59375638,28.25
15.0,448,59376086,29.866666666666667
20.0,571,59376657,28.55
29.0,727,59377384,25.06896551724138
21.0,624,59378008,29.714285714285715
18.0,420,59378428,23.333333333333332
32.0,935,59379363,29.21875
7.0,264,59379627,37.714285714285715
2.0,71,59379698,35.5
12.0,395,59380093,32.916666666666664
11.0,350,59380443,31.818181818181817
32.0,887,59381330,27.71875
29.0,931,59382261,32.10344827586207
15.0,515,59382776,34.333333333333336
9.0,395,59383171,43.888888888888886
28.0,782,59383953,27.928571428571427
9.0,351,59384304,39.0
7.0,245,59384549,35.0
21.0,615,59385164,29.285714285714285
30.0,1076,59386240,35.86666666666667
4.0,120,59386360,30.0
27.0,805,59387165,29.814814814814813
11.0,275,59387440,25.0
6.0,231,59387671,38.5
34.0,881,59388552,25.91176470588235
5.0,135,59388687,27.0
23.0,661,59389348,28.73913043478261
18.0,468,59389816,26.0
29.0,819,59390635,28.24137931034483
22.0,680,59391315,30.90909090909091
8.0,197,59391512,24.625
24.0,625,59392137,26.041666666666668
30.0,869,59393006,28.966666666666665
24.0,820,59393826,34.166666666666664
23.0,651,59394477,28.304347826086957
20.0,585,59395062,29.25
30.0,851,59395913,28.366666666666667
6.0,245,59396158,40.833333333333336
29.0,877,59397035,30.24137931034483
15.0,390,59397425,26.0
28.0,844,59398269,30.142857142857142
38.0,1135,59399404,29.86842105263158
19.0,648,59400052,34.10526315789474
25.0,693,59400745,27.72
38.0,1171,59401916,30.81578947368421
22.0,789,59402705,35.86363636363637
10.0,340,59403045,34.0
13.0,268,59403313,20.615384615384617
6.0,182,59403495,30.333333333333332
12.0,432,59403927,36.0
32.0,747,59404674,23.34375
21.0,696,59405370,33.142857142857146
34.0,860,59406230,25.294117647058822
26.0,786,59407016,30.23076923076923
6.0,121,59407137,20.166666666666668
12.0,304,59407441,25.333333333333332
41.0,1325,59408766,32.31707317073171
16.0,338,59409104,21.125
13.0,296,59409400,22.76923076923077
4.0,65,59409465,16.25
5.0,215,59409680,43.0
24.0,721,59410401,30.041666666666668
20.0,534,59410935,26.7
26.0,843,59411778,32.42307692307692
8.0,220,59411998,27.5
17.0,460,59412458,27.058823529411764
15.0,447,59412905,29.8
29.0,880,59413785,30.344827586206897
26.0,729,59414514,28.03846153846154
6.0,190,59414704,31.666666666666668
7.0,231,59414935,33.0
18.0,593,59415528,32.94444444444444
18.0,582,59416110,32.333333333333336
28.0,781,59416891,27.892857142857142
23.0,754,59417645,32.78260869565217
25.0,725,59418370,29.0
15.0,503,59418873,33.53333333333333
38.0,1106,59419979,29.105263157894736
10.0,235,59420214,23.5
36.0,1042,59421256,28.944444444444443
23.0,620,59421876,26.956521739130434
19.0,623,59422499,32.78947368421053
24.0,666,59423165,27.75
22.0,541,59423706,24.59090909090909
8.0,193,59423899,24.125
22.0,673,59424572,30.59090909090909
17.0,458,59425030,26.941176470588236
15.0,421,59425451,28.066666666666666
29.0,856,59426307,29.517241379310345
15.0,484,59426791,32.266666666666666
17.0,649,59427440,38.1764705882353
19.0,647,59428087,34.05263157894737
26.0,839,59428926,32.26923076923077
13.0,326,59429252,25.076923076923077
23.0,589,59429841,25.608695652173914
24.0,578,59430419,24.083333333333332
6.0,219,59430638,36.5
16.0,444,59431082,27.75
32.0,906,59431988,28.3125
12.0,352,59432340,29.333333333333332
29.0,701,59433041,24.17241379310345
30.0,830,59433871,27.666666666666668
22.0,604,59434475,27.454545454545453
10.0,262,59434737,26.2
14.0,483,59435220,34.5
11.0,251,59435471,22.818181818181817
32.0,984,59436455,30.75
30.0,826,59437281,27.533333333333335
6.0,324,59437605,54.0
11.0,396,59438001,36.0
32.0,1022,59439023,31.9375
16.0,496,59439519,31.0
14.0,331,59439850,23.642857142857142
22.0,649,59440499,29.5
15.0,402,59440901,26.8
16.0,470,59441371,29.375
7.0,161,59441532,23.0
6.0,172,59441704,28.666666666666668
28.0,817,59442521,29.178571428571427
13.0,327,59442848,25.153846153846153
13.0,407,59443255,31.307692307692307
27.0,836,59444091,30.962962962962962
20.0,608,59444699,30.4
22.0,681,59445380,30.954545454545453
26.0,848,59446228,32.61538461538461
6.0,178,59446406,29.666666666666668
21.0,552,59446958,26.285714285714285
17.0,416,59447374,24.470588235294116
23.0,835,59448209,36.30434782608695
19.0,604,59448813,31.789473684210527
14.0,374,59449187,26.714285714285715
13.0,380,59449567,29.23076923076923
29.0,633,59450200,21.82758620689655
17.0,582,59450782,34.23529411764706
24.0,692,59451474,28.833333333333332
25.0,604,59452078,24.16
4.0,133,59452211,33.25
28.0,640,59452851,22.857142857142858
36.0,1134,59453985,31.5
8.0,224,59454209,28.0
11.0,431,59454640,39.18181818181818
18.0,505,59455145,28.055555555555557
11.0,348,59455493,31.636363636363637
7.0,245,59455738,35.0
8.0,222,59455960,27.75
30.0,835,59456795,27.833333333333332
4.0,75,59456870,18.75
13.0,407,59457277,31.307692307692307
36.0,1021,59458298,28.36111111111111
5.0,148,59458446,29.6
19.0,574,59459020,30.210526315789473
17.0,409,59459429,24.058823529411764
19.0,554,59459983,29.157894736842106
15.0,411,59460394,27.4
26.0,824,59461218,31.692307692307693
26.0,692,59461910,26.615384615384617
18.0,477,59462387,26.5
26.0,747,59463134,28.73076923076923
19.0,574,59463708,30.210526315789473
14.0,374,59464082,26.714285714285715
38.0,1182,59465264,31.105263157894736
5.0,149,59465413,29.8
27.0,659,59466072,24.40740740740741
28.0,892,59466964,31.857142857142858
23.0,639,59467603,27.782608695652176
36.0,1098,59468701,30.5
29.0,762,59469463,26.275862068965516
35.0,1096,59470559,31.314285714285713
16.0,481,59471040,30.0625
26.0,765,59471805,29.423076923076923
16.0,433,59472238,27.0625
9.0,296,59472534,32.888888888888886
21.0,534,59473068,25.428571428571427
32.0,1244,59474312,38.875
11.0,313,59474625,28.454545454545453
15.0,469,59475094,31.266666666666666
27.0,758,59475852,28.074074074074073
16.0,461,59476313,28.8125
12.0,351,59476664,29.25
21.0,578,59477242,27.523809523809526
19.0,665,59477907,35.0
14.0,324,59478231,23.142857142857142
15.0,453,59478684,30.2
13.0,417,59479101,32.07692307692308
6.0,155,59479256,25.833333333333332
23.0,749,59480005,32.56521739130435
11.0,337,59480342,30.636363636363637
17.0,599,59480941,35.23529411764706
9.0,200,59481141,22.22222222222222
7.0,157,59481298,22.428571428571427
13.0,513,59481811,39.46153846153846
11.0,288,59482099,26.181818181818183
24.0,592,59482691,24.666666666666668
5.0,124,59482815,24.8
30.0,901,59483716,30.033333333333335
9.0,273,59483989,30.333333333333332
13.0,436,59484425,33.53846153846154
43.0,1461,59485886,33.97674418604651
18.0,596,59486482,33.111111111111114
17.0,552,59487034,32.470588235294116
13.0,468,59487502,36.0
30.0,842,59488344,28.066666666666666
26.0,852,59489196,32.76923076923077
19.0,576,59489772,30.31578947368421
24.0,658,59490430,27.416666666666668
37.0,1136,59491566,30.7027027027027
4.0,161,59491727,40.25
29.0,934,59492661,32.206896551724135
35.0,914,59493575,26.114285714285714
20.0,660,59494235,33.0
25.0,773,59495008,30.92
16.0,455,59495463,28.4375
10.0,360,59495823,36.0
30.0,878,59496701,29.266666666666666
17.0,471,59497172,27.705882352941178
31.0,895,59498067,28.870967741935484
15.0,448,59498515,29.866666666666667
7.0,280,59498795,40.0
33.0,914,59499709,27.696969696969695
14.0,396,59500105,28.285714285714285
22.0,658,59500763,29.90909090909091
19.0,522,59501285,27.473684210526315
13.0,349,59501634,26.846153846153847
7.0,211,59501845,30.142857142857142
32.0,1052,59502897,32.875
23.0,687,59503584,29.869565217391305
5.0,147,59503731,29.4
6.0,207,59503938,34.5
20.0,681,59504619,34.05
8.0,253,59504872,31.625
26.0,574,59505446,22.076923076923077
16.0,453,59505899,28.3125
10.0,358,59506257,35.8
41.0,1209,59507466,29.48780487804878
10.0,369,59507835,36.9
24.0,691,59508526,28.791666666666668
26.0,806,59509332,31.0
31.0,1072,59510404,34.58064516129032
7.0,154,59510558,22.0
22.0,608,59511166,27.636363636363637
17.0,367,59511533,21.58823529411765
17.0,462,59511995,27.176470588235293
11.0,306,59512301,27.818181818181817
26.0,794,59513095,30.53846153846154
18.0,484,59513579,26.88888888888889
15.0,434,59514013,28.933333333333334
32.0,1044,59515057,32.625
7.0,196,59515253,28.0
27.0,863,59516116,31.962962962962962
8.0,258,59516374,32.25
44.0,1494,59517868,33.95454545454545
17.0,611,59518479,35.94117647058823
31.0,935,59519414,30.161290322580644
22.0,593,59520007,26.954545454545453
19.0,512,59520519,26.94736842105263
7.0,218,59520737,31.142857142857142
16.0,331,59521068,20.6875
17.0,316,59521384,18.58823529411765
27.0,911,59522295,33.74074074074074
18.0,638,59522933,35.44444444444444
13.0,308,59523241,23.692307692307693
21.0,643,59523884,30.61904761904762
8.0,183,59524067,22.875
19.0,469,59524536,24.68421052631579
17.0,451,59524987,26.529411764705884
22.0,658,59525645,29.90909090909091
12.0,350,59525995,29.166666666666668
41.0,1186,59527181,28.926829268292682
7.0,348,59527529,49.714285714285715
29.0,1072,59528601,36.96551724137931
26.0,796,59529397,30.615384615384617
27.0,957,59530354,35.44444444444444
9.0,281,59530635,31.22222222222222
27.0,712,59531347,26.37037037037037
25.0,820,59532167,32.8
28.0,844,59533011,30.142857142857142
24.0,755,59533766,31.458333333333332
29.0,941,59534707,32.44827586206897
14.0,403,59535110,28.785714285714285
5.0,210,59535320,42.0
29.0,1032,59536352,35.58620689655172
34.0,1087,59537439,31.970588235294116
25.0,817,59538256,32.68
8.0,182,59538438,22.75
12.0,371,59538809,30.916666666666668
26.0,780,59539589,30.0
6.0,164,59539753,27.333333333333332
10.0,357,59540110,35.7
14.0,338,59540448,24.142857142857142
26.0,820,59541268,31.53846153846154
24.0,710,59541978,29.583333333333332
26.0,805,59542783,30.96153846153846
39.0,956,59543739,24.512820512820515
26.0,780,59544519,30.0
36.0,862,59545381,23.944444444444443
38.0,1106,59546487,29.105263157894736
22.0,577,59547064,26.227272727272727
15.0,464,59547528,30.933333333333334
17.0,473,59548001,27.823529411764707
22.0,595,59548596,27.045454545454547
20.0,671,59549267,33.55
41.0,1344,59550611,32.78048780487805
3.0,77,59550688,25.666666666666668
23.0,647,59551335,28.130434782608695
18.0,488,59551823,27.11111111111111
18.0,498,59552321,27.666666666666668
8.0,160,59552481,20.0
13.0,368,59552849,28.307692307692307
8.0,281,59553130,35.125
9.0,318,59553448,35.333333333333336
8.0,210,59553658,26.25
13.0,394,59554052,30.307692307692307
20.0,530,59554582,26.5
4.0,143,59554725,35.75
13.0,354,59555079,27.23076923076923
15.0,446,59555525,29.733333333333334
12.0,406,59555931,33.833333333333336
5.0,147,59556078,29.4
26.0,809,59556887,31.115384615384617
11.0,377,59557264,34.27272727272727
6.0,201,59557465,33.5
43.0,1291,59558756,30.023255813953487
10.0,267,59559023,26.7
39.0,1207,59560230,30.94871794871795
21.0,685,59560915,32.61904761904762
15.0,449,59561364,29.933333333333334
20.0,663,59562027,33.15
6.0,178,59562205,29.666666666666668
16.0,448,59562653,28.0
8.0,329,59562982,41.125
13.0,361,59563343,27.76923076923077
4.0,181,59563524,45.25
20.0,584,59564108,29.2
21.0,685,59564793,32.61904761904762
22.0,664,59565457,30.181818181818183
41.0,1244,59566701,30.341463414634145
26.0,807,59567508,31.03846153846154
22.0,745,59568253,33.86363636363637
12.0,367,59568620,30.583333333333332
28.0,697,59569317,24.892857142857142
33.0,877,59570194,26.575757575757574
25.0,771,59570965,30.84
5.0,206,59571171,41.2
6.0,132,59571303,22.0
18.0,520,59571823,28.88888888888889
22.0,605,59572428,27.5
10.0,317,59572745,31.7
28.0,765,59573510,27.321428571428573
22.0,632,59574142,28.727272727272727
7.0,226,59574368,32.285714285714285
5.0,102,59574470,20.4
15.0,496,59574966,33.06666666666667
13.0,291,59575257,22.384615384615383
19.0,639,59575896,33.63157894736842
9.0,203,59576099,22.555555555555557
23.0,674,59576773,29.304347826086957
26.0,743,59577516,28.576923076923077
18.0,604,59578120,33.55555555555556
31.0,818,59578938,26.387096774193548
13.0,348,59579286,26.76923076923077
36.0,1102,59580388,30.61111111111111
10.0,318,59580706,31.8
36.0,966,59581672,26.833333333333332
20.0,538,59582210,26.9
39.0,1291,59583501,33.1025641025641
10.0,304,59583805,30.4
12.0,343,59584148,28.583333333333332
8.0,166,59584314,20.75
55.0,1709,59586023,31.072727272727274
3.0,79,59586102,26.333333333333332
19.0,514,59586616,27.05263157894737
16.0,566,59587182,35.375
26.0,730,59587912,28.076923076923077
21.0,473,59588385,22.523809523809526
25.0,640,59589025,25.6
19.0,494,59589519,26.0
10.0,279,59589798,27.9
9.0,401,59590199,44.55555555555556
15.0,467,59590666,31.133333333333333
7.0,249,59590915,35.57142857142857
14.0,418,59591333,29.857142857142858
25.0,641,59591974,25.64
23.0,547,59592521,23.782608695652176
33.0,956,59593477,28.96969696969697
19.0,447,59593924,23.526315789473685
7.0,238,59594162,34.0
7.0,111,59594273,15.857142857142858
29.0,908,59595181,31.310344827586206
21.0,549,59595730,26.142857142857142
33.0,1180,59596910,35.75757575757576
24.0,620,59597530,25.833333333333332
13.0,475,59598005,36.53846153846154
9.0,309,59598314,34.333333333333336
31.0,777,59599091,25.06451612903226
28.0,818,59599909,29.214285714285715
12.0,327,59600236,27.25
8.0,297,59600533,37.125
10.0,319,59600852,31.9
22.0,668,59601520,30.363636363636363
16.0,509,59602029,31.8125
35.0,895,59602924,25.571428571428573
23.0,760,59603684,33.04347826086956
17.0,353,59604037,20.764705882352942
19.0,532,59604569,28.0
12.0,356,59604925,29.666666666666668
12.0,422,59605347,35.166666666666664
33.0,1040,59606387,31.515151515151516
32.0,877,59607264,27.40625
14.0,410,59607674,29.285714285714285
25.0,857,59608531,34.28
25.0,712,59609243,28.48
6.0,131,59609374,21.833333333333332
29.0,1071,59610445,36.93103448275862
37.0,1089,59611534,29.43243243243243
22.0,603,59612137,27.40909090909091
24.0,718,59612855,29.916666666666668
34.0,871,59613726,25.61764705882353
6.0,192,59613918,32.0
10.0,206,59614124,20.6
19.0,596,59614720,31.36842105263158
1.0,21,59614741,21.0
22.0,727,59615468,33.04545454545455
16.0,460,59615928,28.75
16.0,511,59616439,31.9375
4.0,190,59616629,47.5
23.0,629,59617258,27.347826086956523
6.0,225,59617483,37.5
19.0,683,59618166,35.94736842105263
41.0,1161,59619327,28.317073170731707
19.0,462,59619789,24.31578947368421
26.0,671,59620460,25.807692307692307
24.0,661,59621121,27.541666666666668
24.0,698,59621819,29.083333333333332
29.0,860,59622679,29.655172413793103
46.0,1339,59624018,29.108695652173914
6.0,158,59624176,26.333333333333332
7.0,203,59624379,29.0
14.0,272,59624651,19.428571428571427
8.0,181,59624832,22.625
19.0,537,59625369,28.263157894736842
8.0,274,59625643,34.25
6.0,213,59625856,35.5
39.0,1193,59627049,30.58974358974359
13.0,399,59627448,30.692307692307693
19.0,623,59628071,32.78947368421053
4.0,71,59628142,17.75
28.0,782,59628924,27.928571428571427
11.0,428,59629352,38.90909090909091
15.0,432,59629784,28.8
34.0,1055,59630839,31.029411764705884
17.0,546,59631385,32.11764705882353
28.0,897,59632282,32.035714285714285
12.0,411,59632693,34.25
6.0,134,59632827,22.333333333333332
7.0,202,59633029,28.857142857142858
6.0,239,59633268,39.833333333333336
26.0,809,59634077,31.115384615384617
11.0,274,59634351,24.90909090909091
4.0,146,59634497,36.5
30.0,743,59635240,24.766666666666666
4.0,139,59635379,34.75
26.0,728,59636107,28.0
17.0,521,59636628,30.647058823529413
11.0,325,59636953,29.545454545454547
30.0,1138,59638091,37.93333333333333
24.0,820,59638911,34.166666666666664
6.0,181,59639092,30.166666666666668
25.0,644,59639736,25.76
17.0,603,59640339,35.470588235294116
14.0,400,59640739,28.571428571428573
40.0,1142,59641881,28.55
29.0,783,59642664,27.0
24.0,618,59643282,25.75
26.0,769,59644051,29.576923076923077
8.0,256,59644307,32.0
12.0,365,59644672,30.416666666666668
7.0,208,59644880,29.714285714285715
14.0,453,59645333,32.357142857142854
12.0,409,59645742,34.083333333333336
26.0,673,59646415,25.884615384615383
25.0,790,59647205,31.6
26.0,803,59648008,30.884615384615383
19.0,649,59648657,34.1578947368421
5.0,197,59648854,39.4
15.0,404,59649258,26.933333333333334
19.0,571,59649829,30.05263157894737
15.0,544,59650373,36.266666666666666
11.0,205,59650578,18.636363636363637
13.0,372,59650950,28.615384615384617
4.0,182,59651132,45.5
24.0,604,59651736,25.166666666666668
22.0,600,59652336,27.272727272727273
33.0,1078,59653414,32.666666666666664
24.0,782,59654196,32.583333333333336
16.0,468,59654664,29.25
28.0,768,59655432,27.428571428571427
6.0,232,59655664,38.666666666666664
35.0,1043,59656707,29.8
14.0,392,59657099,28.0
27.0,800,59657899,29.62962962962963
39.0,1008,59658907,25.846153846153847
14.0,344,59659251,24.571428571428573
16.0,451,59659702,28.1875
23.0,801,59660503,34.82608695652174
7.0,248,59660751,35.42857142857143
42.0,1384,59662135,32.95238095238095
11.0,234,59662369,21.272727272727273
31.0,970,59663339,31.29032258064516
11.0,319,59663658,29.0
22.0,645,59664303,29.318181818181817
22.0,616,59664919,28.0
6.0,201,59665120,33.5
15.0,450,59665570,30.0
11.0,418,59665988,38.0
9.0,357,59666345,39.666666666666664
11.0,279,59666624,25.363636363636363
14.0,377,59667001,26.928571428571427
24.0,715,59667716,29.791666666666668
17.0,416,59668132,24.470588235294116
18.0,476,59668608,26.444444444444443
36.0,1208,59669816,33.55555555555556
24.0,633,59670449,26.375
23.0,623,59671072,27.08695652173913
16.0,437,59671509,27.3125
25.0,815,59672324,32.6
35.0,1074,59673398,30.685714285714287
22.0,657,59674055,29.863636363636363
25.0,635,59674690,25.4
18.0,505,59675195,28.055555555555557
32.0,974,59676169,30.4375
19.0,598,59676767,31.473684210526315
5.0,211,59676978,42.2
14.0,436,59677414,31.142857142857142
44.0,1172,59678586,26.636363636363637
43.0,1311,59679897,30.488372093023255
4.0,133,59680030,33.25
19.0,544,59680574,28.63157894736842
13.0,365,59680939,28.076923076923077
4.0,113,59681052,28.25
9.0,269,59681321,29.88888888888889
11.0,462,59681783,42.0
33.0,1113,59682896,33.72727272727273
16.0,334,59683230,20.875
16.0,437,59683667,27.3125
24.0,664,59684331,27.666666666666668
14.0,501,59684832,35.785714285714285
7.0,200,59685032,28.571428571428573
10.0,351,59685383,35.1
17.0,482,59685865,28.352941176470587
18.0,652,59686517,36.22222222222222
6.0,288,59686805,48.0
15.0,384,59687189,25.6
14.0,377,59687566,26.928571428571427
14.0,357,59687923,25.5
17.0,580,59688503,34.11764705882353
9.0,229,59688732,25.444444444444443
9.0,212,59688944,23.555555555555557
18.0,507,59689451,28.166666666666668
31.0,886,59690337,28.580645161290324
7.0,154,59690491,22.0
21.0,550,59691041,26.19047619047619
35.0,951,59691992,27.17142857142857
9.0,289,59692281,32.111111111111114
17.0,494,59692775,29.058823529411764
29.0,965,59693740,33.275862068965516
29.0,946,59694686,32.62068965517241
8.0,254,59694940,31.75
32.0,979,59695919,30.59375
16.0,359,59696278,22.4375
29.0,1022,59697300,35.241379310344826
7.0,298,59697598,42.57142857142857
26.0,724,59698322,27.846153846153847
17.0,574,59698896,33.76470588235294
8.0,279,59699175,34.875
11.0,348,59699523,31.636363636363637
4.0,138,59699661,34.5
7.0,236,59699897,33.714285714285715
11.0,392,59700289,35.63636363636363
8.0,305,59700594,38.125
7.0,240,59700834,34.285714285714285
10.0,246,59701080,24.6
28.0,742,59701822,26.5
28.0,874,59702696,31.214285714285715
32.0,1080,59703776,33.75
7.0,215,59703991,30.714285714285715
25.0,804,59704795,32.16
15.0,505,59705300,33.666666666666664
6.0,131,59705431,21.833333333333332
44.0,1313,59706744,29.84090909090909
6.0,169,59706913,28.166666666666668
7.0,220,59707133,31.428571428571427
22.0,783,59707916,35.59090909090909
16.0,384,59708300,24.0
25.0,685,59708985,27.4
6.0,111,59709096,18.5
20.0,721,59709817,36.05
5.0,106,59709923,21.2
16.0,524,59710447,32.75
20.0,617,59711064,30.85
20.0,476,59711540,23.8
45.0,1483,59713023,32.955555555555556
17.0,529,59713552,31.11764705882353
10.0,384,59713936,38.4
12.0,368,59714304,30.666666666666668
44.0,1075,59715379,24.431818181818183
19.0,575,59715954,30.263157894736842
27.0,948,59716902,35.111111111111114
22.0,520,59717422,23.636363636363637
28.0,799,59718221,28.535714285714285
8.0,182,59718403,22.75
13.0,403,59718806,31.0
24.0,592,59719398,24.666666666666668
26.0,731,59720129,28.115384615384617
14.0,448,59720577,32.0
10.0,340,59720917,34.0
10.0,290,59721207,29.0
11.0,345,59721552,31.363636363636363
5.0,147,59721699,29.4
27.0,622,59722321,23.037037037037038
11.0,256,59722577,23.272727272727273
16.0,536,59723113,33.5
29.0,875,59723988,30.17241379310345
31.0,1121,59725109,36.16129032258065
24.0,511,59725620,21.291666666666668
14.0,424,59726044,30.285714285714285
1.0,24,59726068,24.0
31.0,714,59726782,23.032258064516128
6.0,178,59726960,29.666666666666668
13.0,283,59727243,21.76923076923077
17.0,556,59727799,32.705882352941174
16.0,416,59728215,26.0
12.0,363,59728578,30.25
18.0,500,59729078,27.77777777777778
21.0,677,59729755,32.23809523809524
14.0,332,59730087,23.714285714285715
5.0,144,59730231,28.8
18.0,493,59730724,27.38888888888889
8.0,156,59730880,19.5
13.0,447,59731327,34.38461538461539
6.0,221,59731548,36.833333333333336
16.0,440,59731988,27.5
8.0,285,59732273,35.625
4.0,163,59732436,40.75
8.0,240,59732676,30.0
23.0,756,59733432,32.869565217391305
9.0,248,59733680,27.555555555555557
30.0,804,59734484,26.8
7.0,303,59734787,43.285714285714285
8.0,266,59735053,33.25
35.0,857,59735910,24.485714285714284
8.0,233,59736143,29.125
7.0,161,59736304,23.0
33.0,976,59737280,29.575757575757574
21.0,531,59737811,25.285714285714285
14.0,440,59738251,31.428571428571427
15.0,370,59738621,24.666666666666668
9.0,281,59738902,31.22222222222222
20.0,655,59739557,32.75
30.0,728,59740285,24.266666666666666
25.0,571,59740856,22.84
6.0,121,59740977,20.166666666666668
14.0,437,59741414,31.214285714285715
30.0,1027,59742441,34.233333333333334
9.0,236,59742677,26.22222222222222
35.0,1069,59743746,30.542857142857144
5.0,164,59743910,32.8
14.0,497,59744407,35.5
7.0,205,59744612,29.285714285714285
44.0,1405,59746017,31.931818181818183
30.0,855,59746872,28.5
10.0,245,59747117,24.5
30.0,851,59747968,28.366666666666667
6.0,126,59748094,21.0
23.0,578,59748672,25.130434782608695
31.0,789,59749461,25.451612903225808
12.0,287,59749748,23.916666666666668
33.0,1041,59750789,31.545454545454547
23.0,698,59751487,30.347826086956523
15.0,432,59751919,28.8
22.0,598,59752517,27.181818181818183
17.0,531,59753048,31.235294117647058
13.0,395,59753443,30.384615384615383
41.0,1002,59754445,24.4390243902439
14.0,431,59754876,30.785714285714285
20.0,535,59755411,26.75
26.0,617,59756028,23.73076923076923
21.0,642,59756670,30.571428571428573
32.0,1050,59757720,32.8125
13.0,311,59758031,23.923076923076923
28.0,690,59758721,24.642857142857142
24.0,682,59759403,28.416666666666668
8.0,216,59759619,27.0
5.0,204,59759823,40.8
23.0,670,59760493,29.130434782608695
4.0,175,59760668,43.75
17.0,643,59761311,37.8235294117647
12.0,323,59761634,26.916666666666668
41.0,1237,59762871,30.170731707317074
7.0,188,59763059,26.857142857142858
16.0,415,59763474,25.9375
7.0,291,59763765,41.57142857142857
22.0,680,59764445,30.90909090909091
31.0,920,59765365,29.677419354838708
18.0,561,59765926,31.166666666666668
35.0,966,59766892,27.6
14.0,464,59767356,33.142857142857146
8.0,276,59767632,34.5
12.0,301,59767933,25.083333333333332
9.0,285,59768218,31.666666666666668
16.0,480,59768698,30.0
10.0,362,59769060,36.2
15.0,353,59769413,23.533333333333335
22.0,836,59770249,38.0
11.0,339,59770588,30.818181818181817
12.0,347,59770935,28.916666666666668
20.0,718,59771653,35.9
4.0,165,59771818,41.25
9.0,256,59772074,28.444444444444443
13.0,443,59772517,34.07692307692308
14.0,312,59772829,22.285714285714285
44.0,1092,59773921,24.818181818181817
3.0,77,59773998,25.666666666666668
22.0,593,59774591,26.954545454545453
19.0,597,59775188,31.42105263157895
4.0,154,59775342,38.5
16.0,378,59775720,23.625
22.0,619,59776339,28.136363636363637
9.0,268,59776607,29.77777777777778
23.0,687,59777294,29.869565217391305
10.0,325,59777619,32.5
5.0,174,59777793,34.8
15.0,396,59778189,26.4
40.0,1302,59779491,32.55
18.0,479,59779970,26.61111111111111
22.0,448,59780418,20.363636363636363
28.0,754,59781172,26.928571428571427
20.0,555,59781727,27.75
7.0,258,59781985,36.857142857142854
17.0,440,59782425,25.88235294117647
28.0,734,59783159,26.214285714285715
4.0,154,59783313,38.5
21.0,711,59784024,33.857142857142854
32.0,896,59784920,28.0
4.0,190,59785110,47.5
16.0,444,59785554,27.75
22.0,781,59786335,35.5
7.0,220,59786555,31.428571428571427
21.0,588,59787143,28.0
10.0,282,59787425,28.2
43.0,1474,59788899,34.27906976744186
9.0,285,59789184,31.666666666666668
15.0,446,59789630,29.733333333333334
26.0,605,59790235,23.26923076923077
19.0,533,59790768,28.05263157894737
7.0,154,59790922,22.0
15.0,460,59791382,30.666666666666668
29.0,931,59792313,32.10344827586207
25.0,742,59793055,29.68
30.0,699,59793754,23.3
12.0,314,59794068,26.166666666666668
26.0,778,59794846,29.923076923076923
18.0,568,59795414,31.555555555555557
14.0,368,59795782,26.285714285714285
9.0,210,59795992,23.333333333333332
36.0,1165,59797157,32.361111111111114
19.0,538,59797695,28.31578947368421
5.0,190,59797885,38.0
44.0,1355,59799240,30.795454545454547
21.0,670,59799910,31.904761904761905
12.0,324,59800234,27.0
18.0,508,59800742,28.22222222222222
24.0,752,59801494,31.333333333333332
29.0,738,59802232,25.448275862068964
42.0,1344,59803576,32.0
22.0,688,59804264,31.272727272727273
7.0,237,59804501,33.857142857142854
20.0,655,59805156,32.75
8.0,180,59805336,22.5
19.0,639,59805975,33.63157894736842
28.0,753,59806728,26.892857142857142
11.0,257,59806985,23.363636363636363
10.0,227,59807212,22.7
11.0,308,59807520,28.0
16.0,394,59807914,24.625
14.0,457,59808371,32.642857142857146
18.0,493,59808864,27.38888888888889
2.0,25,59808889,12.5
5.0,201,59809090,40.2
39.0,1097,59810187,28.128205128205128
24.0,714,59810901,29.75
29.0,805,59811706,27.75862068965517
4.0,128,59811834,32.0
28.0,805,59812639,28.75
15.0,364,59813003,24.266666666666666
25.0,691,59813694,27.64
33.0,1043,59814737,31.606060606060606
31.0,892,59815629,28.774193548387096
13.0,389,59816018,29.923076923076923
31.0,991,59817009,31.967741935483872
28.0,734,59817743,26.214285714285715
16.0,459,59818202,28.6875
32.0,990,59819192,30.9375
14.0,367,59819559,26.214285714285715
7.0,259,59819818,37.0
21.0,580,59820398,27.61904761904762
16.0,521,59820919,32.5625
24.0,688,59821607,28.666666666666668
11.0,357,59821964,32.45454545454545
54.0,1915,59823879,35.46296296296296
11.0,311,59824190,28.272727272727273
18.0,554,59824744,30.77777777777778
30.0,817,59825561,27.233333333333334
42.0,1344,59826905,32.0
30.0,801,59827706,26.7
3.0,78,59827784,26.0
10.0,204,59827988,20.4
20.0,528,59828516,26.4
18.0,615,59829131,34.166666666666664
33.0,978,59830109,29.636363636363637
26.0,698,59830807,26.846153846153847
21.0,646,59831453,30.761904761904763
21.0,500,59831953,23.80952380952381
18.0,488,59832441,27.11111111111111
14.0,451,59832892,32.214285714285715
15.0,321,59833213,21.4
28.0,810,59834023,28.928571428571427
12.0,372,59834395,31.0
11.0,313,59834708,28.454545454545453
11.0,314,59835022,28.545454545454547
39.0,1136,59836158,29.128205128205128
12.0,361,59836519,30.083333333333332
6.0,139,59836658,23.166666666666668
12.0,355,59837013,29.583333333333332
19.0,536,59837549,28.210526315789473
29.0,975,59838524,33.62068965517241
8.0,269,59838793,33.625
39.0,1298,59840091,33.282051282051285
28.0,732,59840823,26.142857142857142
18.0,550,59841373,30.555555555555557
19.0,596,59841969,31.36842105263158
4.0,189,59842158,47.25
28.0,832,59842990,29.714285714285715
29.0,880,59843870,30.344827586206897
27.0,819,59844689,30.333333333333332
27.0,946,59845635,35.03703703703704
21.0,631,59846266,30.047619047619047
28.0,707,59846973,25.25
22.0,599,59847572,27.227272727272727
3.0,25,59847597,8.333333333333334
14.0,366,59847963,26.142857142857142
33.0,965,59848928,29.242424242424242
9.0,216,59849144,24.0
22.0,634,59849778,28.818181818181817
12.0,312,59850090,26.0
4.0,91,59850181,22.75
20.0,508,59850689,25.4
14.0,288,59850977,20.571428571428573
21.0,596,59851573,28.38095238095238
28.0,941,59852514,33.607142857142854
13.0,379,59852893,29.153846153846153
19.0,426,59853319,22.42105263157895
14.0,362,59853681,25.857142857142858
17.0,402,59854083,23.647058823529413
21.0,631,59854714,30.047619047619047
48.0,1352,59856066,28.166666666666668
18.0,604,59856670,33.55555555555556
14.0,389,59857059,27.785714285714285
50.0,1616,59858675,32.32
14.0,330,59859005,23.571428571428573
23.0,717,59859722,31.17391304347826
16.0,616,59860338,38.5
33.0,875,59861213,26.515151515151516
25.0,799,59862012,31.96
18.0,590,59862602,32.77777777777778
16.0,374,59862976,23.375
33.0,975,59863951,29.545454545454547
21.0,675,59864626,32.142857142857146
14.0,513,59865139,36.642857142857146
30.0,810,59865949,27.0
44.0,1157,59867106,26.295454545454547
10.0,287,59867393,28.7
6.0,246,59867639,41.0
1.0,24,59867663,24.0
26.0,759,59868422,29.192307692307693
33.0,918,59869340,27.818181818181817
13.0,412,59869752,31.692307692307693
22.0,620,59870372,28.181818181818183
23.0,728,59871100,31.652173913043477
18.0,635,59871735,35.27777777777778
15.0,373,59872108,24.866666666666667
15.0,505,59872613,33.666666666666664
41.0,986,59873599,24.048780487804876
38.0,1230,59874829,32.36842105263158
35.0,1065,59875894,30.428571428571427
27.0,790,59876684,29.25925925925926
19.0,606,59877290,31.894736842105264
23.0,664,59877954,28.869565217391305
14.0,443,59878397,31.642857142857142
5.0,162,59878559,32.4
24.0,772,59879331,32.166666666666664
19.0,425,59879756,22.36842105263158
30.0,874,59880630,29.133333333333333
20.0,609,59881239,30.45
19.0,428,59881667,22.526315789473685
10.0,326,59881993,32.6
23.0,859,59882852,37.34782608695652
22.0,620,59883472,28.181818181818183
6.0,175,59883647,29.166666666666668
10.0,281,59883928,28.1
42.0,1101,59885029,26.214285714285715
42.0,863,59885892,20.547619047619047
49.0,1682,59887574,34.326530612244895
11.0,438,59888012,39.81818181818182
19.0,680,59888692,35.78947368421053
14.0,301,59888993,21.5
20.0,661,59889654,33.05
40.0,1305,59890959,32.625
32.0,919,59891878,28.71875
27.0,708,59892586,26.22222222222222
25.0,606,59893192,24.24
46.0,1391,59894583,30.23913043478261
11.0,371,59894954,33.72727272727273
29.0,780,59895734,26.896551724137932
17.0,440,59896174,25.88235294117647
5.0,234,59896408,46.8
20.0,543,59896951,27.15
24.0,544,59897495,22.666666666666668
21.0,532,59898027,25.333333333333332
3.0,20,59898047,6.666666666666667
21.0,689,59898736,32.80952380952381
25.0,747,59899483,29.88
23.0,614,59900097,26.695652173913043
11.0,317,59900414,28.818181818181817
38.0,1059,59901473,27.86842105263158
15.0,437,59901910,29.133333333333333
20.0,509,59902419,25.45
24.0,566,59902985,23.583333333333332
9.0,248,59903233,27.555555555555557
36.0,1283,59904516,35.638888888888886
26.0,721,59905237,27.73076923076923
9.0,315,59905552,35.0
14.0,431,59905983,30.785714285714285
34.0,1165,59907148,34.26470588235294
6.0,173,59907321,28.833333333333332
31.0,1076,59908397,34.70967741935484
25.0,718,59909115,28.72
28.0,666,59909781,23.785714285714285
12.0,325,59910106,27.083333333333332
7.0,244,59910350,34.857142857142854
10.0,279,59910629,27.9
9.0,374,59911003,41.55555555555556
23.0,619,59911622,26.91304347826087
20.0,596,59912218,29.8
10.0,317,59912535,31.7
7.0,173,59912708,24.714285714285715
12.0,388,59913096,32.333333333333336
23.0,598,59913694,26.0
28.0,773,59914467,27.607142857142858
6.0,159,59914626,26.5
6.0,215,59914841,35.833333333333336
30.0,1001,59915842,33.36666666666667
14.0,249,59916091,17.785714285714285
14.0,296,59916387,21.142857142857142
32.0,890,59917277,27.8125
20.0,728,59918005,36.4
32.0,1022,59919027,31.9375
11.0,289,59919316,26.272727272727273
18.0,522,59919838,29.0
30.0,963,59920801,32.1
7.0,273,59921074,39.0
17.0,452,59921526,26.58823529411765
11.0,199,59921725,18.09090909090909
36.0,1198,59922923,33.27777777777778
38.0,1264,59924187,33.26315789473684
23.0,744,59924931,32.34782608695652
11.0,319,59925250,29.0
9.0,251,59925501,27.88888888888889
17.0,500,59926001,29.41176470588235
18.0,435,59926436,24.166666666666668
23.0,517,59926953,22.47826086956522
5.0,152,59927105,30.4
23.0,705,59927810,30.652173913043477
27.0,761,59928571,28.185185185185187
6.0,206,59928777,34.333333333333336
20.0,521,59929298,26.05
11.0,407,59929705,37.0
19.0,558,59930263,29.36842105263158
34.0,836,59931099,24.58823529411765
24.0,740,59931839,30.833333333333332
13.0,408,59932247,31.384615384615383
18.0,588,59932835,32.666666666666664
24.0,633,59933468,26.375
27.0,782,59934250,28.962962962962962
24.0,652,59934902,27.166666666666668
22.0,699,59935601,31.772727272727273
14.0,438,59936039,31.285714285714285
25.0,781,59936820,31.24
17.0,571,59937391,33.588235294117645
18.0,503,59937894,27.944444444444443
9.0,266,59938160,29.555555555555557
7.0,200,59938360,28.571428571428573
11.0,365,59938725,33.18181818181818
42.0,1477,59940202,35.166666666666664
31.0,845,59941047,27.258064516129032
20.0,489,59941536,24.45
4.0,134,59941670,33.5
19.0,386,59942056,20.31578947368421
36.0,1056,59943112,29.333333333333332
25.0,727,59943839,29.08
6.0,198,59944037,33.0
13.0,403,59944440,31.0
15.0,356,59944796,23.733333333333334
8.0,220,59945016,27.5
26.0,585,59945601,22.5
43.0,1163,59946764,27.046511627906977
25.0,852,59947616,34.08
17.0,389,59948005,22.88235294117647
34.0,897,59948902,26.38235294117647
27.0,721,59949623,26.703703703703702
8.0,235,59949858,29.375
25.0,837,59950695,33.48
17.0,523,59951218,30.764705882352942
25.0,671,59951889,26.84
11.0,380,59952269,34.54545454545455
26.0,853,59953122,32.80769230769231
6.0,111,59953233,18.5
15.0,371,59953604,24.733333333333334
5.0,201,59953805,40.2
6.0,205,59954010,34.166666666666664
29.0,844,59954854,29.103448275862068
18.0,500,59955354,27.77777777777778
12.0,255,59955609,21.25
6.0,157,59955766,26.166666666666668
7.0,163,59955929,23.285714285714285
22.0,673,59956602,30.59090909090909
35.0,918,59957520,26.228571428571428
13.0,416,59957936,32.0
24.0,542,59958478,22.583333333333332
6.0,114,59958592,19.0
26.0,741,59959333,28.5
3.0,156,59959489,52.0
22.0,502,59959991,22.818181818181817
14.0,361,59960352,25.785714285714285
14.0,395,59960747,28.214285714285715
32.0,754,59961501,23.5625
5.0,186,59961687,37.2
36.0,1164,59962851,32.333333333333336
23.0,691,59963542,30.043478260869566
25.0,650,59964192,26.0
6.0,183,59964375,30.5
27.0,726,59965101,26.88888888888889
6.0,209,59965310,34.833333333333336
6.0,133,59965443,22.166666666666668
24.0,878,59966321,36.583333333333336
13.0,454,59966775,34.92307692307692
13.0,334,59967109,25.692307692307693
16.0,461,59967570,28.8125
8.0,272,59967842,34.0
4.0,112,59967954,28.0
10.0,361,59968315,36.1
4.0,154,59968469,38.5
12.0,346,59968815,28.833333333333332
10.0,457,59969272,45.7
19.0,542,59969814,28.526315789473685
27.0,875,59970689,32.407407407407405
16.0,447,59971136,27.9375
29.0,826,59971962,28.482758620689655
17.0,519,59972481,30.529411764705884
32.0,1007,59973488,31.46875
24.0,738,59974226,30.75
14.0,381,59974607,27.214285714285715
16.0,494,59975101,30.875
12.0,366,59975467,30.5
10.0,280,59975747,28.0
28.0,901,59976648,32.17857142857143
2.0,19,59976667,9.5
18.0,523,59977190,29.055555555555557
19.0,597,59977787,31.42105263157895
30.0,929,59978716,30.966666666666665
9.0,262,59978978,29.11111111111111
24.0,672,59979650,28.0
37.0,1065,59980715,28.783783783783782
15.0,449,59981164,29.933333333333334
32.0,915,59982079,28.59375
13.0,392,59982471,30.153846153846153
37.0,1122,59983593,30.324324324324323
17.0,406,59983999,23.88235294117647
12.0,339,59984338,28.25
4.0,110,59984448,27.5
8.0,189,59984637,23.625
17.0,406,59985043,23.88235294117647
13.0,330,59985373,25.384615384615383
19.0,348,59985721,18.31578947368421
24.0,680,59986401,28.333333333333332
16.0,406,59986807,25.375
30.0,726,59987533,24.2
4.0,222,59987755,55.5
46.0,1398,59989153,30.391304347826086
19.0,650,59989803,34.21052631578947
18.0,598,59990401,33.22222222222222
22.0,580,59990981,26.363636363636363
23.0,795,59991776,34.56521739130435
16.0,457,59992233,28.5625
16.0,433,59992666,27.0625
18.0,429,59993095,23.833333333333332
21.0,619,59993714,29.476190476190474
23.0,718,59994432,31.217391304347824
27.0,942,59995374,34.888888888888886
31.0,1024,59996398,33.03225806451613
15.0,409,59996807,27.266666666666666
14.0,401,59997208,28.642857142857142
17.0,463,59997671,27.235294117647058
14.0,324,59997995,23.142857142857142
20.0,518,59998513,25.9
44.0,1371,59999884,31.15909090909091
18.0,612,60000496,34.0
44.0,1461,60001957,33.20454545454545
25.0,726,60002683,29.04
18.0,411,60003094,22.833333333333332
8.0,360,60003454,45.0
16.0,426,60003880,26.625
9.0,229,60004109,25.444444444444443
19.0,493,60004602,25.94736842105263
11.0,355,60004957,32.27272727272727
9.0,186,60005143,20.666666666666668
18.0,503,60005646,27.944444444444443
25.0,706,60006352,28.24
30.0,853,60007205,28.433333333333334
29.0,1062,60008267,36.62068965517241
25.0,803,60009070,32.12
23.0,525,60009595,22.82608695652174
16.0,333,60009928,20.8125
13.0,393,60010321,30.23076923076923
28.0,1024,60011345,36.57142857142857
29.0,867,60012212,29.896551724137932
9.0,206,60012418,22.88888888888889
16.0,446,60012864,27.875
26.0,718,60013582,27.615384615384617
6.0,197,60013779,32.833333333333336
8.0,329,60014108,41.125
19.0,468,60014576,24.63157894736842
20.0,683,60015259,34.15
21.0,576,60015835,27.428571428571427
19.0,472,60016307,24.842105263157894
15.0,461,60016768,30.733333333333334
22.0,633,60017401,28.772727272727273
28.0,646,60018047,23.071428571428573
14.0,390,60018437,27.857142857142858
22.0,569,60019006,25.863636363636363
22.0,653,60019659,29.681818181818183
6.0,160,60019819,26.666666666666668
20.0,540,60020359,27.0
24.0,614,60020973,25.583333333333332
11.0,389,60021362,35.36363636363637
19.0,520,60021882,27.36842105263158
27.0,585,60022467,21.666666666666668
11.0,349,60022816,31.727272727272727
31.0,681,60023497,21.967741935483872
13.0,385,60023882,29.615384615384617
27.0,808,60024690,29.925925925925927
29.0,1026,60025716,35.37931034482759
4.0,131,60025847,32.75
15.0,490,60026337,32.666666666666664
10.0,313,60026650,31.3
19.0,486,60027136,25.57894736842105
23.0,679,60027815,29.52173913043478
18.0,619,60028434,34.388888888888886
20.0,554,60028988,27.7
19.0,527,60029515,27.736842105263158
25.0,723,60030238,28.92
29.0,873,60031111,30.103448275862068
19.0,445,60031556,23.42105263157895
6.0,171,60031727,28.5
11.0,211,60031938,19.181818181818183
24.0,688,60032626,28.666666666666668
22.0,614,60033240,27.90909090909091
10.0,279,60033519,27.9
25.0,709,60034228,28.36
18.0,696,60034924,38.666666666666664
9.0,258,60035182,28.666666666666668
36.0,986,60036168,27.38888888888889
20.0,576,60036744,28.8
12.0,389,60037133,32.416666666666664
21.0,755,60037888,35.95238095238095
23.0,755,60038643,32.82608695652174
7.0,167,60038810,23.857142857142858
26.0,843,60039653,32.42307692307692
29.0,912,60040565,31.448275862068964
24.0,679,60041244,28.291666666666668
33.0,1010,60042254,30.606060606060606
22.0,470,60042724,21.363636363636363
27.0,708,60043432,26.22222222222222
31.0,850,60044282,27.419354838709676
11.0,386,60044668,35.09090909090909
6.0,280,60044948,46.666666666666664
10.0,369,60045317,36.9
12.0,442,60045759,36.833333333333336
29.0,946,60046705,32.62068965517241
22.0,621,60047326,28.227272727272727
14.0,436,60047762,31.142857142857142
7.0,220,60047982,31.428571428571427
22.0,573,60048555,26.045454545454547
15.0,380,60048935,25.333333333333332
22.0,652,60049587,29.636363636363637
20.0,415,60050002,20.75
7.0,245,60050247,35.0
22.0,671,60050918,30.5
9.0,282,60051200,31.333333333333332
11.0,299,60051499,27.181818181818183
22.0,650,60052149,29.545454545454547
12.0,391,60052540,32.583333333333336
20.0,485,60053025,24.25
6.0,199,60053224,33.166666666666664
21.0,718,60053942,34.19047619047619
13.0,399,60054341,30.692307692307693
21.0,685,60055026,32.61904761904762
32.0,973,60055999,30.40625
8.0,181,60056180,22.625
15.0,424,60056604,28.266666666666666
23.0,644,60057248,28.0
14.0,459,60057707,32.785714285714285
10.0,353,60058060,35.3
19.0,457,60058517,24.05263157894737
23.0,696,60059213,30.26086956521739
18.0,450,60059663,25.0
20.0,538,60060201,26.9
55.0,1857,60062058,33.763636363636365
14.0,392,60062450,28.0
14.0,418,60062868,29.857142857142858
33.0,1093,60063961,33.121212121212125
27.0,893,60064854,33.074074074074076
13.0,385,60065239,29.615384615384617
11.0,312,60065551,28.363636363636363
24.0,656,60066207,27.333333333333332
10.0,320,60066527,32.0
15.0,394,60066921,26.266666666666666
12.0,362,60067283,30.166666666666668
4.0,81,60067364,20.25
4.0,100,60067464,25.0
24.0,754,60068218,31.416666666666668
14.0,305,60068523,21.785714285714285
7.0,235,60068758,33.57142857142857
32.0,1063,60069821,33.21875
16.0,421,60070242,26.3125
8.0,200,60070442,25.0
10.0,207,60070649,20.7
11.0,289,60070938,26.272727272727273
37.0,1086,60072024,29.35135135135135
29.0,849,60072873,29.275862068965516
14.0,458,60073331,32.714285714285715
17.0,322,60073653,18.941176470588236
33.0,932,60074585,28.242424242424242
39.0,1134,60075719,29.076923076923077
27.0,752,60076471,27.85185185185185
14.0,375,60076846,26.785714285714285
9.0,242,60077088,26.88888888888889
32.0,997,60078085,31.15625
7.0,195,60078280,27.857142857142858
5.0,172,60078452,34.4
28.0,717,60079169,25.607142857142858
22.0,644,60079813,29.272727272727273
12.0,414,60080227,34.5
5.0,104,60080331,20.8
11.0,368,60080699,33.45454545454545
14.0,401,60081100,28.642857142857142
27.0,816,60081916,30.22222222222222
16.0,425,60082341,26.5625
27.0,730,60083071,27.037037037037038
29.0,831,60083902,28.655172413793103
10.0,288,60084190,28.8
4.0,163,60084353,40.75
20.0,524,60084877,26.2
39.0,1196,60086073,30.666666666666668
21.0,594,60086667,28.285714285714285
23.0,676,60087343,29.391304347826086
29.0,885,60088228,30.517241379310345
16.0,488,60088716,30.5
25.0,797,60089513,31.88
19.0,572,60090085,30.105263157894736
10.0,290,60090375,29.0
16.0,408,60090783,25.5
30.0,821,60091604,27.366666666666667
19.0,431,60092035,22.68421052631579
13.0,272,60092307,20.923076923076923
17.0,471,60092778,27.705882352941178
34.0,1079,60093857,31.735294117647058
18.0,610,60094467,33.888888888888886
9.0,281,60094748,31.22222222222222
8.0,273,60095021,34.125
6.0,215,60095236,35.833333333333336
17.0,456,60095692,26.823529411764707
15.0,485,60096177,32.333333333333336
15.0,443,60096620,29.533333333333335
17.0,421,60097041,24.764705882352942
39.0,1171,60098212,30.025641025641026
5.0,192,60098404,38.4
23.0,662,60099066,28.782608695652176
9.0,335,60099401,37.22222222222222
11.0,261,60099662,23.727272727272727
18.0,644,60100306,35.77777777777778
15.0,369,60100675,24.6
17.0,344,60101019,20.235294117647058
24.0,670,60101689,27.916666666666668
45.0,1550,60103239,34.44444444444444
24.0,684,60103923,28.5
23.0,630,60104553,27.391304347826086
4.0,160,60104713,40.0
16.0,445,60105158,27.8125
24.0,529,60105687,22.041666666666668
14.0,399,60106086,28.5
6.0,123,60106209,20.5
32.0,806,60107015,25.1875
16.0,420,60107435,26.25
8.0,309,60107744,38.625
28.0,674,60108418,24.071428571428573
25.0,785,60109203,31.4
10.0,366,60109569,36.6
11.0,407,60109976,37.0
6.0,92,60110068,15.333333333333334
22.0,683,60110751,31.045454545454547
4.0,76,60110827,19.0
18.0,514,60111341,28.555555555555557
18.0,500,60111841,27.77777777777778
21.0,616,60112457,29.333333333333332
17.0,671,60113128,39.470588235294116
16.0,457,60113585,28.5625
46.0,1137,60114722,24.717391304347824
21.0,705,60115427,33.57142857142857
4.0,121,60115548,30.25
13.0,331,60115879,25.46153846153846
18.0,520,60116399,28.88888888888889
22.0,662,60117061,30.09090909090909
9.0,165,60117226,18.333333333333332
21.0,593,60117819,28.238095238095237
17.0,476,60118295,28.0
21.0,464,60118759,22.095238095238095
22.0,691,60119450,31.40909090909091
21.0,670,60120120,31.904761904761905
21.0,416,60120536,19.80952380952381
23.0,514,60121050,22.347826086956523
4.0,162,60121212,40.5
34.0,1049,60122261,30.852941176470587
15.0,508,60122769,33.86666666666667
34.0,1269,60124038,37.3235294117647
23.0,620,60124658,26.956521739130434
9.0,299,60124957,33.22222222222222
10.0,307,60125264,30.7
22.0,600,60125864,27.272727272727273
19.0,650,60126514,34.21052631578947
35.0,828,60127342,23.65714285714286
18.0,594,60127936,33.0
19.0,565,60128501,29.736842105263158
16.0,510,60129011,31.875
20.0,484,60129495,24.2
20.0,581,60130076,29.05
13.0,295,60130371,22.692307692307693
10.0,280,60130651,28.0
15.0,362,60131013,24.133333333333333
6.0,182,60131195,30.333333333333332
28.0,645,60131840,23.035714285714285
17.0,602,60132442,35.411764705882355
43.0,1106,60133548,25.72093023255814
37.0,1063,60134611,28.72972972972973
23.0,712,60135323,30.956521739130434
11.0,363,60135686,33.0
26.0,604,60136290,23.23076923076923
13.0,392,60136682,30.153846153846153
8.0,244,60136926,30.5
16.0,402,60137328,25.125
6.0,210,60137538,35.0
17.0,523,60138061,30.764705882352942
11.0,303,60138364,27.545454545454547
24.0,672,60139036,28.0
11.0,321,60139357,29.181818181818183
28.0,991,60140348,35.392857142857146
17.0,472,60140820,27.764705882352942
10.0,343,60141163,34.3
6.0,120,60141283,20.0
16.0,386,60141669,24.125
20.0,555,60142224,27.75
36.0,1146,60143370,31.833333333333332
5.0,186,60143556,37.2
29.0,845,60144401,29.137931034482758
21.0,552,60144953,26.285714285714285
13.0,338,60145291,26.0
19.0,474,60145765,24.94736842105263
22.0,692,60146457,31.454545454545453
11.0,308,60146765,28.0
9.0,297,60147062,33.0
22.0,623,60147685,28.318181818181817
16.0,390,60148075,24.375
23.0,628,60148703,27.304347826086957
14.0,362,60149065,25.857142857142858
5.0,180,60149245,36.0
19.0,487,60149732,25.63157894736842
37.0,1303,60151035,35.21621621621622
11.0,245,60151280,22.272727272727273
19.0,545,60151825,28.68421052631579
26.0,755,60152580,29.03846153846154
6.0,120,60152700,20.0
35.0,1130,60153830,32.285714285714285
11.0,316,60154146,28.727272727272727
32.0,929,60155075,29.03125
7.0,201,60155276,28.714285714285715
18.0,661,60155937,36.72222222222222
8.0,280,60156217,35.0
18.0,580,60156797,32.22222222222222
8.0,320,60157117,40.0
16.0,444,60157561,27.75
11.0,317,60157878,28.818181818181817
20.0,618,60158496,30.9
8.0,268,60158764,33.5
19.0,462,60159226,24.31578947368421
28.0,952,60160178,34.0
31.0,874,60161052,28.193548387096776
11.0,286,60161338,26.0
14.0,493,60161831,35.214285714285715
11.0,322,60162153,29.272727272727273
10.0,295,60162448,29.5
30.0,927,60163375,30.9
10.0,318,60163693,31.8
15.0,470,60164163,31.333333333333332
28.0,795,60164958,28.392857142857142
10.0,319,60165277,31.9
7.0,282,60165559,40.285714285714285
13.0,324,60165883,24.923076923076923
14.0,415,60166298,29.642857142857142
31.0,722,60167020,23.29032258064516
40.0,1135,60168155,28.375
33.0,893,60169048,27.060606060606062
29.0,955,60170003,32.93103448275862
36.0,1009,60171012,28.02777777777778
28.0,922,60171934,32.92857142857143
34.0,993,60172927,29.205882352941178
21.0,875,60173802,41.666666666666664
28.0,901,60174703,32.17857142857143
28.0,819,60175522,29.25
22.0,626,60176148,28.454545454545453
28.0,733,60176881,26.178571428571427
41.0,1074,60177955,26.195121951219512
14.0,339,60178294,24.214285714285715
23.0,706,60179000,30.695652173913043
44.0,1278,60180278,29.045454545454547
9.0,268,60180546,29.77777777777778
15.0,391,60180937,26.066666666666666
10.0,257,60181194,25.7
17.0,428,60181622,25.176470588235293
16.0,382,60182004,23.875
17.0,458,60182462,26.941176470588236
18.0,558,60183020,31.0
17.0,491,60183511,28.88235294117647
37.0,1242,60184753,33.567567567567565
14.0,431,60185184,30.785714285714285
10.0,268,60185452,26.8
32.0,1014,60186466,31.6875
8.0,228,60186694,28.5
30.0,849,60187543,28.3
23.0,638,60188181,27.73913043478261
27.0,901,60189082,33.370370370370374
30.0,924,60190006,30.8
20.0,673,60190679,33.65
15.0,320,60190999,21.333333333333332
10.0,371,60191370,37.1
10.0,277,60191647,27.7
39.0,1089,60192736,27.923076923076923
25.0,826,60193562,33.04
6.0,198,60193760,33.0
10.0,307,60194067,30.7
12.0,495,60194562,41.25
32.0,1000,60195562,31.25
22.0,670,60196232,30.454545454545453
25.0,778,60197010,31.12
21.0,596,60197606,28.38095238095238
10.0,195,60197801,19.5
23.0,655,60198456,28.47826086956522
16.0,422,60198878,26.375
37.0,954,60199832,25.783783783783782
18.0,560,60200392,31.11111111111111
11.0,317,60200709,28.818181818181817
27.0,775,60201484,28.703703703703702
8.0,227,60201711,28.375
29.0,929,60202640,32.03448275862069
29.0,869,60203509,29.96551724137931
8.0,142,60203651,17.75
22.0,623,60204274,28.318181818181817
21.0,585,60204859,27.857142857142858
26.0,946,60205805,36.38461538461539
30.0,839,60206644,27.966666666666665
14.0,422,60207066,30.142857142857142
49.0,1800,60208866,36.734693877551024
37.0,1009,60209875,27.27027027027027
28.0,899,60210774,32.107142857142854
10.0,221,60210995,22.1
6.0,220,60211215,36.666666666666664
40.0,1277,60212492,31.925
24.0,733,60213225,30.541666666666668
9.0,196,60213421,21.77777777777778
13.0,381,60213802,29.307692307692307
26.0,714,60214516,27.46153846153846
21.0,642,60215158,30.571428571428573
23.0,504,60215662,21.91304347826087
18.0,463,60216125,25.72222222222222
7.0,223,60216348,31.857142857142858
16.0,361,60216709,22.5625
14.0,443,60217152,31.642857142857142
20.0,547,60217699,27.35
28.0,689,60218388,24.607142857142858
13.0,366,60218754,28.153846153846153
36.0,1249,60220003,34.69444444444444
23.0,592,60220595,25.73913043478261
28.0,700,60221295,25.0
20.0,594,60221889,29.7
14.0,449,60222338,32.07142857142857
10.0,284,60222622,28.4
27.0,661,60223283,24.48148148148148
17.0,582,60223865,34.23529411764706
32.0,1008,60224873,31.5
16.0,522,60225395,32.625
14.0,452,60225847,32.285714285714285
24.0,730,60226577,30.416666666666668
5.0,221,60226798,44.2
21.0,529,60227327,25.19047619047619
9.0,272,60227599,30.22222222222222
24.0,873,60228472,36.375
40.0,1174,60229646,29.35
11.0,274,60229920,24.90909090909091
32.0,894,60230814,27.9375
8.0,276,60231090,34.5
36.0,1131,60232221,31.416666666666668
24.0,652,60232873,27.166666666666668
14.0,372,60233245,26.571428571428573
26.0,836,60234081,32.15384615384615
14.0,315,60234396,22.5
23.0,861,60235257,37.43478260869565
22.0,639,60235896,29.045454545454547
28.0,996,60236892,35.57142857142857
10.0,284,60237176,28.4
28.0,786,60237962,28.071428571428573
13.0,422,60238384,32.46153846153846
12.0,411,60238795,34.25
19.0,666,60239461,35.05263157894737
9.0,255,60239716,28.333333333333332
5.0,63,60239779,12.6
31.0,997,60240776,32.16129032258065
17.0,452,60241228,26.58823529411765
13.0,356,60241584,27.384615384615383
13.0,405,60241989,31.153846153846153
5.0,151,60242140,30.2
20.0,583,60242723,29.15
22.0,641,60243364,29.136363636363637
30.0,927,60244291,30.9
24.0,653,60244944,27.208333333333332
10.0,245,60245189,24.5
8.0,251,60245440,31.375
9.0,321,60245761,35.666666666666664
14.0,325,60246086,23.214285714285715
19.0,533,60246619,28.05263157894737
24.0,721,60247340,30.041666666666668
8.0,259,60247599,32.375
9.0,256,60247855,28.444444444444443
38.0,1000,60248855,26.31578947368421
11.0,395,60249250,35.90909090909091
4.0,142,60249392,35.5
35.0,885,60250277,25.285714285714285
10.0,273,60250550,27.3
8.0,260,60250810,32.5
16.0,382,60251192,23.875
17.0,449,60251641,26.41176470588235
9.0,235,60251876,26.11111111111111
18.0,476,60252352,26.444444444444443
2.0,451,60252803,225.5
5.0,511,60253314,102.2
2.0,491,60253805,245.5
22.0,604,60254409,27.454545454545453
1.0,453,60254862,453.0
18.0,497,60255359,27.61111111111111
14.0,380,60255739,27.142857142857142
0.0,441,60256180,inf
0.0,441,60256621,inf
22.0,632,60257253,28.727272727272727
8.0,195,60257448,24.375
4.0,564,60258012,141.0
15.0,705,60258717,47.0
7.0,655,60259372,93.57142857142857
9.0,239,60259611,26.555555555555557
3.0,550,60260161,183.33333333333334
3.0,543,60260704,181.0
1.0,448,60261152,448.0
0.0,441,60261593,inf
0.0,441,60262034,inf
5.0,544,60262578,108.8
2.0,499,60263077,249.5
10.0,373,60263450,37.3
6.0,119,60263569,19.833333333333332
18.0,404,60263973,22.444444444444443
0.0,441,60264414,inf
1.0,454,60264868,454.0
10.0,255,60265123,25.5
3.0,502,60265625,167.33333333333334
6.0,213,60265838,35.5
13.0,375,60266213,28.846153846153847
3.0,569,60266782,189.66666666666666
4.0,525,60267307,131.25
0.0,441,60267748,inf
7.0,557,60268305,79.57142857142857
14.0,368,60268673,26.285714285714285
2.0,464,60269137,232.0
1.0,451,60269588,451.0
6.0,550,60270138,91.66666666666667
15.0,385,60270523,25.666666666666668
1.0,450,60270973,450.0
1.0,456,60271429,456.0
2.0,493,60271922,246.5
21.0,517,60272439,24.61904761904762
7.0,562,60273001,80.28571428571429
2.0,488,60273489,244.0
0.0,441,60273930,inf
0.0,441,60274371,inf
12.0,407,60274778,33.916666666666664
4.0,513,60275291,128.25
6.0,550,60275841,91.66666666666667
0.0,441,60276282,inf
3.0,497,60276779,165.66666666666666
0.0,441,60277220,inf
10.0,310,60277530,31.0
2.0,461,60277991,230.5
1.0,486,60278477,486.0
11.0,393,60278870,35.72727272727273
3.0,482,60279352,160.66666666666666
20.0,521,60279873,26.05
4.0,518,60280391,129.5
0.0,441,60280832,inf
4.0,510,60281342,127.5
5.0,584,60281926,116.8
23.0,734,60282660,31.91304347826087
3.0,505,60283165,168.33333333333334
6.0,157,60283322,26.166666666666668
7.0,641,60283963,91.57142857142857
13.0,318,60284281,24.46153846153846
2.0,512,60284793,256.0
17.0,539,60285332,31.705882352941178
7.0,657,60285989,93.85714285714286
27.0,739,60286728,27.37037037037037
15.0,315,60287043,21.0
4.0,521,60287564,130.25
6.0,149,60287713,24.833333333333332
4.0,88,60287801,22.0
20.0,547,60288348,27.35
20.0,524,60288872,26.2
16.0,438,60289310,27.375
13.0,332,60289642,25.53846153846154
0.0,441,60290083,inf
20.0,639,60290722,31.95
6.0,593,60291315,98.83333333333333
38.0,1122,60292437,29.526315789473685
1.0,456,60292893,456.0
0.0,441,60293334,inf
20.0,465,60293799,23.25
10.0,637,60294436,63.7
8.0,316,60294752,39.5
0.0,441,60295193,inf
0.0,441,60295634,inf
1.0,451,60296085,451.0
5.0,585,60296670,117.0
11.0,271,60296941,24.636363636363637
4.0,612,60297553,153.0
22.0,614,60298167,27.90909090909091
15.0,399,60298566,26.6
18.0,682,60299248,37.888888888888886
8.0,567,60299815,70.875
12.0,825,60300640,68.75
15.0,427,60301067,28.466666666666665
4.0,543,60301610,135.75
12.0,760,60302370,63.333333333333336
4.0,538,60302908,134.5
21.0,698,60303606,33.23809523809524
4.0,536,60304142,134.0
5.0,551,60304693,110.2
6.0,767,60305460,127.83333333333333
5.0,552,60306012,110.4
4.0,566,60306578,141.5
5.0,607,60307185,121.4
5.0,643,60307828,128.6
11.0,265,60308093,24.09090909090909
11.0,368,60308461,33.45454545454545
15.0,927,60309388,61.8
6.0,214,60309602,35.666666666666664
13.0,432,60310034,33.23076923076923
5.0,124,60310158,24.8
5.0,570,60310728,114.0
10.0,408,60311136,40.8
10.0,440,60311576,44.0
6.0,554,60312130,92.33333333333333
15.0,476,60312606,31.733333333333334
9.0,748,60313354,83.11111111111111
17.0,777,60314131,45.705882352941174
11.0,361,60314492,32.81818181818182
5.0,532,60315024,106.4
11.0,421,60315445,38.27272727272727
1.0,101,60315546,101.0
6.0,251,60315797,41.833333333333336
5.0,647,60316444,129.4
14.0,362,60316806,25.857142857142858
10.0,330,60317136,33.0
8.0,653,60317789,81.625
5.0,622,60318411,124.4
13.0,961,60319372,73.92307692307692
15.0,476,60319848,31.733333333333334
46.0,1574,60321422,34.21739130434783
8.0,316,60321738,39.5
14.0,408,60322146,29.142857142857142
16.0,797,60322943,49.8125
11.0,392,60323335,35.63636363636363
16.0,439,60323774,27.4375
40.0,1329,60325103,33.225
26.0,903,60326006,34.73076923076923
5.0,670,60326676,134.0
15.0,413,60327089,27.533333333333335
5.0,544,60327633,108.8
7.0,313,60327946,44.714285714285715
5.0,609,60328555,121.8
10.0,291,60328846,29.1
5.0,705,60329551,141.0
9.0,690,60330241,76.66666666666667
6.0,578,60330819,96.33333333333333
9.0,682,60331501,75.77777777777777
36.0,1172,60332673,32.55555555555556
16.0,396,60333069,24.75
14.0,329,60333398,23.5
11.0,404,60333802,36.72727272727273
17.0,594,60334396,34.94117647058823
5.0,611,60335007,122.2
16.0,417,60335424,26.0625
5.0,563,60335987,112.6
18.0,446,60336433,24.77777777777778
17.0,552,60336985,32.470588235294116
12.0,253,60337238,21.083333333333332
5.0,588,60337826,117.6
8.0,727,60338553,90.875
4.0,590,60339143,147.5
21.0,542,60339685,25.80952380952381
20.0,630,60340315,31.5
14.0,401,60340716,28.642857142857142
4.0,485,60341201,121.25
9.0,627,60341828,69.66666666666667
8.0,771,60342599,96.375
21.0,679,60343278,32.333333333333336
5.0,562,60343840,112.4
6.0,221,60344061,36.833333333333336
8.0,671,60344732,83.875
15.0,552,60345284,36.8
11.0,336,60345620,30.545454545454547
18.0,532,60346152,29.555555555555557
5.0,168,60346320,33.6
18.0,991,60347311,55.05555555555556
5.0,500,60347811,100.0
4.0,557,60348368,139.25
15.0,527,60348895,35.13333333333333
10.0,345,60349240,34.5
8.0,697,60349937,87.125
7.0,627,60350564,89.57142857142857
4.0,735,60351299,183.75
19.0,532,60351831,28.0
12.0,244,60352075,20.333333333333332
6.0,709,60352784,118.16666666666667
6.0,716,60353500,119.33333333333333
10.0,427,60353927,42.7
10.0,251,60354178,25.1
9.0,617,60354795,68.55555555555556
5.0,550,60355345,110.0
8.0,138,60355483,17.25
8.0,696,60356179,87.0
4.0,604,60356783,151.0
10.0,367,60357150,36.7
8.0,605,60357755,75.625
4.0,602,60358357,150.5
12.0,448,60358805,37.333333333333336
12.0,414,60359219,34.5
15.0,586,60359805,39.06666666666667
5.0,590,60360395,118.0
10.0,341,60360736,34.1
18.0,371,60361107,20.61111111111111
31.0,1116,60362223,36.0
15.0,404,60362627,26.933333333333334
8.0,260,60362887,32.5
27.0,842,60363729,31.185185185185187
5.0,604,60364333,120.8
7.0,241,60364574,34.42857142857143
5.0,602,60365176,120.4
11.0,247,60365423,22.454545454545453
35.0,1022,60366445,29.2
5.0,505,60366950,101.0
5.0,647,60367597,129.4
9.0,623,60368220,69.22222222222223
11.0,349,60368569,31.727272727272727
22.0,1117,60369686,50.77272727272727
4.0,571,60370257,142.75
23.0,596,60370853,25.91304347826087
5.0,608,60371461,121.6
12.0,324,60371785,27.0
25.0,739,60372524,29.56
4.0,557,60373081,139.25
4.0,577,60373658,144.25
12.0,717,60374375,59.75
5.0,596,60374971,119.2
7.0,209,60375180,29.857142857142858
14.0,498,60375678,35.57142857142857
5.0,598,60376276,119.6
9.0,675,60376951,75.0
28.0,878,60377829,31.357142857142858
4.0,530,60378359,132.5
11.0,266,60378625,24.181818181818183
10.0,238,60378863,23.8
28.0,770,60379633,27.5
20.0,420,60380053,21.0
7.0,666,60380719,95.14285714285714
21.0,726,60381445,34.57142857142857
22.0,444,60381889,20.181818181818183
5.0,561,60382450,112.2
16.0,939,60383389,58.6875
22.0,1164,60384553,52.90909090909091
17.0,930,60385483,54.705882352941174
11.0,332,60385815,30.181818181818183
17.0,425,60386240,25.0
6.0,561,60386801,93.5
23.0,693,60387494,30.130434782608695
4.0,567,60388061,141.75
26.0,804,60388865,30.923076923076923
18.0,529,60389394,29.38888888888889
5.0,594,60389988,118.8
6.0,565,60390553,94.16666666666667
6.0,581,60391134,96.83333333333333
12.0,361,60391495,30.083333333333332
17.0,567,60392062,33.35294117647059
4.0,582,60392644,145.5
16.0,738,60393382,46.125
20.0,757,60394139,37.85
5.0,634,60394773,126.8
9.0,419,60395192,46.55555555555556
25.0,659,60395851,26.36
8.0,584,60396435,73.0
14.0,466,60396901,33.285714285714285
11.0,327,60397228,29.727272727272727
14.0,318,60397546,22.714285714285715
27.0,821,60398367,30.40740740740741
8.0,686,60399053,85.75
10.0,297,60399350,29.7
4.0,533,60399883,133.25
10.0,377,60400260,37.7
1.0,110,60400370,110.0
26.0,835,60401205,32.11538461538461
16.0,531,60401736,33.1875
7.0,521,60402257,74.42857142857143
8.0,690,60402947,86.25
20.0,546,60403493,27.3
5.0,565,60404058,113.0
7.0,581,60404639,83.0
7.0,205,60404844,29.285714285714285
5.0,596,60405440,119.2
24.0,707,60406147,29.458333333333332
17.0,524,60406671,30.823529411764707
13.0,312,60406983,24.0
22.0,671,60407654,30.5
24.0,656,60408310,27.333333333333332
6.0,736,60409046,122.66666666666667
10.0,271,60409317,27.1
31.0,1089,60410406,35.12903225806452
11.0,290,60410696,26.363636363636363
6.0,193,60410889,32.166666666666664
4.0,512,60411401,128.0
6.0,577,60411978,96.16666666666667
14.0,481,60412459,34.357142857142854
6.0,586,60413045,97.66666666666667
11.0,312,60413357,28.363636363636363
15.0,990,60414347,66.0
4.0,565,60414912,141.25
5.0,534,60415446,106.8
9.0,293,60415739,32.55555555555556
8.0,151,60415890,18.875
10.0,407,60416297,40.7
6.0,672,60416969,112.0
22.0,599,60417568,27.227272727272727
4.0,501,60418069,125.25
16.0,505,60418574,31.5625
7.0,675,60419249,96.42857142857143
37.0,1060,60420309,28.64864864864865
8.0,669,60420978,83.625
15.0,483,60421461,32.2
7.0,666,60422127,95.14285714285714
19.0,551,60422678,29.0
4.0,521,60423199,130.25
10.0,337,60423536,33.7
4.0,173,60423709,43.25
5.0,516,60424225,103.2
12.0,580,60424805,48.333333333333336
5.0,542,60425347,108.4
5.0,168,60425515,33.6
12.0,323,60425838,26.916666666666668
6.0,155,60425993,25.833333333333332
5.0,511,60426504,102.2
9.0,232,60426736,25.77777777777778
9.0,668,60427404,74.22222222222223
8.0,732,60428136,91.5
8.0,668,60428804,83.5
6.0,576,60429380,96.0
13.0,344,60429724,26.46153846153846
15.0,418,60430142,27.866666666666667
12.0,393,60430535,32.75
5.0,564,60431099,112.8
15.0,539,60431638,35.93333333333333
12.0,323,60431961,26.916666666666668
10.0,331,60432292,33.1
28.0,861,60433153,30.75
20.0,529,60433682,26.45
10.0,281,60433963,28.1
8.0,661,60434624,82.625
4.0,519,60435143,129.75
4.0,575,60435718,143.75
10.0,189,60435907,18.9
13.0,779,60436686,59.92307692307692
18.0,508,60437194,28.22222222222222
14.0,425,60437619,30.357142857142858
13.0,407,60438026,31.307692307692307
7.0,243,60438269,34.714285714285715
38.0,1602,60439871,42.1578947368421
22.0,651,60440522,29.59090909090909
9.0,708,60441230,78.66666666666667
4.0,147,60441377,36.75
14.0,386,60441763,27.571428571428573
15.0,514,60442277,34.266666666666666
12.0,403,60442680,33.583333333333336
10.0,444,60443124,44.4
4.0,580,60443704,145.0
18.0,474,60444178,26.333333333333332
12.0,721,60444899,60.083333333333336
12.0,258,60445157,21.5
5.0,606,60445763,121.2
31.0,1067,60446830,34.41935483870968
15.0,382,60447212,25.466666666666665
13.0,845,60448057,65.0
4.0,688,60448745,172.0
15.0,343,60449088,22.866666666666667
9.0,633,60449721,70.33333333333333
15.0,429,60450150,28.6
7.0,822,60450972,117.42857142857143
29.0,813,60451785,28.03448275862069
19.0,527,60452312,27.736842105263158
4.0,557,60452869,139.25
4.0,615,60453484,153.75
5.0,644,60454128,128.8
6.0,566,60454694,94.33333333333333
4.0,565,60455259,141.25
5.0,239,60455498,47.8
8.0,242,60455740,30.25
18.0,446,60456186,24.77777777777778
8.0,290,60456476,36.25
6.0,117,60456593,19.5
7.0,330,60456923,47.142857142857146
14.0,543,60457466,38.785714285714285
12.0,292,60457758,24.333333333333332
4.0,521,60458279,130.25
6.0,262,60458541,43.666666666666664
10.0,298,60458839,29.8
5.0,485,60459324,97.0
21.0,546,60459870,26.0
37.0,1140,60461010,30.81081081081081
25.0,910,60461920,36.4
5.0,511,60462431,102.2
9.0,516,60462947,57.333333333333336
8.0,244,60463191,30.5
10.0,264,60463455,26.4
22.0,581,60464036,26.40909090909091
5.0,574,60464610,114.8
6.0,683,60465293,113.83333333333333
21.0,671,60465964,31.952380952380953
28.0,836,60466800,29.857142857142858
19.0,508,60467308,26.736842105263158
31.0,1091,60468399,35.193548387096776
15.0,483,60468882,32.2
7.0,611,60469493,87.28571428571429
7.0,594,60470087,84.85714285714286
35.0,1205,60471292,34.42857142857143
19.0,612,60471904,32.21052631578947
9.0,729,60472633,81.0
14.0,408,60473041,29.142857142857142
7.0,146,60473187,20.857142857142858
6.0,575,60473762,95.83333333333333
9.0,664,60474426,73.77777777777777
4.0,545,60474971,136.25
20.0,568,60475539,28.4
18.0,929,60476468,51.611111111111114
6.0,612,60477080,102.0
16.0,528,60477608,33.0
7.0,582,60478190,83.14285714285714
14.0,360,60478550,25.714285714285715
6.0,627,60479177,104.5
11.0,237,60479414,21.545454545454547
4.0,620,60480034,155.0
8.0,607,60480641,75.875
14.0,302,60480943,21.571428571428573
17.0,580,60481523,34.11764705882353
13.0,796,60482319,61.23076923076923
48.0,1384,60483703,28.833333333333332
6.0,643,60484346,107.16666666666667
23.0,561,60484907,24.391304347826086
9.0,724,60485631,80.44444444444444
8.0,543,60486174,67.875
12.0,824,60486998,68.66666666666667
37.0,1357,60488355,36.67567567567568
8.0,582,60488937,72.75
6.0,548,60489485,91.33333333333333
9.0,706,60490191,78.44444444444444
31.0,726,60490917,23.419354838709676
5.0,190,60491107,38.0
5.0,633,60491740,126.6
21.0,663,60492403,31.571428571428573
19.0,587,60492990,30.894736842105264
5.0,564,60493554,112.8
8.0,676,60494230,84.5
8.0,722,60494952,90.25
3.0,221,60495173,73.66666666666667
20.0,745,60495918,37.25
5.0,536,60496454,107.2
17.0,1011,60497465,59.470588235294116
8.0,666,60498131,83.25
8.0,701,60498832,87.625
16.0,924,60499756,57.75
12.0,780,60500536,65.0
25.0,862,60501398,34.48
33.0,1020,60502418,30.90909090909091
4.0,556,60502974,139.0
19.0,640,60503614,33.68421052631579
6.0,597,60504211,99.5
40.0,1268,60505479,31.7
16.0,450,60505929,28.125
5.0,565,60506494,113.0
10.0,258,60506752,25.8
4.0,505,60507257,126.25
7.0,635,60507892,90.71428571428571
10.0,390,60508282,39.0
16.0,426,60508708,26.625
15.0,528,60509236,35.2
4.0,540,60509776,135.0
15.0,494,60510270,32.93333333333333
22.0,560,60510830,25.454545454545453
9.0,765,60511595,85.0
23.0,1177,60512772,51.17391304347826
7.0,195,60512967,27.857142857142858
9.0,750,60513717,83.33333333333333
4.0,612,60514329,153.0
4.0,541,60514870,135.25
17.0,506,60515376,29.764705882352942
9.0,645,60516021,71.66666666666667
15.0,790,60516811,52.666666666666664
5.0,630,60517441,126.0
15.0,932,60518373,62.13333333333333
5.0,624,60518997,124.8
5.0,525,60519522,105.0
12.0,450,60519972,37.5
14.0,878,60520850,62.714285714285715
8.0,333,60521183,41.625
6.0,529,60521712,88.16666666666667
4.0,481,60522193,120.25
26.0,816,60523009,31.384615384615383
21.0,698,60523707,33.23809523809524
27.0,915,60524622,33.888888888888886
11.0,478,60525100,43.45454545454545
5.0,576,60525676,115.2
5.0,516,60526192,103.2
11.0,362,60526554,32.90909090909091
5.0,108,60526662,21.6
11.0,520,60527182,47.27272727272727
10.0,432,60527614,43.2
17.0,758,60528372,44.588235294117645
14.0,803,60529175,57.357142857142854
4.0,507,60529682,126.75
4.0,130,60529812,32.5
10.0,234,60530046,23.4
7.0,178,60530224,25.428571428571427
8.0,671,60530895,83.875
5.0,588,60531483,117.6
13.0,898,60532381,69.07692307692308
18.0,368,60532749,20.444444444444443
17.0,819,60533568,48.1764705882353
22.0,601,60534169,27.318181818181817
18.0,508,60534677,28.22222222222222
12.0,324,60535001,27.0
7.0,177,60535178,25.285714285714285
5.0,669,60535847,133.8
10.0,403,60536250,40.3
10.0,253,60536503,25.3
8.0,328,60536831,41.0
14.0,263,60537094,18.785714285714285
7.0,639,60537733,91.28571428571429
6.0,626,60538359,104.33333333333333
17.0,630,60538989,37.05882352941177
16.0,612,60539601,38.25
19.0,507,60540108,26.68421052631579
8.0,747,60540855,93.375
4.0,93,60540948,23.25
16.0,450,60541398,28.125
14.0,1006,60542404,71.85714285714286
19.0,458,60542862,24.105263157894736
6.0,621,60543483,103.5
5.0,574,60544057,114.8
7.0,611,60544668,87.28571428571429
17.0,570,60545238,33.529411764705884
10.0,342,60545580,34.2
21.0,612,60546192,29.142857142857142
6.0,566,60546758,94.33333333333333
4.0,541,60547299,135.25
5.0,660,60547959,132.0
6.0,572,60548531,95.33333333333333
5.0,529,60549060,105.8
15.0,479,60549539,31.933333333333334
4.0,559,60550098,139.75
6.0,689,60550787,114.83333333333333
8.0,687,60551474,85.875
9.0,952,60552426,105.77777777777777
10.0,167,60552593,16.7
5.0,626,60553219,125.2
10.0,173,60553392,17.3
13.0,345,60553737,26.53846153846154
11.0,277,60554014,25.181818181818183
5.0,161,60554175,32.2
49.0,1572,60555747,32.08163265306123
25.0,760,60556507,30.4
4.0,557,60557064,139.25
7.0,205,60557269,29.285714285714285
10.0,209,60557478,20.9
21.0,740,60558218,35.23809523809524
14.0,366,60558584,26.142857142857142
16.0,444,60559028,27.75
4.0,550,60559578,137.5
7.0,621,60560199,88.71428571428571
7.0,194,60560393,27.714285714285715
23.0,676,60561069,29.391304347826086
11.0,382,60561451,34.72727272727273
12.0,415,60561866,34.583333333333336
11.0,294,60562160,26.727272727272727
5.0,606,60562766,121.2
23.0,703,60563469,30.565217391304348
4.0,183,60563652,45.75
4.0,643,60564295,160.75
4.0,103,60564398,25.75
11.0,325,60564723,29.545454545454547
4.0,578,60565301,144.5
8.0,540,60565841,67.5
11.0,327,60566168,29.727272727272727
19.0,497,60566665,26.157894736842106
20.0,837,60567502,41.85
16.0,947,60568449,59.1875
6.0,635,60569084,105.83333333333333
9.0,751,60569835,83.44444444444444
5.0,577,60570412,115.4
7.0,613,60571025,87.57142857142857
12.0,277,60571302,23.083333333333332
11.0,480,60571782,43.63636363636363
6.0,163,60571945,27.166666666666668
33.0,1094,60573039,33.15151515151515
18.0,867,60573906,48.166666666666664
5.0,618,60574524,123.6
10.0,269,60574793,26.9
14.0,530,60575323,37.857142857142854
18.0,546,60575869,30.333333333333332
4.0,633,60576502,158.25
9.0,698,60577200,77.55555555555556
13.0,277,60577477,21.307692307692307
5.0,377,60577854,75.4
13.0,452,60578306,34.76923076923077
10.0,259,60578565,25.9
5.0,566,60579131,113.2
4.0,654,60579785,163.5
5.0,502,60580287,100.4
6.0,576,60580863,96.0
10.0,379,60581242,37.9
11.0,375,60581617,34.09090909090909
4.0,543,60582160,135.75
16.0,843,60583003,52.6875
4.0,533,60583536,133.25
8.0,352,60583888,44.0
17.0,351,60584239,20.647058823529413
8.0,567,60584806,70.875
23.0,752,60585558,32.69565217391305
8.0,637,60586195,79.625
4.0,543,60586738,135.75
8.0,235,60586973,29.375
10.0,422,60587395,42.2
9.0,226,60587621,25.11111111111111
4.0,514,60588135,128.5
4.0,508,60588643,127.0
13.0,436,60589079,33.53846153846154
10.0,321,60589400,32.1
4.0,518,60589918,129.5
4.0,572,60590490,143.0
14.0,426,60590916,30.428571428571427
23.0,802,60591718,34.869565217391305
34.0,1194,60592912,35.11764705882353
5.0,610,60593522,122.0
9.0,686,60594208,76.22222222222223
11.0,352,60594560,32.0
4.0,595,60595155,148.75
5.0,631,60595786,126.2
9.0,687,60596473,76.33333333333333
6.0,659,60597132,109.83333333333333
4.0,529,60597661,132.25
33.0,943,60598604,28.575757575757574
10.0,250,60598854,25.0
14.0,388,60599242,27.714285714285715
29.0,985,60600227,33.96551724137931
31.0,898,60601125,28.967741935483872
19.0,631,60601756,33.21052631578947
12.0,391,60602147,32.583333333333336
8.0,683,60602830,85.375
10.0,310,60603140,31.0
4.0,487,60603627,121.75
4.0,538,60604165,134.5
10.0,294,60604459,29.4
9.0,772,60605231,85.77777777777777
6.0,615,60605846,102.5
18.0,934,60606780,51.888888888888886
5.0,576,60607356,115.2
5.0,606,60607962,121.2
18.0,530,60608492,29.444444444444443
6.0,596,60609088,99.33333333333333
22.0,638,60609726,29.0
9.0,618,60610344,68.66666666666667
5.0,497,60610841,99.4
11.0,308,60611149,28.0
5.0,564,60611713,112.8
24.0,604,60612317,25.166666666666668
16.0,462,60612779,28.875
15.0,429,60613208,28.6
29.0,800,60614008,27.586206896551722
18.0,614,60614622,34.111111111111114
20.0,575,60615197,28.75
4.0,579,60615776,144.75
28.0,969,60616745,34.607142857142854
4.0,573,60617318,143.25
21.0,586,60617904,27.904761904761905
15.0,551,60618455,36.733333333333334
7.0,566,60619021,80.85714285714286
18.0,509,60619530,28.27777777777778
4.0,533,60620063,133.25
10.0,350,60620413,35.0
10.0,294,60620707,29.4
29.0,780,60621487,26.896551724137932
25.0,905,60622392,36.2
5.0,514,60622906,102.8
7.0,780,60623686,111.42857142857143
12.0,847,60624533,70.58333333333333
5.0,581,60625114,116.2
22.0,666,60625780,30.272727272727273
20.0,670,60626450,33.5
11.0,264,60626714,24.0
7.0,607,60627321,86.71428571428571
10.0,250,60627571,25.0
13.0,440,60628011,33.84615384615385
10.0,317,60628328,31.7
4.0,566,60628894,141.5
11.0,300,60629194,27.272727272727273
4.0,124,60629318,31.0
5.0,658,60629976,131.6
31.0,981,60630957,31.64516129032258
5.0,547,60631504,109.4
8.0,670,60632174,83.75
5.0,619,60632793,123.8
5.0,505,60633298,101.0
6.0,82,60633380,13.666666666666666
9.0,272,60633652,30.22222222222222
8.0,693,60634345,86.625
4.0,563,60634908,140.75
16.0,569,60635477,35.5625
12.0,817,60636294,68.08333333333333
3.0,232,60636526,77.33333333333333
6.0,671,60637197,111.83333333333333
5.0,509,60637706,101.8
4.0,533,60638239,133.25
11.0,488,60638727,44.36363636363637
11.0,324,60639051,29.454545454545453
5.0,548,60639599,109.6
11.0,446,60640045,40.54545454545455
10.0,219,60640264,21.9
6.0,772,60641036,128.66666666666666
16.0,546,60641582,34.125
8.0,587,60642169,73.375
11.0,229,60642398,20.818181818181817
18.0,464,60642862,25.77777777777778
4.0,80,60642942,20.0
22.0,787,60643729,35.77272727272727
16.0,934,60644663,58.375
15.0,408,60645071,27.2
4.0,530,60645601,132.5
8.0,232,60645833,29.0
9.0,330,60646163,36.666666666666664
6.0,178,60646341,29.666666666666668
8.0,737,60647078,92.125
27.0,927,60648005,34.333333333333336
10.0,255,60648260,25.5
5.0,70,60648330,14.0
5.0,542,60648872,108.4
12.0,389,60649261,32.416666666666664
5.0,715,60649976,143.0
5.0,690,60650666,138.0
4.0,541,60651207,135.25
17.0,867,60652074,51.0
5.0,560,60652634,112.0
24.0,653,60653287,27.208333333333332
22.0,1095,60654382,49.77272727272727
8.0,244,60654626,30.5
4.0,603,60655229,150.75
11.0,350,60655579,31.818181818181817
27.0,622,60656201,23.037037037037038
10.0,324,60656525,32.4
23.0,760,60657285,33.04347826086956
17.0,893,60658178,52.529411764705884
17.0,863,60659041,50.76470588235294
7.0,171,60659212,24.428571428571427
13.0,298,60659510,22.923076923076923
6.0,627,60660137,104.5
4.0,535,60660672,133.75
4.0,562,60661234,140.5
8.0,709,60661943,88.625
5.0,636,60662579,127.2
12.0,290,60662869,24.166666666666668
11.0,233,60663102,21.181818181818183
5.0,820,60663922,164.0
22.0,773,60664695,35.13636363636363
23.0,705,60665400,30.652173913043477
8.0,631,60666031,78.875
10.0,281,60666312,28.1
11.0,286,60666598,26.0
9.0,794,60667392,88.22222222222223
24.0,693,60668085,28.875
5.0,614,60668699,122.8
4.0,555,60669254,138.75
10.0,306,60669560,30.6
21.0,626,60670186,29.80952380952381
9.0,840,60671026,93.33333333333333
5.0,645,60671671,129.0
4.0,631,60672302,157.75
9.0,665,60672967,73.88888888888889
7.0,598,60673565,85.42857142857143
20.0,639,60674204,31.95
6.0,572,60674776,95.33333333333333
27.0,683,60675459,25.296296296296298
5.0,634,60676093,126.8
11.0,351,60676444,31.90909090909091
5.0,581,60677025,116.2
16.0,372,60677397,23.25
8.0,723,60678120,90.375
8.0,702,60678822,87.75
12.0,361,60679183,30.083333333333332
12.0,398,60679581,33.166666666666664
11.0,364,60679945,33.09090909090909
11.0,376,60680321,34.18181818181818
13.0,328,60680649,25.23076923076923
36.0,1190,60681839,33.05555555555556
4.0,604,60682443,151.0
12.0,321,60682764,26.75
4.0,566,60683330,141.5
15.0,466,60683796,31.066666666666666
8.0,320,60684116,40.0
7.0,250,60684366,35.714285714285715
10.0,245,60684611,24.5
5.0,608,60685219,121.6
4.0,760,60685979,190.0
4.0,668,60686647,167.0
12.0,303,60686950,25.25
4.0,553,60687503,138.25
7.0,160,60687663,22.857142857142858
14.0,407,60688070,29.071428571428573
8.0,196,60688266,24.5
6.0,181,60688447,30.166666666666668
9.0,290,60688737,32.22222222222222
12.0,474,60689211,39.5
5.0,530,60689741,106.0
11.0,395,60690136,35.90909090909091
19.0,664,60690800,34.94736842105263
11.0,360,60691160,32.72727272727273
8.0,265,60691425,33.125
4.0,660,60692085,165.0
10.0,324,60692409,32.4
8.0,668,60693077,83.5
6.0,152,60693229,25.333333333333332
4.0,493,60693722,123.25
14.0,982,60694704,70.14285714285714
4.0,152,60694856,38.0
5.0,563,60695419,112.6
32.0,1139,60696558,35.59375
7.0,340,60696898,48.57142857142857
14.0,543,60697441,38.785714285714285
8.0,219,60697660,27.375
17.0,579,60698239,34.05882352941177
10.0,303,60698542,30.3
10.0,350,60698892,35.0
12.0,369,60699261,30.75
8.0,625,60699886,78.125
17.0,519,60700405,30.529411764705884
5.0,663,60701068,132.6
6.0,183,60701251,30.5
10.0,399,60701650,39.9
5.0,682,60702332,136.4
8.0,219,60702551,27.375
12.0,505,60703056,42.083333333333336
17.0,472,60703528,27.764705882352942
5.0,548,60704076,109.6
4.0,578,60704654,144.5
10.0,265,60704919,26.5
12.0,269,60705188,22.416666666666668
18.0,421,60705609,23.38888888888889
19.0,482,60706091,25.36842105263158
6.0,294,60706385,49.0
2.0,156,60706541,78.0
9.0,701,60707242,77.88888888888889
14.0,505,60707747,36.07142857142857
9.0,227,60707974,25.22222222222222
26.0,707,60708681,27.192307692307693
21.0,575,60709256,27.38095238095238
5.0,636,60709892,127.2
5.0,674,60710566,134.8
6.0,343,60710909,57.166666666666664
10.0,440,60711349,44.0
8.0,267,60711616,33.375
21.0,563,60712179,26.80952380952381
15.0,588,60712767,39.2
4.0,499,60713266,124.75
5.0,623,60713889,124.6
18.0,753,60714642,41.833333333333336
10.0,423,60715065,42.3
8.0,662,60715727,82.75
36.0,1181,60716908,32.80555555555556
27.0,813,60717721,30.11111111111111
7.0,333,60718054,47.57142857142857
4.0,610,60718664,152.5
9.0,241,60718905,26.77777777777778
19.0,709,60719614,37.31578947368421
15.0,932,60720546,62.13333333333333
13.0,487,60721033,37.46153846153846
7.0,230,60721263,32.857142857142854
15.0,405,60721668,27.0
10.0,342,60722010,34.2
5.0,564,60722574,112.8
41.0,1327,60723901,32.36585365853659
5.0,204,60724105,40.8
7.0,652,60724757,93.14285714285714
10.0,384,60725141,38.4
13.0,450,60725591,34.61538461538461
6.0,593,60726184,98.83333333333333
13.0,796,60726980,61.23076923076923
5.0,587,60727567,117.4
8.0,656,60728223,82.0
10.0,373,60728596,37.3
10.0,291,60728887,29.1
4.0,531,60729418,132.75
8.0,161,60729579,20.125
7.0,164,60729743,23.428571428571427
8.0,665,60730408,83.125
9.0,225,60730633,25.0
16.0,920,60731553,57.5
15.0,981,60732534,65.4
22.0,604,60733138,27.454545454545453
18.0,906,60734044,50.333333333333336
24.0,1189,60735233,49.541666666666664
17.0,560,60735793,32.94117647058823
5.0,625,60736418,125.0
4.0,564,60736982,141.0
12.0,303,60737285,25.25
8.0,673,60737958,84.125
7.0,658,60738616,94.0
7.0,610,60739226,87.14285714285714
6.0,593,60739819,98.83333333333333
12.0,757,60740576,63.083333333333336
9.0,335,60740911,37.22222222222222
9.0,342,60741253,38.0
5.0,588,60741841,117.6
25.0,616,60742457,24.64
5.0,551,60743008,110.2
4.0,520,60743528,130.0
12.0,820,60744348,68.33333333333333
2.0,101,60744449,50.5
5.0,661,60745110,132.2
10.0,314,60745424,31.4
8.0,629,60746053,78.625
21.0,506,60746559,24.095238095238095
5.0,589,60747148,117.8
11.0,306,60747454,27.818181818181817
22.0,720,60748174,32.72727272727273
6.0,642,60748816,107.0
5.0,566,60749382,113.2
4.0,517,60749899,129.25
14.0,440,60750339,31.428571428571427
4.0,587,60750926,146.75
4.0,209,60751135,52.25
4.0,609,60751744,152.25
5.0,541,60752285,108.2
16.0,527,60752812,32.9375
15.0,449,60753261,29.933333333333334
22.0,575,60753836,26.136363636363637
9.0,611,60754447,67.88888888888889
8.0,632,60755079,79.0
16.0,434,60755513,27.125
10.0,387,60755900,38.7
7.0,648,60756548,92.57142857142857
4.0,538,60757086,134.5
5.0,497,60757583,99.4
4.0,528,60758111,132.0
9.0,749,60758860,83.22222222222223
9.0,232,60759092,25.77777777777778
18.0,523,60759615,29.055555555555557
4.0,544,60760159,136.0
4.0,581,60760740,145.25
10.0,290,60761030,29.0
5.0,689,60761719,137.8
24.0,831,60762550,34.625
12.0,349,60762899,29.083333333333332
14.0,345,60763244,24.642857142857142
16.0,807,60764051,50.4375
8.0,705,60764756,88.125
8.0,631,60765387,78.875
17.0,422,60765809,24.823529411764707
6.0,646,60766455,107.66666666666667
8.0,230,60766685,28.75
15.0,427,60767112,28.466666666666665
14.0,344,60767456,24.571428571428573
14.0,436,60767892,31.142857142857142
26.0,906,60768798,34.84615384615385
18.0,535,60769333,29.72222222222222
35.0,1054,60770387,30.114285714285714
6.0,634,60771021,105.66666666666667
25.0,720,60771741,28.8
6.0,588,60772329,98.0
4.0,605,60772934,151.25
5.0,584,60773518,116.8
29.0,711,60774229,24.517241379310345
15.0,454,60774683,30.266666666666666
7.0,664,60775347,94.85714285714286
8.0,712,60776059,89.0
6.0,529,60776588,88.16666666666667
30.0,914,60777502,30.466666666666665
6.0,701,60778203,116.83333333333333
10.0,363,60778566,36.3
14.0,394,60778960,28.142857142857142
15.0,443,60779403,29.533333333333335
5.0,587,60779990,117.4
11.0,368,60780358,33.45454545454545
9.0,685,60781043,76.11111111111111
9.0,274,60781317,30.444444444444443
28.0,757,60782074,27.035714285714285
16.0,408,60782482,25.5
11.0,312,60782794,28.363636363636363
9.0,346,60783140,38.44444444444444
8.0,743,60783883,92.875
6.0,603,60784486,100.5
4.0,591,60785077,147.75
34.0,878,60785955,25.823529411764707
8.0,848,60786803,106.0
5.0,173,60786976,34.6
36.0,1050,60788026,29.166666666666668
22.0,629,60788655,28.59090909090909
32.0,875,60789530,27.34375
5.0,738,60790268,147.6
7.0,590,60790858,84.28571428571429
17.0,554,60791412,32.588235294117645
5.0,559,60791971,111.8
7.0,591,60792562,84.42857142857143
6.0,619,60793181,103.16666666666667
7.0,735,60793916,105.0
6.0,638,60794554,106.33333333333333
39.0,1558,60796112,39.94871794871795
24.0,694,60796806,28.916666666666668
17.0,547,60797353,32.1764705882353
4.0,588,60797941,147.0
4.0,585,60798526,146.25
9.0,775,60799301,86.11111111111111
5.0,248,60799549,49.6
7.0,559,60800108,79.85714285714286
22.0,629,60800737,28.59090909090909
21.0,509,60801246,24.238095238095237
10.0,358,60801604,35.8
9.0,701,60802305,77.88888888888889
5.0,578,60802883,115.6
9.0,253,60803136,28.11111111111111
8.0,653,60803789,81.625
5.0,619,60804408,123.8
6.0,686,60805094,114.33333333333333
3.0,161,60805255,53.666666666666664
9.0,269,60805524,29.88888888888889
4.0,163,60805687,40.75
7.0,739,60806426,105.57142857142857
11.0,248,60806674,22.545454545454547
4.0,602,60807276,150.5
31.0,1021,60808297,32.935483870967744
6.0,589,60808886,98.16666666666667
4.0,590,60809476,147.5
13.0,913,60810389,70.23076923076923
5.0,595,60810984,119.0
5.0,541,60811525,108.2
8.0,709,60812234,88.625
6.0,577,60812811,96.16666666666667
4.0,497,60813308,124.25
7.0,303,60813611,43.285714285714285
7.0,428,60814039,61.142857142857146
9.0,255,60814294,28.333333333333332
7.0,213,60814507,30.428571428571427
5.0,550,60815057,110.0
9.0,819,60815876,91.0
17.0,540,60816416,31.764705882352942
17.0,523,60816939,30.764705882352942
11.0,417,60817356,37.90909090909091
12.0,713,60818069,59.416666666666664
24.0,636,60818705,26.5
15.0,515,60819220,34.333333333333336
5.0,603,60819823,120.6
9.0,263,60820086,29.22222222222222
6.0,688,60820774,114.66666666666667
9.0,234,60821008,26.0
10.0,395,60821403,39.5
11.0,285,60821688,25.90909090909091
8.0,636,60822324,79.5
4.0,638,60822962,159.5
12.0,270,60823232,22.5
4.0,591,60823823,147.75
5.0,622,60824445,124.4
4.0,588,60825033,147.0
15.0,344,60825377,22.933333333333334
10.0,380,60825757,38.0
15.0,360,60826117,24.0
8.0,171,60826288,21.375
4.0,583,60826871,145.75
32.0,1040,60827911,32.5
24.0,691,60828602,28.791666666666668
37.0,1132,60829734,30.594594594594593
4.0,117,60829851,29.25
14.0,444,60830295,31.714285714285715
13.0,402,60830697,30.923076923076923
18.0,535,60831232,29.72222222222222
8.0,699,60831931,87.375
11.0,331,60832262,30.09090909090909
13.0,492,60832754,37.84615384615385
10.0,373,60833127,37.3
6.0,586,60833713,97.66666666666667
6.0,572,60834285,95.33333333333333
8.0,293,60834578,36.625
9.0,162,60834740,18.0
4.0,591,60835331,147.75
4.0,502,60835833,125.5
18.0,550,60836383,30.555555555555557
11.0,386,60836769,35.09090909090909
10.0,237,60837006,23.7
5.0,586,60837592,117.2
9.0,306,60837898,34.0
8.0,216,60838114,27.0
5.0,653,60838767,130.6
6.0,676,60839443,112.66666666666667
7.0,168,60839611,24.0
17.0,488,60840099,28.705882352941178
7.0,591,60840690,84.42857142857143
19.0,879,60841569,46.26315789473684
19.0,514,60842083,27.05263157894737
9.0,184,60842267,20.444444444444443
5.0,586,60842853,117.2
5.0,684,60843537,136.8
5.0,520,60844057,104.0
8.0,232,60844289,29.0
29.0,889,60845178,30.655172413793103
30.0,1067,60846245,35.56666666666667
14.0,816,60847061,58.285714285714285
11.0,267,60847328,24.272727272727273
4.0,521,60847849,130.25
15.0,665,60848514,44.333333333333336
5.0,573,60849087,114.6
7.0,625,60849712,89.28571428571429
4.0,639,60850351,159.75
6.0,684,60851035,114.0
11.0,363,60851398,33.0
10.0,242,60851640,24.2
5.0,543,60852183,108.6
5.0,572,60852755,114.4
35.0,1181,60853936,33.74285714285714
5.0,126,60854062,25.2
5.0,634,60854696,126.8
19.0,511,60855207,26.894736842105264
11.0,317,60855524,28.818181818181817
5.0,583,60856107,116.6
7.0,147,60856254,21.0
42.0,1628,60857882,38.76190476190476
16.0,518,60858400,32.375
11.0,326,60858726,29.636363636363637
13.0,321,60859047,24.692307692307693
14.0,382,60859429,27.285714285714285
5.0,568,60859997,113.6
10.0,308,60860305,30.8
5.0,544,60860849,108.8
4.0,475,60861324,118.75
45.0,1425,60862749,31.666666666666668
4.0,553,60863302,138.25
36.0,1258,60864560,34.94444444444444
11.0,348,60864908,31.636363636363637
6.0,612,60865520,102.0
20.0,666,60866186,33.3
5.0,554,60866740,110.8
24.0,704,60867444,29.333333333333332
20.0,610,60868054,30.5
13.0,744,60868798,57.23076923076923
4.0,521,60869319,130.25
35.0,860,60870179,24.571428571428573
6.0,137,60870316,22.833333333333332
14.0,505,60870821,36.07142857142857
5.0,593,60871414,118.6
1.0,134,60871548,134.0
19.0,473,60872021,24.894736842105264
5.0,210,60872231,42.0
5.0,552,60872783,110.4
11.0,234,60873017,21.272727272727273
7.0,661,60873678,94.42857142857143
9.0,345,60874023,38.333333333333336
9.0,706,60874729,78.44444444444444
9.0,673,60875402,74.77777777777777
10.0,351,60875753,35.1
4.0,570,60876323,142.5
6.0,237,60876560,39.5
5.0,566,60877126,113.2
10.0,257,60877383,25.7
18.0,991,60878374,55.05555555555556
5.0,93,60878467,18.6
8.0,698,60879165,87.25
5.0,644,60879809,128.8
7.0,662,60880471,94.57142857142857
5.0,588,60881059,117.6
5.0,534,60881593,106.8
8.0,600,60882193,75.0
4.0,521,60882714,130.25
7.0,645,60883359,92.14285714285714
6.0,622,60883981,103.66666666666667
5.0,602,60884583,120.4
24.0,755,60885338,31.458333333333332
8.0,336,60885674,42.0
5.0,135,60885809,27.0
6.0,626,60886435,104.33333333333333
4.0,556,60886991,139.0
7.0,743,60887734,106.14285714285714
5.0,591,60888325,118.2
5.0,540,60888865,108.0
4.0,512,60889377,128.0
6.0,630,60890007,105.0
10.0,326,60890333,32.6
5.0,631,60890964,126.2
5.0,638,60891602,127.6
38.0,1203,60892805,31.657894736842106
25.0,791,60893596,31.64
6.0,628,60894224,104.66666666666667
20.0,573,60894797,28.65
5.0,540,60895337,108.0
9.0,671,60896008,74.55555555555556
18.0,1007,60897015,55.94444444444444
4.0,515,60897530,128.75
5.0,567,60898097,113.4
4.0,575,60898672,143.75
13.0,644,60899316,49.53846153846154
16.0,581,60899897,36.3125
4.0,159,60900056,39.75
4.0,687,60900743,171.75
23.0,711,60901454,30.91304347826087
5.0,510,60901964,102.0
23.0,655,60902619,28.47826086956522
11.0,319,60902938,29.0
9.0,305,60903243,33.888888888888886
21.0,769,60904012,36.61904761904762
5.0,565,60904577,113.0
23.0,1041,60905618,45.26086956521739
18.0,1074,60906692,59.666666666666664
4.0,567,60907259,141.75
17.0,499,60907758,29.352941176470587
4.0,600,60908358,150.0
6.0,605,60908963,100.83333333333333
5.0,561,60909524,112.2
27.0,943,60910467,34.925925925925924
10.0,273,60910740,27.3
9.0,677,60911417,75.22222222222223
5.0,542,60911959,108.4
8.0,671,60912630,83.875
8.0,678,60913308,84.75
5.0,674,60913982,134.8
8.0,714,60914696,89.25
6.0,588,60915284,98.0
9.0,649,60915933,72.11111111111111
11.0,424,60916357,38.54545454545455
17.0,505,60916862,29.705882352941178
7.0,672,60917534,96.0
9.0,630,60918164,70.0
14.0,551,60918715,39.357142857142854
8.0,616,60919331,77.0
6.0,170,60919501,28.333333333333332
6.0,631,60920132,105.16666666666667
5.0,623,60920755,124.6
6.0,114,60920869,19.0
10.0,243,60921112,24.3
5.0,596,60921708,119.2
13.0,420,60922128,32.30769230769231
14.0,799,60922927,57.07142857142857
5.0,567,60923494,113.4
9.0,659,60924153,73.22222222222223
23.0,641,60924794,27.869565217391305
11.0,271,60925065,24.636363636363637
18.0,509,60925574,28.27777777777778
27.0,1030,60926604,38.148148148148145
5.0,515,60927119,103.0
8.0,803,60927922,100.375
4.0,593,60928515,148.25
24.0,770,60929285,32.083333333333336
14.0,453,60929738,32.357142857142854
7.0,569,60930307,81.28571428571429
29.0,963,60931270,33.206896551724135
10.0,323,60931593,32.3
18.0,912,60932505,50.666666666666664
14.0,542,60933047,38.714285714285715
5.0,623,60933670,124.6
4.0,545,60934215,136.25
26.0,911,60935126,35.03846153846154
5.0,626,60935752,125.2
5.0,523,60936275,104.6
9.0,655,60936930,72.77777777777777
9.0,760,60937690,84.44444444444444
7.0,702,60938392,100.28571428571429
10.0,356,60938748,35.6
4.0,536,60939284,134.0
4.0,550,60939834,137.5
12.0,920,60940754,76.66666666666667
6.0,294,60941048,49.0
4.0,571,60941619,142.75
5.0,613,60942232,122.6
7.0,544,60942776,77.71428571428571
14.0,475,60943251,33.92857142857143
5.0,618,60943869,123.6
8.0,714,60944583,89.25
5.0,243,60944826,48.6
33.0,1023,60945849,31.0
9.0,633,60946482,70.33333333333333
6.0,333,60946815,55.5
4.0,519,60947334,129.75
4.0,515,60947849,128.75
5.0,514,60948363,102.8
19.0,615,60948978,32.36842105263158
13.0,731,60949709,56.23076923076923
5.0,554,60950263,110.8
16.0,512,60950775,32.0
7.0,696,60951471,99.42857142857143
25.0,796,60952267,31.84
29.0,1027,60953294,35.41379310344828
9.0,831,60954125,92.33333333333333
21.0,659,60954784,31.38095238095238
4.0,561,60955345,140.25
13.0,324,60955669,24.923076923076923
29.0,942,60956611,32.48275862068966
12.0,224,60956835,18.666666666666668
8.0,300,60957135,37.5
10.0,227,60957362,22.7
10.0,327,60957689,32.7
4.0,210,60957899,52.5
5.0,590,60958489,118.0
5.0,598,60959087,119.6
43.0,1191,60960278,27.697674418604652
5.0,552,60960830,110.4
28.0,822,60961652,29.357142857142858
13.0,883,60962535,67.92307692307692
4.0,527,60963062,131.75
28.0,725,60963787,25.892857142857142
17.0,488,60964275,28.705882352941178
17.0,930,60965205,54.705882352941174
9.0,682,60965887,75.77777777777777
5.0,603,60966490,120.6
7.0,677,60967167,96.71428571428571
4.0,636,60967803,159.0
28.0,771,60968574,27.535714285714285
4.0,539,60969113,134.75
5.0,640,60969753,128.0
18.0,691,60970444,38.388888888888886
4.0,605,60971049,151.25
24.0,736,60971785,30.666666666666668
24.0,831,60972616,34.625
9.0,709,60973325,78.77777777777777
21.0,653,60973978,31.095238095238095
14.0,449,60974427,32.07142857142857
24.0,972,60975399,40.5
7.0,658,60976057,94.0
4.0,577,60976634,144.25
38.0,1259,60977893,33.13157894736842
7.0,610,60978503,87.14285714285714
18.0,445,60978948,24.72222222222222
7.0,671,60979619,95.85714285714286
7.0,662,60980281,94.57142857142857
9.0,224,60980505,24.88888888888889
17.0,477,60980982,28.058823529411764
14.0,827,60981809,59.07142857142857
6.0,533,60982342,88.83333333333333
8.0,686,60983028,85.75
23.0,868,60983896,37.73913043478261
4.0,481,60984377,120.25
5.0,546,60984923,109.2
22.0,706,60985629,32.09090909090909
4.0,597,60986226,149.25
11.0,401,60986627,36.45454545454545
5.0,196,60986823,39.2
8.0,731,60987554,91.375
22.0,750,60988304,34.09090909090909
11.0,435,60988739,39.54545454545455
12.0,772,60989511,64.33333333333333
8.0,645,60990156,80.625
12.0,754,60990910,62.833333333333336
36.0,1001,60991911,27.805555555555557
7.0,632,60992543,90.28571428571429
10.0,449,60992992,44.9
7.0,669,60993661,95.57142857142857
8.0,703,60994364,87.875
9.0,180,60994544,20.0
11.0,375,60994919,34.09090909090909
6.0,643,60995562,107.16666666666667
6.0,573,60996135,95.5
11.0,291,60996426,26.454545454545453
4.0,541,60996967,135.25
4.0,596,60997563,149.0
24.0,607,60998170,25.291666666666668
4.0,562,60998732,140.5
17.0,609,60999341,35.8235294117647
8.0,768,61000109,96.0
19.0,642,61000751,33.78947368421053
29.0,825,61001576,28.448275862068964
4.0,516,61002092,129.0
17.0,1051,61003143,61.8235294117647
11.0,306,61003449,27.818181818181817
9.0,164,61003613,18.22222222222222
19.0,552,61004165,29.05263157894737
13.0,721,61004886,55.46153846153846
7.0,615,61005501,87.85714285714286
17.0,602,61006103,35.411764705882355
8.0,631,61006734,78.875
38.0,1096,61007830,28.842105263157894
8.0,695,61008525,86.875
8.0,785,61009310,98.125
17.0,574,61009884,33.76470588235294
37.0,1123,61011007,30.35135135135135
5.0,541,61011548,108.2
10.0,320,61011868,32.0
4.0,571,61012439,142.75
12.0,723,61013162,60.25
9.0,703,61013865,78.11111111111111
8.0,796,61014661,99.5
9.0,715,61015376,79.44444444444444
22.0,1157,61016533,52.59090909090909
9.0,689,61017222,76.55555555555556
30.0,1080,61018302,36.0
18.0,901,61019203,50.05555555555556
7.0,623,61019826,89.0
11.0,309,61020135,28.09090909090909
14.0,403,61020538,28.785714285714285
21.0,586,61021124,27.904761904761905
7.0,209,61021333,29.857142857142858
20.0,770,61022103,38.5
5.0,561,61022664,112.2
5.0,685,61023349,137.0
4.0,109,61023458,27.25
12.0,357,61023815,29.75
9.0,780,61024595,86.66666666666667
16.0,434,61025029,27.125
14.0,422,61025451,30.142857142857142
15.0,352,61025803,23.466666666666665
47.0,1595,61027398,33.93617021276596
4.0,556,61027954,139.0
20.0,649,61028603,32.45
4.0,657,61029260,164.25
5.0,599,61029859,119.8
10.0,343,61030202,34.3
6.0,251,61030453,41.833333333333336
27.0,770,61031223,28.51851851851852
28.0,852,61032075,30.428571428571427
11.0,353,61032428,32.09090909090909
4.0,550,61032978,137.5
6.0,582,61033560,97.0
16.0,279,61033839,17.4375
8.0,198,61034037,24.75
4.0,590,61034627,147.5
22.0,565,61035192,25.681818181818183
10.0,315,61035507,31.5
16.0,615,61036122,38.4375
18.0,537,61036659,29.833333333333332
10.0,223,61036882,22.3
55.0,2067,61038949,37.58181818181818
5.0,605,61039554,121.0
11.0,364,61039918,33.09090909090909
18.0,464,61040382,25.77777777777778
23.0,724,61041106,31.47826086956522
8.0,710,61041816,88.75
5.0,522,61042338,104.4
5.0,589,61042927,117.8
8.0,726,61043653,90.75
4.0,619,61044272,154.75
4.0,124,61044396,31.0
25.0,929,61045325,37.16
4.0,561,61045886,140.25
9.0,673,61046559,74.77777777777777
4.0,101,61046660,25.25
5.0,610,61047270,122.0
11.0,301,61047571,27.363636363636363
20.0,698,61048269,34.9
7.0,213,61048482,30.428571428571427
12.0,387,61048869,32.25
25.0,676,61049545,27.04
4.0,597,61050142,149.25
24.0,1203,61051345,50.125
19.0,374,61051719,19.68421052631579
6.0,318,61052037,53.0
10.0,362,61052399,36.2
12.0,367,61052766,30.583333333333332
15.0,451,61053217,30.066666666666666
8.0,674,61053891,84.25
5.0,578,61054469,115.6
6.0,544,61055013,90.66666666666667
5.0,514,61055527,102.8
5.0,570,61056097,114.0
19.0,568,61056665,29.894736842105264
7.0,158,61056823,22.571428571428573
5.0,515,61057338,103.0
6.0,651,61057989,108.5
6.0,746,61058735,124.33333333333333
15.0,286,61059021,19.066666666666666
8.0,772,61059793,96.5
17.0,423,61060216,24.88235294117647
12.0,375,61060591,31.25
4.0,76,61060667,19.0
24.0,758,61061425,31.583333333333332
5.0,584,61062009,116.8
15.0,460,61062469,30.666666666666668
19.0,349,61062818,18.36842105263158
9.0,639,61063457,71.0
10.0,259,61063716,25.9
10.0,330,61064046,33.0
22.0,735,61064781,33.40909090909091
20.0,719,61065500,35.95
5.0,494,61065994,98.8
9.0,863,61066857,95.88888888888889
19.0,515,61067372,27.105263157894736
27.0,908,61068280,33.629629629629626
11.0,218,61068498,19.818181818181817
12.0,408,61068906,34.0
33.0,1013,61069919,30.696969696969695
15.0,502,61070421,33.46666666666667
16.0,862,61071283,53.875
22.0,674,61071957,30.636363636363637
23.0,1142,61073099,49.65217391304348
4.0,575,61073674,143.75
6.0,614,61074288,102.33333333333333
7.0,750,61075038,107.14285714285714
4.0,590,61075628,147.5
5.0,643,61076271,128.6
8.0,693,61076964,86.625
26.0,661,61077625,25.423076923076923
6.0,576,61078201,96.0
7.0,697,61078898,99.57142857142857
18.0,571,61079469,31.72222222222222
11.0,345,61079814,31.363636363636363
25.0,1216,61081030,48.64
8.0,375,61081405,46.875
4.0,619,61082024,154.75
26.0,739,61082763,28.423076923076923
7.0,609,61083372,87.0
6.0,233,61083605,38.833333333333336
4.0,508,61084113,127.0
11.0,299,61084412,27.181818181818183
13.0,364,61084776,28.0
9.0,810,61085586,90.0
4.0,574,61086160,143.5
9.0,283,61086443,31.444444444444443
4.0,533,61086976,133.25
5.0,623,61087599,124.6
7.0,670,61088269,95.71428571428571
4.0,528,61088797,132.0
14.0,840,61089637,60.0
4.0,667,61090304,166.75
4.0,211,61090515,52.75
4.0,664,61091179,166.0
6.0,582,61091761,97.0
9.0,682,61092443,75.77777777777777
10.0,450,61092893,45.0
33.0,1071,61093964,32.45454545454545
24.0,810,61094774,33.75
17.0,411,61095185,24.176470588235293
4.0,588,61095773,147.0
15.0,347,61096120,23.133333333333333
9.0,693,61096813,77.0
9.0,591,61097404,65.66666666666667
4.0,539,61097943,134.75
16.0,625,61098568,39.0625
28.0,786,61099354,28.071428571428573
11.0,395,61099749,35.90909090909091
20.0,518,61100267,25.9
4.0,176,61100443,44.0
9.0,657,61101100,73.0
10.0,382,61101482,38.2
22.0,729,61102211,33.13636363636363
8.0,688,61102899,86.0
5.0,629,61103528,125.8
21.0,463,61103991,22.047619047619047
21.0,721,61104712,34.333333333333336
21.0,584,61105296,27.80952380952381
9.0,703,61105999,78.11111111111111
9.0,840,61106839,93.33333333333333
7.0,615,61107454,87.85714285714286
5.0,613,61108067,122.6
5.0,673,61108740,134.6
9.0,330,61109070,36.666666666666664
4.0,511,61109581,127.75
23.0,649,61110230,28.217391304347824
30.0,981,61111211,32.7
8.0,610,61111821,76.25
12.0,339,61112160,28.25
10.0,350,61112510,35.0
7.0,744,61113254,106.28571428571429
12.0,351,61113605,29.25
16.0,336,61113941,21.0
15.0,469,61114410,31.266666666666666
18.0,537,61114947,29.833333333333332
14.0,405,61115352,28.928571428571427
12.0,360,61115712,30.0
11.0,302,61116014,27.454545454545453
29.0,840,61116854,28.96551724137931
9.0,373,61117227,41.44444444444444
13.0,411,61117638,31.615384615384617
8.0,297,61117935,37.125
5.0,106,61118041,21.2
5.0,488,61118529,97.6
7.0,591,61119120,84.42857142857143
10.0,386,61119506,38.6
28.0,873,61120379,31.178571428571427
17.0,927,61121306,54.529411764705884
5.0,503,61121809,100.6
4.0,584,61122393,146.0
9.0,620,61123013,68.88888888888889
14.0,392,61123405,28.0
15.0,529,61123934,35.266666666666666
17.0,400,61124334,23.529411764705884
5.0,554,61124888,110.8
5.0,547,61125435,109.4
13.0,355,61125790,27.307692307692307
8.0,674,61126464,84.25
4.0,673,61127137,168.25
5.0,658,61127795,131.6
13.0,464,61128259,35.69230769230769
4.0,174,61128433,43.5
44.0,1266,61129699,28.772727272727273
18.0,955,61130654,53.05555555555556
16.0,400,61131054,25.0
13.0,441,61131495,33.92307692307692
10.0,288,61131783,28.8
16.0,883,61132666,55.1875
5.0,200,61132866,40.0
18.0,500,61133366,27.77777777777778
14.0,417,61133783,29.785714285714285
5.0,507,61134290,101.4
4.0,566,61134856,141.5
6.0,543,61135399,90.5
5.0,581,61135980,116.2
5.0,532,61136512,106.4
12.0,231,61136743,19.25
4.0,534,61137277,133.5
1.0,110,61137387,110.0
17.0,416,61137803,24.470588235294116
29.0,928,61138731,32.0
4.0,489,61139220,122.25
19.0,693,61139913,36.473684210526315
6.0,632,61140545,105.33333333333333
4.0,108,61140653,27.0
12.0,492,61141145,41.0
11.0,460,61141605,41.81818181818182
4.0,198,61141803,49.5
11.0,371,61142174,33.72727272727273
9.0,253,61142427,28.11111111111111
14.0,402,61142829,28.714285714285715
17.0,400,61143229,23.529411764705884
13.0,410,61143639,31.53846153846154
4.0,141,61143780,35.25
6.0,553,61144333,92.16666666666667
13.0,442,61144775,34.0
21.0,659,61145434,31.38095238095238
6.0,640,61146074,106.66666666666667
5.0,532,61146606,106.4
13.0,305,61146911,23.46153846153846
4.0,595,61147506,148.75
10.0,367,61147873,36.7
12.0,471,61148344,39.25
14.0,453,61148797,32.357142857142854
5.0,633,61149430,126.6
18.0,556,61149986,30.88888888888889
15.0,443,61150429,29.533333333333335
4.0,231,61150660,57.75
42.0,1516,61152176,36.095238095238095
9.0,256,61152432,28.444444444444443
21.0,683,61153115,32.523809523809526
9.0,783,61153898,87.0
11.0,422,61154320,38.36363636363637
41.0,1378,61155698,33.609756097560975
10.0,464,61156162,46.4
32.0,1128,61157290,35.25
4.0,489,61157779,122.25
26.0,929,61158708,35.73076923076923
4.0,569,61159277,142.25
11.0,333,61159610,30.272727272727273
26.0,717,61160327,27.576923076923077
7.0,595,61160922,85.0
10.0,301,61161223,30.1
8.0,631,61161854,78.875
21.0,711,61162565,33.857142857142854
10.0,425,61162990,42.5
4.0,565,61163555,141.25
10.0,443,61163998,44.3
20.0,618,61164616,30.9
11.0,382,61164998,34.72727272727273
5.0,580,61165578,116.0
4.0,515,61166093,128.75
5.0,544,61166637,108.8
4.0,277,61166914,69.25
15.0,478,61167392,31.866666666666667
23.0,590,61167982,25.652173913043477
4.0,686,61168668,171.5
18.0,614,61169282,34.111111111111114
13.0,507,61169789,39.0
4.0,541,61170330,135.25
14.0,409,61170739,29.214285714285715
7.0,627,61171366,89.57142857142857
7.0,624,61171990,89.14285714285714
17.0,578,61172568,34.0
6.0,631,61173199,105.16666666666667
7.0,165,61173364,23.571428571428573
6.0,610,61173974,101.66666666666667
14.0,656,61174630,46.857142857142854
11.0,289,61174919,26.272727272727273
14.0,438,61175357,31.285714285714285
33.0,1247,61176604,37.78787878787879
16.0,424,61177028,26.5
6.0,608,61177636,101.33333333333333
5.0,631,61178267,126.2
5.0,591,61178858,118.2
33.0,963,61179821,29.181818181818183
12.0,413,61180234,34.416666666666664
7.0,692,61180926,98.85714285714286
10.0,196,61181122,19.6
8.0,450,61181572,56.25
5.0,660,61182232,132.0
10.0,377,61182609,37.7
15.0,489,61183098,32.6
6.0,685,61183783,114.16666666666667
34.0,1095,61184878,32.205882352941174
11.0,281,61185159,25.545454545454547
6.0,727,61185886,121.16666666666667
11.0,362,61186248,32.90909090909091
1.0,128,61186376,128.0
5.0,568,61186944,113.6
11.0,384,61187328,34.90909090909091
22.0,894,61188222,40.63636363636363
11.0,362,61188584,32.90909090909091
24.0,710,61189294,29.583333333333332
17.0,417,61189711,24.529411764705884
5.0,111,61189822,22.2
22.0,592,61190414,26.90909090909091
15.0,389,61190803,25.933333333333334
15.0,500,61191303,33.333333333333336
9.0,678,61191981,75.33333333333333
29.0,1066,61193047,36.758620689655174
4.0,565,61193612,141.25
3.0,115,61193727,38.333333333333336
26.0,838,61194565,32.23076923076923
6.0,526,61195091,87.66666666666667
4.0,524,61195615,131.0
8.0,297,61195912,37.125
13.0,335,61196247,25.76923076923077
13.0,570,61196817,43.84615384615385
9.0,653,61197470,72.55555555555556
28.0,963,61198433,34.392857142857146
14.0,480,61198913,34.285714285714285
5.0,634,61199547,126.8
5.0,105,61199652,21.0
5.0,603,61200255,120.6
9.0,209,61200464,23.22222222222222
4.0,504,61200968,126.0
18.0,984,61201952,54.666666666666664
25.0,730,61202682,29.2
22.0,608,61203290,27.636363636363637
23.0,590,61203880,25.652173913043477
16.0,455,61204335,28.4375
15.0,423,61204758,28.2
4.0,654,61205412,163.5
4.0,531,61205943,132.75
12.0,364,61206307,30.333333333333332
9.0,705,61207012,78.33333333333333
16.0,360,61207372,22.5
4.0,549,61207921,137.25
32.0,1039,61208960,32.46875
26.0,697,61209657,26.807692307692307
5.0,189,61209846,37.8
6.0,544,61210390,90.66666666666667
5.0,622,61211012,124.4
14.0,408,61211420,29.142857142857142
17.0,594,61212014,34.94117647058823
22.0,713,61212727,32.40909090909091
15.0,382,61213109,25.466666666666665
6.0,174,61213283,29.0
13.0,540,61213823,41.53846153846154
15.0,480,61214303,32.0
5.0,565,61214868,113.0
5.0,505,61215373,101.0
22.0,735,61216108,33.40909090909091
9.0,629,61216737,69.88888888888889
4.0,561,61217298,140.25
11.0,295,61217593,26.818181818181817
28.0,857,61218450,30.607142857142858
16.0,967,61219417,60.4375
8.0,638,61220055,79.75
14.0,807,61220862,57.642857142857146
10.0,290,61221152,29.0
10.0,362,61221514,36.2
4.0,527,61222041,131.75
32.0,1005,61223046,31.40625
14.0,520,61223566,37.142857142857146
15.0,433,61223999,28.866666666666667
10.0,314,61224313,31.4
12.0,501,61224814,41.75
9.0,810,61225624,90.0
8.0,567,61226191,70.875
14.0,407,61226598,29.071428571428573
4.0,584,61227182,146.0
8.0,610,61227792,76.25
17.0,624,61228416,36.705882352941174
5.0,516,61228932,103.2
28.0,766,61229698,27.357142857142858
5.0,619,61230317,123.8
14.0,306,61230623,21.857142857142858
21.0,745,61231368,35.476190476190474
8.0,671,61232039,83.875
8.0,588,61232627,73.5
7.0,667,61233294,95.28571428571429
27.0,1286,61234580,47.629629629629626
10.0,424,61235004,42.4
4.0,601,61235605,150.25
11.0,223,61235828,20.272727272727273
27.0,902,61236730,33.407407407407405
7.0,661,61237391,94.42857142857143
18.0,693,61238084,38.5
14.0,372,61238456,26.571428571428573
13.0,337,61238793,25.923076923076923
17.0,532,61239325,31.294117647058822
8.0,667,61239992,83.375
11.0,358,61240350,32.54545454545455
8.0,702,61241052,87.75
5.0,518,61241570,103.6
4.0,613,61242183,153.25
5.0,768,61242951,153.6
5.0,603,61243554,120.6
4.0,481,61244035,120.25
10.0,347,61244382,34.7
5.0,539,61244921,107.8
9.0,778,61245699,86.44444444444444
5.0,573,61246272,114.6
9.0,810,61247082,90.0
10.0,239,61247321,23.9
8.0,593,61247914,74.125
9.0,812,61248726,90.22222222222223
4.0,533,61249259,133.25
5.0,485,61249744,97.0
9.0,647,61250391,71.88888888888889
16.0,991,61251382,61.9375
23.0,619,61252001,26.91304347826087
5.0,596,61252597,119.2
4.0,646,61253243,161.5
4.0,578,61253821,144.5
4.0,525,61254346,131.25
10.0,142,61254488,14.2
31.0,812,61255300,26.193548387096776
19.0,718,61256018,37.78947368421053
6.0,276,61256294,46.0
4.0,557,61256851,139.25
30.0,953,61257804,31.766666666666666
8.0,785,61258589,98.125
8.0,695,61259284,86.875
5.0,660,61259944,132.0
18.0,518,61260462,28.77777777777778
14.0,422,61260884,30.142857142857142
6.0,827,61261711,137.83333333333334
29.0,909,61262620,31.344827586206897
21.0,558,61263178,26.571428571428573
7.0,180,61263358,25.714285714285715
5.0,613,61263971,122.6
11.0,408,61264379,37.09090909090909
9.0,251,61264630,27.88888888888889
20.0,603,61265233,30.15
20.0,368,61265601,18.4
8.0,703,61266304,87.875
8.0,623,61266927,77.875
24.0,786,61267713,32.75
5.0,579,61268292,115.8
9.0,262,61268554,29.11111111111111
15.0,641,61269195,42.733333333333334
14.0,444,61269639,31.714285714285715
13.0,566,61270205,43.53846153846154
11.0,377,61270582,34.27272727272727
29.0,1137,61271719,39.206896551724135
5.0,539,61272258,107.8
14.0,360,61272618,25.714285714285715
10.0,167,61272785,16.7
6.0,599,61273384,99.83333333333333
17.0,451,61273835,26.529411764705884
28.0,922,61274757,32.92857142857143
6.0,573,61275330,95.5
24.0,707,61276037,29.458333333333332
18.0,471,61276508,26.166666666666668
20.0,645,61277153,32.25
4.0,545,61277698,136.25
11.0,315,61278013,28.636363636363637
5.0,556,61278569,111.2
5.0,571,61279140,114.2
16.0,468,61279608,29.25
24.0,793,61280401,33.041666666666664
9.0,294,61280695,32.666666666666664
8.0,663,61281358,82.875
18.0,567,61281925,31.5
4.0,561,61282486,140.25
53.0,1965,61284451,37.075471698113205
5.0,516,61284967,103.2
5.0,625,61285592,125.0
10.0,219,61285811,21.9
18.0,513,61286324,28.5
8.0,233,61286557,29.125
10.0,255,61286812,25.5
10.0,304,61287116,30.4
10.0,452,61287568,45.2
7.0,306,61287874,43.714285714285715
5.0,592,61288466,118.4
13.0,323,61288789,24.846153846153847
4.0,577,61289366,144.25
11.0,325,61289691,29.545454545454547
1.0,141,61289832,141.0
5.0,539,61290371,107.8
6.0,594,61290965,99.0
9.0,194,61291159,21.555555555555557
4.0,96,61291255,24.0
4.0,156,61291411,39.0
18.0,589,61292000,32.72222222222222
17.0,970,61292970,57.05882352941177
9.0,636,61293606,70.66666666666667
8.0,634,61294240,79.25
15.0,446,61294686,29.733333333333334
22.0,585,61295271,26.59090909090909
5.0,563,61295834,112.6
5.0,637,61296471,127.4
25.0,718,61297189,28.72
7.0,134,61297323,19.142857142857142
8.0,789,61298112,98.625
16.0,394,61298506,24.625
6.0,630,61299136,105.0
5.0,570,61299706,114.0
5.0,675,61300381,135.0
4.0,586,61300967,146.5
8.0,583,61301550,72.875
4.0,522,61302072,130.5
4.0,538,61302610,134.5
16.0,503,61303113,31.4375
14.0,410,61303523,29.285714285714285
5.0,571,61304094,114.2
5.0,617,61304711,123.4
5.0,582,61305293,116.4
23.0,753,61306046,32.73913043478261
4.0,478,61306524,119.5
2.0,99,61306623,49.5
4.0,525,61307148,131.25
15.0,325,61307473,21.666666666666668
29.0,997,61308470,34.37931034482759
9.0,252,61308722,28.0
17.0,542,61309264,31.88235294117647
11.0,262,61309526,23.818181818181817
20.0,762,61310288,38.1
16.0,635,61310923,39.6875
12.0,411,61311334,34.25
7.0,593,61311927,84.71428571428571
19.0,521,61312448,27.42105263157895
14.0,472,61312920,33.714285714285715
7.0,237,61313157,33.857142857142854
8.0,673,61313830,84.125
5.0,611,61314441,122.2
26.0,869,61315310,33.42307692307692
28.0,681,61315991,24.321428571428573
6.0,676,61316667,112.66666666666667
8.0,640,61317307,80.0
9.0,358,61317665,39.77777777777778
5.0,534,61318199,106.8
7.0,611,61318810,87.28571428571429
16.0,441,61319251,27.5625
10.0,327,61319578,32.7
5.0,694,61320272,138.8
14.0,579,61320851,41.357142857142854
6.0,719,61321570,119.83333333333333
5.0,116,61321686,23.2
5.0,607,61322293,121.4
5.0,592,61322885,118.4
7.0,186,61323071,26.571428571428573
9.0,734,61323805,81.55555555555556
13.0,571,61324376,43.92307692307692
32.0,1063,61325439,33.21875
30.0,823,61326262,27.433333333333334
20.0,687,61326949,34.35
9.0,664,61327613,73.77777777777777
9.0,691,61328304,76.77777777777777
19.0,451,61328755,23.736842105263158
4.0,138,61328893,34.5
4.0,498,61329391,124.5
4.0,537,61329928,134.25
10.0,452,61330380,45.2
7.0,633,61331013,90.42857142857143
7.0,604,61331617,86.28571428571429
5.0,571,61332188,114.2
6.0,688,61332876,114.66666666666667
12.0,296,61333172,24.666666666666668
20.0,524,61333696,26.2
25.0,866,61334562,34.64
7.0,637,61335199,91.0
12.0,442,61335641,36.833333333333336
8.0,664,61336305,83.0
12.0,438,61336743,36.5
15.0,486,61337229,32.4
10.0,284,61337513,28.4
7.0,649,61338162,92.71428571428571
4.0,590,61338752,147.5
24.0,677,61339429,28.208333333333332
6.0,148,61339577,24.666666666666668
20.0,517,61340094,25.85
4.0,536,61340630,134.0
4.0,532,61341162,133.0
5.0,563,61341725,112.6
30.0,928,61342653,30.933333333333334
4.0,493,61343146,123.25
5.0,588,61343734,117.6
4.0,574,61344308,143.5
6.0,629,61344937,104.83333333333333
6.0,539,61345476,89.83333333333333
43.0,1319,61346795,30.674418604651162
12.0,317,61347112,26.416666666666668
15.0,437,61347549,29.133333333333333
5.0,621,61348170,124.2
14.0,850,61349020,60.714285714285715
5.0,558,61349578,111.6
6.0,639,61350217,106.5
31.0,997,61351214,32.16129032258065
4.0,507,61351721,126.75
11.0,528,61352249,48.0
19.0,758,61353007,39.89473684210526
14.0,510,61353517,36.42857142857143
4.0,530,61354047,132.5
10.0,379,61354426,37.9
21.0,604,61355030,28.761904761904763
4.0,547,61355577,136.75
11.0,294,61355871,26.727272727272727
4.0,529,61356400,132.25
6.0,628,61357028,104.66666666666667
11.0,304,61357332,27.636363636363637
16.0,406,61357738,25.375
20.0,715,61358453,35.75
16.0,423,61358876,26.4375
13.0,399,61359275,30.692307692307693
24.0,469,61359744,19.541666666666668
10.0,398,61360142,39.8
4.0,564,61360706,141.0
5.0,633,61361339,126.6
8.0,259,61361598,32.375
20.0,850,61362448,42.5
4.0,522,61362970,130.5
4.0,562,61363532,140.5
13.0,367,61363899,28.23076923076923
6.0,683,61364582,113.83333333333333
32.0,953,61365535,29.78125
6.0,668,61366203,111.33333333333333
5.0,617,61366820,123.4
7.0,683,61367503,97.57142857142857
8.0,674,61368177,84.25
17.0,488,61368665,28.705882352941178
16.0,609,61369274,38.0625
4.0,591,61369865,147.75
14.0,362,61370227,25.857142857142858
18.0,413,61370640,22.944444444444443
17.0,535,61371175,31.470588235294116
14.0,426,61371601,30.428571428571427
10.0,363,61371964,36.3
9.0,651,61372615,72.33333333333333
13.0,356,61372971,27.384615384615383
5.0,541,61373512,108.2
11.0,255,61373767,23.181818181818183
7.0,90,61373857,12.857142857142858
7.0,586,61374443,83.71428571428571
19.0,471,61374914,24.789473684210527
6.0,617,61375531,102.83333333333333
4.0,537,61376068,134.25
17.0,388,61376456,22.823529411764707
4.0,630,61377086,157.5
9.0,789,61377875,87.66666666666667
4.0,546,61378421,136.5
5.0,555,61378976,111.0
8.0,696,61379672,87.0
4.0,547,61380219,136.75
8.0,667,61380886,83.375
24.0,695,61381581,28.958333333333332
4.0,551,61382132,137.75
5.0,624,61382756,124.8
8.0,275,61383031,34.375
5.0,632,61383663,126.4
5.0,613,61384276,122.6
4.0,574,61384850,143.5
4.0,605,61385455,151.25
4.0,213,61385668,53.25
8.0,294,61385962,36.75
22.0,643,61386605,29.227272727272727
8.0,685,61387290,85.625
3.0,268,61387558,89.33333333333333
20.0,606,61388164,30.3
29.0,979,61389143,33.758620689655174
4.0,626,61389769,156.5
0.0,441,61390210,inf
4.0,693,61390903,173.25
4.0,594,61391497,148.5
5.0,568,61392065,113.6
1.0,447,61392512,447.0
5.0,597,61393109,119.4
1.0,449,61393558,449.0
4.0,244,61393802,61.0
14.0,604,61394406,43.142857142857146
16.0,733,61395139,45.8125
1.0,450,61395589,450.0
12.0,376,61395965,31.333333333333332
7.0,636,61396601,90.85714285714286
6.0,270,61396871,45.0
8.0,605,61397476,75.625
6.0,633,61398109,105.5
5.0,178,61398287,35.6
23.0,832,61399119,36.17391304347826
4.0,162,61399281,40.5
6.0,735,61400016,122.5
1.0,453,61400469,453.0
5.0,595,61401064,119.0
1.0,458,61401522,458.0
8.0,290,61401812,36.25
13.0,523,61402335,40.23076923076923
16.0,598,61402933,37.375
8.0,671,61403604,83.875
7.0,332,61403936,47.42857142857143
5.0,709,61404645,141.8
3.0,586,61405231,195.33333333333334
5.0,554,61405785,110.8
7.0,261,61406046,37.285714285714285
12.0,408,61406454,34.0
5.0,745,61407199,149.0
8.0,285,61407484,35.625
0.0,441,61407925,inf
9.0,735,61408660,81.66666666666667
3.0,551,61409211,183.66666666666666
7.0,667,61409878,95.28571428571429
6.0,294,61410172,49.0
11.0,462,61410634,42.0
18.0,573,61411207,31.833333333333332
7.0,231,61411438,33.0
18.0,593,61412031,32.94444444444444
13.0,376,61412407,28.923076923076923
9.0,675,61413082,75.0
5.0,81,61413163,16.2
5.0,232,61413395,46.4
4.0,623,61414018,155.75
6.0,654,61414672,109.0
3.0,568,61415240,189.33333333333334
19.0,547,61415787,28.789473684210527
5.0,164,61415951,32.8
9.0,637,61416588,70.77777777777777
5.0,222,61416810,44.4
5.0,630,61417440,126.0
5.0,615,61418055,123.0
5.0,649,61418704,129.8
5.0,247,61418951,49.4
6.0,605,61419556,100.83333333333333
7.0,300,61419856,42.857142857142854
12.0,320,61420176,26.666666666666668
4.0,651,61420827,162.75
4.0,531,61421358,132.75
5.0,702,61422060,140.4
4.0,518,61422578,129.5
4.0,643,61423221,160.75
9.0,728,61423949,80.88888888888889
8.0,540,61424489,67.5
11.0,455,61424944,41.36363636363637
7.0,693,61425637,99.0
6.0,259,61425896,43.166666666666664
5.0,571,61426467,114.2
4.0,499,61426966,124.75
5.0,560,61427526,112.0
4.0,614,61428140,153.5
7.0,694,61428834,99.14285714285714
2.0,498,61429332,249.0
5.0,646,61429978,129.2
7.0,627,61430605,89.57142857142857
18.0,589,61431194,32.72222222222222
10.0,400,61431594,40.0
4.0,644,61432238,161.0
21.0,717,61432955,34.142857142857146
4.0,519,61433474,129.75
10.0,782,61434256,78.2
6.0,623,61434879,103.83333333333333
9.0,327,61435206,36.333333333333336
6.0,210,61435416,35.0
10.0,286,61435702,28.6
14.0,405,61436107,28.928571428571427
0.0,441,61436548,inf
5.0,603,61437151,120.6
10.0,352,61437503,35.2
5.0,130,61437633,26.0
12.0,544,61438177,45.333333333333336
2.0,525,61438702,262.5
0.0,441,61439143,inf
6.0,162,61439305,27.0
4.0,680,61439985,170.0
1.0,491,61440476,491.0
10.0,352,61440828,35.2
3.0,485,61441313,161.66666666666666
12.0,417,61441730,34.75
13.0,348,61442078,26.76923076923077
5.0,616,61442694,123.2
4.0,653,61443347,163.25
14.0,366,61443713,26.142857142857142
4.0,607,61444320,151.75
10.0,352,61444672,35.2
8.0,194,61444866,24.25
7.0,659,61445525,94.14285714285714
9.0,351,61445876,39.0
12.0,336,61446212,28.0
21.0,509,61446721,24.238095238095237
4.0,591,61447312,147.75
12.0,329,61447641,27.416666666666668
5.0,572,61448213,114.4
12.0,484,61448697,40.333333333333336
6.0,663,61449360,110.5
5.0,607,61449967,121.4
6.0,95,61450062,15.833333333333334
11.0,298,61450360,27.09090909090909
5.0,135,61450495,27.0
7.0,331,61450826,47.285714285714285
3.0,39,61450865,13.0
4.0,533,61451398,133.25
5.0,277,61451675,55.4
22.0,654,61452329,29.727272727272727
16.0,517,61452846,32.3125
14.0,414,61453260,29.571428571428573
6.0,290,61453550,48.333333333333336
10.0,359,61453909,35.9
4.0,580,61454489,145.0
11.0,282,61454771,25.636363636363637
5.0,567,61455338,113.4
5.0,621,61455959,124.2
3.0,524,61456483,174.66666666666666
8.0,323,61456806,40.375
9.0,684,61457490,76.0
1.0,552,61458042,552.0
10.0,344,61458386,34.4
4.0,535,61458921,133.75
5.0,637,61459558,127.4
1.0,450,61460008,450.0
14.0,461,61460469,32.92857142857143
18.0,435,61460904,24.166666666666668
12.0,307,61461211,25.583333333333332
14.0,893,61462104,63.785714285714285
13.0,440,61462544,33.84615384615385
9.0,741,61463285,82.33333333333333
11.0,405,61463690,36.81818181818182
5.0,620,61464310,124.0
7.0,636,61464946,90.85714285714286
6.0,621,61465567,103.5
7.0,126,61465693,18.0
5.0,598,61466291,119.6
3.0,577,61466868,192.33333333333334
5.0,96,61466964,19.2
6.0,207,61467171,34.5
5.0,740,61467911,148.0
7.0,725,61468636,103.57142857142857
9.0,319,61468955,35.44444444444444
4.0,580,61469535,145.0
7.0,268,61469803,38.285714285714285
3.0,549,61470352,183.0
21.0,566,61470918,26.952380952380953
8.0,276,61471194,34.5
5.0,644,61471838,128.8
8.0,271,61472109,33.875
7.0,543,61472652,77.57142857142857
6.0,65,61472717,10.833333333333334
5.0,539,61473256,107.8
6.0,608,61473864,101.33333333333333
5.0,632,61474496,126.4
4.0,609,61475105,152.25
5.0,273,61475378,54.6
6.0,719,61476097,119.83333333333333
4.0,138,61476235,34.5
7.0,658,61476893,94.0
12.0,405,61477298,33.75
4.0,569,61477867,142.25
4.0,537,61478404,134.25
11.0,477,61478881,43.36363636363637
1.0,457,61479338,457.0
6.0,267,61479605,44.5
9.0,338,61479943,37.55555555555556
4.0,602,61480545,150.5
4.0,593,61481138,148.25
1.0,449,61481587,449.0
5.0,619,61482206,123.8
2.0,521,61482727,260.5
16.0,655,61483382,40.9375
12.0,361,61483743,30.083333333333332
9.0,653,61484396,72.55555555555556
7.0,341,61484737,48.714285714285715
9.0,222,61484959,24.666666666666668
5.0,364,61485323,72.8
6.0,193,61485516,32.166666666666664
4.0,637,61486153,159.25
27.0,783,61486936,29.0
4.0,509,61487445,127.25
6.0,264,61487709,44.0
4.0,599,61488308,149.75
8.0,637,61488945,79.625
5.0,558,61489503,111.6
7.0,268,61489771,38.285714285714285
6.0,573,61490344,95.5
16.0,282,61490626,17.625
14.0,544,61491170,38.857142857142854
5.0,126,61491296,25.2
7.0,192,61491488,27.428571428571427
12.0,423,61491911,35.25
15.0,371,61492282,24.733333333333334
16.0,590,61492872,36.875
4.0,612,61493484,153.0
13.0,357,61493841,27.46153846153846
3.0,622,61494463,207.33333333333334
9.0,811,61495274,90.11111111111111
5.0,530,61495804,106.0
5.0,595,61496399,119.0
5.0,232,61496631,46.4
6.0,657,61497288,109.5
11.0,454,61497742,41.27272727272727
9.0,224,61497966,24.88888888888889
6.0,639,61498605,106.5
8.0,336,61498941,42.0
11.0,284,61499225,25.818181818181817
10.0,426,61499651,42.6
6.0,630,61500281,105.0
15.0,860,61501141,57.333333333333336
8.0,258,61501399,32.25
3.0,524,61501923,174.66666666666666
7.0,180,61502103,25.714285714285715
5.0,249,61502352,49.8
9.0,223,61502575,24.77777777777778
4.0,609,61503184,152.25
5.0,139,61503323,27.8
6.0,332,61503655,55.333333333333336
4.0,561,61504216,140.25
19.0,730,61504946,38.421052631578945
8.0,711,61505657,88.875
13.0,448,61506105,34.46153846153846
4.0,605,61506710,151.25
34.0,976,61507686,28.705882352941178
6.0,652,61508338,108.66666666666667
5.0,584,61508922,116.8
13.0,407,61509329,31.307692307692307
8.0,695,61510024,86.875
9.0,762,61510786,84.66666666666667
7.0,123,61510909,17.571428571428573
15.0,640,61511549,42.666666666666664
7.0,291,61511840,41.57142857142857
5.0,672,61512512,134.4
5.0,534,61513046,106.8
0.0,441,61513487,inf
10.0,412,61513899,41.2
1.0,450,61514349,450.0
5.0,127,61514476,25.4
7.0,569,61515045,81.28571428571429
2.0,520,61515565,260.0
1.0,518,61516083,518.0
5.0,693,61516776,138.6
5.0,263,61517039,52.6
6.0,176,61517215,29.333333333333332
6.0,742,61517957,123.66666666666667
2.0,536,61518493,268.0
8.0,318,61518811,39.75
9.0,221,61519032,24.555555555555557
2.0,524,61519556,262.0
13.0,894,61520450,68.76923076923077
3.0,529,61520979,176.33333333333334
6.0,736,61521715,122.66666666666667
3.0,540,61522255,180.0
4.0,116,61522371,29.0
6.0,736,61523107,122.66666666666667
5.0,552,61523659,110.4
5.0,595,61524254,119.0
4.0,629,61524883,157.25
10.0,377,61525260,37.7
5.0,624,61525884,124.8
5.0,168,61526052,33.6
10.0,267,61526319,26.7
2.0,263,61526582,131.5
8.0,300,61526882,37.5
8.0,718,61527600,89.75
4.0,575,61528175,143.75
7.0,622,61528797,88.85714285714286
23.0,790,61529587,34.34782608695652
4.0,601,61530188,150.25
9.0,408,61530596,45.333333333333336
7.0,594,61531190,84.85714285714286
9.0,758,61531948,84.22222222222223
7.0,274,61532222,39.142857142857146
9.0,347,61532569,38.55555555555556
8.0,670,61533239,83.75
2.0,627,61533866,313.5
13.0,328,61534194,25.23076923076923
5.0,619,61534813,123.8
4.0,622,61535435,155.5
2.0,578,61536013,289.0
17.0,533,61536546,31.352941176470587
9.0,762,61537308,84.66666666666667
6.0,570,61537878,95.0
6.0,205,61538083,34.166666666666664
7.0,722,61538805,103.14285714285714
5.0,590,61539395,118.0
4.0,601,61539996,150.25
6.0,633,61540629,105.5
36.0,1073,61541702,29.805555555555557
26.0,921,61542623,35.42307692307692
12.0,485,61543108,40.416666666666664
30.0,987,61544095,32.9
6.0,710,61544805,118.33333333333333
13.0,503,61545308,38.69230769230769
21.0,562,61545870,26.761904761904763
7.0,260,61546130,37.142857142857146
5.0,566,61546696,113.2
4.0,552,61547248,138.0
9.0,133,61547381,14.777777777777779
8.0,684,61548065,85.5
5.0,665,61548730,133.0
7.0,580,61549310,82.85714285714286
3.0,516,61549826,172.0
3.0,514,61550340,171.33333333333334
6.0,669,61551009,111.5
10.0,256,61551265,25.6
8.0,183,61551448,22.875
16.0,512,61551960,32.0
5.0,563,61552523,112.6
2.0,460,61552983,230.0
4.0,559,61553542,139.75
8.0,286,61553828,35.75
1.0,451,61554279,451.0
4.0,589,61554868,147.25
17.0,672,61555540,39.529411764705884
6.0,252,61555792,42.0
12.0,306,61556098,25.5
14.0,591,61556689,42.214285714285715
15.0,605,61557294,40.333333333333336
5.0,154,61557448,30.8
9.0,284,61557732,31.555555555555557
8.0,273,61558005,34.125
6.0,635,61558640,105.83333333333333
13.0,524,61559164,40.30769230769231
19.0,430,61559594,22.63157894736842
6.0,222,61559816,37.0
7.0,676,61560492,96.57142857142857
4.0,568,61561060,142.0
5.0,618,61561678,123.6
8.0,729,61562407,91.125
4.0,660,61563067,165.0
4.0,680,61563747,170.0
8.0,712,61564459,89.0
12.0,359,61564818,29.916666666666668
7.0,343,61565161,49.0
5.0,503,61565664,100.6
20.0,487,61566151,24.35
4.0,540,61566691,135.0
19.0,408,61567099,21.473684210526315
12.0,826,61567925,68.83333333333333
21.0,559,61568484,26.61904761904762
5.0,750,61569234,150.0
4.0,527,61569761,131.75
5.0,564,61570325,112.8
2.0,473,61570798,236.5
11.0,357,61571155,32.45454545454545
4.0,548,61571703,137.0
3.0,454,61572157,151.33333333333334
2.0,558,61572715,279.0
5.0,728,61573443,145.6
6.0,223,61573666,37.166666666666664
4.0,542,61574208,135.5
8.0,289,61574497,36.125
5.0,594,61575091,118.8
13.0,818,61575909,62.92307692307692
6.0,246,61576155,41.0
6.0,615,61576770,102.5
8.0,809,61577579,101.125
4.0,545,61578124,136.25
15.0,352,61578476,23.466666666666665
6.0,619,61579095,103.16666666666667
5.0,573,61579668,114.6
6.0,252,61579920,42.0
8.0,406,61580326,50.75
4.0,621,61580947,155.25
1.0,485,61581432,485.0
9.0,683,61582115,75.88888888888889
5.0,309,61582424,61.8
1.0,492,61582916,492.0
5.0,635,61583551,127.0
5.0,771,61584322,154.2
6.0,518,61584840,86.33333333333333
11.0,356,61585196,32.36363636363637
2.0,466,61585662,233.0
6.0,165,61585827,27.5
8.0,278,61586105,34.75
16.0,515,61586620,32.1875
14.0,544,61587164,38.857142857142854
5.0,613,61587777,122.6
4.0,626,61588403,156.5
11.0,328,61588731,29.818181818181817
7.0,652,61589383,93.14285714285714
5.0,367,61589750,73.4
8.0,680,61590430,85.0
8.0,671,61591101,83.875
15.0,538,61591639,35.86666666666667
4.0,577,61592216,144.25
5.0,676,61592892,135.2
5.0,554,61593446,110.8
14.0,414,61593860,29.571428571428573
0.0,441,61594301,inf
0.0,441,61594742,inf
5.0,160,61594902,32.0
7.0,204,61595106,29.142857142857142
15.0,685,61595791,45.666666666666664
12.0,330,61596121,27.5
4.0,559,61596680,139.75
5.0,594,61597274,118.8
7.0,654,61597928,93.42857142857143
6.0,658,61598586,109.66666666666667
14.0,465,61599051,33.214285714285715
9.0,254,61599305,28.22222222222222
16.0,380,61599685,23.75
13.0,417,61600102,32.07692307692308
6.0,174,61600276,29.0
7.0,124,61600400,17.714285714285715
1.0,451,61600851,451.0
4.0,546,61601397,136.5
14.0,512,61601909,36.57142857142857
5.0,127,61602036,25.4
6.0,526,61602562,87.66666666666667
8.0,142,61602704,17.75
11.0,308,61603012,28.0
6.0,624,61603636,104.0
7.0,198,61603834,28.285714285714285
16.0,841,61604675,52.5625
4.0,568,61605243,142.0
7.0,725,61605968,103.57142857142857
2.0,568,61606536,284.0
10.0,351,61606887,35.1
4.0,619,61607506,154.75
3.0,105,61607611,35.0
8.0,719,61608330,89.875
5.0,674,61609004,134.8
5.0,492,61609496,98.4
8.0,247,61609743,30.875
18.0,435,61610178,24.166666666666668
7.0,251,61610429,35.857142857142854
10.0,459,61610888,45.9
5.0,578,61611466,115.6
7.0,212,61611678,30.285714285714285
11.0,492,61612170,44.72727272727273
0.0,441,61612611,inf
4.0,478,61613089,119.5
20.0,572,61613661,28.6
4.0,516,61614177,129.0
5.0,682,61614859,136.4
12.0,285,61615144,23.75
5.0,555,61615699,111.0
14.0,728,61616427,52.0
5.0,587,61617014,117.4
4.0,596,61617610,149.0
17.0,614,61618224,36.11764705882353
11.0,500,61618724,45.45454545454545
9.0,282,61619006,31.333333333333332
8.0,706,61619712,88.25
1.0,445,61620157,445.0
5.0,106,61620263,21.2
5.0,139,61620402,27.8
4.0,611,61621013,152.75
7.0,669,61621682,95.57142857142857
9.0,216,61621898,24.0
3.0,196,61622094,65.33333333333333
7.0,257,61622351,36.714285714285715
9.0,174,61622525,19.333333333333332
15.0,423,61622948,28.2
8.0,678,61623626,84.75
8.0,286,61623912,35.75
9.0,773,61624685,85.88888888888889
7.0,659,61625344,94.14285714285714
8.0,784,61626128,98.0
8.0,766,61626894,95.75
8.0,353,61627247,44.125
5.0,522,61627769,104.4
5.0,679,61628448,135.8
4.0,589,61629037,147.25
17.0,401,61629438,23.58823529411765
22.0,780,61630218,35.45454545454545
6.0,610,61630828,101.66666666666667
5.0,132,61630960,26.4
6.0,681,61631641,113.5
9.0,288,61631929,32.0
14.0,933,61632862,66.64285714285714
6.0,580,61633442,96.66666666666667
17.0,541,61633983,31.823529411764707
5.0,237,61634220,47.4
6.0,756,61634976,126.0
3.0,530,61635506,176.66666666666666
16.0,386,61635892,24.125
10.0,238,61636130,23.8
4.0,155,61636285,38.75
6.0,515,61636800,85.83333333333333
18.0,529,61637329,29.38888888888889
4.0,575,61637904,143.75
8.0,629,61638533,78.625
5.0,541,61639074,108.2
10.0,349,61639423,34.9
11.0,214,61639637,19.454545454545453
12.0,422,61640059,35.166666666666664
7.0,615,61640674,87.85714285714286
13.0,999,61641673,76.84615384615384
31.0,969,61642642,31.258064516129032
8.0,314,61642956,39.25
19.0,489,61643445,25.736842105263158
5.0,532,61643977,106.4
4.0,524,61644501,131.0
18.0,891,61645392,49.5
12.0,800,61646192,66.66666666666667
5.0,641,61646833,128.2
7.0,134,61646967,19.142857142857142
5.0,567,61647534,113.4
21.0,599,61648133,28.523809523809526
7.0,641,61648774,91.57142857142857
9.0,319,61649093,35.44444444444444
23.0,704,61649797,30.608695652173914
10.0,290,61650087,29.0
13.0,850,61650937,65.38461538461539
1.0,480,61651417,480.0
3.0,518,61651935,172.66666666666666
6.0,645,61652580,107.5
6.0,654,61653234,109.0
5.0,517,61653751,103.4
7.0,201,61653952,28.714285714285715
6.0,626,61654578,104.33333333333333
7.0,629,61655207,89.85714285714286
4.0,550,61655757,137.5
11.0,273,61656030,24.818181818181817
19.0,503,61656533,26.473684210526315
8.0,651,61657184,81.375
9.0,866,61658050,96.22222222222223
7.0,638,61658688,91.14285714285714
7.0,319,61659007,45.57142857142857
4.0,600,61659607,150.0
23.0,608,61660215,26.434782608695652
8.0,234,61660449,29.25
29.0,655,61661104,22.586206896551722
28.0,761,61661865,27.178571428571427
9.0,640,61662505,71.11111111111111
15.0,348,61662853,23.2
5.0,531,61663384,106.2
13.0,881,61664265,67.76923076923077
8.0,327,61664592,40.875
4.0,497,61665089,124.25
6.0,601,61665690,100.16666666666667
4.0,579,61666269,144.75
14.0,291,61666560,20.785714285714285
12.0,926,61667486,77.16666666666667
6.0,593,61668079,98.83333333333333
6.0,92,61668171,15.333333333333334
10.0,310,61668481,31.0
9.0,822,61669303,91.33333333333333
4.0,514,61669817,128.5
4.0,639,61670456,159.75
12.0,262,61670718,21.833333333333332
6.0,527,61671245,87.83333333333333
5.0,609,61671854,121.8
32.0,763,61672617,23.84375
4.0,600,61673217,150.0
5.0,523,61673740,104.6
21.0,467,61674207,22.238095238095237
19.0,434,61674641,22.842105263157894
6.0,700,61675341,116.66666666666667
6.0,237,61675578,39.5
7.0,611,61676189,87.28571428571429
15.0,327,61676516,21.8
8.0,658,61677174,82.25
23.0,724,61677898,31.47826086956522
9.0,653,61678551,72.55555555555556
6.0,152,61678703,25.333333333333332
5.0,656,61679359,131.2
19.0,466,61679825,24.526315789473685
4.0,541,61680366,135.25
11.0,371,61680737,33.72727272727273
35.0,849,61681586,24.257142857142856
28.0,881,61682467,31.464285714285715
5.0,616,61683083,123.2
25.0,651,61683734,26.04
17.0,493,61684227,29.0
7.0,155,61684382,22.142857142857142
4.0,509,61684891,127.25
24.0,502,61685393,20.916666666666668
18.0,416,61685809,23.11111111111111
19.0,457,61686266,24.05263157894737
5.0,595,61686861,119.0
10.0,213,61687074,21.3
13.0,801,61687875,61.61538461538461
4.0,492,61688367,123.0
7.0,652,61689019,93.14285714285714
5.0,589,61689608,117.8
7.0,602,61690210,86.0
7.0,552,61690762,78.85714285714286
10.0,282,61691044,28.2
17.0,454,61691498,26.705882352941178
23.0,663,61692161,28.82608695652174
34.0,887,61693048,26.08823529411765
6.0,587,61693635,97.83333333333333
14.0,266,61693901,19.0
7.0,570,61694471,81.42857142857143
13.0,720,61695191,55.38461538461539
10.0,418,61695609,41.8
5.0,601,61696210,120.2
11.0,364,61696574,33.09090909090909
10.0,271,61696845,27.1
5.0,654,61697499,130.8
9.0,320,61697819,35.55555555555556
6.0,545,61698364,90.83333333333333
9.0,652,61699016,72.44444444444444
6.0,644,61699660,107.33333333333333
7.0,653,61700313,93.28571428571429
10.0,220,61700533,22.0
5.0,164,61700697,32.8
4.0,489,61701186,122.25
6.0,595,61701781,99.16666666666667
10.0,337,61702118,33.7
10.0,309,61702427,30.9
2.0,552,61702979,276.0
10.0,307,61703286,30.7
7.0,628,61703914,89.71428571428571
8.0,212,61704126,26.5
16.0,306,61704432,19.125
4.0,464,61704896,116.0
21.0,461,61705357,21.952380952380953
17.0,508,61705865,29.88235294117647
8.0,371,61706236,46.375
36.0,890,61707126,24.72222222222222
6.0,545,61707671,90.83333333333333
12.0,766,61708437,63.833333333333336
4.0,495,61708932,123.75
8.0,212,61709144,26.5
11.0,405,61709549,36.81818181818182
4.0,536,61710085,134.0
5.0,536,61710621,107.2
6.0,147,61710768,24.5
5.0,719,61711487,143.8
20.0,406,61711893,20.3
4.0,506,61712399,126.5
6.0,578,61712977,96.33333333333333
5.0,562,61713539,112.4
10.0,191,61713730,19.1
7.0,573,61714303,81.85714285714286
4.0,510,61714813,127.5
10.0,359,61715172,35.9
21.0,647,61715819,30.80952380952381
20.0,456,61716275,22.8
4.0,593,61716868,148.25
8.0,594,61717462,74.25
18.0,481,61717943,26.72222222222222
10.0,233,61718176,23.3
4.0,669,61718845,167.25
11.0,279,61719124,25.363636363636363
15.0,379,61719503,25.266666666666666
16.0,363,61719866,22.6875
4.0,481,61720347,120.25
18.0,442,61720789,24.555555555555557
11.0,251,61721040,22.818181818181817
14.0,337,61721377,24.071428571428573
13.0,679,61722056,52.23076923076923
24.0,598,61722654,24.916666666666668
5.0,115,61722769,23.0
1.0,453,61723222,453.0
10.0,352,61723574,35.2
4.0,582,61724156,145.5
23.0,587,61724743,25.52173913043478
14.0,875,61725618,62.5
9.0,746,61726364,82.88888888888889
14.0,365,61726729,26.071428571428573
6.0,576,61727305,96.0
8.0,129,61727434,16.125
12.0,707,61728141,58.916666666666664
6.0,525,61728666,87.5
4.0,545,61729211,136.25
4.0,489,61729700,122.25
16.0,474,61730174,29.625
6.0,615,61730789,102.5
29.0,710,61731499,24.482758620689655
39.0,1434,61732933,36.76923076923077
14.0,376,61733309,26.857142857142858
5.0,573,61733882,114.6
13.0,803,61734685,61.76923076923077
4.0,533,61735218,133.25
23.0,819,61736037,35.608695652173914
7.0,590,61736627,84.28571428571429
16.0,425,61737052,26.5625
7.0,651,61737703,93.0
6.0,589,61738292,98.16666666666667
9.0,668,61738960,74.22222222222223
8.0,645,61739605,80.625
5.0,659,61740264,131.8
10.0,394,61740658,39.4
4.0,533,61741191,133.25
9.0,706,61741897,78.44444444444444
15.0,420,61742317,28.0
5.0,546,61742863,109.2
6.0,141,61743004,23.5
9.0,395,61743399,43.888888888888886
23.0,728,61744127,31.652173913043477
10.0,366,61744493,36.6
34.0,871,61745364,25.61764705882353
4.0,535,61745899,133.75
5.0,582,61746481,116.4
5.0,591,61747072,118.2
6.0,613,61747685,102.16666666666667
14.0,310,61747995,22.142857142857142
17.0,498,61748493,29.294117647058822
4.0,661,61749154,165.25
20.0,653,61749807,32.65
4.0,646,61750453,161.5
15.0,472,61750925,31.466666666666665
5.0,582,61751507,116.4
22.0,505,61752012,22.954545454545453
4.0,550,61752562,137.5
8.0,168,61752730,21.0
2.0,536,61753266,268.0
8.0,299,61753565,37.375
10.0,343,61753908,34.3
26.0,486,61754394,18.692307692307693
19.0,937,61755331,49.31578947368421
15.0,468,61755799,31.2
13.0,805,61756604,61.92307692307692
23.0,541,61757145,23.52173913043478
12.0,292,61757437,24.333333333333332
5.0,639,61758076,127.8
12.0,176,61758252,14.666666666666666
18.0,608,61758860,33.77777777777778
8.0,358,61759218,44.75
8.0,217,61759435,27.125
6.0,627,61760062,104.5
10.0,218,61760280,21.8
4.0,548,61760828,137.0
10.0,240,61761068,24.0
37.0,912,61761980,24.64864864864865
4.0,673,61762653,168.25
10.0,211,61762864,21.1
6.0,527,61763391,87.83333333333333
34.0,807,61764198,23.735294117647058
12.0,348,61764546,29.0
16.0,398,61764944,24.875
14.0,253,61765197,18.071428571428573
7.0,264,61765461,37.714285714285715
7.0,741,61766202,105.85714285714286
8.0,155,61766357,19.375
21.0,480,61766837,22.857142857142858
7.0,138,61766975,19.714285714285715
11.0,346,61767321,31.454545454545453
4.0,523,61767844,130.75
19.0,609,61768453,32.05263157894737
10.0,304,61768757,30.4
14.0,311,61769068,22.214285714285715
10.0,331,61769399,33.1
12.0,710,61770109,59.166666666666664
9.0,414,61770523,46.0
11.0,337,61770860,30.636363636363637
10.0,436,61771296,43.6
25.0,626,61771922,25.04
8.0,161,61772083,20.125
4.0,632,61772715,158.0
12.0,734,61773449,61.166666666666664
11.0,248,61773697,22.545454545454547
25.0,647,61774344,25.88
2.0,467,61774811,233.5
7.0,128,61774939,18.285714285714285
8.0,693,61775632,86.625
15.0,362,61775994,24.133333333333333
6.0,641,61776635,106.83333333333333
12.0,655,61777290,54.583333333333336
15.0,470,61777760,31.333333333333332
20.0,598,61778358,29.9
12.0,753,61779111,62.75
10.0,275,61779386,27.5
6.0,542,61779928,90.33333333333333
6.0,596,61780524,99.33333333333333
5.0,531,61781055,106.2
12.0,731,61781786,60.916666666666664
17.0,390,61782176,22.941176470588236
25.0,1164,61783340,46.56
5.0,570,61783910,114.0
9.0,599,61784509,66.55555555555556
4.0,505,61785014,126.25
7.0,702,61785716,100.28571428571429
11.0,222,61785938,20.181818181818183
25.0,682,61786620,27.28
5.0,159,61786779,31.8
4.0,542,61787321,135.5
4.0,677,61787998,169.25
12.0,883,61788881,73.58333333333333
35.0,835,61789716,23.857142857142858
8.0,648,61790364,81.0
7.0,610,61790974,87.14285714285714
6.0,583,61791557,97.16666666666667
8.0,663,61792220,82.875
6.0,123,61792343,20.5
7.0,633,61792976,90.42857142857143
8.0,571,61793547,71.375
6.0,552,61794099,92.0
3.0,80,61794179,26.666666666666668
4.0,566,61794745,141.5
17.0,533,61795278,31.352941176470587
6.0,693,61795971,115.5
12.0,798,61796769,66.5
6.0,651,61797420,108.5
6.0,527,61797947,87.83333333333333
14.0,340,61798287,24.285714285714285
10.0,234,61798521,23.4
4.0,743,61799264,185.75
6.0,201,61799465,33.5
10.0,440,61799905,44.0
5.0,602,61800507,120.4
9.0,316,61800823,35.111111111111114
5.0,494,61801317,98.8
5.0,557,61801874,111.4
5.0,800,61802674,160.0
11.0,295,61802969,26.818181818181817
5.0,82,61803051,16.4
9.0,236,61803287,26.22222222222222
3.0,470,61803757,156.66666666666666
18.0,398,61804155,22.11111111111111
14.0,448,61804603,32.0
17.0,930,61805533,54.705882352941174
7.0,568,61806101,81.14285714285714
4.0,579,61806680,144.75
6.0,176,61806856,29.333333333333332
4.0,489,61807345,122.25
11.0,827,61808172,75.18181818181819
12.0,750,61808922,62.5
11.0,272,61809194,24.727272727272727
4.0,544,61809738,136.0
6.0,183,61809921,30.5
12.0,697,61810618,58.083333333333336
4.0,106,61810724,26.5
5.0,678,61811402,135.6
19.0,525,61811927,27.63157894736842
8.0,652,61812579,81.5
23.0,631,61813210,27.434782608695652
9.0,271,61813481,30.11111111111111
10.0,361,61813842,36.1
8.0,769,61814611,96.125
14.0,353,61814964,25.214285714285715
1.0,462,61815426,462.0
10.0,191,61815617,19.1
36.0,977,61816594,27.13888888888889
30.0,837,61817431,27.9
19.0,469,61817900,24.68421052631579
21.0,703,61818603,33.476190476190474
20.0,575,61819178,28.75
27.0,645,61819823,23.88888888888889
36.0,1008,61820831,28.0
8.0,574,61821405,71.75
11.0,246,61821651,22.363636363636363
9.0,360,61822011,40.0
32.0,770,61822781,24.0625
5.0,554,61823335,110.8
10.0,352,61823687,35.2
7.0,223,61823910,31.857142857142858
7.0,696,61824606,99.42857142857143
5.0,527,61825133,105.4
11.0,247,61825380,22.454545454545453
8.0,670,61826050,83.75
11.0,299,61826349,27.181818181818183
5.0,630,61826979,126.0
6.0,628,61827607,104.66666666666667
8.0,246,61827853,30.75
10.0,265,61828118,26.5
6.0,579,61828697,96.5
5.0,652,61829349,130.4
5.0,101,61829450,20.2
7.0,632,61830082,90.28571428571429
20.0,655,61830737,32.75
5.0,606,61831343,121.2
4.0,591,61831934,147.75
8.0,594,61832528,74.25
21.0,465,61832993,22.142857142857142
14.0,262,61833255,18.714285714285715
5.0,631,61833886,126.2
7.0,621,61834507,88.71428571428571
10.0,236,61834743,23.6
4.0,563,61835306,140.75
11.0,341,61835647,31.0
5.0,555,61836202,111.0
4.0,519,61836721,129.75
23.0,401,61837122,17.434782608695652
41.0,1090,61838212,26.585365853658537
19.0,592,61838804,31.157894736842106
8.0,365,61839169,45.625
5.0,628,61839797,125.6
12.0,782,61840579,65.16666666666667
7.0,633,61841212,90.42857142857143
16.0,437,61841649,27.3125
7.0,612,61842261,87.42857142857143
40.0,1026,61843287,25.65
1.0,491,61843778,491.0
10.0,197,61843975,19.7
28.0,611,61844586,21.821428571428573
4.0,517,61845103,129.25
6.0,601,61845704,100.16666666666667
17.0,862,61846566,50.705882352941174
28.0,689,61847255,24.607142857142858
8.0,636,61847891,79.5
8.0,218,61848109,27.25
13.0,703,61848812,54.07692307692308
5.0,593,61849405,118.6
10.0,285,61849690,28.5
4.0,538,61850228,134.5
13.0,712,61850940,54.76923076923077
18.0,1008,61851948,56.0
14.0,782,61852730,55.857142857142854
30.0,684,61853414,22.8
4.0,547,61853961,136.75
5.0,499,61854460,99.8
19.0,365,61854825,19.210526315789473
7.0,598,61855423,85.42857142857143
8.0,713,61856136,89.125
6.0,226,61856362,37.666666666666664
22.0,527,61856889,23.954545454545453
4.0,595,61857484,148.75
15.0,493,61857977,32.86666666666667
19.0,500,61858477,26.31578947368421
12.0,659,61859136,54.916666666666664
9.0,688,61859824,76.44444444444444
2.0,568,61860392,284.0
5.0,541,61860933,108.2
10.0,299,61861232,29.9
29.0,855,61862087,29.482758620689655
3.0,506,61862593,168.66666666666666
17.0,947,61863540,55.705882352941174
8.0,676,61864216,84.5
11.0,303,61864519,27.545454545454547
4.0,610,61865129,152.5
35.0,916,61866045,26.17142857142857
5.0,633,61866678,126.6
19.0,446,61867124,23.473684210526315
10.0,274,61867398,27.4
23.0,551,61867949,23.956521739130434
34.0,736,61868685,21.647058823529413
6.0,391,61869076,65.16666666666667
8.0,290,61869366,36.25
6.0,567,61869933,94.5
11.0,227,61870160,20.636363636363637
4.0,557,61870717,139.25
20.0,505,61871222,25.25
6.0,696,61871918,116.0
18.0,370,61872288,20.555555555555557
12.0,780,61873068,65.0
11.0,265,61873333,24.09090909090909
12.0,672,61874005,56.0
27.0,571,61874576,21.14814814814815
14.0,566,61875142,40.42857142857143
12.0,881,61876023,73.41666666666667
14.0,262,61876285,18.714285714285715
8.0,712,61876997,89.0
4.0,578,61877575,144.5
5.0,559,61878134,111.8
12.0,721,61878855,60.083333333333336
14.0,419,61879274,29.928571428571427
10.0,254,61879528,25.4
16.0,749,61880277,46.8125
11.0,271,61880548,24.636363636363637
28.0,783,61881331,27.964285714285715
12.0,305,61881636,25.416666666666668
32.0,773,61882409,24.15625
9.0,295,61882704,32.77777777777778
12.0,343,61883047,28.583333333333332
11.0,253,61883300,23.0
18.0,464,61883764,25.77777777777778
13.0,682,61884446,52.46153846153846
5.0,584,61885030,116.8
5.0,210,61885240,42.0
4.0,517,61885757,129.25
2.0,461,61886218,230.5
21.0,589,61886807,28.047619047619047
4.0,503,61887310,125.75
9.0,669,61887979,74.33333333333333
10.0,204,61888183,20.4
26.0,846,61889029,32.53846153846154
6.0,552,61889581,92.0
17.0,502,61890083,29.529411764705884
3.0,44,61890127,14.666666666666666
5.0,152,61890279,30.4
6.0,588,61890867,98.0
13.0,784,61891651,60.30769230769231
4.0,483,61892134,120.75
4.0,515,61892649,128.75
11.0,256,61892905,23.272727272727273
23.0,909,61893814,39.52173913043478
4.0,519,61894333,129.75
15.0,428,61894761,28.533333333333335
16.0,548,61895309,34.25
21.0,472,61895781,22.476190476190474
5.0,608,61896389,121.6
6.0,605,61896994,100.83333333333333
6.0,612,61897606,102.0
9.0,671,61898277,74.55555555555556
12.0,344,61898621,28.666666666666668
2.0,23,61898644,11.5
5.0,596,61899240,119.2
6.0,647,61899887,107.83333333333333
4.0,610,61900497,152.5
7.0,580,61901077,82.85714285714286
16.0,500,61901577,31.25
10.0,213,61901790,21.3
5.0,143,61901933,28.6
7.0,588,61902521,84.0
9.0,252,61902773,28.0
9.0,795,61903568,88.33333333333333
9.0,704,61904272,78.22222222222223
8.0,152,61904424,19.0
6.0,549,61904973,91.5
10.0,343,61905316,34.3
4.0,483,61905799,120.75
3.0,551,61906350,183.66666666666666
6.0,559,61906909,93.16666666666667
22.0,632,61907541,28.727272727272727
5.0,201,61907742,40.2
10.0,299,61908041,29.9
4.0,519,61908560,129.75
17.0,404,61908964,23.764705882352942
5.0,195,61909159,39.0
24.0,554,61909713,23.083333333333332
9.0,662,61910375,73.55555555555556
7.0,634,61911009,90.57142857142857
18.0,860,61911869,47.77777777777778
10.0,184,61912053,18.4
9.0,610,61912663,67.77777777777777
17.0,454,61913117,26.705882352941178
19.0,514,61913631,27.05263157894737
4.0,586,61914217,146.5
8.0,229,61914446,28.625
11.0,301,61914747,27.363636363636363
29.0,679,61915426,23.413793103448278
4.0,577,61916003,144.25
4.0,538,61916541,134.5
8.0,647,61917188,80.875
5.0,606,61917794,121.2
6.0,547,61918341,91.16666666666667
9.0,688,61919029,76.44444444444444
6.0,632,61919661,105.33333333333333
3.0,91,61919752,30.333333333333332
8.0,671,61920423,83.875
6.0,641,61921064,106.83333333333333
30.0,805,61921869,26.833333333333332
4.0,619,61922488,154.75
22.0,617,61923105,28.045454545454547
18.0,870,61923975,48.333333333333336
6.0,593,61924568,98.83333333333333
14.0,934,61925502,66.71428571428571
18.0,485,61925987,26.944444444444443
5.0,671,61926658,134.2
7.0,657,61927315,93.85714285714286
17.0,556,61927871,32.705882352941174
4.0,518,61928389,129.5
12.0,707,61929096,58.916666666666664
6.0,521,61929617,86.83333333333333
15.0,384,61930001,25.6
22.0,753,61930754,34.22727272727273
25.0,601,61931355,24.04
31.0,633,61931988,20.419354838709676
5.0,697,61932685,139.4
7.0,276,61932961,39.42857142857143
13.0,429,61933390,33.0
13.0,437,61933827,33.61538461538461
2.0,500,61934327,250.0
22.0,559,61934886,25.40909090909091
16.0,390,61935276,24.375
19.0,502,61935778,26.42105263157895
12.0,351,61936129,29.25
8.0,226,61936355,28.25
18.0,329,61936684,18.27777777777778
6.0,555,61937239,92.5
3.0,257,61937496,85.66666666666667
5.0,518,61938014,103.6
9.0,269,61938283,29.88888888888889
12.0,311,61938594,25.916666666666668
13.0,387,61938981,29.76923076923077
11.0,430,61939411,39.09090909090909
15.0,373,61939784,24.866666666666667
9.0,208,61939992,23.11111111111111
26.0,787,61940779,30.26923076923077
8.0,272,61941051,34.0
22.0,472,61941523,21.454545454545453
16.0,431,61941954,26.9375
9.0,761,61942715,84.55555555555556
16.0,829,61943544,51.8125
8.0,229,61943773,28.625
2.0,460,61944233,230.0
13.0,339,61944572,26.076923076923077
4.0,579,61945151,144.75
8.0,581,61945732,72.625
6.0,148,61945880,24.666666666666668
11.0,467,61946347,42.45454545454545
4.0,559,61946906,139.75
9.0,590,61947496,65.55555555555556
7.0,601,61948097,85.85714285714286
4.0,646,61948743,161.5
10.0,329,61949072,32.9
8.0,715,61949787,89.375
14.0,327,61950114,23.357142857142858
20.0,479,61950593,23.95
31.0,827,61951420,26.677419354838708
5.0,555,61951975,111.0
4.0,678,61952653,169.5
9.0,701,61953354,77.88888888888889
6.0,633,61953987,105.5
13.0,781,61954768,60.07692307692308
12.0,810,61955578,67.5
6.0,658,61956236,109.66666666666667
5.0,524,61956760,104.8
1.0,496,61957256,496.0
20.0,344,61957600,17.2
14.0,247,61957847,17.642857142857142
11.0,316,61958163,28.727272727272727
8.0,635,61958798,79.375
5.0,215,61959013,43.0
20.0,633,61959646,31.65
15.0,413,61960059,27.533333333333335
30.0,772,61960831,25.733333333333334
8.0,602,61961433,75.25
5.0,662,61962095,132.4
37.0,909,61963004,24.56756756756757
6.0,214,61963218,35.666666666666664
11.0,382,61963600,34.72727272727273
6.0,565,61964165,94.16666666666667
5.0,498,61964663,99.6
19.0,372,61965035,19.57894736842105
21.0,519,61965554,24.714285714285715
7.0,590,61966144,84.28571428571429
10.0,304,61966448,30.4
12.0,771,61967219,64.25
8.0,632,61967851,79.0
5.0,634,61968485,126.8
9.0,750,61969235,83.33333333333333
31.0,689,61969924,22.225806451612904
5.0,536,61970460,107.2
5.0,604,61971064,120.8
14.0,485,61971549,34.642857142857146
9.0,299,61971848,33.22222222222222
22.0,434,61972282,19.727272727272727
7.0,680,61972962,97.14285714285714
12.0,254,61973216,21.166666666666668
9.0,326,61973542,36.22222222222222
32.0,798,61974340,24.9375
19.0,898,61975238,47.26315789473684
38.0,1142,61976380,30.05263157894737
9.0,695,61977075,77.22222222222223
11.0,312,61977387,28.363636363636363
5.0,128,61977515,25.6
15.0,333,61977848,22.2
11.0,366,61978214,33.27272727272727
4.0,524,61978738,131.0
24.0,570,61979308,23.75
14.0,237,61979545,16.928571428571427
6.0,567,61980112,94.5
7.0,739,61980851,105.57142857142857
8.0,591,61981442,73.875
11.0,313,61981755,28.454545454545453
4.0,617,61982372,154.25
9.0,201,61982573,22.333333333333332
9.0,290,61982863,32.22222222222222
4.0,557,61983420,139.25
11.0,400,61983820,36.36363636363637
16.0,892,61984712,55.75
7.0,636,61985348,90.85714285714286
8.0,651,61985999,81.375
11.0,264,61986263,24.0
16.0,480,61986743,30.0
7.0,501,61987244,71.57142857142857
4.0,665,61987909,166.25
4.0,570,61988479,142.5
5.0,547,61989026,109.4
9.0,698,61989724,77.55555555555556
6.0,105,61989829,17.5
1.0,456,61990285,456.0
14.0,303,61990588,21.642857142857142
4.0,507,61991095,126.75
5.0,645,61991740,129.0
7.0,208,61991948,29.714285714285715
12.0,363,61992311,30.25
22.0,598,61992909,27.181818181818183
1.0,30,61992939,30.0
31.0,896,61993835,28.903225806451612
6.0,753,61994588,125.5
7.0,262,61994850,37.42857142857143
3.0,64,61994914,21.333333333333332
6.0,563,61995477,93.83333333333333
4.0,537,61996014,134.25
7.0,618,61996632,88.28571428571429
4.0,571,61997203,142.75
5.0,596,61997799,119.2
14.0,284,61998083,20.285714285714285
10.0,207,61998290,20.7
10.0,288,61998578,28.8
25.0,683,61999261,27.32
11.0,324,61999585,29.454545454545453
6.0,181,61999766,30.166666666666668
5.0,584,62000350,116.8
6.0,145,62000495,24.166666666666668
19.0,487,62000982,25.63157894736842
14.0,385,62001367,27.5
28.0,760,62002127,27.142857142857142
6.0,578,62002705,96.33333333333333
10.0,231,62002936,23.1
17.0,540,62003476,31.764705882352942
10.0,187,62003663,18.7
8.0,662,62004325,82.75
5.0,161,62004486,32.2
16.0,423,62004909,26.4375
15.0,394,62005303,26.266666666666666
5.0,578,62005881,115.6
4.0,528,62006409,132.0
5.0,659,62007068,131.8
9.0,614,62007682,68.22222222222223
18.0,442,62008124,24.555555555555557
21.0,610,62008734,29.047619047619047
22.0,512,62009246,23.272727272727273
13.0,353,62009599,27.153846153846153
15.0,472,62010071,31.466666666666665
6.0,824,62010895,137.33333333333334
11.0,336,62011231,30.545454545454547
24.0,546,62011777,22.75
6.0,618,62012395,103.0
10.0,319,62012714,31.9
6.0,167,62012881,27.833333333333332
29.0,753,62013634,25.96551724137931
10.0,361,62013995,36.1
6.0,610,62014605,101.66666666666667
11.0,300,62014905,27.272727272727273
11.0,289,62015194,26.272727272727273
10.0,256,62015450,25.6
8.0,289,62015739,36.125
11.0,290,62016029,26.363636363636363
39.0,880,62016909,22.564102564102566
4.0,546,62017455,136.5
4.0,148,62017603,37.0
26.0,520,62018123,20.0
5.0,693,62018816,138.6
10.0,299,62019115,29.9
10.0,306,62019421,30.6
11.0,296,62019717,26.90909090909091
5.0,156,62019873,31.2
17.0,413,62020286,24.294117647058822
19.0,601,62020887,31.63157894736842
13.0,756,62021643,58.15384615384615
12.0,292,62021935,24.333333333333332
33.0,903,62022838,27.363636363636363
2.0,456,62023294,228.0
5.0,579,62023873,115.8
16.0,382,62024255,23.875
19.0,413,62024668,21.736842105263158
11.0,374,62025042,34.0
5.0,535,62025577,107.0
6.0,583,62026160,97.16666666666667
4.0,539,62026699,134.75
5.0,527,62027226,105.4
13.0,856,62028082,65.84615384615384
5.0,603,62028685,120.6
18.0,523,62029208,29.055555555555557
6.0,560,62029768,93.33333333333333
26.0,639,62030407,24.576923076923077
16.0,826,62031233,51.625
2.0,496,62031729,248.0
41.0,936,62032665,22.829268292682926
8.0,196,62032861,24.5
10.0,282,62033143,28.2
10.0,302,62033445,30.2
0.0,441,62033886,inf
24.0,599,62034485,24.958333333333332
7.0,212,62034697,30.285714285714285
31.0,743,62035440,23.967741935483872
17.0,428,62035868,25.176470588235293
5.0,639,62036507,127.8
5.0,697,62037204,139.4
11.0,284,62037488,25.818181818181817
22.0,669,62038157,30.40909090909091
12.0,788,62038945,65.66666666666667
2.0,455,62039400,227.5
4.0,537,62039937,134.25
5.0,588,62040525,117.6
6.0,578,62041103,96.33333333333333
25.0,516,62041619,20.64
8.0,636,62042255,79.5
15.0,847,62043102,56.46666666666667
31.0,694,62043796,22.387096774193548
20.0,485,62044281,24.25
2.0,499,62044780,249.5
10.0,338,62045118,33.8
21.0,572,62045690,27.238095238095237
4.0,588,62046278,147.0
11.0,320,62046598,29.09090909090909
4.0,209,62046807,52.25
10.0,306,62047113,30.6
7.0,631,62047744,90.14285714285714
12.0,668,62048412,55.666666666666664
19.0,397,62048809,20.894736842105264
8.0,591,62049400,73.875
24.0,707,62050107,29.458333333333332
14.0,327,62050434,23.357142857142858
4.0,539,62050973,134.75
11.0,280,62051253,25.454545454545453
6.0,671,62051924,111.83333333333333
4.0,238,62052162,59.5
8.0,607,62052769,75.875
8.0,310,62053079,38.75
14.0,462,62053541,33.0
10.0,291,62053832,29.1
7.0,582,62054414,83.14285714285714
21.0,560,62054974,26.666666666666668
8.0,326,62055300,40.75
9.0,264,62055564,29.333333333333332
5.0,536,62056100,107.2
7.0,692,62056792,98.85714285714286
8.0,223,62057015,27.875
15.0,355,62057370,23.666666666666668
4.0,489,62057859,122.25
5.0,586,62058445,117.2
16.0,716,62059161,44.75
1.0,446,62059607,446.0
7.0,558,62060165,79.71428571428571
6.0,507,62060672,84.5
26.0,739,62061411,28.423076923076923
7.0,669,62062080,95.57142857142857
13.0,251,62062331,19.307692307692307
20.0,471,62062802,23.55
17.0,384,62063186,22.58823529411765
5.0,549,62063735,109.8
16.0,372,62064107,23.25
12.0,810,62064917,67.5
5.0,587,62065504,117.4
5.0,601,62066105,120.2
7.0,666,62066771,95.14285714285714
6.0,560,62067331,93.33333333333333
21.0,528,62067859,25.142857142857142
7.0,123,62067982,17.571428571428573
27.0,764,62068746,28.296296296296298
5.0,601,62069347,120.2
9.0,706,62070053,78.44444444444444
4.0,517,62070570,129.25
10.0,294,62070864,29.4
9.0,726,62071590,80.66666666666667
14.0,734,62072324,52.42857142857143
26.0,775,62073099,29.807692307692307
6.0,592,62073691,98.66666666666667
12.0,976,62074667,81.33333333333333
10.0,375,62075042,37.5
5.0,535,62075577,107.0
7.0,728,62076305,104.0
19.0,434,62076739,22.842105263157894
27.0,1052,62077791,38.96296296296296
9.0,622,62078413,69.11111111111111
12.0,415,62078828,34.583333333333336
11.0,337,62079165,30.636363636363637
7.0,600,62079765,85.71428571428571
18.0,535,62080300,29.72222222222222
17.0,376,62080676,22.11764705882353
9.0,442,62081118,49.111111111111114
6.0,595,62081713,99.16666666666667
12.0,320,62082033,26.666666666666668
4.0,539,62082572,134.75
7.0,599,62083171,85.57142857142857
13.0,823,62083994,63.30769230769231
27.0,567,62084561,21.0
9.0,218,62084779,24.22222222222222
7.0,674,62085453,96.28571428571429
24.0,572,62086025,23.833333333333332
5.0,570,62086595,114.0
10.0,423,62087018,42.3
14.0,428,62087446,30.571428571428573
11.0,205,62087651,18.636363636363637
5.0,205,62087856,41.0
5.0,557,62088413,111.4
4.0,570,62088983,142.5
10.0,280,62089263,28.0
10.0,462,62089725,46.2
9.0,169,62089894,18.77777777777778
9.0,373,62090267,41.44444444444444
8.0,692,62090959,86.5
11.0,216,62091175,19.636363636363637
5.0,668,62091843,133.6
5.0,587,62092430,117.4
8.0,665,62093095,83.125
8.0,541,62093636,67.625
4.0,101,62093737,25.25
8.0,458,62094195,57.25
12.0,287,62094482,23.916666666666668
5.0,571,62095053,114.2
6.0,179,62095232,29.833333333333332
4.0,95,62095327,23.75
7.0,578,62095905,82.57142857142857
16.0,428,62096333,26.75
4.0,479,62096812,119.75
9.0,731,62097543,81.22222222222223
14.0,312,62097855,22.285714285714285
5.0,621,62098476,124.2
5.0,123,62098599,24.6
12.0,729,62099328,60.75
9.0,571,62099899,63.44444444444444
4.0,580,62100479,145.0
6.0,110,62100589,18.333333333333332
11.0,255,62100844,23.181818181818183
6.0,575,62101419,95.83333333333333
35.0,881,62102300,25.17142857142857
15.0,353,62102653,23.533333333333335
4.0,519,62103172,129.75
4.0,504,62103676,126.0
18.0,426,62104102,23.666666666666668
16.0,784,62104886,49.0
6.0,213,62105099,35.5
6.0,542,62105641,90.33333333333333
8.0,761,62106402,95.125
6.0,656,62107058,109.33333333333333
19.0,596,62107654,31.36842105263158
20.0,524,62108178,26.2
12.0,312,62108490,26.0
25.0,973,62109463,38.92
6.0,178,62109641,29.666666666666668
14.0,334,62109975,23.857142857142858
19.0,427,62110402,22.473684210526315
10.0,316,62110718,31.6
4.0,505,62111223,126.25
5.0,571,62111794,114.2
28.0,721,62112515,25.75
4.0,547,62113062,136.75
34.0,772,62113834,22.705882352941178
32.0,879,62114713,27.46875
16.0,321,62115034,20.0625
17.0,426,62115460,25.058823529411764
16.0,313,62115773,19.5625
22.0,526,62116299,23.90909090909091
20.0,416,62116715,20.8
4.0,153,62116868,38.25
5.0,571,62117439,114.2
12.0,765,62118204,63.75
16.0,512,62118716,32.0
7.0,596,62119312,85.14285714285714
7.0,624,62119936,89.14285714285714
35.0,908,62120844,25.942857142857143
7.0,727,62121571,103.85714285714286
7.0,561,62122132,80.14285714285714
9.0,675,62122807,75.0
8.0,246,62123053,30.75
7.0,593,62123646,84.71428571428571
14.0,778,62124424,55.57142857142857
6.0,625,62125049,104.16666666666667
10.0,319,62125368,31.9
12.0,652,62126020,54.333333333333336
9.0,620,62126640,68.88888888888889
4.0,549,62127189,137.25
5.0,533,62127722,106.6
5.0,545,62128267,109.0
4.0,503,62128770,125.75
7.0,669,62129439,95.57142857142857
12.0,261,62129700,21.75
13.0,891,62130591,68.53846153846153
4.0,555,62131146,138.75
4.0,670,62131816,167.5
8.0,92,62131908,11.5
13.0,300,62132208,23.076923076923077
14.0,803,62133011,57.357142857142854
12.0,836,62133847,69.66666666666667
4.0,467,62134314,116.75
8.0,561,62134875,70.125
14.0,445,62135320,31.785714285714285
10.0,354,62135674,35.4
8.0,157,62135831,19.625
17.0,351,62136182,20.647058823529413
7.0,548,62136730,78.28571428571429
5.0,540,62137270,108.0
5.0,592,62137862,118.4
4.0,539,62138401,134.75
10.0,267,62138668,26.7
5.0,635,62139303,127.0
5.0,665,62139968,133.0
12.0,208,62140176,17.333333333333332
7.0,111,62140287,15.857142857142858
4.0,600,62140887,150.0
6.0,558,62141445,93.0
9.0,356,62141801,39.55555555555556
10.0,341,62142142,34.1
2.0,83,62142225,41.5
6.0,640,62142865,106.66666666666667
25.0,949,62143814,37.96
5.0,240,62144054,48.0
9.0,205,62144259,22.77777777777778
4.0,536,62144795,134.0
9.0,572,62145367,63.55555555555556
11.0,375,62145742,34.09090909090909
9.0,344,62146086,38.22222222222222
4.0,490,62146576,122.5
12.0,229,62146805,19.083333333333332
8.0,748,62147553,93.5
9.0,273,62147826,30.333333333333332
9.0,745,62148571,82.77777777777777
31.0,758,62149329,24.451612903225808
33.0,879,62150208,26.636363636363637
13.0,783,62150991,60.23076923076923
38.0,1096,62152087,28.842105263157894
13.0,377,62152464,29.0
14.0,928,62153392,66.28571428571429
4.0,694,62154086,173.5
9.0,254,62154340,28.22222222222222
4.0,497,62154837,124.25
9.0,187,62155024,20.77777777777778
5.0,532,62155556,106.4
4.0,503,62156059,125.75
27.0,936,62156995,34.666666666666664
9.0,190,62157185,21.11111111111111
16.0,1014,62158199,63.375
14.0,457,62158656,32.642857142857146
25.0,666,62159322,26.64
8.0,626,62159948,78.25
5.0,601,62160549,120.2
18.0,416,62160965,23.11111111111111
9.0,158,62161123,17.555555555555557
4.0,552,62161675,138.0
7.0,598,62162273,85.42857142857143
10.0,271,62162544,27.1
4.0,593,62163137,148.25
11.0,278,62163415,25.272727272727273
13.0,781,62164196,60.07692307692308
6.0,600,62164796,100.0
6.0,116,62164912,19.333333333333332
4.0,563,62165475,140.75
14.0,660,62166135,47.142857142857146
19.0,506,62166641,26.63157894736842
16.0,447,62167088,27.9375
4.0,607,62167695,151.75
5.0,590,62168285,118.0
4.0,571,62168856,142.75
21.0,574,62169430,27.333333333333332
6.0,226,62169656,37.666666666666664
7.0,653,62170309,93.28571428571429
10.0,479,62170788,47.9
6.0,135,62170923,22.5
19.0,883,62171806,46.473684210526315
5.0,671,62172477,134.2
26.0,664,62173141,25.53846153846154
7.0,596,62173737,85.14285714285714
7.0,678,62174415,96.85714285714286
7.0,756,62175171,108.0
8.0,283,62175454,35.375
14.0,257,62175711,18.357142857142858
5.0,554,62176265,110.8
4.0,665,62176930,166.25
15.0,307,62177237,20.466666666666665
12.0,257,62177494,21.416666666666668
21.0,564,62178058,26.857142857142858
8.0,161,62178219,20.125
5.0,522,62178741,104.4
9.0,556,62179297,61.77777777777778
9.0,239,62179536,26.555555555555557
13.0,725,62180261,55.76923076923077
4.0,545,62180806,136.25
5.0,120,62180926,24.0
4.0,680,62181606,170.0
5.0,679,62182285,135.8
12.0,387,62182672,32.25
6.0,539,62183211,89.83333333333333
6.0,275,62183486,45.833333333333336
5.0,549,62184035,109.8
15.0,429,62184464,28.6
4.0,518,62184982,129.5
26.0,533,62185515,20.5
25.0,525,62186040,21.0
7.0,587,62186627,83.85714285714286
15.0,415,62187042,27.666666666666668
14.0,824,62187866,58.857142857142854
12.0,716,62188582,59.666666666666664
24.0,561,62189143,23.375
5.0,689,62189832,137.8
7.0,623,62190455,89.0
8.0,151,62190606,18.875
23.0,597,62191203,25.956521739130434
16.0,812,62192015,50.75
15.0,840,62192855,56.0
4.0,550,62193405,137.5
25.0,498,62193903,19.92
4.0,541,62194444,135.25
4.0,500,62194944,125.0
5.0,571,62195515,114.2
5.0,595,62196110,119.0
5.0,607,62196717,121.4
6.0,619,62197336,103.16666666666667
3.0,500,62197836,166.66666666666666
1.0,18,62197854,18.0
7.0,554,62198408,79.14285714285714
10.0,223,62198631,22.3
10.0,246,62198877,24.6
23.0,558,62199435,24.26086956521739
19.0,529,62199964,27.842105263157894
9.0,230,62200194,25.555555555555557
1.0,122,62200316,122.0
26.0,618,62200934,23.76923076923077
9.0,621,62201555,69.0
4.0,621,62202176,155.25
10.0,204,62202380,20.4
4.0,528,62202908,132.0
1.0,459,62203367,459.0
10.0,273,62203640,27.3
19.0,444,62204084,23.36842105263158
23.0,603,62204687,26.217391304347824
17.0,416,62205103,24.470588235294116
4.0,593,62205696,148.25
11.0,224,62205920,20.363636363636363
5.0,613,62206533,122.6
7.0,159,62206692,22.714285714285715
5.0,229,62206921,45.8
12.0,656,62207577,54.666666666666664
27.0,701,62208278,25.962962962962962
12.0,720,62208998,60.0
20.0,476,62209474,23.8
5.0,206,62209680,41.2
7.0,581,62210261,83.0
20.0,574,62210835,28.7
1.0,480,62211315,480.0
15.0,459,62211774,30.6
10.0,295,62212069,29.5
14.0,405,62212474,28.928571428571427
5.0,161,62212635,32.2
9.0,159,62212794,17.666666666666668
20.0,477,62213271,23.85
4.0,570,62213841,142.5
10.0,308,62214149,30.8
6.0,619,62214768,103.16666666666667
9.0,759,62215527,84.33333333333333
8.0,184,62215711,23.0
11.0,305,62216016,27.727272727272727
11.0,395,62216411,35.90909090909091
13.0,830,62217241,63.84615384615385
7.0,152,62217393,21.714285714285715
6.0,542,62217935,90.33333333333333
5.0,514,62218449,102.8
23.0,576,62219025,25.043478260869566
2.0,539,62219564,269.5
8.0,143,62219707,17.875
8.0,592,62220299,74.0
10.0,266,62220565,26.6
4.0,600,62221165,150.0
6.0,557,62221722,92.83333333333333
7.0,597,62222319,85.28571428571429
8.0,559,62222878,69.875
12.0,692,62223570,57.666666666666664
11.0,347,62223917,31.545454545454547
8.0,211,62224128,26.375
14.0,362,62224490,25.857142857142858
33.0,730,62225220,22.12121212121212
14.0,462,62225682,33.0
8.0,619,62226301,77.375
28.0,701,62227002,25.035714285714285
4.0,566,62227568,141.5
11.0,313,62227881,28.454545454545453
13.0,281,62228162,21.615384615384617
28.0,795,62228957,28.392857142857142
4.0,561,62229518,140.25
21.0,668,62230186,31.80952380952381
12.0,322,62230508,26.833333333333332
6.0,568,62231076,94.66666666666667
7.0,171,62231247,24.428571428571427
11.0,264,62231511,24.0
4.0,516,62232027,129.0
11.0,413,62232440,37.54545454545455
5.0,556,62232996,111.2
22.0,623,62233619,28.318181818181817
6.0,575,62234194,95.83333333333333
4.0,581,62234775,145.25
10.0,364,62235139,36.4
2.0,468,62235607,234.0
4.0,625,62236232,156.25
7.0,266,62236498,38.0
6.0,605,62237103,100.83333333333333
16.0,774,62237877,48.375
12.0,825,62238702,68.75
13.0,764,62239466,58.76923076923077
5.0,632,62240098,126.4
7.0,610,62240708,87.14285714285714
14.0,779,62241487,55.642857142857146
18.0,995,62242482,55.27777777777778
11.0,321,62242803,29.181818181818183
12.0,688,62243491,57.333333333333336
5.0,199,62243690,39.8
4.0,580,62244270,145.0
4.0,598,62244868,149.5
4.0,91,62244959,22.75
18.0,357,62245316,19.833333333333332
8.0,201,62245517,25.125
9.0,315,62245832,35.0
4.0,582,62246414,145.5
19.0,378,62246792,19.894736842105264
10.0,215,62247007,21.5
4.0,61,62247068,15.25
8.0,590,62247658,73.75
4.0,564,62248222,141.0
7.0,638,62248860,91.14285714285714
7.0,130,62248990,18.571428571428573
5.0,640,62249630,128.0
5.0,613,62250243,122.6
9.0,177,62250420,19.666666666666668
8.0,136,62250556,17.0
4.0,522,62251078,130.5
7.0,614,62251692,87.71428571428571
17.0,604,62252296,35.529411764705884
11.0,220,62252516,20.0
26.0,599,62253115,23.03846153846154
10.0,199,62253314,19.9
4.0,599,62253913,149.75
8.0,159,62254072,19.875
9.0,636,62254708,70.66666666666667
8.0,670,62255378,83.75
22.0,632,62256010,28.727272727272727
27.0,704,62256714,26.074074074074073
7.0,645,62257359,92.14285714285714
4.0,555,62257914,138.75
4.0,501,62258415,125.25
20.0,462,62258877,23.1
4.0,629,62259506,157.25
7.0,595,62260101,85.0
6.0,604,62260705,100.66666666666667
17.0,434,62261139,25.529411764705884
16.0,377,62261516,23.5625
7.0,700,62262216,100.0
7.0,654,62262870,93.42857142857143
9.0,152,62263022,16.88888888888889
10.0,246,62263268,24.6
22.0,399,62263667,18.136363636363637
5.0,667,62264334,133.4
14.0,993,62265327,70.92857142857143
4.0,559,62265886,139.75
3.0,82,62265968,27.333333333333332
11.0,533,62266501,48.45454545454545
9.0,252,62266753,28.0
5.0,141,62266894,28.2
8.0,214,62267108,26.75
6.0,570,62267678,95.0
1.0,470,62268148,470.0
16.0,481,62268629,30.0625
14.0,350,62268979,25.0
12.0,303,62269282,25.25
12.0,233,62269515,19.416666666666668
9.0,257,62269772,28.555555555555557
7.0,607,62270379,86.71428571428571
14.0,402,62270781,28.714285714285715
3.0,91,62270872,30.333333333333332
11.0,236,62271108,21.454545454545453
8.0,256,62271364,32.0
1.0,455,62271819,455.0
16.0,718,62272537,44.875
29.0,797,62273334,27.482758620689655
10.0,358,62273692,35.8
10.0,217,62273909,21.7
20.0,572,62274481,28.6
10.0,189,62274670,18.9
11.0,214,62274884,19.454545454545453
10.0,270,62275154,27.0
27.0,745,62275899,27.59259259259259
1.0,455,62276354,455.0
17.0,539,62276893,31.705882352941178
9.0,658,62277551,73.11111111111111
2.0,544,62278095,272.0
9.0,621,62278716,69.0
24.0,747,62279463,31.125
5.0,654,62280117,130.8
12.0,316,62280433,26.333333333333332
8.0,599,62281032,74.875
4.0,568,62281600,142.0
8.0,202,62281802,25.25
4.0,512,62282314,128.0
12.0,687,62283001,57.25
20.0,490,62283491,24.5
6.0,627,62284118,104.5
5.0,642,62284760,128.4
23.0,664,62285424,28.869565217391305
1.0,493,62285917,493.0
11.0,384,62286301,34.90909090909091
27.0,775,62287076,28.703703703703702
4.0,563,62287639,140.75
10.0,201,62287840,20.1
5.0,830,62288670,166.0
11.0,252,62288922,22.90909090909091
16.0,499,62289421,31.1875
19.0,269,62289690,14.157894736842104
12.0,675,62290365,56.25
17.0,341,62290706,20.058823529411764
8.0,166,62290872,20.75
42.0,964,62291836,22.952380952380953
8.0,251,62292087,31.375
23.0,483,62292570,21.0
8.0,244,62292814,30.5
4.0,208,62293022,52.0
14.0,489,62293511,34.92857142857143
14.0,369,62293880,26.357142857142858
29.0,622,62294502,21.448275862068964
8.0,616,62295118,77.0
6.0,693,62295811,115.5
5.0,621,62296432,124.2
7.0,595,62297027,85.0
26.0,681,62297708,26.192307692307693
1.0,96,62297804,96.0
20.0,547,62298351,27.35
15.0,366,62298717,24.4
4.0,198,62298915,49.5
4.0,539,62299454,134.75
4.0,515,62299969,128.75
4.0,557,62300526,139.25
5.0,647,62301173,129.4
14.0,540,62301713,38.57142857142857
1.0,475,62302188,475.0
7.0,220,62302408,31.428571428571427
4.0,611,62303019,152.75
17.0,1045,62304064,61.470588235294116
28.0,781,62304845,27.892857142857142
13.0,803,62305648,61.76923076923077
25.0,482,62306130,19.28
5.0,599,62306729,119.8
13.0,656,62307385,50.46153846153846
6.0,601,62307986,100.16666666666667
12.0,330,62308316,27.5
12.0,860,62309176,71.66666666666667
23.0,486,62309662,21.130434782608695
6.0,612,62310274,102.0
3.0,127,62310401,42.333333333333336
15.0,373,62310774,24.866666666666667
6.0,595,62311369,99.16666666666667
8.0,753,62312122,94.125
5.0,561,62312683,112.2
5.0,554,62313237,110.8
27.0,689,62313926,25.51851851851852
17.0,844,62314770,49.64705882352941
11.0,294,62315064,26.727272727272727
1.0,452,62315516,452.0
31.0,808,62316324,26.06451612903226
3.0,55,62316379,18.333333333333332
17.0,376,62316755,22.11764705882353
11.0,247,62317002,22.454545454545453
4.0,523,62317525,130.75
17.0,356,62317881,20.941176470588236
9.0,222,62318103,24.666666666666668
7.0,143,62318246,20.428571428571427
16.0,359,62318605,22.4375
12.0,830,62319435,69.16666666666667
20.0,536,62319971,26.8
25.0,622,62320593,24.88
24.0,597,62321190,24.875
15.0,379,62321569,25.266666666666666
11.0,313,62321882,28.454545454545453
12.0,815,62322697,67.91666666666667
9.0,185,62322882,20.555555555555557
6.0,635,62323517,105.83333333333333
27.0,682,62324199,25.25925925925926
9.0,637,62324836,70.77777777777777
12.0,683,62325519,56.916666666666664
6.0,204,62325723,34.0
16.0,585,62326308,36.5625
8.0,732,62327040,91.5
17.0,379,62327419,22.294117647058822
12.0,740,62328159,61.666666666666664
6.0,555,62328714,92.5
9.0,689,62329403,76.55555555555556
10.0,205,62329608,20.5
11.0,274,62329882,24.90909090909091
23.0,499,62330381,21.695652173913043
8.0,584,62330965,73.0
8.0,607,62331572,75.875
1.0,457,62332029,457.0
5.0,603,62332632,120.6
21.0,437,62333069,20.80952380952381
9.0,646,62333715,71.77777777777777
11.0,254,62333969,23.09090909090909
4.0,522,62334491,130.5
6.0,621,62335112,103.5
12.0,229,62335341,19.083333333333332
5.0,539,62335880,107.8
21.0,649,62336529,30.904761904761905
2.0,111,62336640,55.5
12.0,809,62337449,67.41666666666667
4.0,154,62337603,38.5
5.0,505,62338108,101.0
4.0,513,62338621,128.25
8.0,309,62338930,38.625
9.0,628,62339558,69.77777777777777
13.0,789,62340347,60.69230769230769
8.0,220,62340567,27.5
5.0,606,62341173,121.2
9.0,676,62341849,75.11111111111111
0.0,441,62342290,inf
7.0,624,62342914,89.14285714285714
5.0,564,62343478,112.8
9.0,703,62344181,78.11111111111111
2.0,509,62344690,254.5
2.0,467,62345157,233.5
4.0,503,62345660,125.75
12.0,353,62346013,29.416666666666668
16.0,403,62346416,25.1875
11.0,691,62347107,62.81818181818182
0.0,441,62347548,inf
0.0,441,62347989,inf
2.0,460,62348449,230.0
2.0,486,62348935,243.0
12.0,246,62349181,20.5
1.0,448,62349629,448.0
6.0,520,62350149,86.66666666666667
0.0,441,62350590,inf
26.0,571,62351161,21.96153846153846
14.0,322,62351483,23.0
5.0,518,62352001,103.6
4.0,521,62352522,130.25
4.0,613,62353135,153.25
0.0,441,62353576,inf
9.0,235,62353811,26.11111111111111
4.0,530,62354341,132.5
5.0,615,62354956,123.0
12.0,300,62355256,25.0
6.0,63,62355319,10.5
12.0,294,62355613,24.5
14.0,282,62355895,20.142857142857142
8.0,209,62356104,26.125
3.0,504,62356608,168.0
13.0,263,62356871,20.23076923076923
8.0,217,62357088,27.125
0.0,441,62357529,inf
10.0,307,62357836,30.7
1.0,448,62358284,448.0
11.0,334,62358618,30.363636363636363
23.0,547,62359165,23.782608695652176
2.0,486,62359651,243.0
3.0,506,62360157,168.66666666666666
1.0,450,62360607,450.0
10.0,258,62360865,25.8
3.0,518,62361383,172.66666666666666
1.0,445,62361828,445.0
8.0,297,62362125,37.125
3.0,521,62362646,173.66666666666666
11.0,716,62363362,65.0909090909091
8.0,237,62363599,29.625
6.0,565,62364164,94.16666666666667
0.0,441,62364605,inf
5.0,520,62365125,104.0
3.0,469,62365594,156.33333333333334
14.0,718,62366312,51.285714285714285
0.0,441,62366753,inf
1.0,485,62367238,485.0
8.0,639,62367877,79.875
1.0,451,62368328,451.0
1.0,451,62368779,451.0
2.0,481,62369260,240.5
1.0,444,62369704,444.0
2.0,505,62370209,252.5
3.0,481,62370690,160.33333333333334
3.0,497,62371187,165.66666666666666
3.0,495,62371682,165.0
2.0,493,62372175,246.5
0.0,441,62372616,inf
1.0,453,62373069,453.0
4.0,514,62373583,128.5
0.0,441,62374024,inf
5.0,530,62374554,106.0
0.0,441,62374995,inf
8.0,173,62375168,21.625
10.0,628,62375796,62.8
1.0,447,62376243,447.0
15.0,385,62376628,25.666666666666668
11.0,262,62376890,23.818181818181817
0.0,441,62377331,inf
0.0,441,62377772,inf
1.0,448,62378220,448.0
15.0,398,62378618,26.533333333333335
1.0,450,62379068,450.0
0.0,441,62379509,inf
21.0,609,62380118,29.0
3.0,542,62380660,180.66666666666666
6.0,579,62381239,96.5
4.0,522,62381761,130.5
6.0,571,62382332,95.16666666666667
16.0,316,62382648,19.75
3.0,539,62383187,179.66666666666666
2.0,488,62383675,244.0
4.0,537,62384212,134.25
3.0,500,62384712,166.66666666666666
6.0,513,62385225,85.5
6.0,556,62385781,92.66666666666667
1.0,449,62386230,449.0
16.0,407,62386637,25.4375
2.0,469,62387106,234.5
3.0,496,62387602,165.33333333333334
13.0,370,62387972,28.46153846153846
10.0,643,62388615,64.3
8.0,215,62388830,26.875
3.0,492,62389322,164.0
6.0,129,62389451,21.5
3.0,481,62389932,160.33333333333334
1.0,448,62390380,448.0
1.0,451,62390831,451.0
12.0,303,62391134,25.25
0.0,441,62391575,inf
1.0,448,62392023,448.0
14.0,249,62392272,17.785714285714285
3.0,502,62392774,167.33333333333334
2.0,500,62393274,250.0
5.0,499,62393773,99.8
10.0,625,62394398,62.5
2.0,513,62394911,256.5
5.0,543,62395454,108.6
3.0,549,62396003,183.0
1.0,453,62396456,453.0
1.0,448,62396904,448.0
1.0,449,62397353,449.0
1.0,455,62397808,455.0
1.0,443,62398251,443.0
0.0,441,62398692,inf
9.0,229,62398921,25.444444444444443
3.0,489,62399410,163.0
8.0,221,62399631,27.625
16.0,340,62399971,21.25
2.0,483,62400454,241.5
0.0,441,62400895,inf
0.0,441,62401336,inf
0.0,441,62401777,inf
10.0,692,62402469,69.2
19.0,484,62402953,25.473684210526315
2.0,485,62403438,242.5
26.0,690,62404128,26.53846153846154
5.0,552,62404680,110.4
2.0,450,62405130,225.0
3.0,86,62405216,28.666666666666668
6.0,538,62405754,89.66666666666667
5.0,558,62406312,111.6
2.0,488,62406800,244.0
10.0,200,62407000,20.0
9.0,185,62407185,20.555555555555557
5.0,539,62407724,107.8
9.0,662,62408386,73.55555555555556
3.0,534,62408920,178.0
5.0,552,62409472,110.4
4.0,529,62410001,132.25
4.0,523,62410524,130.75
14.0,707,62411231,50.5
0.0,441,62411672,inf
9.0,229,62411901,25.444444444444443
6.0,600,62412501,100.0
17.0,490,62412991,28.823529411764707
2.0,500,62413491,250.0
31.0,674,62414165,21.741935483870968
2.0,481,62414646,240.5
5.0,541,62415187,108.2
10.0,252,62415439,25.2
5.0,548,62415987,109.6
1.0,444,62416431,444.0
21.0,518,62416949,24.666666666666668
6.0,568,62417517,94.66666666666667
0.0,441,62417958,inf
1.0,445,62418403,445.0
4.0,519,62418922,129.75
13.0,295,62419217,22.692307692307693
1.0,448,62419665,448.0
1.0,457,62420122,457.0
2.0,505,62420627,252.5
14.0,324,62420951,23.142857142857142
12.0,319,62421270,26.583333333333332
1.0,488,62421758,488.0
2.0,490,62422248,245.0
20.0,449,62422697,22.45
3.0,477,62423174,159.0
3.0,549,62423723,183.0
1.0,445,62424168,445.0
29.0,792,62424960,27.310344827586206
6.0,579,62425539,96.5
8.0,153,62425692,19.125
1.0,442,62426134,442.0
0.0,441,62426575,inf
6.0,164,62426739,27.333333333333332
17.0,392,62427131,23.058823529411764
8.0,164,62427295,20.5
12.0,247,62427542,20.583333333333332
0.0,441,62427983,inf
15.0,743,62428726,49.53333333333333
7.0,589,62429315,84.14285714285714
3.0,478,62429793,159.33333333333334
0.0,441,62430234,inf
0.0,441,62430675,inf
3.0,539,62431214,179.66666666666666
26.0,745,62431959,28.653846153846153
0.0,441,62432400,inf
10.0,639,62433039,63.9
3.0,525,62433564,175.0
14.0,370,62433934,26.428571428571427
0.0,441,62434375,inf
13.0,341,62434716,26.23076923076923
0.0,441,62435157,inf
5.0,564,62435721,112.8
2.0,469,62436190,234.5
5.0,562,62436752,112.4
1.0,452,62437204,452.0
2.0,471,62437675,235.5
0.0,441,62438116,inf
3.0,523,62438639,174.33333333333334
14.0,903,62439542,64.5
23.0,644,62440186,28.0
22.0,475,62440661,21.59090909090909
0.0,441,62441102,inf
5.0,552,62441654,110.4
17.0,455,62442109,26.764705882352942
13.0,779,62442888,59.92307692307692
17.0,486,62443374,28.58823529411765
9.0,199,62443573,22.11111111111111
2.0,489,62444062,244.5
2.0,511,62444573,255.5
0.0,441,62445014,inf
2.0,488,62445502,244.0
1.0,456,62445958,456.0
8.0,274,62446232,34.25
2.0,488,62446720,244.0
0.0,441,62447161,inf
6.0,553,62447714,92.16666666666667
3.0,502,62448216,167.33333333333334
0.0,441,62448657,inf
0.0,441,62449098,inf
31.0,664,62449762,21.419354838709676
7.0,596,62450358,85.14285714285714
3.0,80,62450438,26.666666666666668
0.0,441,62450879,inf
5.0,534,62451413,106.8
0.0,441,62451854,inf
4.0,557,62452411,139.25
16.0,409,62452820,25.5625
5.0,557,62453377,111.4
12.0,357,62453734,29.75
3.0,542,62454276,180.66666666666666
8.0,158,62454434,19.75
10.0,251,62454685,25.1
0.0,441,62455126,inf
20.0,501,62455627,25.05
0.0,441,62456068,inf
9.0,233,62456301,25.88888888888889
9.0,245,62456546,27.22222222222222
8.0,280,62456826,35.0
4.0,525,62457351,131.25
0.0,441,62457792,inf
4.0,498,62458290,124.5
2.0,465,62458755,232.5
3.0,510,62459265,170.0
20.0,567,62459832,28.35
10.0,682,62460514,68.2
10.0,216,62460730,21.6
22.0,945,62461675,42.95454545454545
2.0,463,62462138,231.5
18.0,434,62462572,24.11111111111111
16.0,456,62463028,28.5
3.0,468,62463496,156.0
2.0,454,62463950,227.0
14.0,794,62464744,56.714285714285715
20.0,444,62465188,22.2
0.0,441,62465629,inf
1.0,449,62466078,449.0
9.0,214,62466292,23.77777777777778
1.0,449,62466741,449.0
13.0,361,62467102,27.76923076923077
3.0,520,62467622,173.33333333333334
11.0,713,62468335,64.81818181818181
2.0,461,62468796,230.5
9.0,216,62469012,24.0
7.0,569,62469581,81.28571428571429
15.0,336,62469917,22.4
0.0,441,62470358,inf
18.0,406,62470764,22.555555555555557
9.0,196,62470960,21.77777777777778
3.0,527,62471487,175.66666666666666
1.0,487,62471974,487.0
13.0,351,62472325,27.0
25.0,634,62472959,25.36
9.0,256,62473215,28.444444444444443
0.0,441,62473656,inf
4.0,516,62474172,129.0
0.0,441,62474613,inf
1.0,480,62475093,480.0
8.0,111,62475204,13.875
10.0,296,62475500,29.6
1.0,486,62475986,486.0
8.0,146,62476132,18.25
21.0,393,62476525,18.714285714285715
11.0,387,62476912,35.18181818181818
0.0,441,62477353,inf
19.0,474,62477827,24.94736842105263
4.0,563,62478390,140.75
14.0,326,62478716,23.285714285714285
24.0,569,62479285,23.708333333333332
16.0,492,62479777,30.75
1.0,20,62479797,20.0
4.0,555,62480352,138.75
1.0,449,62480801,449.0
20.0,456,62481257,22.8
9.0,186,62481443,20.666666666666668
5.0,588,62482031,117.6
5.0,557,62482588,111.4
6.0,595,62483183,99.16666666666667
2.0,457,62483640,228.5
19.0,421,62484061,22.157894736842106
4.0,547,62484608,136.75
11.0,683,62485291,62.09090909090909
27.0,629,62485920,23.296296296296298
13.0,379,62486299,29.153846153846153
34.0,731,62487030,21.5
41.0,876,62487906,21.365853658536587
5.0,135,62488041,27.0
3.0,502,62488543,167.33333333333334
36.0,834,62489377,23.166666666666668
1.0,449,62489826,449.0
9.0,183,62490009,20.333333333333332
0.0,441,62490450,inf
2.0,519,62490969,259.5
9.0,232,62491201,25.77777777777778
10.0,623,62491824,62.3
12.0,315,62492139,26.25
0.0,441,62492580,inf
8.0,135,62492715,16.875
11.0,294,62493009,26.727272727272727
11.0,230,62493239,20.90909090909091
4.0,511,62493750,127.75
6.0,511,62494261,85.16666666666667
10.0,287,62494548,28.7
0.0,441,62494989,inf
1.0,454,62495443,454.0
11.0,209,62495652,19.0
8.0,204,62495856,25.5
6.0,591,62496447,98.5
23.0,532,62496979,23.130434782608695
0.0,441,62497420,inf
6.0,576,62497996,96.0
0.0,441,62498437,inf
1.0,455,62498892,455.0
2.0,501,62499393,250.5
6.0,668,62500061,111.33333333333333
16.0,305,62500366,19.0625
1.0,452,62500818,452.0
1.0,452,62501270,452.0
10.0,566,62501836,56.6
22.0,540,62502376,24.545454545454547
0.0,441,62502817,inf
2.0,56,62502873,28.0
8.0,237,62503110,29.625
29.0,771,62503881,26.586206896551722
4.0,571,62504452,142.75
1.0,486,62504938,486.0
21.0,406,62505344,19.333333333333332
37.0,886,62506230,23.945945945945947
9.0,226,62506456,25.11111111111111
3.0,499,62506955,166.33333333333334
1.0,451,62507406,451.0
5.0,491,62507897,98.2
9.0,206,62508103,22.88888888888889
3.0,490,62508593,163.33333333333334
3.0,492,62509085,164.0
0.0,441,62509526,inf
3.0,531,62510057,177.0
4.0,520,62510577,130.0
10.0,657,62511234,65.7
2.0,454,62511688,227.0
5.0,567,62512255,113.4
5.0,616,62512871,123.2
0.0,441,62513312,inf
9.0,204,62513516,22.666666666666668
35.0,725,62514241,20.714285714285715
38.0,815,62515056,21.44736842105263
5.0,537,62515593,107.4
12.0,380,62515973,31.666666666666668
0.0,441,62516414,inf
13.0,307,62516721,23.615384615384617
0.0,441,62517162,inf
8.0,195,62517357,24.375
5.0,598,62517955,119.6
27.0,727,62518682,26.925925925925927
0.0,441,62519123,inf
16.0,499,62519622,31.1875
0.0,441,62520063,inf
6.0,204,62520267,34.0
1.0,452,62520719,452.0
5.0,123,62520842,24.6
5.0,580,62521422,116.0
1.0,489,62521911,489.0
3.0,466,62522377,155.33333333333334
0.0,441,62522818,inf
1.0,452,62523270,452.0
0.0,441,62523711,inf
7.0,619,62524330,88.42857142857143
0.0,441,62524771,inf
26.0,576,62525347,22.153846153846153
16.0,400,62525747,25.0
1.0,472,62526219,472.0
1.0,453,62526672,453.0
1.0,448,62527120,448.0
6.0,564,62527684,94.0
13.0,258,62527942,19.846153846153847
11.0,656,62528598,59.63636363636363
10.0,322,62528920,32.2
3.0,526,62529446,175.33333333333334
7.0,635,62530081,90.71428571428571
7.0,486,62530567,69.42857142857143
24.0,620,62531187,25.833333333333332
3.0,522,62531709,174.0
2.0,531,62532240,265.5
6.0,590,62532830,98.33333333333333
1.0,485,62533315,485.0
18.0,400,62533715,22.22222222222222
7.0,614,62534329,87.71428571428571
0.0,441,62534770,inf
21.0,495,62535265,23.571428571428573
13.0,348,62535613,26.76923076923077
11.0,346,62535959,31.454545454545453
3.0,491,62536450,163.66666666666666
25.0,634,62537084,25.36
10.0,302,62537386,30.2
6.0,537,62537923,89.5
8.0,216,62538139,27.0
2.0,19,62538158,9.5
2.0,456,62538614,228.0
24.0,699,62539313,29.125
10.0,604,62539917,60.4
3.0,474,62540391,158.0
13.0,341,62540732,26.23076923076923
0.0,441,62541173,inf
0.0,441,62541614,inf
9.0,282,62541896,31.333333333333332
7.0,166,62542062,23.714285714285715
6.0,601,62542663,100.16666666666667
5.0,558,62543221,111.6
18.0,354,62543575,19.666666666666668
7.0,592,62544167,84.57142857142857
4.0,128,62544295,32.0
2.0,483,62544778,241.5
0.0,441,62545219,inf
16.0,722,62545941,45.125
8.0,226,62546167,28.25
13.0,326,62546493,25.076923076923077
0.0,441,62546934,inf
0.0,441,62547375,inf
5.0,484,62547859,96.8
2.0,489,62548348,244.5
15.0,434,62548782,28.933333333333334
2.0,510,62549292,255.0
5.0,209,62549501,41.8
6.0,645,62550146,107.5
0.0,441,62550587,inf
14.0,290,62550877,20.714285714285715
0.0,441,62551318,inf
1.0,451,62551769,451.0
7.0,607,62552376,86.71428571428571
1.0,448,62552824,448.0
22.0,409,62553233,18.59090909090909
11.0,612,62553845,55.63636363636363
4.0,603,62554448,150.75
9.0,253,62554701,28.11111111111111
12.0,299,62555000,24.916666666666668
6.0,120,62555120,20.0
24.0,580,62555700,24.166666666666668
9.0,643,62556343,71.44444444444444
0.0,441,62556784,inf
24.0,673,62557457,28.041666666666668
12.0,301,62557758,25.083333333333332
2.0,514,62558272,257.0
2.0,477,62558749,238.5
6.0,114,62558863,19.0
5.0,528,62559391,105.6
6.0,545,62559936,90.83333333333333
0.0,441,62560377,inf
1.0,455,62560832,455.0
7.0,592,62561424,84.57142857142857
4.0,578,62562002,144.5
42.0,1077,62563079,25.642857142857142
23.0,561,62563640,24.391304347826086
0.0,441,62564081,inf
7.0,608,62564689,86.85714285714286
14.0,270,62564959,19.285714285714285
3.0,490,62565449,163.33333333333334
6.0,542,62565991,90.33333333333333
11.0,637,62566628,57.90909090909091
1.0,453,62567081,453.0
13.0,423,62567504,32.53846153846154
5.0,605,62568109,121.0
0.0,441,62568550,inf
3.0,516,62569066,172.0
7.0,622,62569688,88.85714285714286
11.0,690,62570378,62.72727272727273
1.0,453,62570831,453.0
9.0,295,62571126,32.77777777777778
5.0,551,62571677,110.2
19.0,456,62572133,24.0
1.0,448,62572581,448.0
0.0,441,62573022,inf
10.0,210,62573232,21.0
11.0,650,62573882,59.09090909090909
3.0,535,62574417,178.33333333333334
8.0,183,62574600,22.875
3.0,472,62575072,157.33333333333334
0.0,441,62575513,inf
1.0,449,62575962,449.0
4.0,549,62576511,137.25
19.0,428,62576939,22.526315789473685
0.0,441,62577380,inf
1.0,458,62577838,458.0
3.0,523,62578361,174.33333333333334
1.0,449,62578810,449.0
0.0,441,62579251,inf
0.0,441,62579692,inf
0.0,441,62580133,inf
13.0,393,62580526,30.23076923076923
0.0,441,62580967,inf
4.0,510,62581477,127.5
7.0,607,62582084,86.71428571428571
30.0,633,62582717,21.1
14.0,763,62583480,54.5
1.0,447,62583927,447.0
1.0,481,62584408,481.0
8.0,180,62584588,22.5
8.0,205,62584793,25.625
18.0,545,62585338,30.27777777777778
10.0,636,62585974,63.6
3.0,532,62586506,177.33333333333334
11.0,266,62586772,24.181818181818183
14.0,315,62587087,22.5
10.0,295,62587382,29.5
12.0,308,62587690,25.666666666666668
19.0,477,62588167,25.105263157894736
1.0,456,62588623,456.0
2.0,458,62589081,229.0
14.0,375,62589456,26.785714285714285
13.0,341,62589797,26.23076923076923
8.0,251,62590048,31.375
0.0,441,62590489,inf
2.0,495,62590984,247.5
13.0,286,62591270,22.0
8.0,202,62591472,25.25
0.0,441,62591913,inf
0.0,441,62592354,inf
2.0,516,62592870,258.0
5.0,589,62593459,117.8
1.0,452,62593911,452.0
0.0,441,62594352,inf
41.0,855,62595207,20.853658536585368
5.0,582,62595789,116.4
0.0,441,62596230,inf
0.0,441,62596671,inf
0.0,441,62597112,inf
9.0,180,62597292,20.0
12.0,314,62597606,26.166666666666668
3.0,551,62598157,183.66666666666666
8.0,264,62598421,33.0
3.0,474,62598895,158.0
1.0,484,62599379,484.0
6.0,577,62599956,96.16666666666667
3.0,539,62600495,179.66666666666666
4.0,548,62601043,137.0
5.0,576,62601619,115.2
12.0,321,62601940,26.75
19.0,368,62602308,19.36842105263158
7.0,546,62602854,78.0
9.0,227,62603081,25.22222222222222
0.0,441,62603522,inf
4.0,492,62604014,123.0
2.0,484,62604498,242.0
11.0,216,62604714,19.636363636363637
9.0,183,62604897,20.333333333333332
0.0,441,62605338,inf
24.0,690,62606028,28.75
3.0,583,62606611,194.33333333333334
18.0,547,62607158,30.38888888888889
4.0,536,62607694,134.0
19.0,482,62608176,25.36842105263158
6.0,609,62608785,101.5
2.0,500,62609285,250.0
1.0,445,62609730,445.0
7.0,607,62610337,86.71428571428571
3.0,531,62610868,177.0
4.0,523,62611391,130.75
3.0,481,62611872,160.33333333333334
9.0,274,62612146,30.444444444444443
21.0,571,62612717,27.19047619047619
0.0,441,62613158,inf
5.0,179,62613337,35.8
11.0,276,62613613,25.09090909090909
20.0,513,62614126,25.65
0.0,441,62614567,inf
9.0,155,62614722,17.22222222222222
2.0,454,62615176,227.0
4.0,509,62615685,127.25
1.0,443,62616128,443.0
5.0,526,62616654,105.2
0.0,441,62617095,inf
9.0,229,62617324,25.444444444444443
15.0,325,62617649,21.666666666666668
7.0,619,62618268,88.42857142857143
3.0,559,62618827,186.33333333333334
4.0,488,62619315,122.0
11.0,277,62619592,25.181818181818183
27.0,612,62620204,22.666666666666668
23.0,587,62620791,25.52173913043478
5.0,516,62621307,103.2
1.0,448,62621755,448.0
5.0,523,62622278,104.6
8.0,174,62622452,21.75
5.0,513,62622965,102.6
5.0,573,62623538,114.6
9.0,228,62623766,25.333333333333332
16.0,815,62624581,50.9375
2.0,500,62625081,250.0
0.0,441,62625522,inf
0.0,441,62625963,inf
6.0,580,62626543,96.66666666666667
25.0,577,62627120,23.08
8.0,208,62627328,26.0
0.0,441,62627769,inf
16.0,423,62628192,26.4375
0.0,441,62628633,inf
1.0,446,62629079,446.0
6.0,520,62629599,86.66666666666667
20.0,524,62630123,26.2
44.0,1128,62631251,25.636363636363637
31.0,723,62631974,23.322580645161292
34.0,843,62632817,24.794117647058822
17.0,412,62633229,24.235294117647058
26.0,557,62633786,21.423076923076923
22.0,432,62634218,19.636363636363637
3.0,105,62634323,35.0
15.0,289,62634612,19.266666666666666
24.0,484,62635096,20.166666666666668
27.0,647,62635743,23.962962962962962
19.0,562,62636305,29.57894736842105
5.0,93,62636398,18.6
13.0,283,62636681,21.76923076923077
22.0,605,62637286,27.5
14.0,324,62637610,23.142857142857142
34.0,811,62638421,23.852941176470587
21.0,408,62638829,19.428571428571427
17.0,395,62639224,23.235294117647058
10.0,220,62639444,22.0
30.0,673,62640117,22.433333333333334
18.0,393,62640510,21.833333333333332
26.0,538,62641048,20.692307692307693
32.0,811,62641859,25.34375
3.0,64,62641923,21.333333333333332
28.0,680,62642603,24.285714285714285
21.0,362,62642965,17.238095238095237
28.0,630,62643595,22.5
11.0,144,62643739,13.090909090909092
33.0,841,62644580,25.484848484848484
55.0,1445,62646025,26.272727272727273
9.0,158,62646183,17.555555555555557
25.0,552,62646735,22.08
25.0,553,62647288,22.12
24.0,652,62647940,27.166666666666668
17.0,341,62648281,20.058823529411764
41.0,1120,62649401,27.317073170731707
5.0,126,62649527,25.2
25.0,617,62650144,24.68
29.0,687,62650831,23.689655172413794
40.0,946,62651777,23.65
6.0,86,62651863,14.333333333333334
18.0,365,62652228,20.27777777777778
18.0,357,62652585,19.833333333333332
17.0,378,62652963,22.235294117647058
52.0,1052,62654015,20.23076923076923
47.0,878,62654893,18.680851063829788
30.0,743,62655636,24.766666666666666
20.0,473,62656109,23.65
29.0,626,62656735,21.586206896551722
19.0,555,62657290,29.210526315789473
21.0,459,62657749,21.857142857142858
14.0,404,62658153,28.857142857142858
12.0,246,62658399,20.5
19.0,488,62658887,25.68421052631579
26.0,679,62659566,26.115384615384617
20.0,486,62660052,24.3
45.0,960,62661012,21.333333333333332
40.0,1083,62662095,27.075
38.0,918,62663013,24.157894736842106
39.0,990,62664003,25.384615384615383
31.0,754,62664757,24.322580645161292
32.0,643,62665400,20.09375
29.0,621,62666021,21.413793103448278
47.0,1222,62667243,26.0
27.0,537,62667780,19.88888888888889
9.0,185,62667965,20.555555555555557
32.0,826,62668791,25.8125
33.0,691,62669482,20.939393939393938
13.0,281,62669763,21.615384615384617
15.0,350,62670113,23.333333333333332
17.0,547,62670660,32.1764705882353
30.0,655,62671315,21.833333333333332
13.0,313,62671628,24.076923076923077
18.0,452,62672080,25.11111111111111
32.0,700,62672780,21.875
14.0,307,62673087,21.928571428571427
17.0,525,62673612,30.88235294117647
42.0,1139,62674751,27.11904761904762
41.0,943,62675694,23.0
19.0,414,62676108,21.789473684210527
17.0,292,62676400,17.176470588235293
25.0,553,62676953,22.12
22.0,424,62677377,19.272727272727273
22.0,390,62677767,17.727272727272727
13.0,250,62678017,19.23076923076923
28.0,672,62678689,24.0
24.0,519,62679208,21.625
55.0,1449,62680657,26.345454545454544
31.0,699,62681356,22.548387096774192
20.0,493,62681849,24.65
39.0,933,62682782,23.923076923076923
50.0,1251,62684033,25.02
14.0,332,62684365,23.714285714285715
16.0,274,62684639,17.125
6.0,107,62684746,17.833333333333332
6.0,177,62684923,29.5
26.0,628,62685551,24.153846153846153
19.0,435,62685986,22.894736842105264
21.0,445,62686431,21.19047619047619
13.0,200,62686631,15.384615384615385
16.0,300,62686931,18.75
36.0,823,62687754,22.86111111111111
41.0,849,62688603,20.70731707317073
9.0,196,62688799,21.77777777777778
10.0,198,62688997,19.8
3.0,101,62689098,33.666666666666664
13.0,337,62689435,25.923076923076923
17.0,317,62689752,18.647058823529413
24.0,454,62690206,18.916666666666668
15.0,313,62690519,20.866666666666667
21.0,450,62690969,21.428571428571427
19.0,384,62691353,20.210526315789473
42.0,1002,62692355,23.857142857142858
46.0,1213,62693568,26.369565217391305
23.0,548,62694116,23.82608695652174
19.0,449,62694565,23.63157894736842
26.0,448,62695013,17.23076923076923
18.0,540,62695553,30.0
7.0,144,62695697,20.571428571428573
25.0,548,62696245,21.92
26.0,718,62696963,27.615384615384617
27.0,628,62697591,23.25925925925926
14.0,313,62697904,22.357142857142858
25.0,567,62698471,22.68
35.0,758,62699229,21.65714285714286
34.0,705,62699934,20.735294117647058
3.0,74,62700008,24.666666666666668
20.0,435,62700443,21.75
24.0,585,62701028,24.375
13.0,148,62701176,11.384615384615385
10.0,253,62701429,25.3
4.0,115,62701544,28.75
27.0,565,62702109,20.925925925925927
41.0,1132,62703241,27.609756097560975
19.0,324,62703565,17.05263157894737
33.0,707,62704272,21.424242424242426
24.0,615,62704887,25.625
35.0,847,62705734,24.2
20.0,460,62706194,23.0
34.0,685,62706879,20.147058823529413
17.0,333,62707212,19.58823529411765
37.0,816,62708028,22.054054054054053
42.0,1159,62709187,27.595238095238095
41.0,844,62710031,20.585365853658537
8.0,116,62710147,14.5
30.0,679,62710826,22.633333333333333
38.0,989,62711815,26.026315789473685
30.0,758,62712573,25.266666666666666
24.0,551,62713124,22.958333333333332
23.0,420,62713544,18.26086956521739
8.0,127,62713671,15.875
30.0,801,62714472,26.7
25.0,547,62715019,21.88
27.0,685,62715704,25.37037037037037
10.0,294,62715998,29.4
9.0,219,62716217,24.333333333333332
15.0,367,62716584,24.466666666666665
39.0,736,62717320,18.871794871794872
13.0,204,62717524,15.692307692307692
39.0,992,62718516,25.435897435897434
40.0,1122,62719638,28.05
15.0,350,62719988,23.333333333333332
38.0,845,62720833,22.236842105263158
19.0,426,62721259,22.42105263157895
18.0,360,62721619,20.0
20.0,489,62722108,24.45
11.0,304,62722412,27.636363636363637
32.0,698,62723110,21.8125
31.0,734,62723844,23.677419354838708
41.0,947,62724791,23.097560975609756
20.0,373,62725164,18.65
33.0,642,62725806,19.454545454545453
30.0,656,62726462,21.866666666666667
9.0,199,62726661,22.11111111111111
19.0,477,62727138,25.105263157894736
20.0,460,62727598,23.0
25.0,591,62728189,23.64
14.0,272,62728461,19.428571428571427
37.0,727,62729188,19.64864864864865
25.0,591,62729779,23.64
32.0,686,62730465,21.4375
23.0,449,62730914,19.52173913043478
10.0,177,62731091,17.7
8.0,155,62731246,19.375
25.0,535,62731781,21.4
34.0,769,62732550,22.61764705882353
48.0,1206,62733756,25.125
16.0,449,62734205,28.0625
20.0,424,62734629,21.2
27.0,638,62735267,23.62962962962963
23.0,613,62735880,26.652173913043477
27.0,734,62736614,27.185185185185187
20.0,421,62737035,21.05
31.0,721,62737756,23.258064516129032
30.0,739,62738495,24.633333333333333
10.0,294,62738789,29.4
22.0,589,62739378,26.772727272727273
18.0,354,62739732,19.666666666666668
13.0,326,62740058,25.076923076923077
31.0,631,62740689,20.35483870967742
47.0,1029,62741718,21.893617021276597
25.0,654,62742372,26.16
18.0,529,62742901,29.38888888888889
10.0,191,62743092,19.1
13.0,316,62743408,24.307692307692307
9.0,249,62743657,27.666666666666668
25.0,668,62744325,26.72
18.0,477,62744802,26.5
26.0,595,62745397,22.884615384615383
39.0,823,62746220,21.102564102564102
17.0,425,62746645,25.0
30.0,746,62747391,24.866666666666667
41.0,960,62748351,23.414634146341463
37.0,909,62749260,24.56756756756757
5.0,130,62749390,26.0
31.0,698,62750088,22.516129032258064
38.0,878,62750966,23.105263157894736
25.0,492,62751458,19.68
42.0,1014,62752472,24.142857142857142
32.0,623,62753095,19.46875
21.0,449,62753544,21.38095238095238
37.0,865,62754409,23.37837837837838
15.0,338,62754747,22.533333333333335
19.0,439,62755186,23.105263157894736
39.0,891,62756077,22.846153846153847
10.0,252,62756329,25.2
36.0,836,62757165,23.22222222222222
10.0,143,62757308,14.3
25.0,561,62757869,22.44
27.0,702,62758571,26.0
2.0,44,62758615,22.0
17.0,400,62759015,23.529411764705884
17.0,373,62759388,21.941176470588236
42.0,1074,62760462,25.571428571428573
26.0,516,62760978,19.846153846153847
17.0,612,62761590,36.0
18.0,484,62762074,26.88888888888889
27.0,534,62762608,19.77777777777778
30.0,735,62763343,24.5
22.0,518,62763861,23.545454545454547
26.0,637,62764498,24.5
32.0,843,62765341,26.34375
29.0,717,62766058,24.724137931034484
24.0,661,62766719,27.541666666666668
17.0,294,62767013,17.294117647058822
21.0,546,62767559,26.0
27.0,653,62768212,24.185185185185187
37.0,904,62769116,24.43243243243243
18.0,494,62769610,27.444444444444443
28.0,530,62770140,18.928571428571427
30.0,557,62770697,18.566666666666666
14.0,259,62770956,18.5
17.0,432,62771388,25.41176470588235
18.0,538,62771926,29.88888888888889
20.0,545,62772471,27.25
37.0,744,62773215,20.10810810810811
14.0,248,62773463,17.714285714285715
31.0,707,62774170,22.806451612903224
33.0,785,62774955,23.78787878787879
38.0,781,62775736,20.55263157894737
17.0,383,62776119,22.529411764705884
25.0,654,62776773,26.16
34.0,742,62777515,21.823529411764707
35.0,940,62778455,26.857142857142858
28.0,663,62779118,23.678571428571427
29.0,580,62779698,20.0
40.0,1025,62780723,25.625
7.0,172,62780895,24.571428571428573
29.0,688,62781583,23.724137931034484
30.0,814,62782397,27.133333333333333
45.0,1025,62783422,22.77777777777778
44.0,938,62784360,21.318181818181817
23.0,540,62784900,23.47826086956522
26.0,686,62785586,26.384615384615383
22.0,526,62786112,23.90909090909091
47.0,1260,62787372,26.80851063829787
37.0,1084,62788456,29.2972972972973
33.0,862,62789318,26.12121212121212
17.0,350,62789668,20.58823529411765
4.0,86,62789754,21.5
25.0,590,62790344,23.6
9.0,184,62790528,20.444444444444443
32.0,760,62791288,23.75
30.0,669,62791957,22.3
2.0,69,62792026,34.5
39.0,1020,62793046,26.153846153846153
12.0,231,62793277,19.25
22.0,625,62793902,28.40909090909091
27.0,679,62794581,25.14814814814815
45.0,1041,62795622,23.133333333333333
17.0,343,62795965,20.176470588235293
44.0,1032,62796997,23.454545454545453
43.0,1061,62798058,24.674418604651162
50.0,1319,62799377,26.38
22.0,445,62799822,20.227272727272727
15.0,267,62800089,17.8
42.0,875,62800964,20.833333333333332
21.0,449,62801413,21.38095238095238
6.0,90,62801503,15.0
21.0,415,62801918,19.761904761904763
19.0,357,62802275,18.789473684210527
31.0,706,62802981,22.774193548387096
26.0,679,62803660,26.115384615384617
32.0,495,62804155,15.46875
51.0,1332,62805487,26.11764705882353
24.0,676,62806163,28.166666666666668
25.0,463,62806626,18.52
27.0,510,62807136,18.88888888888889
25.0,580,62807716,23.2
33.0,961,62808677,29.12121212121212
10.0,147,62808824,14.7
17.0,347,62809171,20.41176470588235
27.0,791,62809962,29.296296296296298
19.0,438,62810400,23.05263157894737
18.0,283,62810683,15.722222222222221
45.0,1011,62811694,22.466666666666665
29.0,645,62812339,22.24137931034483
38.0,730,62813069,19.210526315789473
20.0,525,62813594,26.25
46.0,1058,62814652,23.0
21.0,465,62815117,22.142857142857142
15.0,258,62815375,17.2
33.0,904,62816279,27.393939393939394
21.0,476,62816755,22.666666666666668
7.0,162,62816917,23.142857142857142
28.0,629,62817546,22.464285714285715
21.0,467,62818013,22.238095238095237
29.0,565,62818578,19.482758620689655
27.0,564,62819142,20.88888888888889
20.0,446,62819588,22.3
30.0,601,62820189,20.033333333333335
28.0,496,62820685,17.714285714285715
65.0,1441,62822126,22.16923076923077
13.0,227,62822353,17.46153846153846
29.0,646,62822999,22.275862068965516
17.0,341,62823340,20.058823529411764
28.0,561,62823901,20.035714285714285
24.0,630,62824531,26.25
30.0,766,62825297,25.533333333333335
3.0,23,62825320,7.666666666666667
30.0,614,62825934,20.466666666666665
33.0,881,62826815,26.696969696969695
41.0,927,62827742,22.609756097560975
28.0,587,62828329,20.964285714285715
34.0,888,62829217,26.11764705882353
8.0,135,62829352,16.875
26.0,650,62830002,25.0
22.0,502,62830504,22.818181818181817
37.0,768,62831272,20.756756756756758
22.0,518,62831790,23.545454545454547
11.0,205,62831995,18.636363636363637
13.0,436,62832431,33.53846153846154
22.0,441,62832872,20.045454545454547
28.0,645,62833517,23.035714285714285
36.0,889,62834406,24.694444444444443
18.0,437,62834843,24.27777777777778
29.0,755,62835598,26.03448275862069
26.0,524,62836122,20.153846153846153
44.0,1130,62837252,25.681818181818183
19.0,420,62837672,22.105263157894736
24.0,579,62838251,24.125
11.0,321,62838572,29.181818181818183
9.0,277,62838849,30.77777777777778
31.0,650,62839499,20.967741935483872
14.0,244,62839743,17.428571428571427
20.0,539,62840282,26.95
12.0,317,62840599,26.416666666666668
20.0,429,62841028,21.45
17.0,253,62841281,14.882352941176471
19.0,408,62841689,21.473684210526315
22.0,512,62842201,23.272727272727273
8.0,173,62842374,21.625
23.0,568,62842942,24.695652173913043
34.0,775,62843717,22.794117647058822
32.0,930,62844647,29.0625
11.0,256,62844903,23.272727272727273
17.0,328,62845231,19.294117647058822
14.0,311,62845542,22.214285714285715
42.0,1071,62846613,25.5
35.0,876,62847489,25.02857142857143
8.0,173,62847662,21.625
29.0,705,62848367,24.310344827586206
32.0,767,62849134,23.96875
7.0,112,62849246,16.0
47.0,1085,62850331,23.085106382978722
35.0,763,62851094,21.8
12.0,234,62851328,19.5
16.0,414,62851742,25.875
28.0,556,62852298,19.857142857142858
18.0,321,62852619,17.833333333333332
30.0,777,62853396,25.9
24.0,563,62853959,23.458333333333332
23.0,493,62854452,21.434782608695652
33.0,853,62855305,25.848484848484848
13.0,265,62855570,20.384615384615383
36.0,862,62856432,23.944444444444443
20.0,454,62856886,22.7
20.0,398,62857284,19.9
36.0,900,62858184,25.0
37.0,731,62858915,19.756756756756758
22.0,506,62859421,23.0
29.0,710,62860131,24.482758620689655
15.0,286,62860417,19.066666666666666
30.0,660,62861077,22.0
35.0,831,62861908,23.742857142857144
27.0,655,62862563,24.25925925925926
22.0,498,62863061,22.636363636363637
29.0,594,62863655,20.482758620689655
20.0,607,62864262,30.35
31.0,655,62864917,21.129032258064516
12.0,223,62865140,18.583333333333332
27.0,674,62865814,24.962962962962962
12.0,345,62866159,28.75
16.0,305,62866464,19.0625
52.0,1308,62867772,25.153846153846153
24.0,432,62868204,18.0
25.0,583,62868787,23.32
29.0,641,62869428,22.103448275862068
20.0,396,62869824,19.8
37.0,894,62870718,24.16216216216216
11.0,318,62871036,28.90909090909091
30.0,703,62871739,23.433333333333334
33.0,765,62872504,23.181818181818183
18.0,457,62872961,25.38888888888889
16.0,357,62873318,22.3125
26.0,529,62873847,20.346153846153847
38.0,1040,62874887,27.36842105263158
35.0,815,62875702,23.285714285714285
33.0,745,62876447,22.575757575757574
37.0,900,62877347,24.324324324324323
57.0,1335,62878682,23.42105263157895
30.0,791,62879473,26.366666666666667
30.0,776,62880249,25.866666666666667
19.0,458,62880707,24.105263157894736
26.0,702,62881409,27.0
18.0,353,62881762,19.61111111111111
28.0,607,62882369,21.678571428571427
30.0,631,62883000,21.033333333333335
15.0,296,62883296,19.733333333333334
38.0,986,62884282,25.94736842105263
18.0,399,62884681,22.166666666666668
30.0,696,62885377,23.2
21.0,484,62885861,23.047619047619047
23.0,602,62886463,26.17391304347826
30.0,656,62887119,21.866666666666667
50.0,1087,62888206,21.74
32.0,776,62888982,24.25
20.0,350,62889332,17.5
45.0,1010,62890342,22.444444444444443
38.0,895,62891237,23.55263157894737
43.0,1063,62892300,24.72093023255814
5.0,153,62892453,30.6
37.0,908,62893361,24.54054054054054
27.0,567,62893928,21.0
13.0,375,62894303,28.846153846153847
29.0,529,62894832,18.24137931034483
24.0,541,62895373,22.541666666666668
30.0,650,62896023,21.666666666666668
40.0,856,62896879,21.4
25.0,626,62897505,25.04
19.0,392,62897897,20.63157894736842
25.0,662,62898559,26.48
24.0,520,62899079,21.666666666666668
18.0,301,62899380,16.72222222222222
20.0,467,62899847,23.35
62.0,1603,62901450,25.85483870967742
35.0,680,62902130,19.428571428571427
21.0,460,62902590,21.904761904761905
35.0,678,62903268,19.37142857142857
37.0,920,62904188,24.864864864864863
36.0,905,62905093,25.13888888888889
13.0,313,62905406,24.076923076923077
27.0,703,62906109,26.037037037037038
24.0,598,62906707,24.916666666666668
22.0,410,62907117,18.636363636363637
14.0,388,62907505,27.714285714285715
20.0,513,62908018,25.65
7.0,180,62908198,25.714285714285715
19.0,341,62908539,17.94736842105263
31.0,782,62909321,25.225806451612904
29.0,595,62909916,20.517241379310345
18.0,386,62910302,21.444444444444443
14.0,355,62910657,25.357142857142858
26.0,552,62911209,21.23076923076923
15.0,371,62911580,24.733333333333334
22.0,645,62912225,29.318181818181817
16.0,366,62912591,22.875
9.0,179,62912770,19.88888888888889
35.0,908,62913678,25.942857142857143
18.0,517,62914195,28.72222222222222
15.0,358,62914553,23.866666666666667
27.0,637,62915190,23.59259259259259
32.0,752,62915942,23.5
10.0,199,62916141,19.9
23.0,453,62916594,19.695652173913043
25.0,724,62917318,28.96
28.0,698,62918016,24.928571428571427
29.0,727,62918743,25.06896551724138
33.0,855,62919598,25.90909090909091
48.0,1112,62920710,23.166666666666668
26.0,573,62921283,22.03846153846154
35.0,806,62922089,23.02857142857143
13.0,365,62922454,28.076923076923077
30.0,671,62923125,22.366666666666667
33.0,754,62923879,22.848484848484848
24.0,523,62924402,21.791666666666668
21.0,656,62925058,31.238095238095237
14.0,331,62925389,23.642857142857142
29.0,754,62926143,26.0
9.0,173,62926316,19.22222222222222
28.0,634,62926950,22.642857142857142
33.0,725,62927675,21.96969696969697
44.0,872,62928547,19.818181818181817
35.0,954,62929501,27.257142857142856
25.0,567,62930068,22.68
24.0,587,62930655,24.458333333333332
40.0,1028,62931683,25.7
14.0,192,62931875,13.714285714285714
7.0,174,62932049,24.857142857142858
26.0,732,62932781,28.153846153846153
30.0,732,62933513,24.4
29.0,712,62934225,24.551724137931036
27.0,546,62934771,20.22222222222222
9.0,152,62934923,16.88888888888889
18.0,443,62935366,24.61111111111111
18.0,417,62935783,23.166666666666668
32.0,696,62936479,21.75
29.0,740,62937219,25.517241379310345
19.0,468,62937687,24.63157894736842
50.0,1085,62938772,21.7
23.0,548,62939320,23.82608695652174
20.0,445,62939765,22.25
37.0,895,62940660,24.18918918918919
15.0,393,62941053,26.2
10.0,165,62941218,16.5
42.0,1103,62942321,26.261904761904763
27.0,664,62942985,24.59259259259259
20.0,439,62943424,21.95
16.0,452,62943876,28.25
37.0,933,62944809,25.216216216216218
23.0,577,62945386,25.08695652173913
40.0,904,62946290,22.6
19.0,501,62946791,26.36842105263158
29.0,641,62947432,22.103448275862068
25.0,616,62948048,24.64
31.0,663,62948711,21.387096774193548
26.0,697,62949408,26.807692307692307
10.0,184,62949592,18.4
2.0,35,62949627,17.5
43.0,945,62950572,21.976744186046513
22.0,494,62951066,22.454545454545453
6.0,75,62951141,12.5
21.0,375,62951516,17.857142857142858
37.0,776,62952292,20.972972972972972
9.0,200,62952492,22.22222222222222
22.0,533,62953025,24.227272727272727
25.0,566,62953591,22.64
30.0,657,62954248,21.9
15.0,324,62954572,21.6
25.0,586,62955158,23.44
15.0,319,62955477,21.266666666666666
17.0,456,62955933,26.823529411764707
7.0,186,62956119,26.571428571428573
25.0,616,62956735,24.64
33.0,835,62957570,25.303030303030305
37.0,831,62958401,22.45945945945946
35.0,745,62959146,21.285714285714285
28.0,686,62959832,24.5
11.0,239,62960071,21.727272727272727
26.0,678,62960749,26.076923076923077
20.0,480,62961229,24.0
27.0,632,62961861,23.40740740740741
53.0,992,62962853,18.71698113207547
33.0,553,62963406,16.757575757575758
28.0,615,62964021,21.964285714285715
22.0,433,62964454,19.681818181818183
28.0,650,62965104,23.214285714285715
21.0,467,62965571,22.238095238095237
33.0,625,62966196,18.939393939393938
21.0,588,62966784,28.0
10.0,188,62966972,18.8
24.0,488,62967460,20.333333333333332
24.0,532,62967992,22.166666666666668
39.0,703,62968695,18.025641025641026
5.0,74,62968769,14.8
30.0,619,62969388,20.633333333333333
35.0,875,62970263,25.0
27.0,662,62970925,24.51851851851852
11.0,257,62971182,23.363636363636363
42.0,1097,62972279,26.11904761904762
36.0,893,62973172,24.805555555555557
22.0,618,62973790,28.09090909090909
37.0,772,62974562,20.864864864864863
42.0,1195,62975757,28.452380952380953
30.0,837,62976594,27.9
25.0,658,62977252,26.32
11.0,322,62977574,29.272727272727273
22.0,419,62977993,19.045454545454547
23.0,490,62978483,21.304347826086957
25.0,530,62979013,21.2
24.0,683,62979696,28.458333333333332
24.0,582,62980278,24.25
28.0,724,62981002,25.857142857142858
33.0,702,62981704,21.272727272727273
21.0,369,62982073,17.571428571428573
25.0,500,62982573,20.0
19.0,540,62983113,28.42105263157895
28.0,592,62983705,21.142857142857142
35.0,811,62984516,23.17142857142857
17.0,274,62984790,16.11764705882353
22.0,448,62985238,20.363636363636363
21.0,578,62985816,27.523809523809526
19.0,472,62986288,24.842105263157894
38.0,952,62987240,25.05263157894737
17.0,320,62987560,18.823529411764707
32.0,765,62988325,23.90625
26.0,463,62988788,17.807692307692307
15.0,244,62989032,16.266666666666666
34.0,716,62989748,21.058823529411764
29.0,691,62990439,23.82758620689655
25.0,529,62990968,21.16
32.0,633,62991601,19.78125
27.0,533,62992134,19.74074074074074
24.0,447,62992581,18.625
25.0,533,62993114,21.32
40.0,913,62994027,22.825
18.0,274,62994301,15.222222222222221
24.0,553,62994854,23.041666666666668
24.0,589,62995443,24.541666666666668
19.0,390,62995833,20.526315789473685
27.0,700,62996533,25.925925925925927
22.0,440,62996973,20.0
27.0,705,62997678,26.11111111111111
39.0,787,62998465,20.17948717948718
21.0,379,62998844,18.047619047619047
16.0,344,62999188,21.5
40.0,890,63000078,22.25
22.0,298,63000376,13.545454545454545
35.0,843,63001219,24.085714285714285
30.0,674,63001893,22.466666666666665
32.0,862,63002755,26.9375
20.0,499,63003254,24.95
18.0,325,63003579,18.055555555555557
43.0,805,63004384,18.72093023255814
36.0,985,63005369,27.36111111111111
18.0,443,63005812,24.61111111111111
22.0,537,63006349,24.40909090909091
32.0,742,63007091,23.1875
23.0,520,63007611,22.608695652173914
38.0,730,63008341,19.210526315789473
27.0,549,63008890,20.333333333333332
20.0,490,63009380,24.5
9.0,114,63009494,12.666666666666666
24.0,556,63010050,23.166666666666668
37.0,905,63010955,24.45945945945946
3.0,91,63011046,30.333333333333332
14.0,377,63011423,26.928571428571427
19.0,485,63011908,25.526315789473685
31.0,707,63012615,22.806451612903224
26.0,562,63013177,21.615384615384617
16.0,513,63013690,32.0625
18.0,364,63014054,20.22222222222222
21.0,400,63014454,19.047619047619047
25.0,541,63014995,21.64
11.0,273,63015268,24.818181818181817
40.0,978,63016246,24.45
45.0,965,63017211,21.444444444444443
33.0,849,63018060,25.727272727272727
33.0,751,63018811,22.757575757575758
17.0,423,63019234,24.88235294117647
22.0,399,63019633,18.136363636363637
26.0,524,63020157,20.153846153846153
35.0,748,63020905,21.37142857142857
32.0,673,63021578,21.03125
20.0,386,63021964,19.3
36.0,994,63022958,27.61111111111111
25.0,671,63023629,26.84
53.0,1331,63024960,25.11320754716981
19.0,556,63025516,29.263157894736842
29.0,630,63026146,21.724137931034484
18.0,368,63026514,20.444444444444443
26.0,493,63027007,18.96153846153846
23.0,440,63027447,19.130434782608695
39.0,1008,63028455,25.846153846153847
6.0,137,63028592,22.833333333333332
20.0,443,63029035,22.15
31.0,591,63029626,19.06451612903226
28.0,555,63030181,19.821428571428573
30.0,823,63031004,27.433333333333334
5.0,100,63031104,20.0
10.0,227,63031331,22.7
24.0,498,63031829,20.75
20.0,313,63032142,15.65
19.0,421,63032563,22.157894736842106
24.0,623,63033186,25.958333333333332
24.0,507,63033693,21.125
31.0,619,63034312,19.967741935483872
1.0,25,63034337,25.0
17.0,346,63034683,20.352941176470587
6.0,67,63034750,11.166666666666666
19.0,431,63035181,22.68421052631579
12.0,246,63035427,20.5
18.0,339,63035766,18.833333333333332
44.0,1073,63036839,24.386363636363637
14.0,319,63037158,22.785714285714285
25.0,611,63037769,24.44
26.0,536,63038305,20.615384615384617
34.0,761,63039066,22.38235294117647
21.0,353,63039419,16.80952380952381
20.0,464,63039883,23.2
12.0,347,63040230,28.916666666666668
25.0,492,63040722,19.68
6.0,184,63040906,30.666666666666668
26.0,718,63041624,27.615384615384617
21.0,557,63042181,26.523809523809526
31.0,701,63042882,22.612903225806452
38.0,727,63043609,19.13157894736842
24.0,524,63044133,21.833333333333332
13.0,349,63044482,26.846153846153847
18.0,434,63044916,24.11111111111111
16.0,268,63045184,16.75
40.0,1017,63046201,25.425
41.0,1050,63047251,25.609756097560975
10.0,190,63047441,19.0
21.0,471,63047912,22.428571428571427
23.0,645,63048557,28.043478260869566
31.0,786,63049343,25.35483870967742
20.0,431,63049774,21.55
39.0,933,63050707,23.923076923076923
25.0,628,63051335,25.12
35.0,951,63052286,27.17142857142857
11.0,205,63052491,18.636363636363637
18.0,363,63052854,20.166666666666668
20.0,365,63053219,18.25
40.0,953,63054172,23.825
32.0,817,63054989,25.53125
37.0,1025,63056014,27.7027027027027
30.0,782,63056796,26.066666666666666
27.0,686,63057482,25.40740740740741
41.0,869,63058351,21.195121951219512
38.0,786,63059137,20.68421052631579
32.0,743,63059880,23.21875
14.0,339,63060219,24.214285714285715
41.0,981,63061200,23.926829268292682
19.0,385,63061585,20.263157894736842
21.0,526,63062111,25.047619047619047
39.0,772,63062883,19.794871794871796
16.0,262,63063145,16.375
37.0,799,63063944,21.594594594594593
22.0,459,63064403,20.863636363636363
26.0,490,63064893,18.846153846153847
39.0,975,63065868,25.0
29.0,635,63066503,21.896551724137932
16.0,426,63066929,26.625
24.0,540,63067469,22.5
26.0,572,63068041,22.0
15.0,249,63068290,16.6
26.0,776,63069066,29.846153846153847
10.0,152,63069218,15.2
34.0,730,63069948,21.470588235294116
11.0,251,63070199,22.818181818181817
15.0,324,63070523,21.6
17.0,387,63070910,22.764705882352942
8.0,231,63071141,28.875
10.0,152,63071293,15.2
37.0,912,63072205,24.64864864864865
22.0,517,63072722,23.5
20.0,496,63073218,24.8
35.0,661,63073879,18.885714285714286
23.0,485,63074364,21.08695652173913
35.0,1046,63075410,29.885714285714286
16.0,335,63075745,20.9375
13.0,265,63076010,20.384615384615383
14.0,224,63076234,16.0
22.0,525,63076759,23.863636363636363
9.0,134,63076893,14.88888888888889
28.0,606,63077499,21.642857142857142
27.0,744,63078243,27.555555555555557
19.0,341,63078584,17.94736842105263
34.0,960,63079544,28.235294117647058
20.0,516,63080060,25.8
20.0,437,63080497,21.85
12.0,204,63080701,17.0
36.0,875,63081576,24.305555555555557
13.0,310,63081886,23.846153846153847
29.0,726,63082612,25.03448275862069
24.0,538,63083150,22.416666666666668
29.0,562,63083712,19.379310344827587
28.0,598,63084310,21.357142857142858
37.0,747,63085057,20.18918918918919
26.0,575,63085632,22.115384615384617
31.0,753,63086385,24.29032258064516
23.0,490,63086875,21.304347826086957
21.0,469,63087344,22.333333333333332
17.0,281,63087625,16.529411764705884
48.0,1231,63088856,25.645833333333332
16.0,340,63089196,21.25
32.0,727,63089923,22.71875
30.0,687,63090610,22.9
15.0,398,63091008,26.533333333333335
25.0,626,63091634,25.04
19.0,411,63092045,21.63157894736842
28.0,583,63092628,20.821428571428573
11.0,258,63092886,23.454545454545453
13.0,229,63093115,17.615384615384617
20.0,485,63093600,24.25
10.0,166,63093766,16.6
20.0,464,63094230,23.2
21.0,590,63094820,28.095238095238095
28.0,671,63095491,23.964285714285715
19.0,443,63095934,23.31578947368421
7.0,98,63096032,14.0
9.0,135,63096167,15.0
20.0,463,63096630,23.15
25.0,689,63097319,27.56
36.0,794,63098113,22.055555555555557
10.0,176,63098289,17.6
14.0,362,63098651,25.857142857142858
21.0,319,63098970,15.19047619047619
25.0,538,63099508,21.52
6.0,116,63099624,19.333333333333332
27.0,640,63100264,23.703703703703702
44.0,969,63101233,22.022727272727273
16.0,403,63101636,25.1875
32.0,816,63102452,25.5
11.0,233,63102685,21.181818181818183
24.0,462,63103147,19.25
26.0,505,63103652,19.423076923076923
22.0,423,63104075,19.227272727272727
18.0,371,63104446,20.61111111111111
13.0,225,63104671,17.307692307692307
34.0,747,63105418,21.970588235294116
13.0,328,63105746,25.23076923076923
30.0,711,63106457,23.7
30.0,587,63107044,19.566666666666666
24.0,476,63107520,19.833333333333332
17.0,440,63107960,25.88235294117647
27.0,573,63108533,21.22222222222222
15.0,346,63108879,23.066666666666666
31.0,737,63109616,23.774193548387096
10.0,183,63109799,18.3
48.0,1123,63110922,23.395833333333332
19.0,463,63111385,24.36842105263158
25.0,514,63111899,20.56
10.0,192,63112091,19.2
14.0,330,63112421,23.571428571428573
24.0,589,63113010,24.541666666666668
37.0,873,63113883,23.594594594594593
30.0,695,63114578,23.166666666666668
27.0,688,63115266,25.48148148148148
53.0,1162,63116428,21.92452830188679
31.0,649,63117077,20.93548387096774
34.0,797,63117874,23.441176470588236
29.0,692,63118566,23.862068965517242
16.0,366,63118932,22.875
18.0,431,63119363,23.944444444444443
22.0,501,63119864,22.772727272727273
24.0,554,63120418,23.083333333333332
36.0,725,63121143,20.13888888888889
21.0,548,63121691,26.095238095238095
23.0,432,63122123,18.782608695652176
30.0,604,63122727,20.133333333333333
27.0,543,63123270,20.11111111111111
33.0,641,63123911,19.424242424242426
17.0,467,63124378,27.470588235294116
23.0,545,63124923,23.695652173913043
18.0,405,63125328,22.5
24.0,566,63125894,23.583333333333332
31.0,825,63126719,26.612903225806452
31.0,692,63127411,22.322580645161292
13.0,325,63127736,25.0
20.0,350,63128086,17.5
20.0,378,63128464,18.9
20.0,477,63128941,23.85
35.0,765,63129706,21.857142857142858
26.0,497,63130203,19.115384615384617
34.0,913,63131116,26.852941176470587
36.0,866,63131982,24.055555555555557
22.0,493,63132475,22.40909090909091
23.0,537,63133012,23.347826086956523
28.0,702,63133714,25.071428571428573
30.0,806,63134520,26.866666666666667
40.0,929,63135449,23.225
27.0,628,63136077,23.25925925925926
18.0,398,63136475,22.11111111111111
30.0,751,63137226,25.033333333333335
26.0,564,63137790,21.692307692307693
14.0,325,63138115,23.214285714285715
31.0,557,63138672,17.967741935483872
28.0,742,63139414,26.5
41.0,1054,63140468,25.70731707317073
21.0,438,63140906,20.857142857142858
44.0,987,63141893,22.431818181818183
19.0,340,63142233,17.894736842105264
19.0,466,63142699,24.526315789473685
27.0,650,63143349,24.074074074074073
8.0,168,63143517,21.0
19.0,520,63144037,27.36842105263158
16.0,269,63144306,16.8125
20.0,423,63144729,21.15
43.0,1180,63145909,27.441860465116278
13.0,261,63146170,20.076923076923077
21.0,532,63146702,25.333333333333332
19.0,413,63147115,21.736842105263158
16.0,263,63147378,16.4375
26.0,638,63148016,24.53846153846154
15.0,358,63148374,23.866666666666667
27.0,723,63149097,26.77777777777778
37.0,890,63149987,24.054054054054053
12.0,271,63150258,22.583333333333332
30.0,787,63151045,26.233333333333334
12.0,199,63151244,16.583333333333332
16.0,462,63151706,28.875
30.0,664,63152370,22.133333333333333
8.0,161,63152531,20.125
16.0,334,63152865,20.875
28.0,654,63153519,23.357142857142858
22.0,590,63154109,26.818181818181817
45.0,1196,63155305,26.57777777777778
13.0,272,63155577,20.923076923076923
20.0,508,63156085,25.4
12.0,234,63156319,19.5
29.0,787,63157106,27.137931034482758
34.0,851,63157957,25.029411764705884
37.0,860,63158817,23.243243243243242
38.0,902,63159719,23.736842105263158
28.0,601,63160320,21.464285714285715
36.0,722,63161042,20.055555555555557
16.0,350,63161392,21.875
25.0,606,63161998,24.24
10.0,189,63162187,18.9
19.0,467,63162654,24.57894736842105
46.0,1265,63163919,27.5
35.0,783,63164702,22.37142857142857
31.0,743,63165445,23.967741935483872
17.0,332,63165777,19.529411764705884
30.0,724,63166501,24.133333333333333
29.0,691,63167192,23.82758620689655
13.0,348,63167540,26.76923076923077
32.0,669,63168209,20.90625
38.0,771,63168980,20.289473684210527
31.0,651,63169631,21.0
31.0,673,63170304,21.70967741935484
24.0,503,63170807,20.958333333333332
12.0,301,63171108,25.083333333333332
33.0,998,63172106,30.242424242424242
37.0,883,63172989,23.864864864864863
25.0,572,63173561,22.88
19.0,467,63174028,24.57894736842105
45.0,1009,63175037,22.42222222222222
30.0,731,63175768,24.366666666666667
32.0,750,63176518,23.4375
32.0,761,63177279,23.78125
35.0,873,63178152,24.942857142857143
18.0,349,63178501,19.38888888888889
22.0,433,63178934,19.681818181818183
21.0,510,63179444,24.285714285714285
27.0,499,63179943,18.48148148148148
31.0,655,63180598,21.129032258064516
40.0,954,63181552,23.85
27.0,669,63182221,24.77777777777778
31.0,806,63183027,26.0
29.0,791,63183818,27.275862068965516
19.0,486,63184304,25.57894736842105
24.0,587,63184891,24.458333333333332
26.0,758,63185649,29.153846153846153
38.0,980,63186629,25.789473684210527
29.0,641,63187270,22.103448275862068
18.0,353,63187623,19.61111111111111
23.0,442,63188065,19.217391304347824
48.0,953,63189018,19.854166666666668
30.0,712,63189730,23.733333333333334
9.0,148,63189878,16.444444444444443
29.0,601,63190479,20.724137931034484
19.0,340,63190819,17.894736842105264
13.0,221,63191040,17.0
7.0,160,63191200,22.857142857142858
21.0,445,63191645,21.19047619047619
13.0,301,63191946,23.153846153846153
30.0,630,63192576,21.0
14.0,271,63192847,19.357142857142858
22.0,545,63193392,24.772727272727273
20.0,418,63193810,20.9
9.0,156,63193966,17.333333333333332
24.0,516,63194482,21.5
29.0,695,63195177,23.96551724137931
1.0,456,63195633,456.0
10.0,149,63195782,14.9
14.0,291,63196073,20.785714285714285
34.0,823,63196896,24.205882352941178
15.0,329,63197225,21.933333333333334
20.0,500,63197725,25.0
19.0,420,63198145,22.105263157894736
32.0,773,63198918,24.15625
25.0,583,63199501,23.32
25.0,623,63200124,24.92
31.0,581,63200705,18.741935483870968
15.0,310,63201015,20.666666666666668
22.0,545,63201560,24.772727272727273
32.0,871,63202431,27.21875
17.0,367,63202798,21.58823529411765
28.0,639,63203437,22.821428571428573
24.0,557,63203994,23.208333333333332
15.0,383,63204377,25.533333333333335
30.0,752,63205129,25.066666666666666
15.0,365,63205494,24.333333333333332
20.0,386,63205880,19.3
20.0,499,63206379,24.95
50.0,1340,63207719,26.8
37.0,883,63208602,23.864864864864863
31.0,643,63209245,20.741935483870968
25.0,636,63209881,25.44
44.0,1077,63210958,24.477272727272727
55.0,1265,63212223,23.0
43.0,1174,63213397,27.302325581395348
13.0,355,63213752,27.307692307692307
13.0,245,63213997,18.846153846153847
26.0,581,63214578,22.346153846153847
14.0,473,63215051,33.785714285714285
33.0,682,63215733,20.666666666666668
26.0,641,63216374,24.653846153846153
20.0,508,63216882,25.4
26.0,587,63217469,22.576923076923077
18.0,421,63217890,23.38888888888889
29.0,798,63218688,27.517241379310345
12.0,322,63219010,26.833333333333332
20.0,558,63219568,27.9
16.0,353,63219921,22.0625
23.0,408,63220329,17.73913043478261
15.0,299,63220628,19.933333333333334
25.0,407,63221035,16.28
38.0,844,63221879,22.210526315789473
34.0,799,63222678,23.5
41.0,1012,63223690,24.682926829268293
29.0,662,63224352,22.82758620689655
24.0,498,63224850,20.75
40.0,816,63225666,20.4
35.0,885,63226551,25.285714285714285
33.0,901,63227452,27.303030303030305
21.0,500,63227952,23.80952380952381
12.0,204,63228156,17.0
29.0,600,63228756,20.689655172413794
20.0,535,63229291,26.75
26.0,686,63229977,26.384615384615383
28.0,651,63230628,23.25
21.0,428,63231056,20.38095238095238
39.0,864,63231920,22.153846153846153
37.0,762,63232682,20.594594594594593
17.0,388,63233070,22.823529411764707
34.0,683,63233753,20.08823529411765
28.0,662,63234415,23.642857142857142
17.0,284,63234699,16.705882352941178
12.0,248,63234947,20.666666666666668
52.0,1147,63236094,22.057692307692307
43.0,973,63237067,22.627906976744185
14.0,313,63237380,22.357142857142858
24.0,578,63237958,24.083333333333332
28.0,718,63238676,25.642857142857142
26.0,675,63239351,25.96153846153846
32.0,738,63240089,23.0625
20.0,458,63240547,22.9
37.0,755,63241302,20.405405405405407
27.0,543,63241845,20.11111111111111
22.0,475,63242320,21.59090909090909
31.0,732,63243052,23.612903225806452
53.0,1226,63244278,23.132075471698112
27.0,552,63244830,20.444444444444443
17.0,345,63245175,20.294117647058822
37.0,941,63246116,25.43243243243243
18.0,472,63246588,26.22222222222222
16.0,357,63246945,22.3125
34.0,870,63247815,25.58823529411765
24.0,501,63248316,20.875
26.0,662,63248978,25.46153846153846
14.0,296,63249274,21.142857142857142
37.0,908,63250182,24.54054054054054
24.0,496,63250678,20.666666666666668
31.0,661,63251339,21.322580645161292
25.0,540,63251879,21.6
4.0,56,63251935,14.0
24.0,536,63252471,22.333333333333332
42.0,1208,63253679,28.761904761904763
42.0,898,63254577,21.38095238095238
13.0,296,63254873,22.76923076923077
20.0,488,63255361,24.4
35.0,794,63256155,22.685714285714287
26.0,575,63256730,22.115384615384617
51.0,1252,63257982,24.54901960784314
28.0,703,63258685,25.107142857142858
24.0,523,63259208,21.791666666666668
33.0,637,63259845,19.303030303030305
26.0,671,63260516,25.807692307692307
20.0,465,63260981,23.25
48.0,1202,63262183,25.041666666666668
5.0,103,63262286,20.6
36.0,1044,63263330,29.0
35.0,679,63264009,19.4
26.0,622,63264631,23.923076923076923
15.0,354,63264985,23.6
25.0,489,63265474,19.56
12.0,313,63265787,26.083333333333332
18.0,419,63266206,23.27777777777778
29.0,689,63266895,23.75862068965517
27.0,655,63267550,24.25925925925926
25.0,618,63268168,24.72
38.0,659,63268827,17.342105263157894
40.0,1137,63269964,28.425
17.0,408,63270372,24.0
9.0,168,63270540,18.666666666666668
24.0,585,63271125,24.375
16.0,311,63271436,19.4375
28.0,691,63272127,24.678571428571427
13.0,253,63272380,19.46153846153846
39.0,916,63273296,23.487179487179485
34.0,760,63274056,22.352941176470587
28.0,682,63274738,24.357142857142858
16.0,383,63275121,23.9375
20.0,351,63275472,17.55
30.0,554,63276026,18.466666666666665
17.0,388,63276414,22.823529411764707
17.0,399,63276813,23.470588235294116
39.0,826,63277639,21.17948717948718
28.0,599,63278238,21.392857142857142
15.0,297,63278535,19.8
10.0,198,63278733,19.8
19.0,399,63279132,21.0
38.0,981,63280113,25.81578947368421
11.0,272,63280385,24.727272727272727
27.0,590,63280975,21.85185185185185
32.0,635,63281610,19.84375
35.0,804,63282414,22.97142857142857
33.0,941,63283355,28.515151515151516
42.0,1067,63284422,25.404761904761905
28.0,675,63285097,24.107142857142858
21.0,535,63285632,25.476190476190474
24.0,582,63286214,24.25
25.0,628,63286842,25.12
13.0,288,63287130,22.153846153846153
27.0,683,63287813,25.296296296296298
11.0,174,63287987,15.818181818181818
36.0,780,63288767,21.666666666666668
19.0,336,63289103,17.68421052631579
21.0,494,63289597,23.523809523809526
25.0,452,63290049,18.08
24.0,480,63290529,20.0
46.0,970,63291499,21.08695652173913
24.0,637,63292136,26.541666666666668
17.0,365,63292501,21.470588235294116
31.0,765,63293266,24.677419354838708
18.0,355,63293621,19.72222222222222
21.0,400,63294021,19.047619047619047
10.0,292,63294313,29.2
15.0,308,63294621,20.533333333333335
20.0,367,63294988,18.35
45.0,1161,63296149,25.8
36.0,780,63296929,21.666666666666668
23.0,542,63297471,23.565217391304348
27.0,614,63298085,22.74074074074074
3.0,84,63298169,28.0
25.0,604,63298773,24.16
19.0,471,63299244,24.789473684210527
12.0,233,63299477,19.416666666666668
34.0,867,63300344,25.5
18.0,392,63300736,21.77777777777778
17.0,274,63301010,16.11764705882353
24.0,572,63301582,23.833333333333332
34.0,714,63302296,21.0
20.0,455,63302751,22.75
21.0,538,63303289,25.61904761904762
30.0,845,63304134,28.166666666666668
28.0,627,63304761,22.392857142857142
17.0,342,63305103,20.11764705882353
24.0,539,63305642,22.458333333333332
10.0,319,63305961,31.9
25.0,676,63306637,27.04
14.0,290,63306927,20.714285714285715
22.0,461,63307388,20.954545454545453
10.0,194,63307582,19.4
19.0,398,63307980,20.94736842105263
31.0,768,63308748,24.774193548387096
15.0,277,63309025,18.466666666666665
25.0,501,63309526,20.04
41.0,1116,63310642,27.21951219512195
41.0,858,63311500,20.926829268292682
19.0,482,63311982,25.36842105263158
11.0,215,63312197,19.545454545454547
14.0,283,63312480,20.214285714285715
8.0,205,63312685,25.625
21.0,395,63313080,18.80952380952381
20.0,460,63313540,23.0
24.0,599,63314139,24.958333333333332
39.0,917,63315056,23.512820512820515
30.0,736,63315792,24.533333333333335
14.0,265,63316057,18.928571428571427
15.0,366,63316423,24.4
26.0,553,63316976,21.26923076923077
22.0,466,63317442,21.181818181818183
28.0,676,63318118,24.142857142857142
21.0,493,63318611,23.476190476190474
14.0,215,63318826,15.357142857142858
36.0,830,63319656,23.055555555555557
20.0,358,63320014,17.9
12.0,220,63320234,18.333333333333332
28.0,602,63320836,21.5
43.0,1075,63321911,25.0
22.0,579,63322490,26.318181818181817
20.0,416,63322906,20.8
30.0,741,63323647,24.7
26.0,593,63324240,22.807692307692307
32.0,687,63324927,21.46875
14.0,233,63325160,16.642857142857142
17.0,440,63325600,25.88235294117647
8.0,140,63325740,17.5
31.0,720,63326460,23.225806451612904
31.0,793,63327253,25.580645161290324
12.0,271,63327524,22.583333333333332
17.0,401,63327925,23.58823529411765
25.0,486,63328411,19.44
43.0,1189,63329600,27.651162790697676
30.0,640,63330240,21.333333333333332
14.0,290,63330530,20.714285714285715
13.0,294,63330824,22.615384615384617
16.0,315,63331139,19.6875
29.0,680,63331819,23.448275862068964
10.0,315,63332134,31.5
25.0,522,63332656,20.88
20.0,394,63333050,19.7
20.0,525,63333575,26.25
13.0,336,63333911,25.846153846153847
23.0,550,63334461,23.91304347826087
27.0,636,63335097,23.555555555555557
23.0,444,63335541,19.304347826086957
23.0,497,63336038,21.608695652173914
17.0,417,63336455,24.529411764705884
31.0,671,63337126,21.64516129032258
31.0,697,63337823,22.483870967741936
35.0,817,63338640,23.34285714285714
12.0,223,63338863,18.583333333333332
16.0,280,63339143,17.5
25.0,641,63339784,25.64
33.0,705,63340489,21.363636363636363
31.0,750,63341239,24.193548387096776
27.0,515,63341754,19.074074074074073
12.0,269,63342023,22.416666666666668
29.0,556,63342579,19.17241379310345
12.0,214,63342793,17.833333333333332
34.0,743,63343536,21.852941176470587
28.0,525,63344061,18.75
20.0,469,63344530,23.45
35.0,787,63345317,22.485714285714284
23.0,478,63345795,20.782608695652176
26.0,524,63346319,20.153846153846153
30.0,664,63346983,22.133333333333333
18.0,469,63347452,26.055555555555557
23.0,523,63347975,22.73913043478261
48.0,1059,63349034,22.0625
18.0,392,63349426,21.77777777777778
23.0,544,63349970,23.652173913043477
23.0,496,63350466,21.565217391304348
31.0,690,63351156,22.258064516129032
20.0,414,63351570,20.7
34.0,752,63352322,22.11764705882353
19.0,405,63352727,21.31578947368421
19.0,353,63353080,18.57894736842105
31.0,872,63353952,28.129032258064516
30.0,680,63354632,22.666666666666668
16.0,305,63354937,19.0625
22.0,573,63355510,26.045454545454547
45.0,1259,63356769,27.977777777777778
16.0,368,63357137,23.0
21.0,430,63357567,20.476190476190474
23.0,615,63358182,26.73913043478261
8.0,156,63358338,19.5
11.0,191,63358529,17.363636363636363
18.0,343,63358872,19.055555555555557
22.0,572,63359444,26.0
14.0,363,63359807,25.928571428571427
27.0,490,63360297,18.14814814814815
16.0,529,63360826,33.0625
16.0,374,63361200,23.375
18.0,335,63361535,18.61111111111111
20.0,450,63361985,22.5
52.0,1381,63363366,26.557692307692307
22.0,462,63363828,21.0
12.0,283,63364111,23.583333333333332
34.0,671,63364782,19.735294117647058
13.0,245,63365027,18.846153846153847
23.0,677,63365704,29.434782608695652
24.0,607,63366311,25.291666666666668
34.0,660,63366971,19.41176470588235
21.0,532,63367503,25.333333333333332
23.0,508,63368011,22.08695652173913
25.0,552,63368563,22.08
25.0,659,63369222,26.36
19.0,426,63369648,22.42105263157895
26.0,637,63370285,24.5
24.0,530,63370815,22.083333333333332
20.0,372,63371187,18.6
28.0,665,63371852,23.75
31.0,797,63372649,25.70967741935484
13.0,221,63372870,17.0
32.0,573,63373443,17.90625
19.0,522,63373965,27.473684210526315
24.0,547,63374512,22.791666666666668
28.0,527,63375039,18.821428571428573
18.0,469,63375508,26.055555555555557
16.0,389,63375897,24.3125
12.0,252,63376149,21.0
34.0,823,63376972,24.205882352941178
30.0,768,63377740,25.6
21.0,419,63378159,19.952380952380953
44.0,938,63379097,21.318181818181817
22.0,432,63379529,19.636363636363637
33.0,678,63380207,20.545454545454547
20.0,418,63380625,20.9
36.0,864,63381489,24.0
27.0,526,63382015,19.48148148148148
39.0,964,63382979,24.71794871794872
24.0,553,63383532,23.041666666666668
36.0,897,63384429,24.916666666666668
31.0,749,63385178,24.161290322580644
38.0,834,63386012,21.94736842105263
34.0,955,63386967,28.08823529411765
46.0,1120,63388087,24.347826086956523
37.0,808,63388895,21.83783783783784
27.0,558,63389453,20.666666666666668
34.0,928,63390381,27.294117647058822
38.0,818,63391199,21.526315789473685
17.0,337,63391536,19.823529411764707
14.0,367,63391903,26.214285714285715
24.0,486,63392389,20.25
15.0,357,63392746,23.8
24.0,610,63393356,25.416666666666668
7.0,113,63393469,16.142857142857142
12.0,219,63393688,18.25
21.0,409,63394097,19.476190476190474
13.0,268,63394365,20.615384615384617
17.0,468,63394833,27.529411764705884
53.0,1238,63396071,23.358490566037737
25.0,501,63396572,20.04
32.0,799,63397371,24.96875
27.0,686,63398057,25.40740740740741
37.0,924,63398981,24.972972972972972
32.0,888,63399869,27.75
28.0,584,63400453,20.857142857142858
31.0,787,63401240,25.387096774193548
35.0,736,63401976,21.02857142857143
18.0,399,63402375,22.166666666666668
20.0,396,63402771,19.8
7.0,100,63402871,14.285714285714286
31.0,665,63403536,21.451612903225808
32.0,707,63404243,22.09375
43.0,880,63405123,20.46511627906977
36.0,969,63406092,26.916666666666668
20.0,429,63406521,21.45
34.0,864,63407385,25.41176470588235
18.0,349,63407734,19.38888888888889
9.0,273,63408007,30.333333333333332
10.0,193,63408200,19.3
40.0,926,63409126,23.15
15.0,479,63409605,31.933333333333334
22.0,408,63410013,18.545454545454547
24.0,559,63410572,23.291666666666668
36.0,769,63411341,21.36111111111111
16.0,414,63411755,25.875
12.0,261,63412016,21.75
31.0,722,63412738,23.29032258064516
24.0,502,63413240,20.916666666666668
35.0,952,63414192,27.2
20.0,496,63414688,24.8
30.0,770,63415458,25.666666666666668
15.0,328,63415786,21.866666666666667
17.0,341,63416127,20.058823529411764
21.0,560,63416687,26.666666666666668
12.0,376,63417063,31.333333333333332
22.0,502,63417565,22.818181818181817
24.0,479,63418044,19.958333333333332
18.0,387,63418431,21.5
18.0,287,63418718,15.944444444444445
16.0,516,63419234,32.25
4.0,59,63419293,14.75
23.0,580,63419873,25.217391304347824
22.0,405,63420278,18.40909090909091
19.0,545,63420823,28.68421052631579
12.0,216,63421039,18.0
31.0,654,63421693,21.096774193548388
18.0,433,63422126,24.055555555555557
33.0,929,63423055,28.151515151515152
14.0,329,63423384,23.5
11.0,246,63423630,22.363636363636363
29.0,633,63424263,21.82758620689655
31.0,857,63425120,27.64516129032258
15.0,339,63425459,22.6
44.0,1008,63426467,22.90909090909091
13.0,211,63426678,16.23076923076923
14.0,401,63427079,28.642857142857142
32.0,726,63427805,22.6875
16.0,300,63428105,18.75
10.0,194,63428299,19.4
26.0,595,63428894,22.884615384615383
24.0,397,63429291,16.541666666666668
25.0,722,63430013,28.88
26.0,528,63430541,20.307692307692307
20.0,473,63431014,23.65
12.0,208,63431222,17.333333333333332
25.0,435,63431657,17.4
18.0,472,63432129,26.22222222222222
16.0,432,63432561,27.0
38.0,891,63433452,23.44736842105263
13.0,250,63433702,19.23076923076923
50.0,1155,63434857,23.1
34.0,882,63435739,25.941176470588236
39.0,967,63436706,24.794871794871796
31.0,642,63437348,20.70967741935484
25.0,491,63437839,19.64
15.0,296,63438135,19.733333333333334
40.0,963,63439098,24.075
15.0,332,63439430,22.133333333333333
21.0,584,63440014,27.80952380952381
29.0,487,63440501,16.79310344827586
12.0,204,63440705,17.0
28.0,597,63441302,21.321428571428573
22.0,461,63441763,20.954545454545453
35.0,604,63442367,17.257142857142856
46.0,1112,63443479,24.17391304347826
35.0,788,63444267,22.514285714285716
18.0,353,63444620,19.61111111111111
25.0,581,63445201,23.24
19.0,429,63445630,22.57894736842105
16.0,320,63445950,20.0
1.0,20,63445970,20.0
42.0,1050,63447020,25.0
13.0,294,63447314,22.615384615384617
18.0,408,63447722,22.666666666666668
33.0,748,63448470,22.666666666666668
21.0,593,63449063,28.238095238095237
31.0,662,63449725,21.35483870967742
24.0,661,63450386,27.541666666666668
32.0,730,63451116,22.8125
38.0,895,63452011,23.55263157894737
14.0,272,63452283,19.428571428571427
30.0,690,63452973,23.0
17.0,329,63453302,19.352941176470587
34.0,716,63454018,21.058823529411764
10.0,222,63454240,22.2
27.0,634,63454874,23.48148148148148
13.0,379,63455253,29.153846153846153
8.0,188,63455441,23.5
41.0,1009,63456450,24.609756097560975
37.0,844,63457294,22.81081081081081
20.0,551,63457845,27.55
1.0,452,63458297,452.0
34.0,825,63459122,24.264705882352942
27.0,594,63459716,22.0
29.0,634,63460350,21.862068965517242
26.0,700,63461050,26.923076923076923
46.0,1131,63462181,24.58695652173913
21.0,424,63462605,20.19047619047619
17.0,418,63463023,24.58823529411765
26.0,586,63463609,22.53846153846154
26.0,587,63464196,22.576923076923077
31.0,763,63464959,24.612903225806452
19.0,420,63465379,22.105263157894736
38.0,900,63466279,23.68421052631579
18.0,378,63466657,21.0
13.0,348,63467005,26.76923076923077
15.0,355,63467360,23.666666666666668
28.0,755,63468115,26.964285714285715
21.0,444,63468559,21.142857142857142
37.0,636,63469195,17.18918918918919
35.0,880,63470075,25.142857142857142
42.0,1041,63471116,24.785714285714285
24.0,476,63471592,19.833333333333332
26.0,596,63472188,22.923076923076923
25.0,713,63472901,28.52
5.0,116,63473017,23.2
30.0,666,63473683,22.2
23.0,508,63474191,22.08695652173913
30.0,641,63474832,21.366666666666667
12.0,213,63475045,17.75
13.0,253,63475298,19.46153846153846
21.0,524,63475822,24.952380952380953
39.0,939,63476761,24.076923076923077
27.0,658,63477419,24.37037037037037
17.0,387,63477806,22.764705882352942
35.0,908,63478714,25.942857142857143
23.0,468,63479182,20.347826086956523
3.0,83,63479265,27.666666666666668
33.0,698,63479963,21.151515151515152
29.0,596,63480559,20.551724137931036
21.0,530,63481089,25.238095238095237
28.0,671,63481760,23.964285714285715
31.0,721,63482481,23.258064516129032
16.0,268,63482749,16.75
9.0,196,63482945,21.77777777777778
30.0,859,63483804,28.633333333333333
16.0,251,63484055,15.6875
36.0,814,63484869,22.61111111111111
39.0,775,63485644,19.871794871794872
30.0,795,63486439,26.5
37.0,940,63487379,25.405405405405407
14.0,291,63487670,20.785714285714285
44.0,1148,63488818,26.09090909090909
45.0,1193,63490011,26.511111111111113
35.0,830,63490841,23.714285714285715
26.0,546,63491387,21.0
17.0,376,63491763,22.11764705882353
17.0,339,63492102,19.941176470588236
13.0,331,63492433,25.46153846153846
25.0,591,63493024,23.64
19.0,421,63493445,22.157894736842106
42.0,940,63494385,22.38095238095238
23.0,523,63494908,22.73913043478261
37.0,902,63495810,24.37837837837838
16.0,337,63496147,21.0625
30.0,701,63496848,23.366666666666667
24.0,535,63497383,22.291666666666668
17.0,305,63497688,17.941176470588236
11.0,319,63498007,29.0
9.0,167,63498174,18.555555555555557
31.0,724,63498898,23.35483870967742
16.0,281,63499179,17.5625
15.0,378,63499557,25.2
18.0,476,63500033,26.444444444444443
17.0,403,63500436,23.705882352941178
25.0,608,63501044,24.32
12.0,247,63501291,20.583333333333332
17.0,284,63501575,16.705882352941178
31.0,735,63502310,23.70967741935484
6.0,105,63502415,17.5
22.0,532,63502947,24.181818181818183
25.0,583,63503530,23.32
31.0,738,63504268,23.806451612903224
24.0,609,63504877,25.375
47.0,1042,63505919,22.170212765957448
14.0,344,63506263,24.571428571428573
20.0,553,63506816,27.65
21.0,523,63507339,24.904761904761905
21.0,479,63507818,22.80952380952381
10.0,206,63508024,20.6
21.0,429,63508453,20.428571428571427
32.0,612,63509065,19.125
25.0,664,63509729,26.56
35.0,618,63510347,17.65714285714286
26.0,487,63510834,18.73076923076923
29.0,789,63511623,27.20689655172414
25.0,483,63512106,19.32
47.0,1125,63513231,23.93617021276596
35.0,770,63514001,22.0
30.0,734,63514735,24.466666666666665
11.0,186,63514921,16.90909090909091
27.0,559,63515480,20.703703703703702
32.0,700,63516180,21.875
22.0,448,63516628,20.363636363636363
25.0,514,63517142,20.56
25.0,519,63517661,20.76
23.0,600,63518261,26.08695652173913
27.0,678,63518939,25.11111111111111
44.0,1072,63520011,24.363636363636363
15.0,377,63520388,25.133333333333333
14.0,278,63520666,19.857142857142858
32.0,863,63521529,26.96875
17.0,353,63521882,20.764705882352942
26.0,586,63522468,22.53846153846154
43.0,890,63523358,20.697674418604652
38.0,1018,63524376,26.789473684210527
25.0,572,63524948,22.88
10.0,260,63525208,26.0
29.0,662,63525870,22.82758620689655
15.0,302,63526172,20.133333333333333
28.0,794,63526966,28.357142857142858
34.0,758,63527724,22.294117647058822
27.0,599,63528323,22.185185185185187
30.0,703,63529026,23.433333333333334
12.0,289,63529315,24.083333333333332
22.0,537,63529852,24.40909090909091
3.0,50,63529902,16.666666666666668
22.0,459,63530361,20.863636363636363
18.0,435,63530796,24.166666666666668
17.0,456,63531252,26.823529411764707
27.0,606,63531858,22.444444444444443
30.0,673,63532531,22.433333333333334
26.0,621,63533152,23.884615384615383
41.0,937,63534089,22.853658536585368
29.0,655,63534744,22.586206896551722
15.0,335,63535079,22.333333333333332
35.0,765,63535844,21.857142857142858
28.0,571,63536415,20.392857142857142
15.0,374,63536789,24.933333333333334
32.0,754,63537543,23.5625
34.0,760,63538303,22.352941176470587
24.0,533,63538836,22.208333333333332
33.0,824,63539660,24.96969696969697
26.0,546,63540206,21.0
9.0,179,63540385,19.88888888888889
22.0,552,63540937,25.09090909090909
15.0,364,63541301,24.266666666666666
18.0,502,63541803,27.88888888888889
23.0,563,63542366,24.47826086956522
14.0,418,63542784,29.857142857142858
17.0,376,63543160,22.11764705882353
29.0,739,63543899,25.482758620689655
37.0,694,63544593,18.756756756756758
42.0,961,63545554,22.88095238095238
27.0,433,63545987,16.037037037037038
22.0,440,63546427,20.0
39.0,820,63547247,21.025641025641026
28.0,654,63547901,23.357142857142858
31.0,671,63548572,21.64516129032258
16.0,355,63548927,22.1875
43.0,1032,63549959,24.0
2.0,36,63549995,18.0
42.0,954,63550949,22.714285714285715
11.0,365,63551314,33.18181818181818
24.0,483,63551797,20.125
26.0,571,63552368,21.96153846153846
25.0,536,63552904,21.44
29.0,581,63553485,20.03448275862069
21.0,380,63553865,18.095238095238095
36.0,832,63554697,23.11111111111111
40.0,987,63555684,24.675
29.0,576,63556260,19.862068965517242
25.0,536,63556796,21.44
24.0,500,63557296,20.833333333333332
23.0,421,63557717,18.304347826086957
26.0,586,63558303,22.53846153846154
16.0,370,63558673,23.125
19.0,490,63559163,25.789473684210527
25.0,561,63559724,22.44
34.0,777,63560501,22.852941176470587
36.0,959,63561460,26.63888888888889
33.0,819,63562279,24.818181818181817
42.0,1100,63563379,26.19047619047619
17.0,311,63563690,18.294117647058822
20.0,528,63564218,26.4
21.0,503,63564721,23.952380952380953
27.0,644,63565365,23.85185185185185
11.0,273,63565638,24.818181818181817
23.0,625,63566263,27.17391304347826
15.0,284,63566547,18.933333333333334
24.0,536,63567083,22.333333333333332
35.0,787,63567870,22.485714285714284
17.0,364,63568234,21.41176470588235
45.0,1073,63569307,23.844444444444445
21.0,417,63569724,19.857142857142858
10.0,226,63569950,22.6
18.0,403,63570353,22.38888888888889
40.0,883,63571236,22.075
37.0,922,63572158,24.91891891891892
9.0,192,63572350,21.333333333333332
34.0,847,63573197,24.91176470588235
26.0,621,63573818,23.884615384615383
13.0,298,63574116,22.923076923076923
17.0,372,63574488,21.88235294117647
30.0,877,63575365,29.233333333333334
18.0,297,63575662,16.5
20.0,416,63576078,20.8
8.0,164,63576242,20.5
35.0,781,63577023,22.314285714285713
34.0,805,63577828,23.676470588235293
33.0,741,63578569,22.454545454545453
15.0,347,63578916,23.133333333333333
23.0,556,63579472,24.17391304347826
16.0,396,63579868,24.75
23.0,629,63580497,27.347826086956523
30.0,726,63581223,24.2
36.0,824,63582047,22.88888888888889
16.0,405,63582452,25.3125
10.0,351,63582803,35.1
9.0,212,63583015,23.555555555555557
34.0,877,63583892,25.794117647058822
18.0,373,63584265,20.72222222222222
15.0,369,63584634,24.6
21.0,522,63585156,24.857142857142858
32.0,767,63585923,23.96875
24.0,510,63586433,21.25
17.0,350,63586783,20.58823529411765
14.0,300,63587083,21.428571428571427
24.0,454,63587537,18.916666666666668
27.0,700,63588237,25.925925925925927
27.0,617,63588854,22.85185185185185
27.0,598,63589452,22.14814814814815
10.0,185,63589637,18.5
33.0,796,63590433,24.12121212121212
31.0,703,63591136,22.677419354838708
25.0,594,63591730,23.76
12.0,194,63591924,16.166666666666668
40.0,772,63592696,19.3
20.0,497,63593193,24.85
20.0,517,63593710,25.85
51.0,1279,63594989,25.07843137254902
17.0,433,63595422,25.470588235294116
21.0,531,63595953,25.285714285714285
50.0,1148,63597101,22.96
34.0,911,63598012,26.794117647058822
20.0,397,63598409,19.85
50.0,1206,63599615,24.12
36.0,885,63600500,24.583333333333332
23.0,546,63601046,23.73913043478261
19.0,343,63601389,18.05263157894737
46.0,1134,63602523,24.652173913043477
40.0,872,63603395,21.8
18.0,529,63603924,29.38888888888889
33.0,784,63604708,23.757575757575758
39.0,985,63605693,25.256410256410255
35.0,842,63606535,24.057142857142857
17.0,336,63606871,19.764705882352942
30.0,758,63607629,25.266666666666666
12.0,339,63607968,28.25
37.0,776,63608744,20.972972972972972
16.0,429,63609173,26.8125
26.0,578,63609751,22.23076923076923
36.0,752,63610503,20.88888888888889
19.0,487,63610990,25.63157894736842
38.0,686,63611676,18.05263157894737
23.0,428,63612104,18.608695652173914
15.0,361,63612465,24.066666666666666
25.0,577,63613042,23.08
37.0,948,63613990,25.62162162162162
16.0,413,63614403,25.8125
34.0,829,63615232,24.38235294117647
22.0,525,63615757,23.863636363636363
22.0,588,63616345,26.727272727272727
36.0,793,63617138,22.02777777777778
40.0,877,63618015,21.925
27.0,779,63618794,28.85185185185185
31.0,784,63619578,25.29032258064516
25.0,543,63620121,21.72
36.0,774,63620895,21.5
13.0,255,63621150,19.615384615384617
36.0,846,63621996,23.5
28.0,647,63622643,23.107142857142858
29.0,678,63623321,23.379310344827587
29.0,670,63623991,23.103448275862068
37.0,760,63624751,20.54054054054054
39.0,910,63625661,23.333333333333332
45.0,945,63626606,21.0
34.0,873,63627479,25.676470588235293
12.0,254,63627733,21.166666666666668
8.0,134,63627867,16.75
30.0,719,63628586,23.966666666666665
26.0,536,63629122,20.615384615384617
46.0,1020,63630142,22.17391304347826
19.0,354,63630496,18.63157894736842
20.0,397,63630893,19.85
16.0,305,63631198,19.0625
40.0,1084,63632282,27.1
24.0,476,63632758,19.833333333333332
27.0,540,63633298,20.0
13.0,241,63633539,18.53846153846154
25.0,602,63634141,24.08
22.0,505,63634646,22.954545454545453
33.0,738,63635384,22.363636363636363
22.0,546,63635930,24.818181818181817
27.0,680,63636610,25.185185185185187
41.0,857,63637467,20.902439024390244
3.0,88,63637555,29.333333333333332
30.0,729,63638284,24.3
28.0,739,63639023,26.392857142857142
15.0,433,63639456,28.866666666666667
32.0,631,63640087,19.71875
29.0,600,63640687,20.689655172413794
27.0,673,63641360,24.925925925925927
35.0,682,63642042,19.485714285714284
26.0,512,63642554,19.692307692307693
17.0,431,63642985,25.352941176470587
29.0,715,63643700,24.655172413793103
21.0,399,63644099,19.0
19.0,325,63644424,17.105263157894736
40.0,919,63645343,22.975
36.0,752,63646095,20.88888888888889
19.0,399,63646494,21.0
32.0,673,63647167,21.03125
41.0,953,63648120,23.24390243902439
18.0,323,63648443,17.944444444444443
44.0,954,63649397,21.681818181818183
25.0,565,63649962,22.6
14.0,336,63650298,24.0
14.0,332,63650630,23.714285714285715
31.0,697,63651327,22.483870967741936
17.0,498,63651825,29.294117647058822
14.0,316,63652141,22.571428571428573
22.0,468,63652609,21.272727272727273
19.0,391,63653000,20.57894736842105
12.0,296,63653296,24.666666666666668
42.0,851,63654147,20.261904761904763
15.0,293,63654440,19.533333333333335
15.0,401,63654841,26.733333333333334
44.0,1144,63655985,26.0
31.0,737,63656722,23.774193548387096
23.0,537,63657259,23.347826086956523
34.0,1005,63658264,29.558823529411764
34.0,821,63659085,24.147058823529413
25.0,636,63659721,25.44
28.0,570,63660291,20.357142857142858
15.0,355,63660646,23.666666666666668
32.0,693,63661339,21.65625
21.0,409,63661748,19.476190476190474
48.0,1107,63662855,23.0625
39.0,958,63663813,24.564102564102566
21.0,498,63664311,23.714285714285715
18.0,414,63664725,23.0
24.0,629,63665354,26.208333333333332
18.0,500,63665854,27.77777777777778
18.0,473,63666327,26.27777777777778
9.0,211,63666538,23.444444444444443
9.0,164,63666702,18.22222222222222
20.0,338,63667040,16.9
26.0,760,63667800,29.23076923076923
13.0,318,63668118,24.46153846153846
49.0,1211,63669329,24.714285714285715
25.0,529,63669858,21.16
33.0,820,63670678,24.848484848484848
19.0,538,63671216,28.31578947368421
18.0,435,63671651,24.166666666666668
11.0,197,63671848,17.90909090909091
34.0,805,63672653,23.676470588235293
19.0,487,63673140,25.63157894736842
31.0,622,63673762,20.06451612903226
26.0,665,63674427,25.576923076923077
44.0,1077,63675504,24.477272727272727
19.0,493,63675997,25.94736842105263
18.0,360,63676357,20.0
15.0,363,63676720,24.2
24.0,438,63677158,18.25
13.0,248,63677406,19.076923076923077
24.0,609,63678015,25.375
21.0,502,63678517,23.904761904761905
18.0,435,63678952,24.166666666666668
9.0,211,63679163,23.444444444444443
36.0,797,63679960,22.13888888888889
33.0,649,63680609,19.666666666666668
31.0,604,63681213,19.483870967741936
18.0,444,63681657,24.666666666666668
42.0,1146,63682803,27.285714285714285
23.0,535,63683338,23.26086956521739
38.0,890,63684228,23.42105263157895
25.0,589,63684817,23.56
12.0,220,63685037,18.333333333333332
42.0,1020,63686057,24.285714285714285
28.0,666,63686723,23.785714285714285
35.0,794,63687517,22.685714285714287
28.0,601,63688118,21.464285714285715
39.0,932,63689050,23.897435897435898
14.0,310,63689360,22.142857142857142
27.0,553,63689913,20.48148148148148
11.0,279,63690192,25.363636363636363
19.0,393,63690585,20.68421052631579
28.0,623,63691208,22.25
36.0,675,63691883,18.75
15.0,398,63692281,26.533333333333335
18.0,266,63692547,14.777777777777779
26.0,509,63693056,19.576923076923077
44.0,1247,63694303,28.34090909090909
16.0,318,63694621,19.875
31.0,743,63695364,23.967741935483872
21.0,617,63695981,29.38095238095238
24.0,553,63696534,23.041666666666668
14.0,305,63696839,21.785714285714285
29.0,565,63697404,19.482758620689655
28.0,598,63698002,21.357142857142858
20.0,506,63698508,25.3
23.0,607,63699115,26.391304347826086
41.0,1029,63700144,25.097560975609756
13.0,291,63700435,22.384615384615383
28.0,615,63701050,21.964285714285715
28.0,651,63701701,23.25
28.0,628,63702329,22.428571428571427
20.0,424,63702753,21.2
34.0,830,63703583,24.41176470588235
53.0,1194,63704777,22.528301886792452
30.0,783,63705560,26.1
27.0,571,63706131,21.14814814814815
34.0,726,63706857,21.352941176470587
29.0,633,63707490,21.82758620689655
37.0,906,63708396,24.486486486486488
11.0,215,63708611,19.545454545454547
29.0,558,63709169,19.24137931034483
19.0,463,63709632,24.36842105263158
23.0,517,63710149,22.47826086956522
14.0,273,63710422,19.5
6.0,187,63710609,31.166666666666668
35.0,638,63711247,18.228571428571428
34.0,867,63712114,25.5
29.0,613,63712727,21.137931034482758
36.0,892,63713619,24.77777777777778
13.0,487,63714106,37.46153846153846
16.0,355,63714461,22.1875
39.0,1001,63715462,25.666666666666668
31.0,693,63716155,22.35483870967742
24.0,598,63716753,24.916666666666668
17.0,337,63717090,19.823529411764707
25.0,705,63717795,28.2
30.0,643,63718438,21.433333333333334
23.0,705,63719143,30.652173913043477
38.0,760,63719903,20.0
32.0,1032,63720935,32.25
11.0,243,63721178,22.09090909090909
12.0,263,63721441,21.916666666666668
50.0,1335,63722776,26.7
19.0,417,63723193,21.94736842105263
26.0,627,63723820,24.115384615384617
30.0,672,63724492,22.4
32.0,751,63725243,23.46875
33.0,849,63726092,25.727272727272727
22.0,547,63726639,24.863636363636363
28.0,698,63727337,24.928571428571427
41.0,821,63728158,20.024390243902438
17.0,454,63728612,26.705882352941178
24.0,506,63729118,21.083333333333332
24.0,487,63729605,20.291666666666668
27.0,639,63730244,23.666666666666668
54.0,1233,63731477,22.833333333333332
36.0,846,63732323,23.5
17.0,446,63732769,26.235294117647058
23.0,540,63733309,23.47826086956522
18.0,344,63733653,19.11111111111111
9.0,127,63733780,14.11111111111111
16.0,428,63734208,26.75
25.0,677,63734885,27.08
27.0,698,63735583,25.85185185185185
13.0,269,63735852,20.692307692307693
7.0,110,63735962,15.714285714285714
37.0,855,63736817,23.10810810810811
28.0,606,63737423,21.642857142857142
22.0,540,63737963,24.545454545454547
12.0,315,63738278,26.25
11.0,226,63738504,20.545454545454547
20.0,485,63738989,24.25
27.0,734,63739723,27.185185185185187
36.0,668,63740391,18.555555555555557
12.0,223,63740614,18.583333333333332
38.0,981,63741595,25.81578947368421
32.0,732,63742327,22.875
32.0,904,63743231,28.25
29.0,595,63743826,20.517241379310345
27.0,594,63744420,22.0
44.0,1048,63745468,23.818181818181817
32.0,662,63746130,20.6875
24.0,471,63746601,19.625
25.0,539,63747140,21.56
25.0,590,63747730,23.6
15.0,375,63748105,25.0
14.0,405,63748510,28.928571428571427
16.0,365,63748875,22.8125
42.0,1107,63749982,26.357142857142858
12.0,209,63750191,17.416666666666668
14.0,320,63750511,22.857142857142858
9.0,168,63750679,18.666666666666668
49.0,1290,63751969,26.3265306122449
34.0,700,63752669,20.58823529411765
9.0,276,63752945,30.666666666666668
24.0,588,63753533,24.5
16.0,414,63753947,25.875
27.0,569,63754516,21.074074074074073
14.0,183,63754699,13.071428571428571
14.0,263,63754962,18.785714285714285
31.0,615,63755577,19.838709677419356
14.0,298,63755875,21.285714285714285
43.0,968,63756843,22.511627906976745
40.0,1019,63757862,25.475
7.0,117,63757979,16.714285714285715
31.0,747,63758726,24.096774193548388
41.0,895,63759621,21.829268292682926
14.0,316,63759937,22.571428571428573
41.0,951,63760888,23.195121951219512
33.0,853,63761741,25.848484848484848
35.0,706,63762447,20.17142857142857
30.0,714,63763161,23.8
20.0,481,63763642,24.05
17.0,318,63763960,18.705882352941178
27.0,708,63764668,26.22222222222222
38.0,957,63765625,25.18421052631579
37.0,853,63766478,23.054054054054053
22.0,521,63766999,23.681818181818183
9.0,186,63767185,20.666666666666668
43.0,1200,63768385,27.906976744186046
33.0,979,63769364,29.666666666666668
25.0,501,63769865,20.04
50.0,1122,63770987,22.44
8.0,115,63771102,14.375
12.0,200,63771302,16.666666666666668
15.0,295,63771597,19.666666666666668
46.0,1292,63772889,28.08695652173913
19.0,413,63773302,21.736842105263158
40.0,1091,63774393,27.275
28.0,632,63775025,22.571428571428573
31.0,668,63775693,21.548387096774192
21.0,441,63776134,21.0
24.0,574,63776708,23.916666666666668
22.0,522,63777230,23.727272727272727
19.0,450,63777680,23.68421052631579
28.0,653,63778333,23.321428571428573
30.0,718,63779051,23.933333333333334
26.0,570,63779621,21.923076923076923
51.0,1255,63780876,24.607843137254903
21.0,440,63781316,20.952380952380953
21.0,331,63781647,15.761904761904763
25.0,505,63782152,20.2
31.0,690,63782842,22.258064516129032
32.0,650,63783492,20.3125
23.0,458,63783950,19.91304347826087
15.0,263,63784213,17.533333333333335
37.0,784,63784997,21.18918918918919
11.0,238,63785235,21.636363636363637
18.0,536,63785771,29.77777777777778
34.0,707,63786478,20.794117647058822
32.0,766,63787244,23.9375
27.0,503,63787747,18.62962962962963
19.0,458,63788205,24.105263157894736
49.0,1180,63789385,24.081632653061224
19.0,351,63789736,18.473684210526315
19.0,391,63790127,20.57894736842105
14.0,307,63790434,21.928571428571427
13.0,262,63790696,20.153846153846153
31.0,713,63791409,23.0
29.0,616,63792025,21.24137931034483
24.0,523,63792548,21.791666666666668
10.0,147,63792695,14.7
21.0,542,63793237,25.80952380952381
25.0,647,63793884,25.88
36.0,824,63794708,22.88888888888889
32.0,799,63795507,24.96875
41.0,916,63796423,22.341463414634145
13.0,388,63796811,29.846153846153847
28.0,558,63797369,19.928571428571427
1.0,454,63797823,454.0
24.0,599,63798422,24.958333333333332
41.0,1074,63799496,26.195121951219512
38.0,977,63800473,25.710526315789473
9.0,248,63800721,27.555555555555557
34.0,698,63801419,20.529411764705884
21.0,432,63801851,20.571428571428573
24.0,489,63802340,20.375
13.0,242,63802582,18.615384615384617
31.0,708,63803290,22.838709677419356
24.0,386,63803676,16.083333333333332
21.0,514,63804190,24.476190476190474
14.0,375,63804565,26.785714285714285
16.0,453,63805018,28.3125
9.0,165,63805183,18.333333333333332
21.0,383,63805566,18.238095238095237
20.0,525,63806091,26.25
14.0,353,63806444,25.214285714285715
6.0,93,63806537,15.5
23.0,465,63807002,20.217391304347824
23.0,569,63807571,24.73913043478261
5.0,122,63807693,24.4
21.0,493,63808186,23.476190476190474
24.0,624,63808810,26.0
14.0,163,63808973,11.642857142857142
6.0,129,63809102,21.5
18.0,338,63809440,18.77777777777778
17.0,439,63809879,25.823529411764707
17.0,257,63810136,15.117647058823529
16.0,386,63810522,24.125
21.0,404,63810926,19.238095238095237
12.0,259,63811185,21.583333333333332
17.0,464,63811649,27.294117647058822
18.0,274,63811923,15.222222222222221
20.0,536,63812459,26.8
41.0,806,63813265,19.658536585365855
26.0,574,63813839,22.076923076923077
27.0,707,63814546,26.185185185185187
31.0,587,63815133,18.93548387096774
20.0,445,63815578,22.25
8.0,226,63815804,28.25
23.0,516,63816320,22.434782608695652
16.0,259,63816579,16.1875
31.0,599,63817178,19.322580645161292
27.0,687,63817865,25.444444444444443
9.0,266,63818131,29.555555555555557
43.0,999,63819130,23.232558139534884
35.0,814,63819944,23.257142857142856
41.0,1083,63821027,26.414634146341463
11.0,267,63821294,24.272727272727273
8.0,205,63821499,25.625
27.0,628,63822127,23.25925925925926
26.0,541,63822668,20.807692307692307
10.0,253,63822921,25.3
34.0,743,63823664,21.852941176470587
35.0,674,63824338,19.257142857142856
36.0,707,63825045,19.63888888888889
35.0,813,63825858,23.228571428571428
3.0,59,63825917,19.666666666666668
16.0,269,63826186,16.8125
25.0,533,63826719,21.32
40.0,827,63827546,20.675
19.0,351,63827897,18.473684210526315
12.0,203,63828100,16.916666666666668
25.0,509,63828609,20.36
11.0,290,63828899,26.363636363636363
33.0,799,63829698,24.21212121212121
21.0,444,63830142,21.142857142857142
13.0,395,63830537,30.384615384615383
20.0,464,63831001,23.2
30.0,695,63831696,23.166666666666668
16.0,322,63832018,20.125
12.0,238,63832256,19.833333333333332
39.0,917,63833173,23.512820512820515
24.0,432,63833605,18.0
33.0,800,63834405,24.242424242424242
24.0,561,63834966,23.375
16.0,383,63835349,23.9375
13.0,323,63835672,24.846153846153847
35.0,822,63836494,23.485714285714284
29.0,708,63837202,24.413793103448278
20.0,417,63837619,20.85
19.0,273,63837892,14.368421052631579
31.0,510,63838402,16.451612903225808
34.0,651,63839053,19.147058823529413
10.0,207,63839260,20.7
20.0,407,63839667,20.35
20.0,548,63840215,27.4
40.0,923,63841138,23.075
9.0,237,63841375,26.333333333333332
28.0,605,63841980,21.607142857142858
35.0,1074,63843054,30.685714285714287
16.0,336,63843390,21.0
42.0,990,63844380,23.571428571428573
16.0,333,63844713,20.8125
13.0,221,63844934,17.0
16.0,306,63845240,19.125
29.0,691,63845931,23.82758620689655
26.0,675,63846606,25.96153846153846
18.0,384,63846990,21.333333333333332
15.0,243,63847233,16.2
38.0,863,63848096,22.710526315789473
38.0,893,63848989,23.5
27.0,574,63849563,21.25925925925926
20.0,510,63850073,25.5
10.0,230,63850303,23.0
24.0,568,63850871,23.666666666666668
22.0,382,63851253,17.363636363636363
18.0,350,63851603,19.444444444444443
36.0,790,63852393,21.944444444444443
14.0,234,63852627,16.714285714285715
28.0,598,63853225,21.357142857142858
22.0,586,63853811,26.636363636363637
10.0,123,63853934,12.3
20.0,460,63854394,23.0
29.0,679,63855073,23.413793103448278
35.0,881,63855954,25.17142857142857
32.0,710,63856664,22.1875
14.0,384,63857048,27.428571428571427
17.0,359,63857407,21.11764705882353
25.0,428,63857835,17.12
35.0,774,63858609,22.114285714285714
15.0,298,63858907,19.866666666666667
15.0,364,63859271,24.266666666666666
10.0,202,63859473,20.2
28.0,724,63860197,25.857142857142858
9.0,200,63860397,22.22222222222222
12.0,230,63860627,19.166666666666668
30.0,699,63861326,23.3
26.0,575,63861901,22.115384615384617
18.0,423,63862324,23.5
8.0,195,63862519,24.375
26.0,539,63863058,20.73076923076923
16.0,373,63863431,23.3125
47.0,1115,63864546,23.72340425531915
28.0,582,63865128,20.785714285714285
26.0,573,63865701,22.03846153846154
40.0,875,63866576,21.875
11.0,340,63866916,30.90909090909091
25.0,632,63867548,25.28
19.0,332,63867880,17.473684210526315
24.0,486,63868366,20.25
27.0,644,63869010,23.85185185185185
37.0,865,63869875,23.37837837837838
20.0,562,63870437,28.1
29.0,703,63871140,24.24137931034483
23.0,503,63871643,21.869565217391305
12.0,231,63871874,19.25
46.0,1183,63873057,25.717391304347824
18.0,340,63873397,18.88888888888889
33.0,677,63874074,20.515151515151516
25.0,610,63874684,24.4
15.0,255,63874939,17.0
27.0,678,63875617,25.11111111111111
20.0,412,63876029,20.6
16.0,293,63876322,18.3125
32.0,813,63877135,25.40625
28.0,601,63877736,21.464285714285715
34.0,883,63878619,25.970588235294116
24.0,406,63879025,16.916666666666668
23.0,581,63879606,25.26086956521739
20.0,547,63880153,27.35
15.0,270,63880423,18.0
49.0,1172,63881595,23.918367346938776
31.0,782,63882377,25.225806451612904
34.0,755,63883132,22.205882352941178
37.0,751,63883883,20.2972972972973
38.0,862,63884745,22.68421052631579
34.0,817,63885562,24.029411764705884
25.0,606,63886168,24.24
7.0,160,63886328,22.857142857142858
21.0,503,63886831,23.952380952380953
23.0,525,63887356,22.82608695652174
28.0,682,63888038,24.357142857142858
21.0,495,63888533,23.571428571428573
43.0,891,63889424,20.72093023255814
41.0,974,63890398,23.75609756097561
43.0,888,63891286,20.651162790697676
16.0,332,63891618,20.75
22.0,451,63892069,20.5
21.0,441,63892510,21.0
27.0,639,63893149,23.666666666666668
7.0,134,63893283,19.142857142857142
37.0,855,63894138,23.10810810810811
11.0,241,63894379,21.90909090909091
22.0,514,63894893,23.363636363636363
22.0,519,63895412,23.59090909090909
28.0,627,63896039,22.392857142857142
25.0,502,63896541,20.08
26.0,745,63897286,28.653846153846153
24.0,441,63897727,18.375
24.0,497,63898224,20.708333333333332
37.0,897,63899121,24.243243243243242
39.0,798,63899919,20.46153846153846
30.0,772,63900691,25.733333333333334
36.0,832,63901523,23.11111111111111
15.0,309,63901832,20.6
22.0,560,63902392,25.454545454545453
32.0,839,63903231,26.21875
24.0,464,63903695,19.333333333333332
18.0,364,63904059,20.22222222222222
22.0,543,63904602,24.681818181818183
47.0,1154,63905756,24.5531914893617
24.0,494,63906250,20.583333333333332
17.0,320,63906570,18.823529411764707
36.0,762,63907332,21.166666666666668
17.0,434,63907766,25.529411764705884
9.0,183,63907949,20.333333333333332
31.0,728,63908677,23.483870967741936
34.0,750,63909427,22.058823529411764
19.0,362,63909789,19.05263157894737
38.0,962,63910751,25.31578947368421
40.0,876,63911627,21.9
33.0,766,63912393,23.21212121212121
10.0,219,63912612,21.9
11.0,221,63912833,20.09090909090909
21.0,346,63913179,16.476190476190474
29.0,685,63913864,23.620689655172413
40.0,742,63914606,18.55
10.0,207,63914813,20.7
50.0,1257,63916070,25.14
21.0,417,63916487,19.857142857142858
18.0,398,63916885,22.11111111111111
11.0,182,63917067,16.545454545454547
33.0,768,63917835,23.272727272727273
13.0,267,63918102,20.53846153846154
32.0,662,63918764,20.6875
30.0,757,63919521,25.233333333333334
24.0,476,63919997,19.833333333333332
16.0,360,63920357,22.5
15.0,265,63920622,17.666666666666668
27.0,547,63921169,20.25925925925926
29.0,588,63921757,20.275862068965516
37.0,829,63922586,22.405405405405407
31.0,806,63923392,26.0
13.0,217,63923609,16.692307692307693
31.0,702,63924311,22.64516129032258
11.0,240,63924551,21.818181818181817
32.0,702,63925253,21.9375
20.0,376,63925629,18.8
17.0,302,63925931,17.764705882352942
36.0,814,63926745,22.61111111111111
33.0,674,63927419,20.424242424242426
25.0,564,63927983,22.56
29.0,799,63928782,27.551724137931036
22.0,764,63929546,34.72727272727273
37.0,820,63930366,22.16216216216216
46.0,1112,63931478,24.17391304347826
19.0,357,63931835,18.789473684210527
22.0,532,63932367,24.181818181818183
27.0,595,63932962,22.037037037037038
25.0,702,63933664,28.08
28.0,631,63934295,22.535714285714285
14.0,322,63934617,23.0
40.0,957,63935574,23.925
30.0,684,63936258,22.8
45.0,868,63937126,19.288888888888888
23.0,488,63937614,21.217391304347824
29.0,619,63938233,21.344827586206897
36.0,845,63939078,23.47222222222222
1.0,453,63939531,453.0
27.0,670,63940201,24.814814814814813
42.0,1129,63941330,26.88095238095238
23.0,509,63941839,22.130434782608695
32.0,758,63942597,23.6875
31.0,699,63943296,22.548387096774192
43.0,1022,63944318,23.767441860465116
18.0,351,63944669,19.5
37.0,933,63945602,25.216216216216218
17.0,299,63945901,17.58823529411765
45.0,1010,63946911,22.444444444444443
12.0,296,63947207,24.666666666666668
18.0,393,63947600,21.833333333333332
28.0,599,63948199,21.392857142857142
39.0,1013,63949212,25.974358974358974
42.0,823,63950035,19.595238095238095
41.0,865,63950900,21.097560975609756
42.0,1098,63951998,26.142857142857142
8.0,116,63952114,14.5
46.0,986,63953100,21.434782608695652
37.0,1020,63954120,27.56756756756757
27.0,525,63954645,19.444444444444443
15.0,283,63954928,18.866666666666667
27.0,624,63955552,23.11111111111111
15.0,274,63955826,18.266666666666666
31.0,712,63956538,22.967741935483872
31.0,733,63957271,23.64516129032258
27.0,712,63957983,26.37037037037037
23.0,587,63958570,25.52173913043478
28.0,462,63959032,16.5
27.0,637,63959669,23.59259259259259
20.0,386,63960055,19.3
8.0,124,63960179,15.5
24.0,548,63960727,22.833333333333332
26.0,479,63961206,18.423076923076923
24.0,545,63961751,22.708333333333332
29.0,707,63962458,24.379310344827587
31.0,610,63963068,19.677419354838708
31.0,811,63963879,26.161290322580644
13.0,325,63964204,25.0
25.0,514,63964718,20.56
22.0,329,63965047,14.954545454545455
34.0,668,63965715,19.647058823529413
29.0,638,63966353,22.0
62.0,1407,63967760,22.693548387096776
44.0,1088,63968848,24.727272727272727
26.0,496,63969344,19.076923076923077
20.0,359,63969703,17.95
42.0,900,63970603,21.428571428571427
14.0,316,63970919,22.571428571428573
24.0,678,63971597,28.25
28.0,748,63972345,26.714285714285715
16.0,363,63972708,22.6875
27.0,553,63973261,20.48148148148148
22.0,476,63973737,21.636363636363637
34.0,712,63974449,20.941176470588236
29.0,761,63975210,26.24137931034483
18.0,420,63975630,23.333333333333332
18.0,353,63975983,19.61111111111111
31.0,649,63976632,20.93548387096774
25.0,509,63977141,20.36
24.0,621,63977762,25.875
21.0,464,63978226,22.095238095238095
17.0,289,63978515,17.0
22.0,495,63979010,22.5
27.0,602,63979612,22.296296296296298
11.0,243,63979855,22.09090909090909
24.0,506,63980361,21.083333333333332
31.0,637,63980998,20.548387096774192
22.0,739,63981737,33.59090909090909
18.0,353,63982090,19.61111111111111
25.0,495,63982585,19.8
18.0,287,63982872,15.944444444444445
13.0,243,63983115,18.692307692307693
26.0,632,63983747,24.307692307692307
30.0,637,63984384,21.233333333333334
24.0,463,63984847,19.291666666666668
42.0,854,63985701,20.333333333333332
24.0,493,63986194,20.541666666666668
25.0,551,63986745,22.04
38.0,761,63987506,20.026315789473685
7.0,151,63987657,21.571428571428573
38.0,915,63988572,24.07894736842105
20.0,504,63989076,25.2
14.0,314,63989390,22.428571428571427
36.0,692,63990082,19.22222222222222
33.0,869,63990951,26.333333333333332
31.0,667,63991618,21.516129032258064
41.0,1037,63992655,25.29268292682927
26.0,624,63993279,24.0
34.0,765,63994044,22.5
23.0,546,63994590,23.73913043478261
32.0,705,63995295,22.03125
10.0,158,63995453,15.8
18.0,402,63995855,22.333333333333332
19.0,418,63996273,22.0
30.0,531,63996804,17.7
33.0,818,63997622,24.78787878787879
39.0,859,63998481,22.025641025641026
19.0,581,63999062,30.57894736842105
22.0,568,63999630,25.818181818181817
18.0,397,64000027,22.055555555555557
22.0,477,64000504,21.681818181818183
13.0,296,64000800,22.76923076923077
13.0,303,64001103,23.307692307692307
27.0,466,64001569,17.25925925925926
32.0,832,64002401,26.0
11.0,163,64002564,14.818181818181818
24.0,800,64003364,33.333333333333336
24.0,568,64003932,23.666666666666668
28.0,519,64004451,18.535714285714285
24.0,514,64004965,21.416666666666668
30.0,656,64005621,21.866666666666667
20.0,675,64006296,33.75
37.0,965,64007261,26.08108108108108
20.0,554,64007815,27.7
10.0,183,64007998,18.3
32.0,723,64008721,22.59375
19.0,449,64009170,23.63157894736842
26.0,597,64009767,22.96153846153846
30.0,720,64010487,24.0
16.0,357,64010844,22.3125
11.0,431,64011275,39.18181818181818
15.0,337,64011612,22.466666666666665
15.0,307,64011919,20.466666666666665
23.0,501,64012420,21.782608695652176
25.0,607,64013027,24.28
28.0,728,64013755,26.0
40.0,962,64014717,24.05
19.0,443,64015160,23.31578947368421
24.0,507,64015667,21.125
24.0,585,64016252,24.375
37.0,828,64017080,22.37837837837838
20.0,527,64017607,26.35
27.0,648,64018255,24.0
18.0,331,64018586,18.38888888888889
46.0,1039,64019625,22.58695652173913
24.0,566,64020191,23.583333333333332
47.0,960,64021151,20.425531914893618
14.0,260,64021411,18.571428571428573
11.0,269,64021680,24.454545454545453
14.0,341,64022021,24.357142857142858
26.0,726,64022747,27.923076923076923
17.0,396,64023143,23.294117647058822
25.0,430,64023573,17.2
28.0,560,64024133,20.0
30.0,601,64024734,20.033333333333335
19.0,376,64025110,19.789473684210527
17.0,414,64025524,24.352941176470587
21.0,486,64026010,23.142857142857142
38.0,945,64026955,24.86842105263158
20.0,388,64027343,19.4
32.0,674,64028017,21.0625
34.0,897,64028914,26.38235294117647
45.0,1105,64030019,24.555555555555557
28.0,715,64030734,25.535714285714285
18.0,405,64031139,22.5
50.0,1312,64032451,26.24
6.0,106,64032557,17.666666666666668
26.0,630,64033187,24.23076923076923
46.0,1049,64034236,22.804347826086957
26.0,598,64034834,23.0
46.0,1064,64035898,23.130434782608695
32.0,761,64036659,23.78125
43.0,920,64037579,21.3953488372093
26.0,466,64038045,17.923076923076923
32.0,738,64038783,23.0625
12.0,313,64039096,26.083333333333332
39.0,833,64039929,21.358974358974358
26.0,713,64040642,27.423076923076923
24.0,550,64041192,22.916666666666668
39.0,952,64042144,24.41025641025641
34.0,798,64042942,23.470588235294116
14.0,375,64043317,26.785714285714285
22.0,429,64043746,19.5
34.0,853,64044599,25.08823529411765
18.0,428,64045027,23.77777777777778
29.0,592,64045619,20.413793103448278
24.0,448,64046067,18.666666666666668
10.0,242,64046309,24.2
13.0,298,64046607,22.923076923076923
25.0,545,64047152,21.8
24.0,712,64047864,29.666666666666668
32.0,738,64048602,23.0625
8.0,179,64048781,22.375
31.0,661,64049442,21.322580645161292
29.0,616,64050058,21.24137931034483
31.0,682,64050740,22.0
28.0,675,64051415,24.107142857142858
5.0,118,64051533,23.6
20.0,432,64051965,21.6
42.0,997,64052962,23.738095238095237
21.0,554,64053516,26.38095238095238
41.0,1101,64054617,26.853658536585368
50.0,1119,64055736,22.38
24.0,509,64056245,21.208333333333332
21.0,412,64056657,19.61904761904762
35.0,733,64057390,20.942857142857143
35.0,761,64058151,21.742857142857144
33.0,675,64058826,20.454545454545453
30.0,762,64059588,25.4
34.0,797,64060385,23.441176470588236
31.0,840,64061225,27.096774193548388
26.0,670,64061895,25.76923076923077
21.0,470,64062365,22.38095238095238
25.0,478,64062843,19.12
21.0,456,64063299,21.714285714285715
14.0,350,64063649,25.0
25.0,488,64064137,19.52
10.0,217,64064354,21.7
14.0,368,64064722,26.285714285714285
30.0,682,64065404,22.733333333333334
6.0,146,64065550,24.333333333333332
35.0,806,64066356,23.02857142857143
31.0,673,64067029,21.70967741935484
22.0,501,64067530,22.772727272727273
23.0,610,64068140,26.52173913043478
32.0,678,64068818,21.1875
13.0,243,64069061,18.692307692307693
28.0,655,64069716,23.392857142857142
44.0,1082,64070798,24.59090909090909
45.0,1183,64071981,26.288888888888888
21.0,400,64072381,19.047619047619047
21.0,521,64072902,24.80952380952381
46.0,1092,64073994,23.73913043478261
29.0,500,64074494,17.24137931034483
27.0,640,64075134,23.703703703703702
30.0,680,64075814,22.666666666666668
22.0,438,64076252,19.90909090909091
26.0,601,64076853,23.115384615384617
29.0,712,64077565,24.551724137931036
25.0,489,64078054,19.56
36.0,728,64078782,20.22222222222222
21.0,456,64079238,21.714285714285715
14.0,388,64079626,27.714285714285715
34.0,679,64080305,19.970588235294116
20.0,518,64080823,25.9
16.0,357,64081180,22.3125
22.0,613,64081793,27.863636363636363
39.0,915,64082708,23.46153846153846
37.0,741,64083449,20.027027027027028
20.0,428,64083877,21.4
37.0,797,64084674,21.54054054054054
38.0,1076,64085750,28.31578947368421
33.0,806,64086556,24.424242424242426
20.0,385,64086941,19.25
19.0,410,64087351,21.57894736842105
28.0,616,64087967,22.0
13.0,426,64088393,32.76923076923077
14.0,216,64088609,15.428571428571429
27.0,578,64089187,21.40740740740741
33.0,783,64089970,23.727272727272727
33.0,672,64090642,20.363636363636363
27.0,561,64091203,20.77777777777778
5.0,134,64091337,26.8
1.0,450,64091787,450.0
30.0,773,64092560,25.766666666666666
22.0,474,64093034,21.545454545454547
16.0,385,64093419,24.0625
14.0,355,64093774,25.357142857142858
32.0,788,64094562,24.625
42.0,895,64095457,21.30952380952381
24.0,599,64096056,24.958333333333332
37.0,879,64096935,23.756756756756758
31.0,756,64097691,24.387096774193548
13.0,318,64098009,24.46153846153846
17.0,315,64098324,18.529411764705884
20.0,375,64098699,18.75
23.0,435,64099134,18.91304347826087
28.0,842,64099976,30.071428571428573
16.0,397,64100373,24.8125
14.0,242,64100615,17.285714285714285
23.0,537,64101152,23.347826086956523
39.0,841,64101993,21.564102564102566
21.0,419,64102412,19.952380952380953
32.0,742,64103154,23.1875
31.0,706,64103860,22.774193548387096
25.0,480,64104340,19.2
26.0,622,64104962,23.923076923076923
17.0,441,64105403,25.941176470588236
5.0,96,64105499,19.2
36.0,735,64106234,20.416666666666668
24.0,647,64106881,26.958333333333332
33.0,748,64107629,22.666666666666668
27.0,619,64108248,22.925925925925927
29.0,587,64108835,20.24137931034483
31.0,621,64109456,20.032258064516128
24.0,474,64109930,19.75
26.0,600,64110530,23.076923076923077
29.0,734,64111264,25.310344827586206
25.0,546,64111810,21.84
25.0,534,64112344,21.36
30.0,673,64113017,22.433333333333334
7.0,175,64113192,25.0
46.0,800,64113992,17.391304347826086
22.0,572,64114564,26.0
30.0,868,64115432,28.933333333333334
9.0,291,64115723,32.333333333333336
16.0,412,64116135,25.75
18.0,449,64116584,24.944444444444443
19.0,447,64117031,23.526315789473685
31.0,723,64117754,23.322580645161292
19.0,408,64118162,21.473684210526315
14.0,291,64118453,20.785714285714285
36.0,773,64119226,21.47222222222222
18.0,380,64119606,21.11111111111111
21.0,507,64120113,24.142857142857142
21.0,359,64120472,17.095238095238095
36.0,676,64121148,18.77777777777778
25.0,583,64121731,23.32
26.0,669,64122400,25.73076923076923
23.0,460,64122860,20.0
17.0,331,64123191,19.470588235294116
27.0,678,64123869,25.11111111111111
42.0,994,64124863,23.666666666666668
14.0,298,64125161,21.285714285714285
43.0,1137,64126298,26.441860465116278
32.0,723,64127021,22.59375
23.0,588,64127609,25.565217391304348
28.0,696,64128305,24.857142857142858
19.0,452,64128757,23.789473684210527
26.0,607,64129364,23.346153846153847
15.0,319,64129683,21.266666666666666
29.0,613,64130296,21.137931034482758
23.0,537,64130833,23.347826086956523
25.0,548,64131381,21.92
30.0,555,64131936,18.5
35.0,769,64132705,21.97142857142857
25.0,585,64133290,23.4
26.0,492,64133782,18.923076923076923
40.0,708,64134490,17.7
25.0,522,64135012,20.88
29.0,632,64135644,21.79310344827586
13.0,334,64135978,25.692307692307693
22.0,503,64136481,22.863636363636363
22.0,499,64136980,22.681818181818183
22.0,440,64137420,20.0
11.0,243,64137663,22.09090909090909
22.0,357,64138020,16.227272727272727
39.0,714,64138734,18.307692307692307
28.0,684,64139418,24.428571428571427
31.0,912,64140330,29.419354838709676
16.0,397,64140727,24.8125
35.0,930,64141657,26.571428571428573
22.0,442,64142099,20.09090909090909
20.0,549,64142648,27.45
25.0,682,64143330,27.28
24.0,563,64143893,23.458333333333332
10.0,227,64144120,22.7
28.0,608,64144728,21.714285714285715
38.0,773,64145501,20.342105263157894
41.0,750,64146251,18.29268292682927
49.0,1239,64147490,25.285714285714285
35.0,894,64148384,25.542857142857144
20.0,573,64148957,28.65
19.0,620,64149577,32.63157894736842
25.0,644,64150221,25.76
32.0,846,64151067,26.4375
27.0,685,64151752,25.37037037037037
32.0,674,64152426,21.0625
31.0,719,64153145,23.193548387096776
14.0,334,64153479,23.857142857142858
16.0,390,64153869,24.375
29.0,672,64154541,23.17241379310345
16.0,295,64154836,18.4375
28.0,645,64155481,23.035714285714285
31.0,826,64156307,26.64516129032258
20.0,563,64156870,28.15
17.0,315,64157185,18.529411764705884
47.0,1343,64158528,28.574468085106382
40.0,1113,64159641,27.825
25.0,524,64160165,20.96
20.0,463,64160628,23.15
23.0,566,64161194,24.608695652173914
17.0,378,64161572,22.235294117647058
34.0,812,64162384,23.88235294117647
31.0,809,64163193,26.096774193548388
31.0,608,64163801,19.612903225806452
26.0,650,64164451,25.0
29.0,604,64165055,20.82758620689655
35.0,889,64165944,25.4
34.0,779,64166723,22.91176470588235
16.0,286,64167009,17.875
18.0,349,64167358,19.38888888888889
20.0,447,64167805,22.35
44.0,1196,64169001,27.181818181818183
18.0,328,64169329,18.22222222222222
18.0,442,64169771,24.555555555555557
12.0,471,64170242,39.25
30.0,784,64171026,26.133333333333333
15.0,334,64171360,22.266666666666666
25.0,479,64171839,19.16
21.0,521,64172360,24.80952380952381
42.0,990,64173350,23.571428571428573
15.0,343,64173693,22.866666666666667
19.0,444,64174137,23.36842105263158
23.0,477,64174614,20.73913043478261
26.0,657,64175271,25.26923076923077
15.0,330,64175601,22.0
28.0,689,64176290,24.607142857142858
30.0,728,64177018,24.266666666666666
17.0,457,64177475,26.88235294117647
27.0,676,64178151,25.037037037037038
20.0,518,64178669,25.9
14.0,206,64178875,14.714285714285714
16.0,313,64179188,19.5625
34.0,827,64180015,24.323529411764707
15.0,291,64180306,19.4
38.0,874,64181180,23.0
27.0,689,64181869,25.51851851851852
35.0,867,64182736,24.771428571428572
24.0,636,64183372,26.5
42.0,993,64184365,23.642857142857142
16.0,361,64184726,22.5625
27.0,748,64185474,27.703703703703702
16.0,383,64185857,23.9375
24.0,608,64186465,25.333333333333332
42.0,934,64187399,22.238095238095237
9.0,179,64187578,19.88888888888889
22.0,472,64188050,21.454545454545453
40.0,937,64188987,23.425
28.0,735,64189722,26.25
38.0,826,64190548,21.736842105263158
22.0,533,64191081,24.227272727272727
23.0,438,64191519,19.043478260869566
23.0,562,64192081,24.434782608695652
27.0,545,64192626,20.185185185185187
27.0,695,64193321,25.74074074074074
39.0,762,64194083,19.53846153846154
11.0,202,64194285,18.363636363636363
30.0,688,64194973,22.933333333333334
16.0,372,64195345,23.25
20.0,509,64195854,25.45
31.0,663,64196517,21.387096774193548
32.0,626,64197143,19.5625
34.0,904,64198047,26.58823529411765
23.0,456,64198503,19.82608695652174
22.0,410,64198913,18.636363636363637
24.0,508,64199421,21.166666666666668
47.0,1234,64200655,26.25531914893617
24.0,516,64201171,21.5
16.0,344,64201515,21.5
23.0,542,64202057,23.565217391304348
26.0,602,64202659,23.153846153846153
36.0,875,64203534,24.305555555555557
37.0,736,64204270,19.89189189189189
15.0,243,64204513,16.2
22.0,564,64205077,25.636363636363637
18.0,446,64205523,24.77777777777778
13.0,316,64205839,24.307692307692307
19.0,477,64206316,25.105263157894736
41.0,981,64207297,23.926829268292682
20.0,322,64207619,16.1
29.0,584,64208203,20.137931034482758
37.0,731,64208934,19.756756756756758
41.0,1059,64209993,25.829268292682926
37.0,851,64210844,23.0
20.0,427,64211271,21.35
33.0,813,64212084,24.636363636363637
23.0,685,64212769,29.782608695652176
21.0,537,64213306,25.571428571428573
25.0,607,64213913,24.28
18.0,423,64214336,23.5
36.0,766,64215102,21.27777777777778
27.0,689,64215791,25.51851851851852
24.0,536,64216327,22.333333333333332
14.0,265,64216592,18.928571428571427
23.0,584,64217176,25.391304347826086
17.0,365,64217541,21.470588235294116
17.0,381,64217922,22.41176470588235
44.0,931,64218853,21.15909090909091
11.0,156,64219009,14.181818181818182
32.0,972,64219981,30.375
34.0,884,64220865,26.0
17.0,447,64221312,26.294117647058822
21.0,509,64221821,24.238095238095237
32.0,910,64222731,28.4375
35.0,613,64223344,17.514285714285716
23.0,634,64223978,27.565217391304348
23.0,445,64224423,19.347826086956523
20.0,455,64224878,22.75
18.0,427,64225305,23.72222222222222
8.0,215,64225520,26.875
12.0,320,64225840,26.666666666666668
30.0,850,64226690,28.333333333333332
36.0,1001,64227691,27.805555555555557
43.0,1125,64228816,26.162790697674417
28.0,501,64229317,17.892857142857142
41.0,963,64230280,23.48780487804878
32.0,612,64230892,19.125
33.0,720,64231612,21.818181818181817
8.0,189,64231801,23.625
30.0,718,64232519,23.933333333333334
30.0,861,64233380,28.7
14.0,341,64233721,24.357142857142858
21.0,643,64234364,30.61904761904762
26.0,639,64235003,24.576923076923077
31.0,662,64235665,21.35483870967742
16.0,249,64235914,15.5625
22.0,533,64236447,24.227272727272727
32.0,815,64237262,25.46875
9.0,148,64237410,16.444444444444443
17.0,359,64237769,21.11764705882353
24.0,536,64238305,22.333333333333332
22.0,459,64238764,20.863636363636363
28.0,626,64239390,22.357142857142858
11.0,347,64239737,31.545454545454547
15.0,332,64240069,22.133333333333333
15.0,240,64240309,16.0
31.0,742,64241051,23.93548387096774
38.0,941,64241992,24.763157894736842
41.0,1104,64243096,26.926829268292682
27.0,538,64243634,19.925925925925927
19.0,414,64244048,21.789473684210527
39.0,885,64244933,22.692307692307693
15.0,275,64245208,18.333333333333332
37.0,1004,64246212,27.135135135135137
17.0,380,64246592,22.352941176470587
37.0,680,64247272,18.37837837837838
20.0,477,64247749,23.85
30.0,693,64248442,23.1
31.0,617,64249059,19.903225806451612
25.0,661,64249720,26.44
18.0,347,64250067,19.27777777777778
29.0,529,64250596,18.24137931034483
14.0,323,64250919,23.071428571428573
24.0,442,64251361,18.416666666666668
12.0,232,64251593,19.333333333333332
26.0,630,64252223,24.23076923076923
40.0,1029,64253252,25.725
28.0,565,64253817,20.178571428571427
35.0,750,64254567,21.428571428571427
10.0,227,64254794,22.7
36.0,891,64255685,24.75
23.0,470,64256155,20.434782608695652
21.0,471,64256626,22.428571428571427
38.0,922,64257548,24.263157894736842
24.0,619,64258167,25.791666666666668
33.0,872,64259039,26.424242424242426
29.0,680,64259719,23.448275862068964
36.0,793,64260512,22.02777777777778
25.0,497,64261009,19.88
23.0,564,64261573,24.52173913043478
8.0,231,64261804,28.875
26.0,642,64262446,24.692307692307693
44.0,884,64263330,20.09090909090909
25.0,611,64263941,24.44
30.0,776,64264717,25.866666666666667
20.0,418,64265135,20.9
16.0,250,64265385,15.625
23.0,469,64265854,20.391304347826086
29.0,606,64266460,20.896551724137932
31.0,773,64267233,24.93548387096774
13.0,239,64267472,18.384615384615383
30.0,707,64268179,23.566666666666666
25.0,438,64268617,17.52
33.0,608,64269225,18.424242424242426
17.0,399,64269624,23.470588235294116
34.0,727,64270351,21.38235294117647
14.0,388,64270739,27.714285714285715
24.0,562,64271301,23.416666666666668
34.0,819,64272120,24.08823529411765
7.0,255,64272375,36.42857142857143
25.0,479,64272854,19.16
23.0,614,64273468,26.695652173913043
18.0,535,64274003,29.72222222222222
12.0,310,64274313,25.833333333333332
35.0,860,64275173,24.571428571428573
29.0,695,64275868,23.96551724137931
5.0,87,64275955,17.4
35.0,733,64276688,20.942857142857143
31.0,684,64277372,22.06451612903226
28.0,637,64278009,22.75
23.0,499,64278508,21.695652173913043
15.0,386,64278894,25.733333333333334
29.0,627,64279521,21.620689655172413
3.0,44,64279565,14.666666666666666
21.0,459,64280024,21.857142857142858
28.0,688,64280712,24.571428571428573
22.0,465,64281177,21.136363636363637
25.0,508,64281685,20.32
40.0,983,64282668,24.575
36.0,767,64283435,21.305555555555557
21.0,502,64283937,23.904761904761905
31.0,724,64284661,23.35483870967742
22.0,597,64285258,27.136363636363637
45.0,1007,64286265,22.377777777777776
35.0,839,64287104,23.97142857142857
50.0,1235,64288339,24.7
15.0,354,64288693,23.6
29.0,836,64289529,28.82758620689655
23.0,647,64290176,28.130434782608695
9.0,376,64290552,41.77777777777778
38.0,822,64291374,21.63157894736842
14.0,322,64291696,23.0
12.0,341,64292037,28.416666666666668
47.0,1324,64293361,28.170212765957448
30.0,764,64294125,25.466666666666665
14.0,312,64294437,22.285714285714285
21.0,413,64294850,19.666666666666668
31.0,724,64295574,23.35483870967742
14.0,289,64295863,20.642857142857142
10.0,183,64296046,18.3
38.0,736,64296782,19.36842105263158
27.0,652,64297434,24.14814814814815
23.0,525,64297959,22.82608695652174
31.0,768,64298727,24.774193548387096
37.0,754,64299481,20.37837837837838
28.0,592,64300073,21.142857142857142
21.0,579,64300652,27.571428571428573
19.0,370,64301022,19.473684210526315
20.0,469,64301491,23.45
34.0,1003,64302494,29.5
34.0,913,64303407,26.852941176470587
30.0,663,64304070,22.1
23.0,553,64304623,24.043478260869566
30.0,611,64305234,20.366666666666667
9.0,162,64305396,18.0
16.0,369,64305765,23.0625
14.0,322,64306087,23.0
27.0,712,64306799,26.37037037037037
25.0,568,64307367,22.72
10.0,209,64307576,20.9
27.0,599,64308175,22.185185185185187
34.0,834,64309009,24.529411764705884
17.0,429,64309438,25.235294117647058
27.0,588,64310026,21.77777777777778
17.0,339,64310365,19.941176470588236
28.0,658,64311023,23.5
33.0,669,64311692,20.272727272727273
38.0,903,64312595,23.763157894736842
26.0,529,64313124,20.346153846153847
20.0,423,64313547,21.15
22.0,487,64314034,22.136363636363637
25.0,485,64314519,19.4
7.0,148,64314667,21.142857142857142
29.0,598,64315265,20.620689655172413
33.0,677,64315942,20.515151515151516
12.0,331,64316273,27.583333333333332
26.0,488,64316761,18.76923076923077
23.0,456,64317217,19.82608695652174
43.0,1060,64318277,24.651162790697676
34.0,774,64319051,22.764705882352942
27.0,544,64319595,20.14814814814815
34.0,830,64320425,24.41176470588235
24.0,491,64320916,20.458333333333332
46.0,1306,64322222,28.391304347826086
24.0,498,64322720,20.75
21.0,455,64323175,21.666666666666668
9.0,134,64323309,14.88888888888889
22.0,397,64323706,18.045454545454547
35.0,716,64324422,20.457142857142856
33.0,744,64325166,22.545454545454547
20.0,452,64325618,22.6
29.0,604,64326222,20.82758620689655
23.0,452,64326674,19.652173913043477
18.0,364,64327038,20.22222222222222
17.0,441,64327479,25.941176470588236
38.0,961,64328440,25.289473684210527
10.0,216,64328656,21.6
17.0,381,64329037,22.41176470588235
17.0,412,64329449,24.235294117647058
35.0,771,64330220,22.02857142857143
19.0,501,64330721,26.36842105263158
36.0,844,64331565,23.444444444444443
29.0,653,64332218,22.517241379310345
25.0,463,64332681,18.52
21.0,502,64333183,23.904761904761905
40.0,1029,64334212,25.725
22.0,454,64334666,20.636363636363637
40.0,960,64335626,24.0
24.0,447,64336073,18.625
19.0,564,64336637,29.68421052631579
38.0,798,64337435,21.0
42.0,906,64338341,21.571428571428573
10.0,138,64338479,13.8
24.0,486,64338965,20.25
9.0,193,64339158,21.444444444444443
17.0,433,64339591,25.470588235294116
29.0,586,64340177,20.20689655172414
21.0,414,64340591,19.714285714285715
13.0,238,64340829,18.307692307692307
26.0,578,64341407,22.23076923076923
34.0,887,64342294,26.08823529411765
33.0,823,64343117,24.939393939393938
15.0,270,64343387,18.0
31.0,686,64344073,22.129032258064516
32.0,751,64344824,23.46875
14.0,246,64345070,17.571428571428573
3.0,77,64345147,25.666666666666668
12.0,354,64345501,29.5
13.0,231,64345732,17.76923076923077
10.0,236,64345968,23.6
23.0,557,64346525,24.217391304347824
19.0,384,64346909,20.210526315789473
34.0,683,64347592,20.08823529411765
17.0,440,64348032,25.88235294117647
19.0,389,64348421,20.473684210526315
22.0,514,64348935,23.363636363636363
23.0,530,64349465,23.043478260869566
18.0,294,64349759,16.333333333333332
32.0,827,64350586,25.84375
16.0,466,64351052,29.125
22.0,516,64351568,23.454545454545453
28.0,685,64352253,24.464285714285715
32.0,832,64353085,26.0
14.0,373,64353458,26.642857142857142
17.0,432,64353890,25.41176470588235
35.0,669,64354559,19.114285714285714
46.0,970,64355529,21.08695652173913
32.0,611,64356140,19.09375
22.0,482,64356622,21.90909090909091
20.0,451,64357073,22.55
16.0,363,64357436,22.6875
39.0,808,64358244,20.71794871794872
28.0,646,64358890,23.071428571428573
28.0,702,64359592,25.071428571428573
40.0,1205,64360797,30.125
35.0,855,64361652,24.428571428571427
19.0,396,64362048,20.842105263157894
25.0,531,64362579,21.24
24.0,537,64363116,22.375
5.0,105,64363221,21.0
31.0,696,64363917,22.451612903225808
32.0,573,64364490,17.90625
23.0,564,64365054,24.52173913043478
36.0,926,64365980,25.72222222222222
22.0,521,64366501,23.681818181818183
17.0,376,64366877,22.11764705882353
45.0,1109,64367986,24.644444444444446
15.0,393,64368379,26.2
28.0,670,64369049,23.928571428571427
38.0,1035,64370084,27.236842105263158
20.0,472,64370556,23.6
41.0,1087,64371643,26.51219512195122
16.0,355,64371998,22.1875
25.0,706,64372704,28.24
27.0,613,64373317,22.703703703703702
31.0,693,64374010,22.35483870967742
25.0,628,64374638,25.12
25.0,489,64375127,19.56
27.0,535,64375662,19.814814814814813
29.0,702,64376364,24.20689655172414
34.0,819,64377183,24.08823529411765
34.0,967,64378150,28.441176470588236
17.0,383,64378533,22.529411764705884
21.0,466,64378999,22.19047619047619
37.0,815,64379814,22.027027027027028
20.0,460,64380274,23.0
34.0,916,64381190,26.941176470588236
21.0,637,64381827,30.333333333333332
16.0,467,64382294,29.1875
21.0,494,64382788,23.523809523809526
36.0,943,64383731,26.194444444444443
42.0,1124,64384855,26.761904761904763
29.0,704,64385559,24.275862068965516
31.0,758,64386317,24.451612903225808
28.0,722,64387039,25.785714285714285
30.0,709,64387748,23.633333333333333
35.0,828,64388576,23.65714285714286
29.0,634,64389210,21.862068965517242
22.0,529,64389739,24.045454545454547
10.0,201,64389940,20.1
28.0,594,64390534,21.214285714285715
25.0,621,64391155,24.84
27.0,762,64391917,28.22222222222222
22.0,502,64392419,22.818181818181817
15.0,329,64392748,21.933333333333334
14.0,329,64393077,23.5
24.0,518,64393595,21.583333333333332
31.0,845,64394440,27.258064516129032
13.0,256,64394696,19.692307692307693
36.0,835,64395531,23.194444444444443
44.0,1083,64396614,24.613636363636363
22.0,516,64397130,23.454545454545453
35.0,794,64397924,22.685714285714287
14.0,237,64398161,16.928571428571427
24.0,526,64398687,21.916666666666668
26.0,496,64399183,19.076923076923077
25.0,659,64399842,26.36
27.0,518,64400360,19.185185185185187
31.0,668,64401028,21.548387096774192
5.0,87,64401115,17.4
26.0,641,64401756,24.653846153846153
16.0,453,64402209,28.3125
12.0,273,64402482,22.75
35.0,847,64403329,24.2
26.0,543,64403872,20.884615384615383
20.0,441,64404313,22.05
30.0,753,64405066,25.1
41.0,1012,64406078,24.682926829268293
40.0,1136,64407214,28.4
22.0,586,64407800,26.636363636363637
18.0,508,64408308,28.22222222222222
22.0,576,64408884,26.181818181818183
16.0,314,64409198,19.625
24.0,564,64409762,23.5
8.0,137,64409899,17.125
20.0,557,64410456,27.85
13.0,194,64410650,14.923076923076923
22.0,522,64411172,23.727272727272727
29.0,491,64411663,16.93103448275862
35.0,765,64412428,21.857142857142858
34.0,797,64413225,23.441176470588236
9.0,106,64413331,11.777777777777779
10.0,188,64413519,18.8
28.0,547,64414066,19.535714285714285
24.0,557,64414623,23.208333333333332
42.0,967,64415590,23.023809523809526
25.0,730,64416320,29.2
32.0,606,64416926,18.9375
43.0,1113,64418039,25.88372093023256
23.0,518,64418557,22.52173913043478
44.0,1201,64419758,27.295454545454547
10.0,225,64419983,22.5
25.0,588,64420571,23.52
30.0,632,64421203,21.066666666666666
17.0,349,64421552,20.529411764705884
19.0,400,64421952,21.05263157894737
24.0,636,64422588,26.5
16.0,388,64422976,24.25
30.0,535,64423511,17.833333333333332
13.0,355,64423866,27.307692307692307
25.0,468,64424334,18.72
18.0,338,64424672,18.77777777777778
22.0,557,64425229,25.318181818181817
32.0,880,64426109,27.5
6.0,85,64426194,14.166666666666666
20.0,523,64426717,26.15
22.0,497,64427214,22.59090909090909
8.0,318,64427532,39.75
13.0,295,64427827,22.692307692307693
24.0,483,64428310,20.125
19.0,425,64428735,22.36842105263158
41.0,937,64429672,22.853658536585368
24.0,652,64430324,27.166666666666668
51.0,1215,64431539,23.823529411764707
39.0,1036,64432575,26.564102564102566
38.0,969,64433544,25.5
44.0,945,64434489,21.477272727272727
9.0,196,64434685,21.77777777777778
33.0,754,64435439,22.848484848484848
18.0,372,64435811,20.666666666666668
24.0,561,64436372,23.375
19.0,456,64436828,24.0
1.0,456,64437284,456.0
28.0,569,64437853,20.321428571428573
28.0,691,64438544,24.678571428571427
31.0,546,64439090,17.612903225806452
22.0,495,64439585,22.5
31.0,722,64440307,23.29032258064516
27.0,624,64440931,23.11111111111111
28.0,630,64441561,22.5
36.0,763,64442324,21.194444444444443
17.0,417,64442741,24.529411764705884
15.0,278,64443019,18.533333333333335
22.0,533,64443552,24.227272727272727
36.0,857,64444409,23.805555555555557
30.0,705,64445114,23.5
31.0,721,64445835,23.258064516129032
24.0,452,64446287,18.833333333333332
10.0,254,64446541,25.4
7.0,176,64446717,25.142857142857142
32.0,680,64447397,21.25
12.0,365,64447762,30.416666666666668
17.0,428,64448190,25.176470588235293
15.0,275,64448465,18.333333333333332
26.0,553,64449018,21.26923076923077
27.0,584,64449602,21.62962962962963
43.0,1035,64450637,24.069767441860463
29.0,609,64451246,21.0
10.0,257,64451503,25.7
38.0,1010,64452513,26.57894736842105
29.0,701,64453214,24.17241379310345
16.0,265,64453479,16.5625
40.0,975,64454454,24.375
16.0,312,64454766,19.5
13.0,223,64454989,17.153846153846153
12.0,223,64455212,18.583333333333332
23.0,524,64455736,22.782608695652176
27.0,644,64456380,23.85185185185185
22.0,473,64456853,21.5
6.0,123,64456976,20.5
34.0,745,64457721,21.91176470588235
41.0,955,64458676,23.29268292682927
14.0,308,64458984,22.0
17.0,356,64459340,20.941176470588236
19.0,518,64459858,27.263157894736842
31.0,743,64460601,23.967741935483872
23.0,602,64461203,26.17391304347826
22.0,576,64461779,26.181818181818183
25.0,551,64462330,22.04
17.0,273,64462603,16.058823529411764
23.0,480,64463083,20.869565217391305
21.0,465,64463548,22.142857142857142
40.0,880,64464428,22.0
45.0,1035,64465463,23.0
19.0,412,64465875,21.68421052631579
23.0,480,64466355,20.869565217391305
11.0,312,64466667,28.363636363636363
25.0,597,64467264,23.88
8.0,168,64467432,21.0
29.0,590,64468022,20.344827586206897
39.0,807,64468829,20.692307692307693
33.0,656,64469485,19.87878787878788
21.0,539,64470024,25.666666666666668
23.0,701,64470725,30.47826086956522
23.0,482,64471207,20.956521739130434
38.0,939,64472146,24.710526315789473
26.0,645,64472791,24.807692307692307
19.0,475,64473266,25.0
19.0,346,64473612,18.210526315789473
31.0,638,64474250,20.580645161290324
18.0,361,64474611,20.055555555555557
16.0,419,64475030,26.1875
24.0,640,64475670,26.666666666666668
24.0,413,64476083,17.208333333333332
36.0,914,64476997,25.38888888888889
38.0,774,64477771,20.36842105263158
40.0,730,64478501,18.25
15.0,321,64478822,21.4
29.0,820,64479642,28.275862068965516
20.0,404,64480046,20.2
28.0,698,64480744,24.928571428571427
13.0,286,64481030,22.0
20.0,490,64481520,24.5
19.0,458,64481978,24.105263157894736
43.0,922,64482900,21.441860465116278
31.0,629,64483529,20.29032258064516
32.0,639,64484168,19.96875
35.0,844,64485012,24.114285714285714
18.0,351,64485363,19.5
19.0,445,64485808,23.42105263157895
28.0,732,64486540,26.142857142857142
34.0,760,64487300,22.352941176470587
17.0,466,64487766,27.41176470588235
15.0,368,64488134,24.533333333333335
30.0,606,64488740,20.2
11.0,322,64489062,29.272727272727273
14.0,335,64489397,23.928571428571427
30.0,719,64490116,23.966666666666665
19.0,455,64490571,23.94736842105263
15.0,369,64490940,24.6
29.0,563,64491503,19.413793103448278
8.0,302,64491805,37.75
19.0,503,64492308,26.473684210526315
14.0,248,64492556,17.714285714285715
32.0,825,64493381,25.78125
39.0,1020,64494401,26.153846153846153
32.0,664,64495065,20.75
15.0,165,64495230,11.0
9.0,129,64495359,14.333333333333334
22.0,488,64495847,22.181818181818183
29.0,639,64496486,22.03448275862069
24.0,545,64497031,22.708333333333332
34.0,967,64497998,28.441176470588236
13.0,258,64498256,19.846153846153847
33.0,716,64498972,21.696969696969695
51.0,1240,64500212,24.313725490196077
26.0,521,64500733,20.03846153846154
33.0,769,64501502,23.303030303030305
38.0,886,64502388,23.31578947368421
14.0,300,64502688,21.428571428571427
9.0,173,64502861,19.22222222222222
32.0,776,64503637,24.25
11.0,202,64503839,18.363636363636363
27.0,723,64504562,26.77777777777778
24.0,509,64505071,21.208333333333332
24.0,441,64505512,18.375
11.0,166,64505678,15.090909090909092
25.0,544,64506222,21.76
20.0,480,64506702,24.0
22.0,590,64507292,26.818181818181817
18.0,394,64507686,21.88888888888889
18.0,517,64508203,28.72222222222222
20.0,510,64508713,25.5
33.0,808,64509521,24.484848484848484
19.0,507,64510028,26.68421052631579
27.0,489,64510517,18.11111111111111
40.0,1124,64511641,28.1
13.0,311,64511952,23.923076923076923
13.0,350,64512302,26.923076923076923
23.0,432,64512734,18.782608695652176
35.0,849,64513583,24.257142857142856
15.0,321,64513904,21.4
27.0,656,64514560,24.296296296296298
23.0,459,64515019,19.956521739130434
12.0,194,64515213,16.166666666666668
26.0,571,64515784,21.96153846153846
16.0,252,64516036,15.75
29.0,570,64516606,19.655172413793103
11.0,246,64516852,22.363636363636363
29.0,704,64517556,24.275862068965516
17.0,361,64517917,21.235294117647058
26.0,704,64518621,27.076923076923077
9.0,201,64518822,22.333333333333332
25.0,512,64519334,20.48
22.0,349,64519683,15.863636363636363
21.0,489,64520172,23.285714285714285
35.0,723,64520895,20.65714285714286
31.0,820,64521715,26.451612903225808
11.0,316,64522031,28.727272727272727
31.0,724,64522755,23.35483870967742
44.0,1053,64523808,23.931818181818183
19.0,453,64524261,23.842105263157894
36.0,951,64525212,26.416666666666668
46.0,1034,64526246,22.47826086956522
35.0,819,64527065,23.4
30.0,670,64527735,22.333333333333332
60.0,1539,64529274,25.65
20.0,502,64529776,25.1
17.0,350,64530126,20.58823529411765
19.0,298,64530424,15.68421052631579
9.0,165,64530589,18.333333333333332
21.0,487,64531076,23.19047619047619
33.0,779,64531855,23.606060606060606
39.0,1081,64532936,27.71794871794872
23.0,644,64533580,28.0
17.0,464,64534044,27.294117647058822
32.0,732,64534776,22.875
27.0,593,64535369,21.962962962962962
27.0,657,64536026,24.333333333333332
8.0,350,64536376,43.75
18.0,427,64536803,23.72222222222222
25.0,556,64537359,22.24
18.0,409,64537768,22.72222222222222
10.0,197,64537965,19.7
27.0,534,64538499,19.77777777777778
18.0,410,64538909,22.77777777777778
22.0,387,64539296,17.59090909090909
24.0,533,64539829,22.208333333333332
30.0,557,64540386,18.566666666666666
15.0,260,64540646,17.333333333333332
21.0,438,64541084,20.857142857142858
20.0,406,64541490,20.3
23.0,473,64541963,20.565217391304348
33.0,843,64542806,25.545454545454547
8.0,234,64543040,29.25
30.0,680,64543720,22.666666666666668
19.0,469,64544189,24.68421052631579
6.0,100,64544289,16.666666666666668
24.0,510,64544799,21.25
27.0,653,64545452,24.185185185185187
33.0,602,64546054,18.242424242424242
34.0,824,64546878,24.235294117647058
30.0,860,64547738,28.666666666666668
40.0,965,64548703,24.125
24.0,586,64549289,24.416666666666668
21.0,527,64549816,25.095238095238095
28.0,813,64550629,29.035714285714285
19.0,363,64550992,19.105263157894736
14.0,243,64551235,17.357142857142858
36.0,720,64551955,20.0
25.0,600,64552555,24.0
14.0,394,64552949,28.142857142857142
33.0,794,64553743,24.060606060606062
33.0,834,64554577,25.272727272727273
33.0,758,64555335,22.96969696969697
15.0,323,64555658,21.533333333333335
45.0,1011,64556669,22.466666666666665
20.0,485,64557154,24.25
32.0,645,64557799,20.15625
21.0,355,64558154,16.904761904761905
33.0,629,64558783,19.060606060606062
35.0,838,64559621,23.942857142857143
32.0,942,64560563,29.4375
34.0,832,64561395,24.470588235294116
33.0,719,64562114,21.78787878787879
25.0,618,64562732,24.72
31.0,680,64563412,21.93548387096774
29.0,725,64564137,25.0
29.0,659,64564796,22.724137931034484
18.0,455,64565251,25.27777777777778
18.0,335,64565586,18.61111111111111
27.0,649,64566235,24.037037037037038
18.0,345,64566580,19.166666666666668
17.0,353,64566933,20.764705882352942
25.0,608,64567541,24.32
12.0,263,64567804,21.916666666666668
15.0,268,64568072,17.866666666666667
22.0,530,64568602,24.09090909090909
35.0,848,64569450,24.228571428571428
18.0,503,64569953,27.944444444444443
11.0,183,64570136,16.636363636363637
39.0,740,64570876,18.974358974358974
33.0,708,64571584,21.454545454545453
27.0,662,64572246,24.51851851851852
9.0,246,64572492,27.333333333333332
17.0,397,64572889,23.352941176470587
27.0,636,64573525,23.555555555555557
28.0,542,64574067,19.357142857142858
27.0,664,64574731,24.59259259259259
38.0,869,64575600,22.86842105263158
14.0,393,64575993,28.071428571428573
16.0,389,64576382,24.3125
16.0,276,64576658,17.25
14.0,304,64576962,21.714285714285715
15.0,283,64577245,18.866666666666667
31.0,700,64577945,22.580645161290324
17.0,343,64578288,20.176470588235293
8.0,155,64578443,19.375
32.0,821,64579264,25.65625
30.0,813,64580077,27.1
41.0,1131,64581208,27.585365853658537
32.0,643,64581851,20.09375
16.0,302,64582153,18.875
21.0,442,64582595,21.047619047619047
22.0,533,64583128,24.227272727272727
10.0,252,64583380,25.2
20.0,443,64583823,22.15
19.0,379,64584202,19.94736842105263
32.0,614,64584816,19.1875
18.0,374,64585190,20.77777777777778
17.0,403,64585593,23.705882352941178
15.0,266,64585859,17.733333333333334
13.0,313,64586172,24.076923076923077
20.0,527,64586699,26.35
29.0,597,64587296,20.586206896551722
34.0,981,64588277,28.852941176470587
13.0,328,64588605,25.23076923076923
10.0,137,64588742,13.7
15.0,317,64589059,21.133333333333333
23.0,614,64589673,26.695652173913043
21.0,383,64590056,18.238095238095237
22.0,392,64590448,17.818181818181817
28.0,726,64591174,25.928571428571427
22.0,404,64591578,18.363636363636363
16.0,296,64591874,18.5
30.0,694,64592568,23.133333333333333
16.0,327,64592895,20.4375
25.0,477,64593372,19.08
30.0,757,64594129,25.233333333333334
29.0,644,64594773,22.20689655172414
34.0,707,64595480,20.794117647058822
14.0,280,64595760,20.0
26.0,596,64596356,22.923076923076923
20.0,462,64596818,23.1
16.0,295,64597113,18.4375
26.0,446,64597559,17.153846153846153
22.0,542,64598101,24.636363636363637
21.0,517,64598618,24.61904761904762
24.0,543,64599161,22.625
11.0,207,64599368,18.818181818181817
38.0,995,64600363,26.18421052631579
20.0,504,64600867,25.2
22.0,439,64601306,19.954545454545453
11.0,187,64601493,17.0
39.0,806,64602299,20.666666666666668
22.0,477,64602776,21.681818181818183
21.0,475,64603251,22.61904761904762
10.0,168,64603419,16.8
21.0,488,64603907,23.238095238095237
25.0,643,64604550,25.72
20.0,518,64605068,25.9
32.0,705,64605773,22.03125
14.0,449,64606222,32.07142857142857
25.0,682,64606904,27.28
11.0,185,64607089,16.818181818181817
20.0,494,64607583,24.7
25.0,573,64608156,22.92
15.0,303,64608459,20.2
25.0,592,64609051,23.68
41.0,931,64609982,22.70731707317073
32.0,804,64610786,25.125
31.0,587,64611373,18.93548387096774
16.0,350,64611723,21.875
37.0,874,64612597,23.62162162162162
19.0,407,64613004,21.42105263157895
39.0,1083,64614087,27.76923076923077
25.0,491,64614578,19.64
26.0,576,64615154,22.153846153846153
27.0,589,64615743,21.814814814814813
11.0,205,64615948,18.636363636363637
45.0,982,64616930,21.822222222222223
20.0,415,64617345,20.75
18.0,520,64617865,28.88888888888889
42.0,880,64618745,20.952380952380953
32.0,910,64619655,28.4375
22.0,451,64620106,20.5
26.0,650,64620756,25.0
12.0,276,64621032,23.0
27.0,562,64621594,20.814814814814813
21.0,472,64622066,22.476190476190474
36.0,912,64622978,25.333333333333332
7.0,176,64623154,25.142857142857142
34.0,802,64623956,23.58823529411765
33.0,703,64624659,21.303030303030305
16.0,386,64625045,24.125
23.0,449,64625494,19.52173913043478
35.0,850,64626344,24.285714285714285
22.0,564,64626908,25.636363636363637
6.0,125,64627033,20.833333333333332
23.0,561,64627594,24.391304347826086
26.0,649,64628243,24.96153846153846
19.0,413,64628656,21.736842105263158
14.0,313,64628969,22.357142857142858
24.0,555,64629524,23.125
8.0,147,64629671,18.375
26.0,480,64630151,18.46153846153846
25.0,527,64630678,21.08
28.0,626,64631304,22.357142857142858
34.0,828,64632132,24.352941176470587
24.0,575,64632707,23.958333333333332
22.0,471,64633178,21.40909090909091
13.0,251,64633429,19.307692307692307
23.0,603,64634032,26.217391304347824
28.0,588,64634620,21.0
34.0,910,64635530,26.764705882352942
32.0,696,64636226,21.75
33.0,734,64636960,22.242424242424242
22.0,505,64637465,22.954545454545453
21.0,377,64637842,17.952380952380953
35.0,788,64638630,22.514285714285716
46.0,1129,64639759,24.543478260869566
18.0,351,64640110,19.5
11.0,254,64640364,23.09090909090909
35.0,763,64641127,21.8
23.0,525,64641652,22.82608695652174
38.0,756,64642408,19.894736842105264
29.0,636,64643044,21.93103448275862
22.0,532,64643576,24.181818181818183
25.0,565,64644141,22.6
20.0,520,64644661,26.0
48.0,1074,64645735,22.375
13.0,439,64646174,33.76923076923077
37.0,1006,64647180,27.18918918918919
17.0,423,64647603,24.88235294117647
30.0,645,64648248,21.5
27.0,550,64648798,20.37037037037037
24.0,472,64649270,19.666666666666668
34.0,798,64650068,23.470588235294116
11.0,240,64650308,21.818181818181817
30.0,557,64650865,18.566666666666666
43.0,1026,64651891,23.86046511627907
21.0,562,64652453,26.761904761904763
32.0,793,64653246,24.78125
35.0,712,64653958,20.34285714285714
15.0,338,64654296,22.533333333333335
14.0,303,64654599,21.642857142857142
25.0,474,64655073,18.96
42.0,901,64655974,21.452380952380953
38.0,861,64656835,22.657894736842106
34.0,856,64657691,25.176470588235293
26.0,537,64658228,20.653846153846153
24.0,582,64658810,24.25
46.0,1078,64659888,23.434782608695652
11.0,268,64660156,24.363636363636363
37.0,868,64661024,23.45945945945946
19.0,356,64661380,18.736842105263158
25.0,622,64662002,24.88
20.0,444,64662446,22.2
24.0,574,64663020,23.916666666666668
37.0,867,64663887,23.43243243243243
20.0,468,64664355,23.4
30.0,656,64665011,21.866666666666667
12.0,289,64665300,24.083333333333332
14.0,312,64665612,22.285714285714285
11.0,234,64665846,21.272727272727273
28.0,633,64666479,22.607142857142858
20.0,486,64666965,24.3
18.0,393,64667358,21.833333333333332
42.0,1015,64668373,24.166666666666668
19.0,396,64668769,20.842105263157894
21.0,408,64669177,19.428571428571427
23.0,544,64669721,23.652173913043477
29.0,568,64670289,19.586206896551722
37.0,783,64671072,21.16216216216216
31.0,806,64671878,26.0
26.0,589,64672467,22.653846153846153
21.0,311,64672778,14.80952380952381
17.0,433,64673211,25.470588235294116
25.0,566,64673777,22.64
14.0,266,64674043,19.0
22.0,551,64674594,25.045454545454547
16.0,420,64675014,26.25
31.0,512,64675526,16.516129032258064
36.0,878,64676404,24.38888888888889
35.0,945,64677349,27.0
14.0,345,64677694,24.642857142857142
23.0,483,64678177,21.0
38.0,856,64679033,22.526315789473685
43.0,1213,64680246,28.209302325581394
13.0,348,64680594,26.76923076923077
28.0,673,64681267,24.035714285714285
33.0,636,64681903,19.272727272727273
6.0,218,64682121,36.333333333333336
15.0,300,64682421,20.0
30.0,655,64683076,21.833333333333332
38.0,766,64683842,20.157894736842106
24.0,653,64684495,27.208333333333332
18.0,467,64684962,25.944444444444443
41.0,1019,64685981,24.853658536585368
23.0,541,64686522,23.52173913043478
47.0,918,64687440,19.53191489361702
31.0,802,64688242,25.870967741935484
14.0,290,64688532,20.714285714285715
33.0,658,64689190,19.939393939393938
25.0,557,64689747,22.28
14.0,313,64690060,22.357142857142858
25.0,661,64690721,26.44
35.0,725,64691446,20.714285714285715
25.0,603,64692049,24.12
30.0,673,64692722,22.433333333333334
37.0,656,64693378,17.72972972972973
18.0,357,64693735,19.833333333333332
8.0,222,64693957,27.75
6.0,120,64694077,20.0
22.0,389,64694466,17.681818181818183
20.0,475,64694941,23.75
31.0,617,64695558,19.903225806451612
23.0,551,64696109,23.956521739130434
38.0,918,64697027,24.157894736842106
38.0,757,64697784,19.92105263157895
17.0,443,64698227,26.058823529411764
10.0,192,64698419,19.2
33.0,721,64699140,21.848484848484848
13.0,206,64699346,15.846153846153847
10.0,282,64699628,28.2
16.0,436,64700064,27.25
26.0,512,64700576,19.692307692307693
18.0,483,64701059,26.833333333333332
17.0,275,64701334,16.176470588235293
19.0,412,64701746,21.68421052631579
28.0,571,64702317,20.392857142857142
16.0,289,64702606,18.0625
37.0,1018,64703624,27.513513513513512
23.0,540,64704164,23.47826086956522
27.0,610,64704774,22.59259259259259
24.0,494,64705268,20.583333333333332
26.0,568,64705836,21.846153846153847
15.0,266,64706102,17.733333333333334
37.0,890,64706992,24.054054054054053
26.0,686,64707678,26.384615384615383
21.0,431,64708109,20.523809523809526
17.0,417,64708526,24.529411764705884
27.0,935,64709461,34.629629629629626
22.0,409,64709870,18.59090909090909
35.0,942,64710812,26.914285714285715
20.0,336,64711148,16.8
37.0,743,64711891,20.08108108108108
14.0,298,64712189,21.285714285714285
25.0,573,64712762,22.92
18.0,317,64713079,17.61111111111111
22.0,447,64713526,20.318181818181817
49.0,1319,64714845,26.918367346938776
23.0,498,64715343,21.652173913043477
9.0,179,64715522,19.88888888888889
10.0,266,64715788,26.6
20.0,589,64716377,29.45
25.0,574,64716951,22.96
12.0,267,64717218,22.25
38.0,965,64718183,25.394736842105264
27.0,678,64718861,25.11111111111111
30.0,662,64719523,22.066666666666666
15.0,315,64719838,21.0
18.0,499,64720337,27.72222222222222
47.0,960,64721297,20.425531914893618
36.0,906,64722203,25.166666666666668
30.0,709,64722912,23.633333333333333
27.0,552,64723464,20.444444444444443
12.0,223,64723687,18.583333333333332
10.0,171,64723858,17.1
26.0,637,64724495,24.5
27.0,674,64725169,24.962962962962962
27.0,487,64725656,18.037037037037038
30.0,589,64726245,19.633333333333333
30.0,720,64726965,24.0
20.0,432,64727397,21.6
18.0,306,64727703,17.0
7.0,126,64727829,18.0
23.0,624,64728453,27.130434782608695
34.0,810,64729263,23.823529411764707
7.0,157,64729420,22.428571428571427
19.0,488,64729908,25.68421052631579
34.0,892,64730800,26.235294117647058
31.0,673,64731473,21.70967741935484
22.0,709,64732182,32.22727272727273
35.0,1001,64733183,28.6
30.0,607,64733790,20.233333333333334
29.0,807,64734597,27.82758620689655
18.0,456,64735053,25.333333333333332
25.0,537,64735590,21.48
12.0,347,64735937,28.916666666666668
28.0,721,64736658,25.75
23.0,538,64737196,23.391304347826086
32.0,782,64737978,24.4375
29.0,700,64738678,24.137931034482758
35.0,797,64739475,22.771428571428572
33.0,591,64740066,17.90909090909091
20.0,484,64740550,24.2
15.0,341,64740891,22.733333333333334
11.0,277,64741168,25.181818181818183
14.0,275,64741443,19.642857142857142
22.0,606,64742049,27.545454545454547
28.0,664,64742713,23.714285714285715
26.0,607,64743320,23.346153846153847
42.0,818,64744138,19.476190476190474
29.0,691,64744829,23.82758620689655
16.0,371,64745200,23.1875
12.0,227,64745427,18.916666666666668
20.0,464,64745891,23.2
32.0,669,64746560,20.90625
19.0,481,64747041,25.31578947368421
19.0,313,64747354,16.473684210526315
20.0,445,64747799,22.25
49.0,1188,64748987,24.244897959183675
18.0,459,64749446,25.5
28.0,722,64750168,25.785714285714285
28.0,735,64750903,26.25
31.0,763,64751666,24.612903225806452
22.0,555,64752221,25.227272727272727
47.0,995,64753216,21.170212765957448
24.0,649,64753865,27.041666666666668
22.0,557,64754422,25.318181818181817
12.0,293,64754715,24.416666666666668
23.0,418,64755133,18.17391304347826
19.0,371,64755504,19.526315789473685
22.0,586,64756090,26.636363636363637
16.0,335,64756425,20.9375
25.0,437,64756862,17.48
22.0,382,64757244,17.363636363636363
17.0,284,64757528,16.705882352941178
13.0,275,64757803,21.153846153846153
31.0,653,64758456,21.06451612903226
11.0,278,64758734,25.272727272727273
29.0,632,64759366,21.79310344827586
39.0,971,64760337,24.897435897435898
34.0,815,64761152,23.970588235294116
20.0,470,64761622,23.5
20.0,572,64762194,28.6
48.0,1156,64763350,24.083333333333332
28.0,576,64763926,20.571428571428573
25.0,671,64764597,26.84
20.0,535,64765132,26.75
18.0,258,64765390,14.333333333333334
15.0,335,64765725,22.333333333333332
12.0,255,64765980,21.25
34.0,635,64766615,18.676470588235293
36.0,1037,64767652,28.805555555555557
30.0,661,64768313,22.033333333333335
8.0,123,64768436,15.375
26.0,697,64769133,26.807692307692307
22.0,540,64769673,24.545454545454547
46.0,1048,64770721,22.782608695652176
20.0,484,64771205,24.2
11.0,226,64771431,20.545454545454547
23.0,401,64771832,17.434782608695652
12.0,330,64772162,27.5
27.0,549,64772711,20.333333333333332
17.0,371,64773082,21.823529411764707
10.0,414,64773496,41.4
29.0,679,64774175,23.413793103448278
32.0,932,64775107,29.125
41.0,985,64776092,24.024390243902438
7.0,175,64776267,25.0
18.0,424,64776691,23.555555555555557
40.0,925,64777616,23.125
19.0,440,64778056,23.157894736842106
19.0,410,64778466,21.57894736842105
37.0,881,64779347,23.81081081081081
20.0,444,64779791,22.2
22.0,549,64780340,24.954545454545453
29.0,512,64780852,17.655172413793103
6.0,104,64780956,17.333333333333332
16.0,259,64781215,16.1875
32.0,747,64781962,23.34375
15.0,295,64782257,19.666666666666668
33.0,998,64783255,30.242424242424242
32.0,756,64784011,23.625
33.0,829,64784840,25.12121212121212
15.0,450,64785290,30.0
8.0,123,64785413,15.375
20.0,388,64785801,19.4
36.0,735,64786536,20.416666666666668
19.0,575,64787111,30.263157894736842
33.0,755,64787866,22.87878787878788
35.0,880,64788746,25.142857142857142
25.0,531,64789277,21.24
31.0,753,64790030,24.29032258064516
9.0,159,64790189,17.666666666666668
34.0,700,64790889,20.58823529411765
13.0,268,64791157,20.615384615384617
27.0,558,64791715,20.666666666666668
30.0,859,64792574,28.633333333333333
16.0,254,64792828,15.875
29.0,622,64793450,21.448275862068964
36.0,811,64794261,22.52777777777778
19.0,482,64794743,25.36842105263158
19.0,409,64795152,21.526315789473685
27.0,599,64795751,22.185185185185187
33.0,811,64796562,24.575757575757574
18.0,460,64797022,25.555555555555557
32.0,812,64797834,25.375
15.0,343,64798177,22.866666666666667
23.0,570,64798747,24.782608695652176
31.0,608,64799355,19.612903225806452
20.0,367,64799722,18.35
17.0,308,64800030,18.11764705882353
37.0,775,64800805,20.945945945945947
20.0,477,64801282,23.85
25.0,648,64801930,25.92
29.0,700,64802630,24.137931034482758
30.0,650,64803280,21.666666666666668
18.0,508,64803788,28.22222222222222
36.0,822,64804610,22.833333333333332
23.0,541,64805151,23.52173913043478
38.0,977,64806128,25.710526315789473
17.0,414,64806542,24.352941176470587
39.0,1003,64807545,25.71794871794872
35.0,911,64808456,26.02857142857143
38.0,880,64809336,23.157894736842106
19.0,306,64809642,16.105263157894736
9.0,225,64809867,25.0
22.0,504,64810371,22.90909090909091
27.0,512,64810883,18.962962962962962
28.0,602,64811485,21.5
28.0,450,64811935,16.071428571428573
23.0,670,64812605,29.130434782608695
51.0,1401,64814006,27.470588235294116
10.0,271,64814277,27.1
13.0,262,64814539,20.153846153846153
36.0,797,64815336,22.13888888888889
8.0,99,64815435,12.375
30.0,623,64816058,20.766666666666666
30.0,819,64816877,27.3
34.0,754,64817631,22.176470588235293
27.0,574,64818205,21.25925925925926
11.0,386,64818591,35.09090909090909
18.0,387,64818978,21.5
24.0,661,64819639,27.541666666666668
8.0,151,64819790,18.875
25.0,527,64820317,21.08
1.0,19,64820336,19.0
12.0,301,64820637,25.083333333333332
17.0,371,64821008,21.823529411764707
36.0,860,64821868,23.88888888888889
37.0,856,64822724,23.135135135135137
11.0,158,64822882,14.363636363636363
22.0,435,64823317,19.772727272727273
33.0,708,64824025,21.454545454545453
14.0,365,64824390,26.071428571428573
34.0,839,64825229,24.676470588235293
27.0,792,64826021,29.333333333333332
24.0,654,64826675,27.25
21.0,343,64827018,16.333333333333332
37.0,802,64827820,21.675675675675677
24.0,430,64828250,17.916666666666668
13.0,285,64828535,21.923076923076923
35.0,962,64829497,27.485714285714284
26.0,598,64830095,23.0
26.0,563,64830658,21.653846153846153
22.0,536,64831194,24.363636363636363
28.0,544,64831738,19.428571428571427
47.0,1038,64832776,22.085106382978722
13.0,257,64833033,19.76923076923077
19.0,362,64833395,19.05263157894737
39.0,1106,64834501,28.358974358974358
31.0,844,64835345,27.225806451612904
23.0,479,64835824,20.82608695652174
9.0,131,64835955,14.555555555555555
20.0,348,64836303,17.4
32.0,926,64837229,28.9375
18.0,441,64837670,24.5
23.0,495,64838165,21.52173913043478
16.0,423,64838588,26.4375
12.0,254,64838842,21.166666666666668
21.0,479,64839321,22.80952380952381
37.0,876,64840197,23.675675675675677
36.0,841,64841038,23.36111111111111
35.0,836,64841874,23.885714285714286
37.0,816,64842690,22.054054054054053
14.0,235,64842925,16.785714285714285
7.0,152,64843077,21.714285714285715
18.0,448,64843525,24.88888888888889
17.0,389,64843914,22.88235294117647
10.0,209,64844123,20.9
19.0,499,64844622,26.263157894736842
20.0,435,64845057,21.75
19.0,400,64845457,21.05263157894737
31.0,611,64846068,19.70967741935484
24.0,498,64846566,20.75
44.0,923,64847489,20.977272727272727
24.0,684,64848173,28.5
44.0,952,64849125,21.636363636363637
28.0,605,64849730,21.607142857142858
37.0,950,64850680,25.675675675675677
6.0,186,64850866,31.0
33.0,695,64851561,21.060606060606062
25.0,602,64852163,24.08
30.0,664,64852827,22.133333333333333
32.0,695,64853522,21.71875
8.0,162,64853684,20.25
29.0,754,64854438,26.0
10.0,226,64854664,22.6
25.0,566,64855230,22.64
29.0,617,64855847,21.275862068965516
32.0,839,64856686,26.21875
24.0,467,64857153,19.458333333333332
41.0,914,64858067,22.29268292682927
46.0,1140,64859207,24.782608695652176
25.0,716,64859923,28.64
28.0,685,64860608,24.464285714285715
30.0,877,64861485,29.233333333333334
41.0,850,64862335,20.73170731707317
18.0,383,64862718,21.27777777777778
26.0,519,64863237,19.96153846153846
16.0,274,64863511,17.125
22.0,425,64863936,19.318181818181817
43.0,949,64864885,22.069767441860463
16.0,472,64865357,29.5
29.0,673,64866030,23.20689655172414
25.0,533,64866563,21.32
7.0,127,64866690,18.142857142857142
27.0,605,64867295,22.40740740740741
25.0,628,64867923,25.12
28.0,534,64868457,19.071428571428573
29.0,666,64869123,22.96551724137931
22.0,489,64869612,22.227272727272727
20.0,502,64870114,25.1
39.0,927,64871041,23.76923076923077
32.0,721,64871762,22.53125
32.0,682,64872444,21.3125
12.0,183,64872627,15.25
11.0,271,64872898,24.636363636363637
5.0,115,64873013,23.0
24.0,549,64873562,22.875
26.0,552,64874114,21.23076923076923
43.0,993,64875107,23.093023255813954
13.0,270,64875377,20.76923076923077
15.0,346,64875723,23.066666666666666
24.0,459,64876182,19.125
18.0,515,64876697,28.61111111111111
34.0,846,64877543,24.88235294117647
38.0,772,64878315,20.31578947368421
12.0,323,64878638,26.916666666666668
32.0,562,64879200,17.5625
28.0,630,64879830,22.5
28.0,574,64880404,20.5
22.0,519,64880923,23.59090909090909
34.0,906,64881829,26.647058823529413
38.0,898,64882727,23.63157894736842
30.0,739,64883466,24.633333333333333
24.0,626,64884092,26.083333333333332
25.0,628,64884720,25.12
25.0,497,64885217,19.88
4.0,100,64885317,25.0
37.0,780,64886097,21.08108108108108
36.0,706,64886803,19.61111111111111
24.0,405,64887208,16.875
30.0,667,64887875,22.233333333333334
14.0,287,64888162,20.5
37.0,830,64888992,22.43243243243243
11.0,276,64889268,25.09090909090909
26.0,533,64889801,20.5
28.0,683,64890484,24.392857142857142
29.0,679,64891163,23.413793103448278
19.0,353,64891516,18.57894736842105
9.0,128,64891644,14.222222222222221
27.0,470,64892114,17.40740740740741
24.0,659,64892773,27.458333333333332
25.0,541,64893314,21.64
23.0,570,64893884,24.782608695652176
27.0,644,64894528,23.85185185185185
25.0,437,64894965,17.48
40.0,1026,64895991,25.65
14.0,362,64896353,25.857142857142858
42.0,1044,64897397,24.857142857142858
26.0,510,64897907,19.615384615384617
28.0,646,64898553,23.071428571428573
21.0,516,64899069,24.571428571428573
1.0,19,64899088,19.0
33.0,728,64899816,22.060606060606062
24.0,526,64900342,21.916666666666668
29.0,720,64901062,24.82758620689655
42.0,919,64901981,21.88095238095238
2.0,63,64902044,31.5
35.0,763,64902807,21.8
31.0,716,64903523,23.096774193548388
21.0,587,64904110,27.952380952380953
31.0,706,64904816,22.774193548387096
14.0,332,64905148,23.714285714285715
33.0,839,64905987,25.424242424242426
35.0,774,64906761,22.114285714285714
10.0,166,64906927,16.6
29.0,595,64907522,20.517241379310345
48.0,1037,64908559,21.604166666666668
25.0,618,64909177,24.72
18.0,401,64909578,22.27777777777778
49.0,1115,64910693,22.755102040816325
28.0,620,64911313,22.142857142857142
30.0,615,64911928,20.5
14.0,333,64912261,23.785714285714285
16.0,295,64912556,18.4375
34.0,943,64913499,27.735294117647058
31.0,644,64914143,20.774193548387096
47.0,1050,64915193,22.340425531914892
38.0,880,64916073,23.157894736842106
48.0,1127,64917200,23.479166666666668
14.0,310,64917510,22.142857142857142
25.0,577,64918087,23.08
24.0,637,64918724,26.541666666666668
14.0,335,64919059,23.928571428571427
29.0,633,64919692,21.82758620689655
11.0,290,64919982,26.363636363636363
39.0,948,64920930,24.307692307692307
8.0,211,64921141,26.375
39.0,1099,64922240,28.17948717948718
22.0,506,64922746,23.0
19.0,444,64923190,23.36842105263158
45.0,980,64924170,21.77777777777778
29.0,836,64925006,28.82758620689655
39.0,843,64925849,21.615384615384617
31.0,612,64926461,19.741935483870968
30.0,792,64927253,26.4
43.0,1137,64928390,26.441860465116278
22.0,566,64928956,25.727272727272727
17.0,331,64929287,19.470588235294116
21.0,541,64929828,25.761904761904763
47.0,998,64930826,21.23404255319149
26.0,627,64931453,24.115384615384617
27.0,616,64932069,22.814814814814813
28.0,692,64932761,24.714285714285715
11.0,276,64933037,25.09090909090909
41.0,1193,64934230,29.097560975609756
22.0,544,64934774,24.727272727272727
34.0,798,64935572,23.470588235294116
35.0,859,64936431,24.542857142857144
20.0,409,64936840,20.45
38.0,789,64937629,20.763157894736842
23.0,541,64938170,23.52173913043478
17.0,451,64938621,26.529411764705884
30.0,594,64939215,19.8
29.0,606,64939821,20.896551724137932
27.0,543,64940364,20.11111111111111
31.0,573,64940937,18.483870967741936
2.0,39,64940976,19.5
22.0,594,64941570,27.0
19.0,334,64941904,17.57894736842105
41.0,820,64942724,20.0
31.0,741,64943465,23.903225806451612
22.0,457,64943922,20.772727272727273
42.0,813,64944735,19.357142857142858
23.0,501,64945236,21.782608695652176
55.0,1264,64946500,22.98181818181818
23.0,432,64946932,18.782608695652176
35.0,842,64947774,24.057142857142857
33.0,983,64948757,29.78787878787879
36.0,920,64949677,25.555555555555557
33.0,894,64950571,27.09090909090909
48.0,1009,64951580,21.020833333333332
51.0,1281,64952861,25.11764705882353
28.0,629,64953490,22.464285714285715
42.0,1023,64954513,24.357142857142858
12.0,191,64954704,15.916666666666666
26.0,652,64955356,25.076923076923077
1.0,61,64955417,61.0
23.0,453,64955870,19.695652173913043
21.0,565,64956435,26.904761904761905
4.0,105,64956540,26.25
43.0,1063,64957603,24.72093023255814
8.0,158,64957761,19.75
18.0,365,64958126,20.27777777777778
23.0,638,64958764,27.73913043478261
31.0,668,64959432,21.548387096774192
40.0,923,64960355,23.075
25.0,480,64960835,19.2
25.0,605,64961440,24.2
9.0,233,64961673,25.88888888888889
25.0,583,64962256,23.32
21.0,479,64962735,22.80952380952381
23.0,693,64963428,30.130434782608695
25.0,685,64964113,27.4
19.0,486,64964599,25.57894736842105
41.0,956,64965555,23.317073170731707
40.0,751,64966306,18.775
30.0,697,64967003,23.233333333333334
39.0,779,64967782,19.974358974358974
25.0,559,64968341,22.36
36.0,840,64969181,23.333333333333332
18.0,420,64969601,23.333333333333332
21.0,518,64970119,24.666666666666668
30.0,720,64970839,24.0
20.0,373,64971212,18.65
11.0,155,64971367,14.090909090909092
22.0,421,64971788,19.136363636363637
23.0,562,64972350,24.434782608695652
31.0,874,64973224,28.193548387096776
15.0,356,64973580,23.733333333333334
28.0,587,64974167,20.964285714285715
31.0,779,64974946,25.129032258064516
50.0,1161,64976107,23.22
20.0,365,64976472,18.25
24.0,596,64977068,24.833333333333332
8.0,159,64977227,19.875
25.0,499,64977726,19.96
10.0,349,64978075,34.9
24.0,581,64978656,24.208333333333332
48.0,1135,64979791,23.645833333333332
32.0,821,64980612,25.65625
38.0,831,64981443,21.86842105263158
15.0,341,64981784,22.733333333333334
6.0,147,64981931,24.5
5.0,45,64981976,9.0
26.0,773,64982749,29.73076923076923
19.0,390,64983139,20.526315789473685
9.0,123,64983262,13.666666666666666
18.0,523,64983785,29.055555555555557
16.0,406,64984191,25.375
41.0,1086,64985277,26.48780487804878
29.0,702,64985979,24.20689655172414
31.0,897,64986876,28.93548387096774
31.0,736,64987612,23.741935483870968
15.0,314,64987926,20.933333333333334
32.0,765,64988691,23.90625
14.0,285,64988976,20.357142857142858
15.0,355,64989331,23.666666666666668
25.0,535,64989866,21.4
32.0,920,64990786,28.75
27.0,708,64991494,26.22222222222222
19.0,658,64992152,34.63157894736842
27.0,654,64992806,24.22222222222222
12.0,390,64993196,32.5
5.0,141,64993337,28.2
24.0,486,64993823,20.25
23.0,564,64994387,24.52173913043478
26.0,581,64994968,22.346153846153847
30.0,784,64995752,26.133333333333333
25.0,595,64996347,23.8
16.0,298,64996645,18.625
31.0,722,64997367,23.29032258064516
25.0,709,64998076,28.36
26.0,455,64998531,17.5
14.0,226,64998757,16.142857142857142
25.0,579,64999336,23.16
34.0,715,65000051,21.029411764705884
40.0,984,65001035,24.6
24.0,435,65001470,18.125
40.0,1003,65002473,25.075
28.0,953,65003426,34.035714285714285
20.0,542,65003968,27.1
14.0,430,65004398,30.714285714285715
21.0,513,65004911,24.428571428571427
22.0,400,65005311,18.181818181818183
26.0,599,65005910,23.03846153846154
22.0,469,65006379,21.318181818181817
32.0,795,65007174,24.84375
27.0,549,65007723,20.333333333333332
33.0,692,65008415,20.96969696969697
24.0,601,65009016,25.041666666666668
29.0,792,65009808,27.310344827586206
23.0,492,65010300,21.391304347826086
33.0,820,65011120,24.848484848484848
22.0,604,65011724,27.454545454545453
27.0,617,65012341,22.85185185185185
41.0,1120,65013461,27.317073170731707
24.0,590,65014051,24.583333333333332
33.0,735,65014786,22.272727272727273
41.0,988,65015774,24.097560975609756
43.0,1303,65017077,30.302325581395348
25.0,496,65017573,19.84
35.0,975,65018548,27.857142857142858
43.0,1192,65019740,27.72093023255814
27.0,697,65020437,25.814814814814813
15.0,338,65020775,22.533333333333335
37.0,747,65021522,20.18918918918919
39.0,1184,65022706,30.358974358974358
11.0,211,65022917,19.181818181818183
26.0,659,65023576,25.346153846153847
42.0,1202,65024778,28.61904761904762
18.0,415,65025193,23.055555555555557
26.0,601,65025794,23.115384615384617
18.0,415,65026209,23.055555555555557
24.0,652,65026861,27.166666666666668
20.0,540,65027401,27.0
6.0,134,65027535,22.333333333333332
31.0,708,65028243,22.838709677419356
26.0,615,65028858,23.653846153846153
35.0,738,65029596,21.085714285714285
23.0,568,65030164,24.695652173913043
31.0,694,65030858,22.387096774193548
24.0,653,65031511,27.208333333333332
21.0,381,65031892,18.142857142857142
33.0,716,65032608,21.696969696969695
41.0,1140,65033748,27.804878048780488
23.0,425,65034173,18.47826086956522
2.0,59,65034232,29.5
20.0,403,65034635,20.15
26.0,741,65035376,28.5
24.0,621,65035997,25.875
31.0,629,65036626,20.29032258064516
14.0,250,65036876,17.857142857142858
59.0,1501,65038377,25.440677966101696
32.0,712,65039089,22.25
21.0,508,65039597,24.19047619047619
15.0,378,65039975,25.2
9.0,268,65040243,29.77777777777778
46.0,912,65041155,19.82608695652174
11.0,207,65041362,18.818181818181817
23.0,573,65041935,24.91304347826087
45.0,1071,65043006,23.8
29.0,697,65043703,24.03448275862069
45.0,1104,65044807,24.533333333333335
34.0,665,65045472,19.558823529411764
27.0,684,65046156,25.333333333333332
37.0,833,65046989,22.513513513513512
12.0,293,65047282,24.416666666666668
15.0,358,65047640,23.866666666666667
9.0,116,65047756,12.88888888888889
29.0,743,65048499,25.620689655172413
21.0,425,65048924,20.238095238095237
36.0,862,65049786,23.944444444444443
32.0,759,65050545,23.71875
21.0,431,65050976,20.523809523809526
20.0,519,65051495,25.95
31.0,665,65052160,21.451612903225808
28.0,521,65052681,18.607142857142858
36.0,694,65053375,19.27777777777778
18.0,384,65053759,21.333333333333332
31.0,784,65054543,25.29032258064516
37.0,919,65055462,24.83783783783784
26.0,593,65056055,22.807692307692307
20.0,463,65056518,23.15
50.0,1254,65057772,25.08
15.0,388,65058160,25.866666666666667
39.0,977,65059137,25.05128205128205
23.0,560,65059697,24.347826086956523
32.0,745,65060442,23.28125
38.0,957,65061399,25.18421052631579
18.0,472,65061871,26.22222222222222
26.0,664,65062535,25.53846153846154
32.0,816,65063351,25.5
12.0,142,65063493,11.833333333333334
35.0,911,65064404,26.02857142857143
36.0,720,65065124,20.0
28.0,682,65065806,24.357142857142858
17.0,263,65066069,15.470588235294118
13.0,285,65066354,21.923076923076923
22.0,520,65066874,23.636363636363637
7.0,269,65067143,38.42857142857143
54.0,1460,65068603,27.037037037037038
17.0,327,65068930,19.235294117647058
40.0,952,65069882,23.8
26.0,566,65070448,21.76923076923077
45.0,1007,65071455,22.377777777777776
27.0,623,65072078,23.074074074074073
20.0,395,65072473,19.75
35.0,862,65073335,24.62857142857143
45.0,1089,65074424,24.2
36.0,791,65075215,21.97222222222222
14.0,256,65075471,18.285714285714285
20.0,408,65075879,20.4
29.0,704,65076583,24.275862068965516
36.0,1081,65077664,30.02777777777778
18.0,376,65078040,20.88888888888889
23.0,490,65078530,21.304347826086957
21.0,554,65079084,26.38095238095238
13.0,310,65079394,23.846153846153847
40.0,802,65080196,20.05
44.0,992,65081188,22.545454545454547
20.0,324,65081512,16.2
30.0,831,65082343,27.7
24.0,575,65082918,23.958333333333332
52.0,1336,65084254,25.692307692307693
30.0,677,65084931,22.566666666666666
6.0,91,65085022,15.166666666666666
20.0,480,65085502,24.0
19.0,496,65085998,26.105263157894736
15.0,410,65086408,27.333333333333332
30.0,730,65087138,24.333333333333332
16.0,370,65087508,23.125
32.0,766,65088274,23.9375
26.0,604,65088878,23.23076923076923
19.0,626,65089504,32.94736842105263
41.0,1013,65090517,24.70731707317073
41.0,1211,65091728,29.536585365853657
40.0,917,65092645,22.925
12.0,213,65092858,17.75
13.0,251,65093109,19.307692307692307
18.0,334,65093443,18.555555555555557
21.0,383,65093826,18.238095238095237
27.0,538,65094364,19.925925925925927
22.0,632,65094996,28.727272727272727
28.0,685,65095681,24.464285714285715
12.0,326,65096007,27.166666666666668
21.0,501,65096508,23.857142857142858
33.0,772,65097280,23.393939393939394
24.0,580,65097860,24.166666666666668
13.0,282,65098142,21.692307692307693
39.0,903,65099045,23.153846153846153
24.0,524,65099569,21.833333333333332
25.0,465,65100034,18.6
25.0,531,65100565,21.24
10.0,230,65100795,23.0
25.0,614,65101409,24.56
43.0,1067,65102476,24.813953488372093
26.0,735,65103211,28.26923076923077
33.0,835,65104046,25.303030303030305
8.0,167,65104213,20.875
23.0,581,65104794,25.26086956521739
12.0,258,65105052,21.5
36.0,932,65105984,25.88888888888889
20.0,449,65106433,22.45
14.0,371,65106804,26.5
28.0,561,65107365,20.035714285714285
42.0,1018,65108383,24.238095238095237
25.0,595,65108978,23.8
30.0,560,65109538,18.666666666666668
35.0,942,65110480,26.914285714285715
45.0,1162,65111642,25.822222222222223
6.0,98,65111740,16.333333333333332
34.0,925,65112665,27.205882352941178
34.0,854,65113519,25.11764705882353
9.0,180,65113699,20.0
33.0,621,65114320,18.818181818181817
36.0,820,65115140,22.77777777777778
34.0,745,65115885,21.91176470588235
25.0,500,65116385,20.0
21.0,508,65116893,24.19047619047619
26.0,740,65117633,28.46153846153846
22.0,499,65118132,22.681818181818183
22.0,451,65118583,20.5
30.0,724,65119307,24.133333333333333
22.0,448,65119755,20.363636363636363
14.0,285,65120040,20.357142857142858
36.0,815,65120855,22.63888888888889
25.0,658,65121513,26.32
15.0,272,65121785,18.133333333333333
32.0,877,65122662,27.40625
23.0,491,65123153,21.347826086956523
30.0,626,65123779,20.866666666666667
17.0,461,65124240,27.11764705882353
19.0,422,65124662,22.210526315789473
27.0,637,65125299,23.59259259259259
39.0,944,65126243,24.205128205128204
26.0,527,65126770,20.26923076923077
20.0,457,65127227,22.85
44.0,1190,65128417,27.045454545454547
10.0,190,65128607,19.0
19.0,313,65128920,16.473684210526315
48.0,1409,65130329,29.354166666666668
35.0,718,65131047,20.514285714285716
10.0,229,65131276,22.9
32.0,697,65131973,21.78125
27.0,669,65132642,24.77777777777778
8.0,150,65132792,18.75
32.0,792,65133584,24.75
15.0,316,65133900,21.066666666666666
36.0,819,65134719,22.75
32.0,791,65135510,24.71875
30.0,790,65136300,26.333333333333332
27.0,626,65136926,23.185185185185187
28.0,644,65137570,23.0
18.0,274,65137844,15.222222222222221
18.0,392,65138236,21.77777777777778
17.0,374,65138610,22.0
13.0,302,65138912,23.23076923076923
11.0,256,65139168,23.272727272727273
18.0,292,65139460,16.22222222222222
29.0,693,65140153,23.896551724137932
6.0,140,65140293,23.333333333333332
47.0,1155,65141448,24.574468085106382
34.0,687,65142135,20.205882352941178
21.0,484,65142619,23.047619047619047
31.0,787,65143406,25.387096774193548
19.0,435,65143841,22.894736842105264
19.0,409,65144250,21.526315789473685
30.0,590,65144840,19.666666666666668
30.0,712,65145552,23.733333333333334
9.0,222,65145774,24.666666666666668
14.0,251,65146025,17.928571428571427
22.0,496,65146521,22.545454545454547
25.0,474,65146995,18.96
29.0,660,65147655,22.75862068965517
23.0,515,65148170,22.391304347826086
21.0,581,65148751,27.666666666666668
10.0,248,65148999,24.8
16.0,318,65149317,19.875
33.0,708,65150025,21.454545454545453
28.0,682,65150707,24.357142857142858
30.0,603,65151310,20.1
31.0,606,65151916,19.548387096774192
34.0,775,65152691,22.794117647058822
19.0,432,65153123,22.736842105263158
41.0,785,65153908,19.146341463414632
27.0,595,65154503,22.037037037037038
44.0,1141,65155644,25.931818181818183
30.0,665,65156309,22.166666666666668
23.0,548,65156857,23.82608695652174
41.0,945,65157802,23.048780487804876
36.0,779,65158581,21.63888888888889
30.0,604,65159185,20.133333333333333
32.0,715,65159900,22.34375
41.0,1059,65160959,25.829268292682926
32.0,767,65161726,23.96875
36.0,971,65162697,26.97222222222222
27.0,631,65163328,23.37037037037037
20.0,447,65163775,22.35
22.0,424,65164199,19.272727272727273
16.0,332,65164531,20.75
23.0,432,65164963,18.782608695652176
26.0,564,65165527,21.692307692307693
39.0,950,65166477,24.358974358974358
17.0,455,65166932,26.764705882352942
19.0,410,65167342,21.57894736842105
16.0,456,65167798,28.5
18.0,386,65168184,21.444444444444443
24.0,487,65168671,20.291666666666668
21.0,496,65169167,23.61904761904762
11.0,254,65169421,23.09090909090909
22.0,474,65169895,21.545454545454547
42.0,946,65170841,22.523809523809526
24.0,527,65171368,21.958333333333332
35.0,741,65172109,21.17142857142857
37.0,909,65173018,24.56756756756757
29.0,602,65173620,20.75862068965517
27.0,678,65174298,25.11111111111111
27.0,598,65174896,22.14814814814815
36.0,883,65175779,24.52777777777778
18.0,413,65176192,22.944444444444443
8.0,237,65176429,29.625
24.0,621,65177050,25.875
32.0,788,65177838,24.625
16.0,324,65178162,20.25
29.0,694,65178856,23.93103448275862
39.0,863,65179719,22.128205128205128
37.0,848,65180567,22.91891891891892
14.0,266,65180833,19.0
21.0,533,65181366,25.38095238095238
18.0,415,65181781,23.055555555555557
24.0,519,65182300,21.625
28.0,685,65182985,24.464285714285715
43.0,956,65183941,22.232558139534884
21.0,474,65184415,22.571428571428573
21.0,405,65184820,19.285714285714285
22.0,473,65185293,21.5
30.0,755,65186048,25.166666666666668
26.0,592,65186640,22.76923076923077
28.0,667,65187307,23.821428571428573
21.0,460,65187767,21.904761904761905
32.0,822,65188589,25.6875
31.0,663,65189252,21.387096774193548
39.0,948,65190200,24.307692307692307
23.0,508,65190708,22.08695652173913
26.0,675,65191383,25.96153846153846
31.0,573,65191956,18.483870967741936
27.0,620,65192576,22.962962962962962
28.0,568,65193144,20.285714285714285
21.0,596,65193740,28.38095238095238
27.0,594,65194334,22.0
45.0,1103,65195437,24.511111111111113
32.0,740,65196177,23.125
16.0,420,65196597,26.25
35.0,698,65197295,19.942857142857143
19.0,401,65197696,21.105263157894736
28.0,613,65198309,21.892857142857142
49.0,890,65199199,18.163265306122447
28.0,649,65199848,23.178571428571427
39.0,1016,65200864,26.05128205128205
9.0,189,65201053,21.0
44.0,841,65201894,19.113636363636363
30.0,674,65202568,22.466666666666665
29.0,681,65203249,23.482758620689655
14.0,478,65203727,34.142857142857146
12.0,247,65203974,20.583333333333332
8.0,128,65204102,16.0
41.0,972,65205074,23.70731707317073
11.0,234,65205308,21.272727272727273
31.0,723,65206031,23.322580645161292
28.0,608,65206639,21.714285714285715
32.0,682,65207321,21.3125
24.0,631,65207952,26.291666666666668
28.0,587,65208539,20.964285714285715
28.0,634,65209173,22.642857142857142
40.0,1026,65210199,25.65
10.0,214,65210413,21.4
10.0,169,65210582,16.9
36.0,852,65211434,23.666666666666668
21.0,565,65211999,26.904761904761905
23.0,416,65212415,18.08695652173913
40.0,849,65213264,21.225
28.0,568,65213832,20.285714285714285
39.0,872,65214704,22.358974358974358
20.0,522,65215226,26.1
46.0,1070,65216296,23.26086956521739
46.0,1030,65217326,22.391304347826086
14.0,389,65217715,27.785714285714285
23.0,541,65218256,23.52173913043478
15.0,433,65218689,28.866666666666667
24.0,553,65219242,23.041666666666668
24.0,535,65219777,22.291666666666668
43.0,1129,65220906,26.25581395348837
39.0,963,65221869,24.692307692307693
24.0,420,65222289,17.5
35.0,858,65223147,24.514285714285716
14.0,373,65223520,26.642857142857142
27.0,593,65224113,21.962962962962962
33.0,776,65224889,23.515151515151516
45.0,976,65225865,21.68888888888889
27.0,716,65226581,26.51851851851852
33.0,751,65227332,22.757575757575758
33.0,726,65228058,22.0
39.0,853,65228911,21.871794871794872
29.0,557,65229468,19.20689655172414
25.0,659,65230127,26.36
28.0,651,65230778,23.25
34.0,719,65231497,21.147058823529413
9.0,197,65231694,21.88888888888889
25.0,571,65232265,22.84
11.0,266,65232531,24.181818181818183
19.0,347,65232878,18.263157894736842
37.0,810,65233688,21.89189189189189
29.0,573,65234261,19.75862068965517
28.0,816,65235077,29.142857142857142
17.0,347,65235424,20.41176470588235
33.0,826,65236250,25.03030303030303
19.0,396,65236646,20.842105263157894
27.0,709,65237355,26.25925925925926
28.0,792,65238147,28.285714285714285
33.0,839,65238986,25.424242424242426
38.0,813,65239799,21.394736842105264
36.0,809,65240608,22.47222222222222
25.0,625,65241233,25.0
28.0,629,65241862,22.464285714285715
32.0,759,65242621,23.71875
33.0,703,65243324,21.303030303030305
26.0,500,65243824,19.23076923076923
39.0,1102,65244926,28.256410256410255
32.0,807,65245733,25.21875
48.0,1129,65246862,23.520833333333332
34.0,872,65247734,25.647058823529413
25.0,504,65248238,20.16
25.0,614,65248852,24.56
19.0,447,65249299,23.526315789473685
26.0,650,65249949,25.0
27.0,520,65250469,19.25925925925926
36.0,703,65251172,19.52777777777778
43.0,847,65252019,19.697674418604652
22.0,483,65252502,21.954545454545453
34.0,768,65253270,22.58823529411765
25.0,514,65253784,20.56
17.0,470,65254254,27.647058823529413
19.0,506,65254760,26.63157894736842
22.0,515,65255275,23.40909090909091
20.0,435,65255710,21.75
32.0,695,65256405,21.71875
14.0,243,65256648,17.357142857142858
31.0,663,65257311,21.387096774193548
13.0,252,65257563,19.384615384615383
10.0,223,65257786,22.3
6.0,104,65257890,17.333333333333332
38.0,770,65258660,20.263157894736842
46.0,1187,65259847,25.804347826086957
28.0,661,65260508,23.607142857142858
1.0,18,65260526,18.0
31.0,683,65261209,22.032258064516128
38.0,932,65262141,24.526315789473685
30.0,581,65262722,19.366666666666667
22.0,400,65263122,18.181818181818183
25.0,413,65263535,16.52
39.0,964,65264499,24.71794871794872
23.0,457,65264956,19.869565217391305
18.0,393,65265349,21.833333333333332
22.0,426,65265775,19.363636363636363
37.0,939,65266714,25.37837837837838
10.0,217,65266931,21.7
43.0,1088,65268019,25.302325581395348
19.0,378,65268397,19.894736842105264
23.0,555,65268952,24.130434782608695
35.0,784,65269736,22.4
38.0,903,65270639,23.763157894736842
19.0,475,65271114,25.0
20.0,407,65271521,20.35
28.0,842,65272363,30.071428571428573
16.0,336,65272699,21.0
15.0,318,65273017,21.2
39.0,736,65273753,18.871794871794872
24.0,473,65274226,19.708333333333332
32.0,882,65275108,27.5625
36.0,792,65275900,22.0
34.0,798,65276698,23.470588235294116
42.0,1015,65277713,24.166666666666668
14.0,322,65278035,23.0
38.0,756,65278791,19.894736842105264
35.0,935,65279726,26.714285714285715
16.0,298,65280024,18.625
29.0,759,65280783,26.17241379310345
34.0,895,65281678,26.323529411764707
35.0,892,65282570,25.485714285714284
24.0,542,65283112,22.583333333333332
25.0,498,65283610,19.92
38.0,848,65284458,22.31578947368421
23.0,511,65284969,22.217391304347824
9.0,217,65285186,24.11111111111111
24.0,561,65285747,23.375
40.0,948,65286695,23.7
31.0,683,65287378,22.032258064516128
16.0,336,65287714,21.0
33.0,750,65288464,22.727272727272727
36.0,898,65289362,24.944444444444443
14.0,337,65289699,24.071428571428573
31.0,667,65290366,21.516129032258064
16.0,357,65290723,22.3125
24.0,608,65291331,25.333333333333332
9.0,187,65291518,20.77777777777778
22.0,410,65291928,18.636363636363637
23.0,516,65292444,22.434782608695652
7.0,175,65292619,25.0
18.0,352,65292971,19.555555555555557
20.0,473,65293444,23.65
39.0,879,65294323,22.53846153846154
18.0,412,65294735,22.88888888888889
42.0,912,65295647,21.714285714285715
31.0,662,65296309,21.35483870967742
27.0,711,65297020,26.333333333333332
40.0,1041,65298061,26.025
18.0,332,65298393,18.444444444444443
27.0,566,65298959,20.962962962962962
35.0,841,65299800,24.02857142857143
33.0,739,65300539,22.393939393939394
15.0,332,65300871,22.133333333333333
17.0,495,65301366,29.11764705882353
20.0,412,65301778,20.6
20.0,522,65302300,26.1
31.0,830,65303130,26.774193548387096
17.0,460,65303590,27.058823529411764
36.0,958,65304548,26.61111111111111
48.0,1201,65305749,25.020833333333332
18.0,345,65306094,19.166666666666668
25.0,623,65306717,24.92
22.0,501,65307218,22.772727272727273
25.0,647,65307865,25.88
18.0,380,65308245,21.11111111111111
18.0,441,65308686,24.5
40.0,908,65309594,22.7
35.0,826,65310420,23.6
23.0,542,65310962,23.565217391304348
35.0,810,65311772,23.142857142857142
33.0,730,65312502,22.12121212121212
27.0,629,65313131,23.296296296296298
17.0,402,65313533,23.647058823529413
24.0,524,65314057,21.833333333333332
24.0,516,65314573,21.5
13.0,216,65314789,16.615384615384617
22.0,447,65315236,20.318181818181817
30.0,765,65316001,25.5
37.0,872,65316873,23.56756756756757
22.0,533,65317406,24.227272727272727
34.0,777,65318183,22.852941176470587
13.0,353,65318536,27.153846153846153
20.0,450,65318986,22.5
50.0,1078,65320064,21.56
40.0,843,65320907,21.075
28.0,668,65321575,23.857142857142858
7.0,164,65321739,23.428571428571427
19.0,416,65322155,21.894736842105264
6.0,102,65322257,17.0
5.0,99,65322356,19.8
23.0,389,65322745,16.91304347826087
24.0,477,65323222,19.875
28.0,517,65323739,18.464285714285715
16.0,426,65324165,26.625
14.0,274,65324439,19.571428571428573
18.0,461,65324900,25.61111111111111
23.0,627,65325527,27.26086956521739
6.0,133,65325660,22.166666666666668
34.0,962,65326622,28.294117647058822
14.0,223,65326845,15.928571428571429
25.0,697,65327542,27.88
24.0,589,65328131,24.541666666666668
37.0,1051,65329182,28.405405405405407
28.0,760,65329942,27.142857142857142
22.0,617,65330559,28.045454545454547
20.0,466,65331025,23.3
34.0,753,65331778,22.147058823529413
27.0,613,65332391,22.703703703703702
22.0,514,65332905,23.363636363636363
26.0,608,65333513,23.384615384615383
29.0,755,65334268,26.03448275862069
41.0,995,65335263,24.26829268292683
14.0,247,65335510,17.642857142857142
50.0,1117,65336627,22.34
11.0,246,65336873,22.363636363636363
18.0,459,65337332,25.5
16.0,406,65337738,25.375
8.0,163,65337901,20.375
11.0,336,65338237,30.545454545454547
16.0,235,65338472,14.6875
20.0,517,65338989,25.85
19.0,427,65339416,22.473684210526315
44.0,963,65340379,21.886363636363637
30.0,768,65341147,25.6
15.0,284,65341431,18.933333333333334
34.0,688,65342119,20.235294117647058
14.0,314,65342433,22.428571428571427
37.0,940,65343373,25.405405405405407
56.0,1219,65344592,21.767857142857142
47.0,1169,65345761,24.872340425531913
28.0,717,65346478,25.607142857142858
19.0,324,65346802,17.05263157894737
3.0,50,65346852,16.666666666666668
11.0,289,65347141,26.272727272727273
18.0,443,65347584,24.61111111111111
9.0,164,65347748,18.22222222222222
38.0,917,65348665,24.13157894736842
37.0,898,65349563,24.27027027027027
22.0,462,65350025,21.0
12.0,279,65350304,23.25
28.0,625,65350929,22.321428571428573
15.0,300,65351229,20.0
27.0,642,65351871,23.77777777777778
13.0,266,65352137,20.46153846153846
36.0,787,65352924,21.86111111111111
26.0,570,65353494,21.923076923076923
36.0,788,65354282,21.88888888888889
15.0,303,65354585,20.2
31.0,620,65355205,20.0
12.0,252,65355457,21.0
49.0,1061,65356518,21.653061224489797
11.0,266,65356784,24.181818181818183
12.0,283,65357067,23.583333333333332
52.0,1091,65358158,20.98076923076923
20.0,397,65358555,19.85
19.0,513,65359068,27.0
49.0,1163,65360231,23.73469387755102
19.0,421,65360652,22.157894736842106
24.0,542,65361194,22.583333333333332
45.0,1051,65362245,23.355555555555554
27.0,583,65362828,21.59259259259259
42.0,857,65363685,20.404761904761905
30.0,626,65364311,20.866666666666667
13.0,296,65364607,22.76923076923077
31.0,738,65365345,23.806451612903224
36.0,785,65366130,21.805555555555557
34.0,719,65366849,21.147058823529413
22.0,477,65367326,21.681818181818183
37.0,892,65368218,24.10810810810811
20.0,519,65368737,25.95
28.0,634,65369371,22.642857142857142
38.0,782,65370153,20.57894736842105
23.0,408,65370561,17.73913043478261
35.0,751,65371312,21.457142857142856
24.0,552,65371864,23.0
25.0,615,65372479,24.6
36.0,966,65373445,26.833333333333332
6.0,165,65373610,27.5
25.0,490,65374100,19.6
18.0,421,65374521,23.38888888888889
25.0,594,65375115,23.76
22.0,427,65375542,19.40909090909091
30.0,808,65376350,26.933333333333334
31.0,679,65377029,21.903225806451612
18.0,361,65377390,20.055555555555557
25.0,574,65377964,22.96
43.0,1015,65378979,23.6046511627907
27.0,684,65379663,25.333333333333332
41.0,1053,65380716,25.682926829268293
42.0,807,65381523,19.214285714285715
23.0,570,65382093,24.782608695652176
15.0,386,65382479,25.733333333333334
40.0,807,65383286,20.175
36.0,786,65384072,21.833333333333332
24.0,484,65384556,20.166666666666668
27.0,576,65385132,21.333333333333332
22.0,396,65385528,18.0
28.0,750,65386278,26.785714285714285
30.0,780,65387058,26.0
24.0,841,65387899,35.041666666666664
26.0,603,65388502,23.192307692307693
19.0,499,65389001,26.263157894736842
28.0,686,65389687,24.5
23.0,523,65390210,22.73913043478261
32.0,735,65390945,22.96875
22.0,661,65391606,30.045454545454547
14.0,318,65391924,22.714285714285715
28.0,607,65392531,21.678571428571427
20.0,372,65392903,18.6
22.0,437,65393340,19.863636363636363
18.0,349,65393689,19.38888888888889
27.0,556,65394245,20.59259259259259
21.0,378,65394623,18.0
25.0,477,65395100,19.08
22.0,438,65395538,19.90909090909091
7.0,144,65395682,20.571428571428573
23.0,385,65396067,16.73913043478261
25.0,487,65396554,19.48
18.0,402,65396956,22.333333333333332
21.0,368,65397324,17.523809523809526
32.0,775,65398099,24.21875
32.0,661,65398760,20.65625
26.0,575,65399335,22.115384615384617
29.0,637,65399972,21.96551724137931
24.0,540,65400512,22.5
56.0,1354,65401866,24.178571428571427
55.0,1423,65403289,25.87272727272727
23.0,451,65403740,19.608695652173914
29.0,706,65404446,24.344827586206897
19.0,450,65404896,23.68421052631579
14.0,214,65405110,15.285714285714286
28.0,629,65405739,22.464285714285715
23.0,547,65406286,23.782608695652176
37.0,1247,65407533,33.7027027027027
16.0,326,65407859,20.375
25.0,488,65408347,19.52
31.0,657,65409004,21.193548387096776
24.0,548,65409552,22.833333333333332
13.0,233,65409785,17.923076923076923
17.0,395,65410180,23.235294117647058
42.0,1172,65411352,27.904761904761905
29.0,566,65411918,19.517241379310345
11.0,294,65412212,26.727272727272727
14.0,316,65412528,22.571428571428573
31.0,657,65413185,21.193548387096776
20.0,388,65413573,19.4
25.0,436,65414009,17.44
39.0,917,65414926,23.512820512820515
30.0,780,65415706,26.0
28.0,829,65416535,29.607142857142858
30.0,780,65417315,26.0
28.0,620,65417935,22.142857142857142
14.0,292,65418227,20.857142857142858
12.0,239,65418466,19.916666666666668
25.0,538,65419004,21.52
26.0,610,65419614,23.46153846153846
40.0,850,65420464,21.25
30.0,746,65421210,24.866666666666667
13.0,248,65421458,19.076923076923077
14.0,278,65421736,19.857142857142858
48.0,983,65422719,20.479166666666668
20.0,520,65423239,26.0
20.0,482,65423721,24.1
42.0,808,65424529,19.238095238095237
26.0,660,65425189,25.384615384615383
25.0,700,65425889,28.0
20.0,479,65426368,23.95
29.0,668,65427036,23.03448275862069
39.0,976,65428012,25.025641025641026
34.0,693,65428705,20.38235294117647
25.0,717,65429422,28.68
31.0,736,65430158,23.741935483870968
12.0,271,65430429,22.583333333333332
22.0,440,65430869,20.0
31.0,763,65431632,24.612903225806452
24.0,537,65432169,22.375
20.0,460,65432629,23.0
41.0,864,65433493,21.073170731707318
16.0,321,65433814,20.0625
2.0,38,65433852,19.0
21.0,503,65434355,23.952380952380953
28.0,661,65435016,23.607142857142858
18.0,387,65435403,21.5
12.0,231,65435634,19.25
18.0,447,65436081,24.833333333333332
6.0,141,65436222,23.5
17.0,326,65436548,19.176470588235293
34.0,908,65437456,26.705882352941178
34.0,906,65438362,26.647058823529413
19.0,377,65438739,19.842105263157894
28.0,609,65439348,21.75
20.0,310,65439658,15.5
14.0,388,65440046,27.714285714285715
12.0,276,65440322,23.0
23.0,592,65440914,25.73913043478261
12.0,314,65441228,26.166666666666668
44.0,949,65442177,21.568181818181817
15.0,281,65442458,18.733333333333334
24.0,470,65442928,19.583333333333332
34.0,776,65443704,22.823529411764707
20.0,522,65444226,26.1
7.0,104,65444330,14.857142857142858
21.0,498,65444828,23.714285714285715
10.0,329,65445157,32.9
47.0,1139,65446296,24.23404255319149
17.0,480,65446776,28.235294117647058
32.0,903,65447679,28.21875
13.0,222,65447901,17.076923076923077
37.0,719,65448620,19.43243243243243
5.0,112,65448732,22.4
26.0,603,65449335,23.192307692307693
25.0,479,65449814,19.16
12.0,259,65450073,21.583333333333332
31.0,754,65450827,24.322580645161292
61.0,1403,65452230,23.0
15.0,329,65452559,21.933333333333334
17.0,441,65453000,25.941176470588236
29.0,647,65453647,22.310344827586206
17.0,404,65454051,23.764705882352942
24.0,615,65454666,25.625
32.0,765,65455431,23.90625
27.0,659,65456090,24.40740740740741
26.0,624,65456714,24.0
21.0,393,65457107,18.714285714285715
26.0,541,65457648,20.807692307692307
36.0,919,65458567,25.52777777777778
21.0,500,65459067,23.80952380952381
34.0,816,65459883,24.0
38.0,774,65460657,20.36842105263158
22.0,594,65461251,27.0
31.0,533,65461784,17.193548387096776
30.0,717,65462501,23.9
34.0,891,65463392,26.205882352941178
16.0,331,65463723,20.6875
19.0,450,65464173,23.68421052631579
3.0,47,65464220,15.666666666666666
11.0,225,65464445,20.454545454545453
15.0,332,65464777,22.133333333333333
30.0,657,65465434,21.9
19.0,343,65465777,18.05263157894737
33.0,751,65466528,22.757575757575758
35.0,913,65467441,26.085714285714285
24.0,574,65468015,23.916666666666668
21.0,442,65468457,21.047619047619047
28.0,554,65469011,19.785714285714285
40.0,942,65469953,23.55
27.0,504,65470457,18.666666666666668
13.0,300,65470757,23.076923076923077
22.0,579,65471336,26.318181818181817
11.0,267,65471603,24.272727272727273
35.0,617,65472220,17.62857142857143
20.0,418,65472638,20.9
28.0,734,65473372,26.214285714285715
23.0,746,65474118,32.43478260869565
20.0,440,65474558,22.0
20.0,385,65474943,19.25
48.0,1097,65476040,22.854166666666668
14.0,189,65476229,13.5
13.0,347,65476576,26.692307692307693
38.0,887,65477463,23.342105263157894
29.0,705,65478168,24.310344827586206
13.0,315,65478483,24.23076923076923
34.0,790,65479273,23.235294117647058
27.0,760,65480033,28.14814814814815
42.0,952,65480985,22.666666666666668
20.0,516,65481501,25.8
22.0,457,65481958,20.772727272727273
24.0,721,65482679,30.041666666666668
34.0,800,65483479,23.529411764705884
10.0,257,65483736,25.7
20.0,368,65484104,18.4
18.0,441,65484545,24.5
35.0,795,65485340,22.714285714285715
26.0,641,65485981,24.653846153846153
15.0,333,65486314,22.2
21.0,477,65486791,22.714285714285715
31.0,790,65487581,25.483870967741936
17.0,329,65487910,19.352941176470587
22.0,459,65488369,20.863636363636363
46.0,1218,65489587,26.47826086956522
25.0,506,65490093,20.24
11.0,287,65490380,26.09090909090909
13.0,272,65490652,20.923076923076923
28.0,618,65491270,22.071428571428573
32.0,780,65492050,24.375
33.0,843,65492893,25.545454545454547
13.0,290,65493183,22.307692307692307
30.0,594,65493777,19.8
33.0,777,65494554,23.545454545454547
33.0,849,65495403,25.727272727272727
23.0,510,65495913,22.17391304347826
41.0,1022,65496935,24.926829268292682
37.0,696,65497631,18.81081081081081
32.0,614,65498245,19.1875
8.0,151,65498396,18.875
16.0,410,65498806,25.625
27.0,617,65499423,22.85185185185185
23.0,522,65499945,22.695652173913043
33.0,669,65500614,20.272727272727273
48.0,1023,65501637,21.3125
25.0,614,65502251,24.56
29.0,543,65502794,18.724137931034484
38.0,769,65503563,20.236842105263158
30.0,602,65504165,20.066666666666666
38.0,695,65504860,18.289473684210527
34.0,803,65505663,23.61764705882353
27.0,725,65506388,26.85185185185185
10.0,190,65506578,19.0
39.0,811,65507389,20.794871794871796
25.0,543,65507932,21.72
37.0,805,65508737,21.756756756756758
26.0,617,65509354,23.73076923076923
21.0,357,65509711,17.0
33.0,891,65510602,27.0
29.0,758,65511360,26.137931034482758
31.0,746,65512106,24.06451612903226
11.0,267,65512373,24.272727272727273
50.0,1256,65513629,25.12
22.0,526,65514155,23.90909090909091
15.0,408,65514563,27.2
7.0,203,65514766,29.0
22.0,556,65515322,25.272727272727273
8.0,166,65515488,20.75
32.0,776,65516264,24.25
31.0,538,65516802,17.35483870967742
13.0,397,65517199,30.53846153846154
32.0,792,65517991,24.75
15.0,444,65518435,29.6
21.0,480,65518915,22.857142857142858
24.0,660,65519575,27.5
12.0,167,65519742,13.916666666666666
29.0,642,65520384,22.137931034482758
43.0,914,65521298,21.25581395348837
43.0,1350,65522648,31.3953488372093
17.0,376,65523024,22.11764705882353
44.0,913,65523937,20.75
25.0,562,65524499,22.48
29.0,774,65525273,26.689655172413794
26.0,579,65525852,22.26923076923077
22.0,532,65526384,24.181818181818183
30.0,714,65527098,23.8
48.0,1311,65528409,27.3125
35.0,798,65529207,22.8
32.0,747,65529954,23.34375
35.0,790,65530744,22.571428571428573
18.0,353,65531097,19.61111111111111
17.0,398,65531495,23.41176470588235
42.0,1021,65532516,24.30952380952381
31.0,846,65533362,27.29032258064516
46.0,1012,65534374,22.0
41.0,760,65535134,18.536585365853657
45.0,959,65536093,21.31111111111111
17.0,239,65536332,14.058823529411764
29.0,812,65537144,28.0
14.0,347,65537491,24.785714285714285
32.0,619,65538110,19.34375
24.0,467,65538577,19.458333333333332
13.0,297,65538874,22.846153846153847
44.0,1253,65540127,28.477272727272727
54.0,1404,65541531,26.0
10.0,213,65541744,21.3
44.0,991,65542735,22.522727272727273
48.0,1061,65543796,22.104166666666668
16.0,371,65544167,23.1875
33.0,797,65544964,24.151515151515152
30.0,581,65545545,19.366666666666667
32.0,874,65546419,27.3125
27.0,604,65547023,22.37037037037037
11.0,237,65547260,21.545454545454547
29.0,503,65547763,17.344827586206897
35.0,769,65548532,21.97142857142857
9.0,144,65548676,16.0
28.0,626,65549302,22.357142857142858
24.0,675,65549977,28.125
30.0,705,65550682,23.5
37.0,872,65551554,23.56756756756757
39.0,885,65552439,22.692307692307693
7.0,159,65552598,22.714285714285715
25.0,524,65553122,20.96
27.0,589,65553711,21.814814814814813
14.0,444,65554155,31.714285714285715
13.0,266,65554421,20.46153846153846
22.0,652,65555073,29.636363636363637
26.0,632,65555705,24.307692307692307
8.0,216,65555921,27.0
1.0,456,65556377,456.0
28.0,689,65557066,24.607142857142858
24.0,497,65557563,20.708333333333332
18.0,495,65558058,27.5
17.0,607,65558665,35.705882352941174
18.0,341,65559006,18.944444444444443
33.0,782,65559788,23.696969696969695
20.0,485,65560273,24.25
24.0,414,65560687,17.25
53.0,1212,65561899,22.867924528301888
19.0,443,65562342,23.31578947368421
37.0,947,65563289,25.594594594594593
22.0,474,65563763,21.545454545454547
38.0,905,65564668,23.81578947368421
18.0,460,65565128,25.555555555555557
38.0,928,65566056,24.42105263157895
16.0,356,65566412,22.25
24.0,416,65566828,17.333333333333332
16.0,263,65567091,16.4375
37.0,834,65567925,22.54054054054054
24.0,519,65568444,21.625
18.0,351,65568795,19.5
46.0,1103,65569898,23.97826086956522
31.0,715,65570613,23.06451612903226
21.0,466,65571079,22.19047619047619
32.0,666,65571745,20.8125
38.0,934,65572679,24.57894736842105
25.0,508,65573187,20.32
20.0,378,65573565,18.9
35.0,739,65574304,21.114285714285714
28.0,582,65574886,20.785714285714285
12.0,264,65575150,22.0
39.0,785,65575935,20.128205128205128
10.0,163,65576098,16.3
31.0,709,65576807,22.870967741935484
37.0,892,65577699,24.10810810810811
17.0,364,65578063,21.41176470588235
41.0,988,65579051,24.097560975609756
33.0,894,65579945,27.09090909090909
35.0,739,65580684,21.114285714285714
28.0,511,65581195,18.25
2.0,22,65581217,11.0
27.0,499,65581716,18.48148148148148
25.0,666,65582382,26.64
41.0,896,65583278,21.853658536585368
41.0,1024,65584302,24.975609756097562
13.0,239,65584541,18.384615384615383
32.0,805,65585346,25.15625
29.0,791,65586137,27.275862068965516
23.0,532,65586669,23.130434782608695
40.0,890,65587559,22.25
22.0,520,65588079,23.636363636363637
43.0,865,65588944,20.11627906976744
26.0,598,65589542,23.0
23.0,457,65589999,19.869565217391305
38.0,888,65590887,23.36842105263158
21.0,480,65591367,22.857142857142858
37.0,818,65592185,22.10810810810811
27.0,651,65592836,24.11111111111111
18.0,395,65593231,21.944444444444443
29.0,616,65593847,21.24137931034483
34.0,516,65594363,15.176470588235293
17.0,398,65594761,23.41176470588235
36.0,876,65595637,24.333333333333332
37.0,1006,65596643,27.18918918918919
25.0,479,65597122,19.16
18.0,352,65597474,19.555555555555557
5.0,170,65597644,34.0
29.0,701,65598345,24.17241379310345
13.0,294,65598639,22.615384615384617
34.0,824,65599463,24.235294117647058
36.0,817,65600280,22.694444444444443
57.0,1524,65601804,26.736842105263158
41.0,1037,65602841,25.29268292682927
29.0,725,65603566,25.0
12.0,292,65603858,24.333333333333332
22.0,485,65604343,22.045454545454547
25.0,515,65604858,20.6
28.0,581,65605439,20.75
16.0,367,65605806,22.9375
36.0,775,65606581,21.52777777777778
25.0,616,65607197,24.64
11.0,285,65607482,25.90909090909091
27.0,613,65608095,22.703703703703702
24.0,563,65608658,23.458333333333332
33.0,759,65609417,23.0
19.0,376,65609793,19.789473684210527
24.0,466,65610259,19.416666666666668
10.0,185,65610444,18.5
19.0,417,65610861,21.94736842105263
22.0,559,65611420,25.40909090909091
40.0,930,65612350,23.25
29.0,816,65613166,28.137931034482758
36.0,736,65613902,20.444444444444443
22.0,532,65614434,24.181818181818183
41.0,974,65615408,23.75609756097561
49.0,1109,65616517,22.632653061224488
46.0,1039,65617556,22.58695652173913
16.0,382,65617938,23.875
24.0,587,65618525,24.458333333333332
17.0,407,65618932,23.941176470588236
36.0,824,65619756,22.88888888888889
14.0,399,65620155,28.5
36.0,882,65621037,24.5
7.0,117,65621154,16.714285714285715
25.0,706,65621860,28.24
26.0,541,65622401,20.807692307692307
20.0,476,65622877,23.8
30.0,711,65623588,23.7
25.0,594,65624182,23.76
20.0,374,65624556,18.7
21.0,337,65624893,16.047619047619047
30.0,706,65625599,23.533333333333335
30.0,765,65626364,25.5
39.0,897,65627261,23.0
14.0,267,65627528,19.071428571428573
21.0,379,65627907,18.047619047619047
42.0,992,65628899,23.61904761904762
37.0,927,65629826,25.054054054054053
13.0,309,65630135,23.76923076923077
12.0,290,65630425,24.166666666666668
13.0,318,65630743,24.46153846153846
30.0,712,65631455,23.733333333333334
19.0,356,65631811,18.736842105263158
36.0,859,65632670,23.86111111111111
14.0,201,65632871,14.357142857142858
32.0,889,65633760,27.78125
26.0,600,65634360,23.076923076923077
28.0,612,65634972,21.857142857142858
13.0,230,65635202,17.692307692307693
22.0,477,65635679,21.681818181818183
19.0,523,65636202,27.526315789473685
28.0,592,65636794,21.142857142857142
29.0,607,65637401,20.93103448275862
17.0,405,65637806,23.823529411764707
30.0,708,65638514,23.6
35.0,833,65639347,23.8
36.0,875,65640222,24.305555555555557
24.0,524,65640746,21.833333333333332
28.0,723,65641469,25.821428571428573
40.0,1054,65642523,26.35
17.0,440,65642963,25.88235294117647
27.0,538,65643501,19.925925925925927
24.0,641,65644142,26.708333333333332
43.0,855,65644997,19.88372093023256
10.0,246,65645243,24.6
21.0,372,65645615,17.714285714285715
14.0,234,65645849,16.714285714285715
19.0,449,65646298,23.63157894736842
33.0,882,65647180,26.727272727272727
5.0,101,65647281,20.2
24.0,525,65647806,21.875
22.0,439,65648245,19.954545454545453
39.0,857,65649102,21.974358974358974
23.0,524,65649626,22.782608695652176
15.0,279,65649905,18.6
28.0,652,65650557,23.285714285714285
29.0,546,65651103,18.82758620689655
14.0,300,65651403,21.428571428571427
19.0,500,65651903,26.31578947368421
24.0,546,65652449,22.75
34.0,833,65653282,24.5
19.0,343,65653625,18.05263157894737
20.0,384,65654009,19.2
21.0,449,65654458,21.38095238095238
41.0,841,65655299,20.51219512195122
39.0,1095,65656394,28.076923076923077
20.0,414,65656808,20.7
22.0,408,65657216,18.545454545454547
9.0,176,65657392,19.555555555555557
17.0,355,65657747,20.88235294117647
20.0,495,65658242,24.75
6.0,133,65658375,22.166666666666668
31.0,597,65658972,19.258064516129032
26.0,573,65659545,22.03846153846154
8.0,168,65659713,21.0
23.0,569,65660282,24.73913043478261
12.0,318,65660600,26.5
17.0,260,65660860,15.294117647058824
36.0,817,65661677,22.694444444444443
29.0,799,65662476,27.551724137931036
32.0,769,65663245,24.03125
49.0,1252,65664497,25.551020408163264
32.0,773,65665270,24.15625
35.0,905,65666175,25.857142857142858
32.0,791,65666966,24.71875
17.0,413,65667379,24.294117647058822
23.0,491,65667870,21.347826086956523
16.0,455,65668325,28.4375
30.0,674,65668999,22.466666666666665
29.0,715,65669714,24.655172413793103
22.0,371,65670085,16.863636363636363
28.0,746,65670831,26.642857142857142
29.0,652,65671483,22.482758620689655
21.0,426,65671909,20.285714285714285
27.0,593,65672502,21.962962962962962
39.0,924,65673426,23.692307692307693
32.0,743,65674169,23.21875
30.0,693,65674862,23.1
31.0,819,65675681,26.419354838709676
43.0,846,65676527,19.674418604651162
22.0,473,65677000,21.5
14.0,280,65677280,20.0
26.0,471,65677751,18.115384615384617
18.0,760,65678511,42.22222222222222
30.0,761,65679272,25.366666666666667
16.0,323,65679595,20.1875
18.0,439,65680034,24.38888888888889
40.0,959,65680993,23.975
14.0,359,65681352,25.642857142857142
13.0,391,65681743,30.076923076923077
31.0,655,65682398,21.129032258064516
38.0,902,65683300,23.736842105263158
29.0,712,65684012,24.551724137931036
17.0,414,65684426,24.352941176470587
36.0,806,65685232,22.38888888888889
34.0,882,65686114,25.941176470588236
39.0,1085,65687199,27.82051282051282
24.0,625,65687824,26.041666666666668
37.0,655,65688479,17.7027027027027
15.0,216,65688695,14.4
27.0,557,65689252,20.62962962962963
20.0,495,65689747,24.75
33.0,677,65690424,20.515151515151516
24.0,543,65690967,22.625
27.0,689,65691656,25.51851851851852
18.0,489,65692145,27.166666666666668
18.0,480,65692625,26.666666666666668
34.0,752,65693377,22.11764705882353
14.0,293,65693670,20.928571428571427
16.0,367,65694037,22.9375
26.0,628,65694665,24.153846153846153
23.0,570,65695235,24.782608695652176
32.0,703,65695938,21.96875
16.0,411,65696349,25.6875
28.0,710,65697059,25.357142857142858
43.0,1013,65698072,23.558139534883722
26.0,609,65698681,23.423076923076923
35.0,682,65699363,19.485714285714284
20.0,385,65699748,19.25
10.0,250,65699998,25.0
29.0,794,65700792,27.379310344827587
21.0,387,65701179,18.428571428571427
26.0,594,65701773,22.846153846153847
18.0,476,65702249,26.444444444444443
17.0,460,65702709,27.058823529411764
36.0,772,65703481,21.444444444444443
29.0,651,65704132,22.448275862068964
31.0,604,65704736,19.483870967741936
27.0,572,65705308,21.185185185185187
26.0,562,65705870,21.615384615384617
12.0,226,65706096,18.833333333333332
48.0,1082,65707178,22.541666666666668
5.0,132,65707310,26.4
39.0,829,65708139,21.256410256410255
23.0,493,65708632,21.434782608695652
31.0,752,65709384,24.258064516129032
35.0,949,65710333,27.114285714285714
15.0,303,65710636,20.2
27.0,630,65711266,23.333333333333332
52.0,1064,65712330,20.46153846153846
18.0,444,65712774,24.666666666666668
8.0,201,65712975,25.125
36.0,1110,65714085,30.833333333333332
45.0,1157,65715242,25.711111111111112
31.0,729,65715971,23.516129032258064
28.0,537,65716508,19.178571428571427
15.0,326,65716834,21.733333333333334
8.0,176,65717010,22.0
26.0,631,65717641,24.26923076923077
15.0,342,65717983,22.8
31.0,871,65718854,28.096774193548388
37.0,699,65719553,18.89189189189189
41.0,1106,65720659,26.975609756097562
29.0,608,65721267,20.96551724137931
39.0,942,65722209,24.153846153846153
16.0,335,65722544,20.9375
21.0,450,65722994,21.428571428571427
43.0,1121,65724115,26.069767441860463
22.0,422,65724537,19.181818181818183
44.0,979,65725516,22.25
25.0,584,65726100,23.36
31.0,678,65726778,21.870967741935484
35.0,842,65727620,24.057142857142857
30.0,589,65728209,19.633333333333333
53.0,1258,65729467,23.735849056603772
14.0,288,65729755,20.571428571428573
15.0,292,65730047,19.466666666666665
18.0,437,65730484,24.27777777777778
23.0,556,65731040,24.17391304347826
40.0,919,65731959,22.975
40.0,917,65732876,22.925
19.0,470,65733346,24.736842105263158
34.0,751,65734097,22.08823529411765
28.0,601,65734698,21.464285714285715
33.0,700,65735398,21.21212121212121
47.0,1100,65736498,23.404255319148938
14.0,206,65736704,14.714285714285714
20.0,445,65737149,22.25
19.0,492,65737641,25.894736842105264
19.0,375,65738016,19.736842105263158
18.0,501,65738517,27.833333333333332
42.0,1047,65739564,24.928571428571427
32.0,778,65740342,24.3125
21.0,446,65740788,21.238095238095237
15.0,353,65741141,23.533333333333335
39.0,866,65742007,22.205128205128204
42.0,972,65742979,23.142857142857142
37.0,847,65743826,22.89189189189189
2.0,56,65743882,28.0
24.0,533,65744415,22.208333333333332
24.0,685,65745100,28.541666666666668
33.0,697,65745797,21.12121212121212
23.0,615,65746412,26.73913043478261
38.0,874,65747286,23.0
43.0,1055,65748341,24.53488372093023
40.0,961,65749302,24.025
13.0,234,65749536,18.0
16.0,402,65749938,25.125
27.0,617,65750555,22.85185185185185
36.0,877,65751432,24.36111111111111
20.0,399,65751831,19.95
34.0,744,65752575,21.88235294117647
25.0,495,65753070,19.8
38.0,711,65753781,18.710526315789473
18.0,576,65754357,32.0
10.0,203,65754560,20.3
30.0,772,65755332,25.733333333333334
16.0,438,65755770,27.375
26.0,492,65756262,18.923076923076923
21.0,469,65756731,22.333333333333332
34.0,720,65757451,21.176470588235293
38.0,1049,65758500,27.605263157894736
19.0,385,65758885,20.263157894736842
44.0,953,65759838,21.65909090909091
30.0,665,65760503,22.166666666666668
17.0,390,65760893,22.941176470588236
34.0,730,65761623,21.470588235294116
26.0,611,65762234,23.5
23.0,517,65762751,22.47826086956522
32.0,634,65763385,19.8125
10.0,169,65763554,16.9
19.0,442,65763996,23.263157894736842
10.0,228,65764224,22.8
16.0,304,65764528,19.0
26.0,541,65765069,20.807692307692307
32.0,696,65765765,21.75
19.0,398,65766163,20.94736842105263
11.0,248,65766411,22.545454545454547
25.0,516,65766927,20.64
45.0,960,65767887,21.333333333333332
41.0,1131,65769018,27.585365853658537
30.0,699,65769717,23.3
44.0,1094,65770811,24.863636363636363
24.0,413,65771224,17.208333333333332
18.0,360,65771584,20.0
30.0,815,65772399,27.166666666666668
23.0,524,65772923,22.782608695652176
32.0,940,65773863,29.375
38.0,967,65774830,25.44736842105263
43.0,965,65775795,22.441860465116278
30.0,692,65776487,23.066666666666666
25.0,517,65777004,20.68
27.0,568,65777572,21.037037037037038
18.0,529,65778101,29.38888888888889
10.0,206,65778307,20.6
33.0,766,65779073,23.21212121212121
22.0,529,65779602,24.045454545454547
37.0,907,65780509,24.513513513513512
31.0,672,65781181,21.677419354838708
22.0,538,65781719,24.454545454545453
39.0,996,65782715,25.53846153846154
43.0,1101,65783816,25.6046511627907
36.0,792,65784608,22.0
32.0,808,65785416,25.25
21.0,350,65785766,16.666666666666668
29.0,721,65786487,24.862068965517242
10.0,194,65786681,19.4
23.0,625,65787306,27.17391304347826
19.0,343,65787649,18.05263157894737
26.0,532,65788181,20.46153846153846
35.0,933,65789114,26.65714285714286
17.0,393,65789507,23.11764705882353
19.0,466,65789973,24.526315789473685
27.0,540,65790513,20.0
24.0,622,65791135,25.916666666666668
19.0,381,65791516,20.05263157894737
17.0,401,65791917,23.58823529411765
23.0,589,65792506,25.608695652173914
26.0,567,65793073,21.807692307692307
27.0,613,65793686,22.703703703703702
25.0,508,65794194,20.32
27.0,679,65794873,25.14814814814815
19.0,370,65795243,19.473684210526315
47.0,1184,65796427,25.19148936170213
40.0,1134,65797561,28.35
26.0,471,65798032,18.115384615384617
17.0,392,65798424,23.058823529411764
17.0,354,65798778,20.823529411764707
30.0,658,65799436,21.933333333333334
28.0,636,65800072,22.714285714285715
22.0,341,65800413,15.5
32.0,764,65801177,23.875
26.0,689,65801866,26.5
14.0,221,65802087,15.785714285714286
31.0,717,65802804,23.129032258064516
44.0,1076,65803880,24.454545454545453
15.0,415,65804295,27.666666666666668
30.0,646,65804941,21.533333333333335
35.0,821,65805762,23.457142857142856
7.0,115,65805877,16.428571428571427
46.0,884,65806761,19.217391304347824
19.0,426,65807187,22.42105263157895
22.0,521,65807708,23.681818181818183
20.0,325,65808033,16.25
38.0,822,65808855,21.63157894736842
36.0,761,65809616,21.13888888888889
26.0,474,65810090,18.23076923076923
39.0,891,65810981,22.846153846153847
37.0,766,65811747,20.7027027027027
33.0,799,65812546,24.21212121212121
23.0,511,65813057,22.217391304347824
20.0,436,65813493,21.8
37.0,754,65814247,20.37837837837838
2.0,42,65814289,21.0
3.0,61,65814350,20.333333333333332
44.0,952,65815302,21.636363636363637
28.0,680,65815982,24.285714285714285
33.0,804,65816786,24.363636363636363
40.0,1173,65817959,29.325
64.0,1725,65819684,26.953125
48.0,1319,65821003,27.479166666666668
33.0,794,65821797,24.060606060606062
30.0,754,65822551,25.133333333333333
10.0,192,65822743,19.2
33.0,718,65823461,21.757575757575758
36.0,749,65824210,20.805555555555557
27.0,689,65824899,25.51851851851852
18.0,355,65825254,19.72222222222222
13.0,294,65825548,22.615384615384617
4.0,108,65825656,27.0
18.0,396,65826052,22.0
34.0,817,65826869,24.029411764705884
15.0,254,65827123,16.933333333333334
27.0,669,65827792,24.77777777777778
19.0,491,65828283,25.842105263157894
36.0,696,65828979,19.333333333333332
42.0,917,65829896,21.833333333333332
31.0,747,65830643,24.096774193548388
35.0,855,65831498,24.428571428571427
23.0,528,65832026,22.956521739130434
20.0,463,65832489,23.15
26.0,573,65833062,22.03846153846154
24.0,587,65833649,24.458333333333332
14.0,251,65833900,17.928571428571427
27.0,580,65834480,21.48148148148148
27.0,660,65835140,24.444444444444443
21.0,477,65835617,22.714285714285715
50.0,1113,65836730,22.26
30.0,703,65837433,23.433333333333334
22.0,457,65837890,20.772727272727273
21.0,437,65838327,20.80952380952381
42.0,1025,65839352,24.404761904761905
20.0,353,65839705,17.65
30.0,655,65840360,21.833333333333332
38.0,974,65841334,25.63157894736842
36.0,873,65842207,24.25
36.0,905,65843112,25.13888888888889
23.0,503,65843615,21.869565217391305
38.0,941,65844556,24.763157894736842
21.0,441,65844997,21.0
19.0,481,65845478,25.31578947368421
32.0,661,65846139,20.65625
32.0,706,65846845,22.0625
23.0,471,65847316,20.47826086956522
27.0,706,65848022,26.14814814814815
18.0,430,65848452,23.88888888888889
47.0,1001,65849453,21.29787234042553
10.0,225,65849678,22.5
21.0,411,65850089,19.571428571428573
30.0,766,65850855,25.533333333333335
18.0,549,65851404,30.5
22.0,469,65851873,21.318181818181817
51.0,1131,65853004,22.176470588235293
38.0,952,65853956,25.05263157894737
5.0,96,65854052,19.2
10.0,223,65854275,22.3
17.0,390,65854665,22.941176470588236
27.0,704,65855369,26.074074074074073
22.0,542,65855911,24.636363636363637
20.0,698,65856609,34.9
18.0,435,65857044,24.166666666666668
28.0,552,65857596,19.714285714285715
52.0,1422,65859018,27.346153846153847
33.0,759,65859777,23.0
38.0,1014,65860791,26.68421052631579
21.0,524,65861315,24.952380952380953
30.0,721,65862036,24.033333333333335
31.0,692,65862728,22.322580645161292
21.0,430,65863158,20.476190476190474
30.0,700,65863858,23.333333333333332
21.0,473,65864331,22.523809523809526
53.0,1294,65865625,24.41509433962264
28.0,578,65866203,20.642857142857142
16.0,419,65866622,26.1875
46.0,964,65867586,20.956521739130434
24.0,535,65868121,22.291666666666668
31.0,852,65868973,27.483870967741936
25.0,402,65869375,16.08
11.0,278,65869653,25.272727272727273
31.0,912,65870565,29.419354838709676
15.0,276,65870841,18.4
27.0,604,65871445,22.37037037037037
17.0,332,65871777,19.529411764705884
1.0,473,65872250,473.0
16.0,256,65872506,16.0
23.0,553,65873059,24.043478260869566
24.0,598,65873657,24.916666666666668
18.0,193,65873850,10.722222222222221
27.0,633,65874483,23.444444444444443
19.0,560,65875043,29.473684210526315
41.0,974,65876017,23.75609756097561
10.0,209,65876226,20.9
27.0,743,65876969,27.51851851851852
19.0,396,65877365,20.842105263157894
15.0,490,65877855,32.666666666666664
31.0,752,65878607,24.258064516129032
44.0,949,65879556,21.568181818181817
18.0,424,65879980,23.555555555555557
41.0,882,65880862,21.51219512195122
29.0,806,65881668,27.79310344827586
21.0,581,65882249,27.666666666666668
19.0,496,65882745,26.105263157894736
44.0,908,65883653,20.636363636363637
43.0,1091,65884744,25.372093023255815
29.0,724,65885468,24.96551724137931
28.0,748,65886216,26.714285714285715
32.0,787,65887003,24.59375
45.0,1183,65888186,26.288888888888888
51.0,1097,65889283,21.50980392156863
28.0,535,65889818,19.107142857142858
36.0,946,65890764,26.27777777777778
18.0,316,65891080,17.555555555555557
26.0,561,65891641,21.576923076923077
25.0,553,65892194,22.12
27.0,739,65892933,27.37037037037037
23.0,403,65893336,17.52173913043478
5.0,120,65893456,24.0
21.0,422,65893878,20.095238095238095
37.0,734,65894612,19.83783783783784
25.0,637,65895249,25.48
26.0,546,65895795,21.0
43.0,1076,65896871,25.023255813953487
11.0,278,65897149,25.272727272727273
21.0,480,65897629,22.857142857142858
26.0,569,65898198,21.884615384615383
29.0,846,65899044,29.17241379310345
46.0,899,65899943,19.543478260869566
16.0,282,65900225,17.625
23.0,529,65900754,23.0
17.0,324,65901078,19.058823529411764
19.0,433,65901511,22.789473684210527
30.0,692,65902203,23.066666666666666
12.0,224,65902427,18.666666666666668
21.0,497,65902924,23.666666666666668
22.0,513,65903437,23.318181818181817
26.0,541,65903978,20.807692307692307
19.0,497,65904475,26.157894736842106
38.0,935,65905410,24.605263157894736
12.0,283,65905693,23.583333333333332
31.0,640,65906333,20.64516129032258
34.0,790,65907123,23.235294117647058
24.0,591,65907714,24.625
11.0,236,65907950,21.454545454545453
26.0,546,65908496,21.0
25.0,608,65909104,24.32
33.0,615,65909719,18.636363636363637
34.0,785,65910504,23.08823529411765
23.0,582,65911086,25.304347826086957
33.0,771,65911857,23.363636363636363
35.0,769,65912626,21.97142857142857
35.0,817,65913443,23.34285714285714
38.0,865,65914308,22.763157894736842
24.0,456,65914764,19.0
10.0,139,65914903,13.9
13.0,225,65915128,17.307692307692307
38.0,1039,65916167,27.342105263157894
26.0,549,65916716,21.115384615384617
36.0,941,65917657,26.13888888888889
21.0,403,65918060,19.19047619047619
19.0,465,65918525,24.473684210526315
10.0,182,65918707,18.2
2.0,29,65918736,14.5
27.0,635,65919371,23.51851851851852
15.0,275,65919646,18.333333333333332
16.0,338,65919984,21.125
22.0,419,65920403,19.045454545454547
25.0,479,65920882,19.16
8.0,117,65920999,14.625
30.0,841,65921840,28.033333333333335
34.0,787,65922627,23.147058823529413
17.0,352,65922979,20.705882352941178
12.0,340,65923319,28.333333333333332
35.0,789,65924108,22.542857142857144
28.0,698,65924806,24.928571428571427
28.0,671,65925477,23.964285714285715
17.0,347,65925824,20.41176470588235
32.0,720,65926544,22.5
11.0,255,65926799,23.181818181818183
18.0,447,65927246,24.833333333333332
32.0,720,65927966,22.5
57.0,1350,65929316,23.68421052631579
3.0,38,65929354,12.666666666666666
17.0,282,65929636,16.58823529411765
21.0,449,65930085,21.38095238095238
5.0,86,65930171,17.2
30.0,751,65930922,25.033333333333335
24.0,541,65931463,22.541666666666668
15.0,294,65931757,19.6
22.0,505,65932262,22.954545454545453
46.0,903,65933165,19.630434782608695
51.0,1242,65934407,24.352941176470587
14.0,345,65934752,24.642857142857142
24.0,472,65935224,19.666666666666668
18.0,360,65935584,20.0
13.0,215,65935799,16.53846153846154
34.0,965,65936764,28.38235294117647
20.0,432,65937196,21.6
33.0,854,65938050,25.87878787878788
24.0,432,65938482,18.0
30.0,698,65939180,23.266666666666666
22.0,465,65939645,21.136363636363637
35.0,890,65940535,25.428571428571427
43.0,988,65941523,22.976744186046513
19.0,558,65942081,29.36842105263158
24.0,465,65942546,19.375
20.0,452,65942998,22.6
33.0,834,65943832,25.272727272727273
15.0,367,65944199,24.466666666666665
26.0,649,65944848,24.96153846153846
33.0,673,65945521,20.393939393939394
23.0,472,65945993,20.52173913043478
28.0,688,65946681,24.571428571428573
22.0,466,65947147,21.181818181818183
13.0,204,65947351,15.692307692307692
29.0,657,65948008,22.655172413793103
13.0,299,65948307,23.0
15.0,297,65948604,19.8
21.0,511,65949115,24.333333333333332
12.0,221,65949336,18.416666666666668
23.0,424,65949760,18.434782608695652
17.0,198,65949958,11.647058823529411
25.0,559,65950517,22.36
28.0,753,65951270,26.892857142857142
15.0,325,65951595,21.666666666666668
12.0,270,65951865,22.5
10.0,235,65952100,23.5
25.0,576,65952676,23.04
23.0,377,65953053,16.391304347826086
26.0,609,65953662,23.423076923076923
47.0,1212,65954874,25.78723404255319
27.0,589,65955463,21.814814814814813
53.0,1347,65956810,25.41509433962264
17.0,412,65957222,24.235294117647058
12.0,254,65957476,21.166666666666668
27.0,629,65958105,23.296296296296298
10.0,229,65958334,22.9
27.0,596,65958930,22.074074074074073
40.0,1109,65960039,27.725
18.0,449,65960488,24.944444444444443
21.0,484,65960972,23.047619047619047
25.0,584,65961556,23.36
32.0,736,65962292,23.0
24.0,589,65962881,24.541666666666668
10.0,180,65963061,18.0
23.0,540,65963601,23.47826086956522
31.0,670,65964271,21.612903225806452
19.0,506,65964777,26.63157894736842
44.0,1023,65965800,23.25
25.0,652,65966452,26.08
23.0,519,65966971,22.565217391304348
22.0,436,65967407,19.818181818181817
40.0,967,65968374,24.175
41.0,897,65969271,21.878048780487806
34.0,727,65969998,21.38235294117647
27.0,740,65970738,27.40740740740741
30.0,667,65971405,22.233333333333334
31.0,653,65972058,21.06451612903226
15.0,297,65972355,19.8
26.0,537,65972892,20.653846153846153
11.0,252,65973144,22.90909090909091
24.0,485,65973629,20.208333333333332
14.0,510,65974139,36.42857142857143
28.0,545,65974684,19.464285714285715
21.0,404,65975088,19.238095238095237
41.0,884,65975972,21.5609756097561
30.0,699,65976671,23.3
25.0,671,65977342,26.84
28.0,644,65977986,23.0
58.0,1400,65979386,24.137931034482758
36.0,888,65980274,24.666666666666668
12.0,207,65980481,17.25
27.0,545,65981026,20.185185185185187
34.0,688,65981714,20.235294117647058
18.0,451,65982165,25.055555555555557
30.0,738,65982903,24.6
46.0,1482,65984385,32.21739130434783
18.0,268,65984653,14.88888888888889
31.0,805,65985458,25.967741935483872
35.0,871,65986329,24.885714285714286
18.0,521,65986850,28.944444444444443
31.0,750,65987600,24.193548387096776
45.0,1069,65988669,23.755555555555556
19.0,451,65989120,23.736842105263158
19.0,556,65989676,29.263157894736842
30.0,1194,65990870,39.8
28.0,751,65991621,26.821428571428573
28.0,722,65992343,25.785714285714285
19.0,553,65992896,29.105263157894736
25.0,509,65993405,20.36
30.0,735,65994140,24.5
25.0,511,65994651,20.44
38.0,866,65995517,22.789473684210527
11.0,263,65995780,23.90909090909091
26.0,523,65996303,20.115384615384617
23.0,541,65996844,23.52173913043478
19.0,460,65997304,24.210526315789473
10.0,318,65997622,31.8
28.0,635,65998257,22.678571428571427
29.0,656,65998913,22.620689655172413
26.0,709,65999622,27.26923076923077
35.0,967,66000589,27.62857142857143
20.0,443,66001032,22.15
25.0,487,66001519,19.48
8.0,173,66001692,21.625
23.0,603,66002295,26.217391304347824
9.0,292,66002587,32.44444444444444
12.0,301,66002888,25.083333333333332
36.0,887,66003775,24.63888888888889
34.0,856,66004631,25.176470588235293
31.0,747,66005378,24.096774193548388
22.0,523,66005901,23.772727272727273
26.0,606,66006507,23.307692307692307
35.0,640,66007147,18.285714285714285
25.0,657,66007804,26.28
40.0,932,66008736,23.3
17.0,369,66009105,21.705882352941178
37.0,860,66009965,23.243243243243242
26.0,664,66010629,25.53846153846154
21.0,442,66011071,21.047619047619047
37.0,950,66012021,25.675675675675677
22.0,513,66012534,23.318181818181817
28.0,635,66013169,22.678571428571427
27.0,721,66013890,26.703703703703702
36.0,682,66014572,18.944444444444443
23.0,637,66015209,27.695652173913043
29.0,613,66015822,21.137931034482758
26.0,688,66016510,26.46153846153846
18.0,424,66016934,23.555555555555557
37.0,968,66017902,26.16216216216216
33.0,685,66018587,20.757575757575758
25.0,618,66019205,24.72
29.0,817,66020022,28.17241379310345
18.0,345,66020367,19.166666666666668
31.0,671,66021038,21.64516129032258
16.0,309,66021347,19.3125
39.0,835,66022182,21.41025641025641
19.0,520,66022702,27.36842105263158
20.0,459,66023161,22.95
22.0,389,66023550,17.681818181818183
31.0,694,66024244,22.387096774193548
15.0,296,66024540,19.733333333333334
21.0,421,66024961,20.047619047619047
21.0,359,66025320,17.095238095238095
47.0,1115,66026435,23.72340425531915
27.0,612,66027047,22.666666666666668
17.0,362,66027409,21.294117647058822
32.0,684,66028093,21.375
50.0,1292,66029385,25.84
25.0,566,66029951,22.64
26.0,713,66030664,27.423076923076923
19.0,398,66031062,20.94736842105263
28.0,690,66031752,24.642857142857142
15.0,379,66032131,25.266666666666666
31.0,799,66032930,25.774193548387096
28.0,551,66033481,19.678571428571427
22.0,433,66033914,19.681818181818183
19.0,546,66034460,28.736842105263158
29.0,706,66035166,24.344827586206897
14.0,341,66035507,24.357142857142858
24.0,485,66035992,20.208333333333332
12.0,217,66036209,18.083333333333332
11.0,258,66036467,23.454545454545453
28.0,717,66037184,25.607142857142858
18.0,467,66037651,25.944444444444443
17.0,350,66038001,20.58823529411765
22.0,596,66038597,27.09090909090909
23.0,543,66039140,23.608695652173914
30.0,693,66039833,23.1
32.0,765,66040598,23.90625
31.0,811,66041409,26.161290322580644
34.0,817,66042226,24.029411764705884
4.0,116,66042342,29.0
33.0,844,66043186,25.575757575757574
42.0,1072,66044258,25.523809523809526
41.0,925,66045183,22.5609756097561
31.0,642,66045825,20.70967741935484
31.0,715,66046540,23.06451612903226
13.0,225,66046765,17.307692307692307
46.0,973,66047738,21.152173913043477
26.0,753,66048491,28.96153846153846
22.0,499,66048990,22.681818181818183
18.0,391,66049381,21.72222222222222
29.0,636,66050017,21.93103448275862
14.0,260,66050277,18.571428571428573
26.0,484,66050761,18.615384615384617
28.0,691,66051452,24.678571428571427
25.0,412,66051864,16.48
18.0,359,66052223,19.944444444444443
32.0,605,66052828,18.90625
28.0,584,66053412,20.857142857142858
17.0,463,66053875,27.235294117647058
20.0,473,66054348,23.65
39.0,899,66055247,23.05128205128205
19.0,435,66055682,22.894736842105264
18.0,446,66056128,24.77777777777778
30.0,746,66056874,24.866666666666667
38.0,821,66057695,21.605263157894736
30.0,747,66058442,24.9
17.0,412,66058854,24.235294117647058
24.0,584,66059438,24.333333333333332
37.0,838,66060276,22.64864864864865
33.0,783,66061059,23.727272727272727
50.0,1179,66062238,23.58
17.0,396,66062634,23.294117647058822
15.0,336,66062970,22.4
27.0,608,66063578,22.51851851851852
21.0,458,66064036,21.80952380952381
30.0,679,66064715,22.633333333333333
16.0,292,66065007,18.25
26.0,733,66065740,28.192307692307693
31.0,671,66066411,21.64516129032258
27.0,708,66067119,26.22222222222222
36.0,900,66068019,25.0
32.0,836,66068855,26.125
29.0,715,66069570,24.655172413793103
49.0,1210,66070780,24.693877551020407
48.0,1134,66071914,23.625
10.0,350,66072264,35.0
30.0,639,66072903,21.3
27.0,618,66073521,22.88888888888889
27.0,551,66074072,20.40740740740741
27.0,648,66074720,24.0
3.0,23,66074743,7.666666666666667
30.0,506,66075249,16.866666666666667
22.0,575,66075824,26.136363636363637
28.0,514,66076338,18.357142857142858
32.0,717,66077055,22.40625
38.0,741,66077796,19.5
33.0,761,66078557,23.060606060606062
31.0,804,66079361,25.93548387096774
23.0,478,66079839,20.782608695652176
26.0,441,66080280,16.96153846153846
41.0,1146,66081426,27.951219512195124
23.0,571,66081997,24.82608695652174
16.0,418,66082415,26.125
29.0,680,66083095,23.448275862068964
24.0,732,66083827,30.5
9.0,127,66083954,14.11111111111111
42.0,945,66084899,22.5
15.0,373,66085272,24.866666666666667
33.0,715,66085987,21.666666666666668
22.0,570,66086557,25.90909090909091
21.0,614,66087171,29.238095238095237
27.0,459,66087630,17.0
10.0,186,66087816,18.6
17.0,360,66088176,21.176470588235293
34.0,891,66089067,26.205882352941178
16.0,349,66089416,21.8125
24.0,471,66089887,19.625
16.0,414,66090301,25.875
32.0,768,66091069,24.0
20.0,418,66091487,20.9
34.0,672,66092159,19.764705882352942
20.0,447,66092606,22.35
30.0,769,66093375,25.633333333333333
34.0,846,66094221,24.88235294117647
9.0,288,66094509,32.0
11.0,210,66094719,19.09090909090909
37.0,894,66095613,24.16216216216216
17.0,357,66095970,21.0
20.0,409,66096379,20.45
26.0,557,66096936,21.423076923076923
22.0,480,66097416,21.818181818181817
34.0,800,66098216,23.529411764705884
28.0,678,66098894,24.214285714285715
29.0,682,66099576,23.517241379310345
31.0,604,66100180,19.483870967741936
21.0,455,66100635,21.666666666666668
39.0,1067,66101702,27.358974358974358
26.0,436,66102138,16.76923076923077
29.0,648,66102786,22.344827586206897
39.0,1075,66103861,27.564102564102566
37.0,877,66104738,23.7027027027027
13.0,437,66105175,33.61538461538461
21.0,498,66105673,23.714285714285715
9.0,209,66105882,23.22222222222222
22.0,497,66106379,22.59090909090909
15.0,302,66106681,20.133333333333333
36.0,798,66107479,22.166666666666668
37.0,909,66108388,24.56756756756757
19.0,528,66108916,27.789473684210527
28.0,722,66109638,25.785714285714285
33.0,541,66110179,16.393939393939394
35.0,954,66111133,27.257142857142856
40.0,950,66112083,23.75
36.0,856,66112939,23.77777777777778
17.0,400,66113339,23.529411764705884
53.0,1386,66114725,26.150943396226417
22.0,479,66115204,21.772727272727273
50.0,909,66116113,18.18
1.0,22,66116135,22.0
7.0,167,66116302,23.857142857142858
30.0,711,66117013,23.7
35.0,787,66117800,22.485714285714284
19.0,370,66118170,19.473684210526315
41.0,1156,66119326,28.195121951219512
31.0,597,66119923,19.258064516129032
45.0,1076,66120999,23.91111111111111
17.0,377,66121376,22.176470588235293
38.0,882,66122258,23.210526315789473
26.0,497,66122755,19.115384615384617
40.0,869,66123624,21.725
25.0,423,66124047,16.92
22.0,472,66124519,21.454545454545453
19.0,413,66124932,21.736842105263158
20.0,451,66125383,22.55
34.0,865,66126248,25.441176470588236
18.0,454,66126702,25.22222222222222
30.0,705,66127407,23.5
25.0,608,66128015,24.32
25.0,684,66128699,27.36
7.0,143,66128842,20.428571428571427
23.0,495,66129337,21.52173913043478
33.0,771,66130108,23.363636363636363
13.0,324,66130432,24.923076923076923
27.0,676,66131108,25.037037037037038
23.0,733,66131841,31.869565217391305
36.0,806,66132647,22.38888888888889
40.0,844,66133491,21.1
21.0,461,66133952,21.952380952380953
32.0,855,66134807,26.71875
20.0,492,66135299,24.6
46.0,1251,66136550,27.195652173913043
14.0,348,66136898,24.857142857142858
45.0,929,66137827,20.644444444444446
39.0,854,66138681,21.897435897435898
9.0,385,66139066,42.77777777777778
32.0,718,66139784,22.4375
19.0,395,66140179,20.789473684210527
34.0,787,66140966,23.147058823529413
23.0,553,66141519,24.043478260869566
22.0,470,66141989,21.363636363636363
12.0,249,66142238,20.75
39.0,973,66143211,24.94871794871795
30.0,638,66143849,21.266666666666666
20.0,530,66144379,26.5
21.0,340,66144719,16.19047619047619
17.0,330,66145049,19.41176470588235
23.0,524,66145573,22.782608695652176
46.0,1426,66146999,31.0
46.0,1402,66148401,30.47826086956522
36.0,796,66149197,22.11111111111111
29.0,603,66149800,20.79310344827586
23.0,637,66150437,27.695652173913043
48.0,1002,66151439,20.875
24.0,542,66151981,22.583333333333332
15.0,364,66152345,24.266666666666666
21.0,508,66152853,24.19047619047619
27.0,681,66153534,25.22222222222222
21.0,521,66154055,24.80952380952381
32.0,644,66154699,20.125
27.0,551,66155250,20.40740740740741
24.0,502,66155752,20.916666666666668
33.0,708,66156460,21.454545454545453
45.0,1120,66157580,24.88888888888889
27.0,572,66158152,21.185185185185187
15.0,313,66158465,20.866666666666667
21.0,437,66158902,20.80952380952381
20.0,448,66159350,22.4
1.0,18,66159368,18.0
35.0,706,66160074,20.17142857142857
20.0,391,66160465,19.55
35.0,814,66161279,23.257142857142856
38.0,774,66162053,20.36842105263158
23.0,481,66162534,20.91304347826087
43.0,1306,66163840,30.372093023255815
13.0,248,66164088,19.076923076923077
46.0,1280,66165368,27.82608695652174
41.0,933,66166301,22.75609756097561
36.0,910,66167211,25.27777777777778
28.0,701,66167912,25.035714285714285
17.0,464,66168376,27.294117647058822
31.0,660,66169036,21.29032258064516
20.0,496,66169532,24.8
16.0,351,66169883,21.9375
10.0,148,66170031,14.8
18.0,368,66170399,20.444444444444443
25.0,695,66171094,27.8
31.0,795,66171889,25.64516129032258
30.0,612,66172501,20.4
10.0,227,66172728,22.7
26.0,655,66173383,25.192307692307693
19.0,392,66173775,20.63157894736842
8.0,310,66174085,38.75
41.0,1073,66175158,26.170731707317074
12.0,257,66175415,21.416666666666668
28.0,587,66176002,20.964285714285715
26.0,716,66176718,27.53846153846154
44.0,1072,66177790,24.363636363636363
26.0,643,66178433,24.73076923076923
27.0,564,66178997,20.88888888888889
41.0,997,66179994,24.317073170731707
25.0,586,66180580,23.44
24.0,566,66181146,23.583333333333332
20.0,484,66181630,24.2
17.0,398,66182028,23.41176470588235
28.0,635,66182663,22.678571428571427
15.0,274,66182937,18.266666666666666
6.0,98,66183035,16.333333333333332
20.0,473,66183508,23.65
26.0,473,66183981,18.192307692307693
21.0,451,66184432,21.476190476190474
22.0,508,66184940,23.09090909090909
12.0,291,66185231,24.25
25.0,466,66185697,18.64
32.0,784,66186481,24.5
22.0,504,66186985,22.90909090909091
19.0,520,66187505,27.36842105263158
28.0,547,66188052,19.535714285714285
31.0,726,66188778,23.419354838709676
34.0,853,66189631,25.08823529411765
17.0,468,66190099,27.529411764705884
19.0,433,66190532,22.789473684210527
18.0,350,66190882,19.444444444444443
34.0,1024,66191906,30.11764705882353
8.0,172,66192078,21.5
25.0,556,66192634,22.24
33.0,735,66193369,22.272727272727273
54.0,1168,66194537,21.62962962962963
48.0,1213,66195750,25.270833333333332
25.0,575,66196325,23.0
17.0,386,66196711,22.705882352941178
43.0,1225,66197936,28.488372093023255
24.0,637,66198573,26.541666666666668
25.0,533,66199106,21.32
49.0,1128,66200234,23.020408163265305
29.0,592,66200826,20.413793103448278
16.0,302,66201128,18.875
14.0,372,66201500,26.571428571428573
45.0,1061,66202561,23.57777777777778
6.0,117,66202678,19.5
39.0,960,66203638,24.615384615384617
17.0,386,66204024,22.705882352941178
2.0,21,66204045,10.5
28.0,626,66204671,22.357142857142858
1.0,455,66205126,455.0
17.0,405,66205531,23.823529411764707
24.0,471,66206002,19.625
17.0,458,66206460,26.941176470588236
35.0,842,66207302,24.057142857142857
20.0,426,66207728,21.3
19.0,379,66208107,19.94736842105263
41.0,924,66209031,22.536585365853657
25.0,564,66209595,22.56
20.0,519,66210114,25.95
49.0,1313,66211427,26.79591836734694
28.0,606,66212033,21.642857142857142
31.0,751,66212784,24.225806451612904
30.0,679,66213463,22.633333333333333
29.0,700,66214163,24.137931034482758
14.0,285,66214448,20.357142857142858
52.0,1103,66215551,21.21153846153846
15.0,346,66215897,23.066666666666666
